1 41335U 16011A   23365.15143069  .00000170  00000-0  88333-4 0  9990
2 41335  98.6303  69.3656 0000829 108.5313 251.5957 14.26739773409862
1 41335U 16011A   23365.43194960  .00000190  00000-0  96702-4 0  9998
2 41335  98.6303  69.6422 0000836 108.8810 251.2461 14.26739994409906
1 41335U 16011A   23365.78259809  .00000181  00000-0  92909-4 0  9995
2 41335  98.6303  69.9880 0000841 109.1220 251.0051 14.26740150409956
1 41335U 16011A   23365.92285751  .00000165  00000-0  86205-4 0  9990
2 41335  98.6302  70.1263 0000848 109.5187 250.6085 14.26740110409977
1 41335U 16011A   24001.13324661  .00000163  00000-0  85262-4 0  9995
2 41335  98.6302  70.3338 0000851 109.6638 250.4634 14.26740211410004
1 41335U 16011A   24001.48389511  .00000177  00000-0  91083-4 0  9991
2 41335  98.6302  70.6795 0000859 109.8694 250.2579 14.26740438410058
1 41335U 16011A   24001.55402477  .00000170  00000-0  88204-4 0  9990
2 41335  98.6302  70.7487 0000860 109.9731 250.1542 14.26740454410060
1 41335U 16011A   24001.83454352  .00000160  00000-0  84353-4 0  9990
2 41335  98.6302  71.0253 0000862 110.2451 249.8823 14.26740537410105
1 41335U 16011A   24001.90467318  .00000164  00000-0  85748-4 0  9997
2 41335  98.6301  71.0944 0000862 110.3823 249.7450 14.26740586410115
1 41335U 16011A   24002.18519189  .00000160  00000-0  84173-4 0  9999
2 41335  98.6301  71.3710 0000862 110.3944 249.7329 14.26740721410153
1 41335U 16011A   24002.46571054  .00000178  00000-0  91485-4 0  9992
2 41335  98.6301  71.6477 0000866 110.5979 249.5294 14.26740932410197
1 41335U 16011A   24002.60596991  .00000167  00000-0  87243-4 0  9990
2 41335  98.6301  71.7860 0000868 110.7983 249.3290 14.26740943410212
1 41335U 16011A   24002.74622925  .00000157  00000-0  83061-4 0  9995
2 41335  98.6301  71.9243 0000867 110.7305 249.3968 14.26740964410233
1 41335U 16011A   24002.88648856  .00000148  00000-0  79108-4 0  9998
2 41335  98.6301  72.0626 0000869 110.9850 249.1424 14.26740963410255
1 41335U 16011A   24003.16700718  .00000149  00000-0  79585-4 0  9996
2 41335  98.6300  72.3392 0000868 111.2382 248.8891 14.26741096410296
1 41335U 16011A   24003.44752582  .00000144  00000-0  77444-4 0  9990
2 41335  98.6300  72.6158 0000873 111.4544 248.6729 14.26741179410332
1 41335U 16011A   24003.58778512  .00000139  00000-0  75367-4 0  9992
2 41335  98.6300  72.7541 0000873 111.6587 248.4686 14.26741230410358
1 41335U 16011A   24003.79817407  .00000133  00000-0  72843-4 0  9992
2 41335  98.6300  72.9616 0000873 111.5995 248.5278 14.26741285410386
1 41335U 16011A   24003.93843336  .00000139  00000-0  75666-4 0  9990
2 41335  98.6300  73.0999 0000876 111.7380 248.3893 14.26741376410400
1 41335U 16011A   24004.14882227  .00000144  00000-0  77359-4 0  9993
2 41335  98.6299  73.3073 0000882 111.9230 248.2044 14.26741497410430
1 41335U 16011A   24004.42934080  .00000142  00000-0  76554-4 0  9993
2 41335  98.6300  73.5839 0000886 112.0518 248.0756 14.26741588410473
1 41335U 16011A   24004.42934080  .00000142  00000-0  76554-4 0  9993
2 41335  98.6300  73.5839 0000886 112.0518 248.0756 14.26741588410473
1 41335U 16011A   24004.85012292  .00000180  00000-0  92562-4 0  9991
2 41335  98.6299  73.9988 0000918 109.4894 250.6386 14.26730786410535
1 41335U 16011A   24004.92025308  .00000180  00000-0  92491-4 0  9992
2 41335  98.6298  74.0679 0000919 109.5820 250.5460 14.26730821410547
1 41335U 16011A   24005.20077372  .00000272  00000-0  13036-3 0  9991
2 41335  98.6298  74.3445 0000924 109.3664 250.7616 14.26731013410584
1 41335U 16011A   24005.48129430  .00000293  00000-0  13913-3 0  9991
2 41335  98.6298  74.6211 0000934 109.1423 250.9859 14.26731281410623
1 41335U 16011A   24005.55142453  .00000287  00000-0  13672-3 0  9994
2 41335  98.6298  74.6903 0000933 109.1921 250.9360 14.26731278410637
1 41335U 16011A   24005.83194512  .00000287  00000-0  13650-3 0  9994
2 41335  98.6298  74.9669 0000932 109.2039 250.9243 14.26731406410676
1 41335U 16011A   24005.90207519  .00000296  00000-0  14027-3 0  9993
2 41335  98.6298  75.0361 0000932 109.3307 250.7974 14.26731505410686
1 41335U 16011A   24006.18259571  .00000294  00000-0  13970-3 0  9993
2 41335  98.6297  75.3127 0000935 109.6671 250.4611 14.26731686410728
1 41335U 16011A   24006.46311627  .00000295  00000-0  13980-3 0  9997
2 41335  98.6297  75.5893 0000940 110.0793 250.0489 14.26731792410768
1 41335U 16011A   24006.46311627  .00000295  00000-0  13980-3 0  9997
2 41335  98.6297  75.5893 0000940 110.0793 250.0489 14.26731792410768
1 41335U 16011A   24006.81376692  .00000298  00000-0  14140-3 0  9991
2 41335  98.6296  75.9350 0000942 110.2924 249.8358 14.26731971410815
1 41335U 16011A   24006.81376692  .00000298  00000-0  14140-3 0  9991
2 41335  98.6296  75.9350 0000942 110.2924 249.8358 14.26731971410815
1 41335U 16011A   24007.16441751  .00000276  00000-0  13209-3 0  9990
2 41335  98.6295  76.2808 0000949 111.0362 249.0920 14.26732041410869
1 41335U 16011A   24007.44493811  .00000143  00000-0  77011-4 0  9990
2 41335  98.6295  76.5574 0000940 110.4353 249.6928 14.26731846410907
1 41335U 16011A   24007.58519834  .00000153  00000-0  81149-4 0  9997
2 41335  98.6295  76.6957 0000938 110.4903 249.6378 14.26731967410926
1 41335U 16011A   24007.79558867  .00000151  00000-0  80445-4 0  9995
2 41335  98.6295  76.9031 0000939 110.4628 249.6653 14.26732033410951
1 41335U 16011A   24007.93584888  .00000144  00000-0  77652-4 0  9991
2 41335  98.6294  77.0414 0000946 110.6840 249.4442 14.26732044410971
1 41335U 16011A   24008.14623919  .00000149  00000-0  79618-4 0  9993
2 41335  98.6294  77.2488 0000945 110.6779 249.4503 14.26732152411007
1 41335U 16011A   24008.42675960  .00000157  00000-0  82916-4 0  9991
2 41335  98.6294  77.5254 0000950 110.6215 249.5067 14.26732283411047
1 41335U 16011A   24008.56701977  .00000167  00000-0  86894-4 0  9994
2 41335  98.6294  77.6637 0000951 110.6523 249.4760 14.26732398411064
1 41335U 16011A   24008.77741005  .00000164  00000-0  85890-4 0  9995
2 41335  98.6293  77.8711 0000955 110.6454 249.4829 14.26732470411095
1 41335U 16011A   24008.91767022  .00000170  00000-0  88475-4 0  9997
2 41335  98.6293  78.0094 0000957 110.7626 249.3657 14.26732544411119
1 41335U 16011A   24009.12806046  .00000173  00000-0  89567-4 0  9997
2 41335  98.6292  78.2169 0000957 110.8260 249.3023 14.26732648411143
1 41335U 16011A   24009.47871086  .00000179  00000-0  92161-4 0  9991
2 41335  98.6292  78.5626 0000966 110.7054 249.4230 14.26732812411193
1 41335U 16011A   24009.54884093  .00000191  00000-0  96804-4 0  9993
2 41335  98.6292  78.6317 0000966 110.6560 249.4724 14.26732908411208
1 41335U 16011A   24009.75923114  .00000185  00000-0  94305-4 0  9991
2 41335  98.6291  78.8392 0000964 110.5995 249.5288 14.26732971411230
1 41335U 16011A   24009.89949129  .00000179  00000-0  92085-4 0  9996
2 41335  98.6291  78.9775 0000963 110.5569 249.5715 14.26732984411253
1 41335U 16011A   24010.18001151  .00000179  00000-0  92084-4 0  9993
2 41335  98.6290  79.2541 0000964 110.6753 249.4531 14.26733125411291
1 41335U 16011A   24010.46053169  .00000188  00000-0  95708-4 0  9996
2 41335  98.6290  79.5307 0000969 110.6799 249.4486 14.26733280411335
1 41335U 16011A   24010.46053169  .00000188  00000-0  95708-4 0  9996
2 41335  98.6290  79.5307 0000969 110.6799 249.4486 14.26733280411335
1 41335U 16011A   24010.81118190  .00000195  00000-0  98743-4 0  9991
2 41335  98.6289  79.8764 0000971 110.6314 249.4971 14.26733490411386
1 41335U 16011A   24011.16183198  .00000216  00000-0  10729-3 0  9991
2 41335  98.6288  80.2221 0000967 110.6135 249.5149 14.26733791411433
1 41335U 16011A   24011.44235205  .00000217  00000-0  10759-3 0  9993
2 41335  98.6288  80.4987 0000976 110.8003 249.3282 14.26733919411472
1 41335U 16011A   24011.58261205  .00000230  00000-0  11309-3 0  9994
2 41335  98.6288  80.6370 0000977 110.8393 249.2892 14.26734076411496
1 41335U 16011A   24011.79300207  .00000232  00000-0  11393-3 0  9998
2 41335  98.6287  80.8444 0000981 110.7762 249.3523 14.26734191411527
1 41335U 16011A   24011.93326206  .00000234  00000-0  11487-3 0  9997
2 41335  98.6287  80.9827 0000984 110.9239 249.2047 14.26734271411548
1 41335U 16011A   24012.14365204  .00000238  00000-0  11659-3 0  9997
2 41335  98.6286  81.1901 0000987 110.9841 249.1445 14.26734415411579
1 41335U 16011A   24012.42417201  .00000263  00000-0  12668-3 0  9992
2 41335  98.6286  81.4667 0000994 110.9760 249.1527 14.26734679411617
1 41335U 16011A   24012.56443198  .00000263  00000-0  12687-3 0  9992
2 41335  98.6286  81.6050 0000998 111.0027 249.1261 14.26734769411634
1 41335U 16011A   24012.77482192  .00000257  00000-0  12435-3 0  9996
2 41335  98.6285  81.8124 0000998 110.9302 249.1985 14.26734853411661
1 41335U 16011A   24012.91508185  .00000258  00000-0  12451-3 0  9992
2 41335  98.6285  81.9507 0001001 111.0421 249.0867 14.26734928411680
1 41335U 16011A   24013.12547173  .00000258  00000-0  12459-3 0  9994
2 41335  98.6285  82.1581 0001002 111.1399 248.9888 14.26735065411719
1 41335U 16011A   24013.47612151  .00000269  00000-0  12903-3 0  9997
2 41335  98.6284  82.5038 0001011 111.0284 249.1005 14.26735310411763
1 41335U 16011A   24013.61638142  .00000288  00000-0  13710-3 0  9999
2 41335  98.6284  82.6421 0001012 111.0439 249.0850 14.26735501411784
1 41335U 16011A   24013.82677123  .00000286  00000-0  13623-3 0  9995
2 41335  98.6284  82.8495 0001014 111.0571 249.0718 14.26735609411812
1 41335U 16011A   24014.17742087  .00000274  00000-0  13141-3 0  9998
2 41335  98.6283  83.1952 0001013 111.3144 248.8144 14.26735791411868
1 41335U 16011A   24014.45794052  .00000279  00000-0  13339-3 0  9992
2 41335  98.6283  83.4718 0001017 111.3048 248.8241 14.26735994411906
1 41335U 16011A   24014.59820032  .00000291  00000-0  13816-3 0  9999
2 41335  98.6283  83.6101 0001017 111.3666 248.7623 14.26736162411923
1 41335U 16011A   24014.80859005  .00000281  00000-0  13431-3 0  9997
2 41335  98.6282  83.8175 0001017 111.2780 248.8509 14.26736248411953
1 41335U 16011A   24014.87871990  .00000292  00000-0  13890-3 0  9992
2 41335  98.6282  83.8866 0001018 111.3093 248.8197 14.26736367411965
1 41335U 16011A   24015.15923943  .00000297  00000-0  14089-3 0  9996
2 41335  98.6282  84.1632 0001021 111.4233 248.7056 14.26736602412002
1 41335U 16011A   24015.43975891  .00000309  00000-0  14569-3 0  9993
2 41335  98.6282  84.4398 0001026 111.3250 248.8040 14.26736854412044
1 41335U 16011A   24015.58001870  .00000289  00000-0  13765-3 0  9990
2 41335  98.6281  84.5780 0001026 111.3704 248.7586 14.26736839412062
1 41335U 16011A   24015.79040830  .00000284  00000-0  13547-3 0  9995
2 41335  98.6281  84.7855 0001029 111.3375 248.7915 14.26736952412099
1 41335U 16011A   24015.93066808  .00000262  00000-0  12618-3 0  9998
2 41335  98.6281  84.9237 0001031 111.6185 248.5105 14.26736922412119
1 41335U 16011A   24016.14105761  .00000271  00000-0  12991-3 0  9998
2 41335  98.6280  85.1311 0001038 111.7000 248.4291 14.26737129412146
1 41335U 16011A   24016.49170677  .00000302  00000-0  14264-3 0  9994
2 41335  98.6280  85.4768 0001043 111.6654 248.4637 14.26737521412190
1 41335U 16011A   24016.56183664  .00000286  00000-0  13613-3 0  9990
2 41335  98.6280  85.5460 0001044 111.7345 248.3946 14.26737489412206
1 41335U 16011A   24016.77222617  .00000274  00000-0  13139-3 0  9995
2 41335  98.6280  85.7534 0001047 111.6525 248.4767 14.26737576412234
1 41335U 16011A   24016.91248582  .00000273  00000-0  13073-3 0  9996
2 41335  98.6279  85.8917 0001051 111.8262 248.3030 14.26737640412259
1 41335U 16011A   24017.12287529  .00000264  00000-0  12724-3 0  9996
2 41335  98.6279  86.0991 0001052 111.9055 248.2238 14.26737766412287
1 41335U 16011A   24017.47352438  .00000284  00000-0  13518-3 0  9990
2 41335  98.6279  86.4448 0001061 111.7275 248.4019 14.26738094412330
1 41335U 16011A   24017.61378400  .00000290  00000-0  13790-3 0  9992
2 41335  98.6278  86.5830 0001061 111.7627 248.3666 14.26738238412355
1 41335U 16011A   24017.82417340  .00000282  00000-0  13451-3 0  9997
2 41335  98.6278  86.7904 0001061 111.7644 248.3649 14.26738334412389
1 41335U 16011A   24017.89430321  .00000274  00000-0  13123-3 0  9995
2 41335  98.6278  86.8596 0001061 111.8478 248.2816 14.26738323412397
1 41335U 16011A   24018.17482235  .00000271  00000-0  12992-3 0  9998
2 41335  98.6277  87.1361 0001064 112.0353 248.0941 14.26738520412439
1 41335U 16011A   24018.45534151  .00000271  00000-0  13020-3 0  9997
2 41335  98.6277  87.4127 0001069 111.9361 248.1933 14.26738693412471
1 41335U 16011A   24018.59560101  .00000276  00000-0  13203-3 0  9994
2 41335  98.6277  87.5510 0001067 111.9746 248.1547 14.26738840412490
1 41335U 16011A   24018.80599034  .00000262  00000-0  12614-3 0  9995
2 41335  98.6277  87.7584 0001070 111.9913 248.1381 14.26738915412526
1 41335U 16011A   24018.87612009  .00000255  00000-0  12337-3 0  9994
2 41335  98.6276  87.8275 0001072 112.0523 248.0771 14.26738928412531
1 41335U 16011A   24019.15663910  .00000252  00000-0  12196-3 0  9993
2 41335  98.6276  88.1040 0001079 112.2721 247.8573 14.26739132412573
1 41335U 16011A   24019.43715813  .00000282  00000-0  13470-3 0  9993
2 41335  98.6276  88.3805 0001083 111.9530 248.1765 14.26739432412618
1 41335U 16011A   24019.57741756  .00000272  00000-0  13042-3 0  9997
2 41335  98.6276  88.5188 0001086 111.9948 248.1348 14.26739488412630
1 41335U 16011A   24019.78780680  .00000257  00000-0  12442-3 0  9995
2 41335  98.6275  88.7262 0001088 111.8019 248.3277 14.26739565412666
1 41335U 16011A   24019.92806627  .00000247  00000-0  12016-3 0  9997
2 41335  98.6275  88.8645 0001091 111.7784 248.3513 14.26739613412683
1 41335U 16011A   24020.13845547  .00000243  00000-0  11841-3 0  9997
2 41335  98.6274  89.0719 0001093 111.7149 248.4148 14.26739741412715
1 41335U 16011A   24020.41897444  .00000256  00000-0  12362-3 0  9994
2 41335  98.6274  89.3484 0001101 111.5219 248.6079 14.26739948412751
1 41335U 16011A   24020.55923389  .00000266  00000-0  12782-3 0  9994
2 41335  98.6274  89.4867 0001103 111.3792 248.7506 14.26740088412778
1 41335U 16011A   24020.76962303  .00000260  00000-0  12566-3 0  9990
2 41335  98.6274  89.6941 0001104 111.2443 248.8856 14.26740194412807
1 41335U 16011A   24020.90988243  .00000253  00000-0  12263-3 0  9993
2 41335  98.6273  89.8324 0001108 111.3454 248.7845 14.26740235412825
1 41335U 16011A   24021.19040122  .00000251  00000-0  12189-3 0  9995
2 41335  98.6273  90.1089 0001108 111.3509 248.7790 14.26740420412868
1 41335U 16011A   24021.26053098  .00000288  00000-0  13695-3 0  9992
2 41335  98.6273  90.1780 0001109 111.2499 248.8800 14.26740619412878
1 41335U 16011A   24021.47092006  .00000283  00000-0  13509-3 0  9996
2 41335  98.6272  90.3854 0001114 111.1157 249.0142 14.26740727412903
1 41335U 16011A   24021.54104971  .00000270  00000-0  12956-3 0  9990
2 41335  98.6272  90.4546 0001113 111.1252 249.0048 14.26740717412912
1 41335U 16011A   24021.82156842  .00000264  00000-0  12725-3 0  9992
2 41335  98.6272  90.7311 0001117 111.1288 249.0011 14.26740870412952
1 41335U 16011A   24021.89169813  .00000233  00000-0  11440-3 0  9990
2 41335  98.6271  90.8002 0001118 111.1199 249.0101 14.26740742412960
1 41335U 16011A   24022.17221680  .00000232  00000-0  11380-3 0  9995
2 41335  98.6271  91.0767 0001123 111.5288 248.6012 14.26740924413004
1 41335U 16011A   24022.24234650  .00000272  00000-0  13049-3 0  9992
2 41335  98.6271  91.1459 0001124 111.5046 248.6254 14.26741156413013
1 41335U 16011A   24022.45273548  .00000278  00000-0  13298-3 0  9996
2 41335  98.6270  91.3533 0001126 111.3357 248.7943 14.26741301413043
1 41335U 16011A   24022.80338375  .00000257  00000-0  12433-3 0  9992
2 41335  98.6270  91.6990 0001127 111.3118 248.8182 14.26741420413092
1 41335U 16011A   24022.87351339  .00000226  00000-0  11160-3 0  9996
2 41335  98.6270  91.7681 0001128 111.3585 248.7716 14.26741288413105
1 41335U 16011A   24023.15403196  .00000227  00000-0  11162-3 0  9990
2 41335  98.6269  92.0446 0001137 111.6400 248.4901 14.26741480413146
1 41335U 16011A   24023.29429122  .00000273  00000-0  13075-3 0  9998
2 41335  98.6269  92.1828 0001136 111.6102 248.5200 14.26741796413164
1 41335U 16011A   24023.43455048  .00000272  00000-0  13045-3 0  9996
2 41335  98.6268  92.3211 0001140 111.5843 248.5459 14.26741876413184
1 41335U 16011A   24023.64493937  .00000294  00000-0  13943-3 0  9999
2 41335  98.6268  92.5285 0001142 111.5216 248.6087 14.26742126413214
1 41335U 16011A   24023.92545781  .00000249  00000-0  12071-3 0  9996
2 41335  98.6267  92.8050 0001146 111.5002 248.6301 14.26742050413252
1 41335U 16011A   24024.13584662  .00000251  00000-0  12188-3 0  9993
2 41335  98.6267  93.0124 0001147 111.4381 248.6922 14.26742212413289
1 41335U 16011A   24024.48649465  .00000315  00000-0  14819-3 0  9998
2 41335  98.6266  93.3580 0001152 111.2386 248.8918 14.26742736413330
1 41335U 16011A   24024.48649465  .00000315  00000-0  14819-3 0  9998
2 41335  98.6266  93.3580 0001152 111.2386 248.8918 14.26742736413330
1 41335U 16011A   24024.83714662  .00000328  00000-0  15338-3 0  9990
2 41335  98.6267  93.7040 0001177 108.7337 251.3972 14.26731319413389
1 41335U 16011A   24024.90727681  .00000296  00000-0  14024-3 0  9998
2 41335  98.6267  93.7731 0001172 108.5763 251.5545 14.26731192413390
1 41335U 16011A   24025.11766719  .00000295  00000-0  14002-3 0  9992
2 41335  98.6265  93.9803 0001165 108.8317 251.2990 14.26731477413421
1 41335U 16011A   24025.46831795  .00000461  00000-0  20870-3 0  9992
2 41335  98.6264  94.3259 0001177 108.4590 251.6718 14.26732047413473
1 41335U 16011A   24025.60857806  .00000449  00000-0  20371-3 0  9991
2 41335  98.6264  94.4641 0001180 108.5175 251.6134 14.26732168413491
1 41335U 16011A   24025.81896838  .00000447  00000-0  20281-3 0  9990
2 41335  98.6263  94.6715 0001181 108.7825 251.3483 14.26732273413524
1 41335U 16011A   24025.88909852  .00000415  00000-0  18969-3 0  9993
2 41335  98.6263  94.7407 0001181 108.8621 251.2688 14.26732144413532
1 41335U 16011A   24026.16961894  .00000409  00000-0  18722-3 0  9999
2 41335  98.6262  95.0170 0001180 108.5251 251.6058 14.26732330413573
1 41335U 16011A   24026.45013950  .00000446  00000-0  20226-3 0  9995
2 41335  98.6262  95.2936 0001182 108.3485 251.7824 14.26732722413616
1 41335U 16011A   24026.59039979  .00000408  00000-0  18666-3 0  9992
2 41335  98.6261  95.4318 0001189 108.6081 251.5229 14.26732602413639
1 41335U 16011A   24026.80079004  .00000407  00000-0  18605-3 0  9991
2 41335  98.6261  95.6392 0001191 108.6876 251.4434 14.26732754413666
1 41335U 16011A   24027.15144048  .00000389  00000-0  17893-3 0  9998
2 41335  98.6260  95.9848 0001193 108.7268 251.4042 14.26732937413716
1 41335U 16011A   24027.50209099  .00000285  00000-0  13578-3 0  9996
2 41335  98.6259  96.3304 0001185 108.1654 251.9656 14.26732927413760
1 41335U 16011A   24027.57222113  .00000274  00000-0  13141-3 0  9999
2 41335  98.6259  96.3995 0001186 108.1737 251.9573 14.26732897413774
1 41335U 16011A   24027.78261134  .00000267  00000-0  12838-3 0  9992
2 41335  98.6259  96.6069 0001186 107.9654 252.1655 14.26732992413808
1 41335U 16011A   24027.92287148  .00000226  00000-0  11161-3 0  9994
2 41335  98.6258  96.7451 0001188 107.9615 252.1695 14.26732851413822
1 41335U 16011A   24028.20339172  .00000232  00000-0  11395-3 0  9997
2 41335  98.6258  97.0216 0001192 107.8477 252.2834 14.26733053413860
1 41335U 16011A   24028.41378200  .00000238  00000-0  11626-3 0  9998
2 41335  98.6257  97.2290 0001200 107.7404 252.3908 14.26733156413892
1 41335U 16011A   24028.55404208  .00000240  00000-0  11716-3 0  9994
2 41335  98.6257  97.3672 0001200 107.6373 252.4939 14.26733259413913
1 41335U 16011A   24028.76443223  .00000231  00000-0  11341-3 0  9991
2 41335  98.6257  97.5746 0001202 107.5098 252.6214 14.26733353413948
1 41335U 16011A   24028.76443223  .00000231  00000-0  11341-3 0  9991
2 41335  98.6257  97.5746 0001202 107.5098 252.6214 14.26733353413948
1 41335U 16011A   24029.18521248  .00000226  00000-0  11153-3 0  9997
2 41335  98.6256  97.9893 0001201 107.3835 252.7477 14.26733555414004
1 41335U 16011A   24029.46573255  .00000249  00000-0  12090-3 0  9999
2 41335  98.6256  98.2658 0001204 107.1796 252.9517 14.26733812414041
1 41335U 16011A   24029.81638275  .00000213  00000-0  10624-3 0  9994
2 41335  98.6255  98.6114 0001204 106.9040 253.2273 14.26733839414097
1 41335U 16011A   24029.88651278  .00000210  00000-0  10476-3 0  9991
2 41335  98.6255  98.6805 0001204 106.9282 253.2031 14.26733851414100
1 41335U 16011A   24030.16703281  .00000211  00000-0  10513-3 0  9999
2 41335  98.6254  98.9570 0001208 107.0959 253.0354 14.26734032414140
1 41335U 16011A   24030.44755281  .00000223  00000-0  11024-3 0  9998
2 41335  98.6254  99.2335 0001210 106.9314 253.2000 14.26734222414184
1 41335U 16011A   24030.58781283  .00000216  00000-0  10719-3 0  9996
2 41335  98.6254  99.3718 0001210 106.9686 253.1627 14.26734278414200
1 41335U 16011A   24030.79820282  .00000209  00000-0  10432-3 0  9996
2 41335  98.6254  99.5791 0001212 106.8068 253.3245 14.26734358414238
1 41335U 16011A   24030.93846287  .00000179  00000-0  91957-4 0  9993
2 41335  98.6253  99.7174 0001212 106.8759 253.2555 14.26734262414250
1 41335U 16011A   24031.14885283  .00000188  00000-0  95642-4 0  9991
2 41335  98.6253  99.9247 0001215 106.8373 253.2940 14.26734419414283
1 41335U 16011A   24031.49950276  .00000195  00000-0  98612-4 0  9992
2 41335  98.6253 100.2703 0001222 106.6058 253.5257 14.26734630414337
1 41335U 16011A   24031.56963274  .00000188  00000-0  95674-4 0  9999
2 41335  98.6253 100.3394 0001221 106.6740 253.4574 14.26734635414348
1 41335U 16011A   24031.78002269  .00000181  00000-0  92645-4 0  9999
2 41335  98.6252 100.5468 0001223 106.5307 253.6008 14.26734705414376
1 41335U 16011A   24031.92028267  .00000173  00000-0  89395-4 0  9990
2 41335  98.6252 100.6850 0001227 106.5742 253.5573 14.26734723414397
1 41335U 16011A   24032.13067258  .00000172  00000-0  89305-4 0  9997
2 41335  98.6251 100.8923 0001226 106.4760 253.6556 14.26734831414423
1 41335U 16011A   24032.48132247  .00000166  00000-0  86432-4 0  9997
2 41335  98.6251 101.2380 0001233 106.2623 253.8693 14.26734923414470
1 41335U 16011A   24032.55145243  .00000175  00000-0  90291-4 0  9993
2 41335  98.6251 101.3071 0001232 106.2804 253.8512 14.26735015414482
1 41335U 16011A   24032.83197228  .00000161  00000-0  84482-4 0  9994
2 41335  98.6251 101.5835 0001233 106.2244 253.9073 14.26735084414525
1 41335U 16011A   24032.90210224  .00000158  00000-0  83391-4 0  9998
2 41335  98.6250 101.6526 0001233 106.2484 253.8832 14.26735098414536