1 41335U 16011A   23365.92285751  .00000165  00000-0  86205-4 0  9990
2 41335  98.6302  70.1263 0000848 109.5187 250.6085 14.26740110409977
1 41335U 16011A   24001.90467318  .00000164  00000-0  85748-4 0  9997
2 41335  98.6301  71.0944 0000862 110.3823 249.7450 14.26740586410115
1 41335U 16011A   24002.88648856  .00000148  00000-0  79108-4 0  9998
2 41335  98.6301  72.0626 0000869 110.9850 249.1424 14.26740963410255
1 41335U 16011A   24003.93843336  .00000139  00000-0  75666-4 0  9990
2 41335  98.6300  73.0999 0000876 111.7380 248.3893 14.26741376410400
1 41335U 16011A   24004.92025308  .00000180  00000-0  92491-4 0  9992
2 41335  98.6298  74.0679 0000919 109.5820 250.5460 14.26730821410547
1 41335U 16011A   24005.90207519  .00000296  00000-0  14027-3 0  9993
2 41335  98.6298  75.0361 0000932 109.3307 250.7974 14.26731505410686
1 41335U 16011A   24006.81376692  .00000298  00000-0  14140-3 0  9991
2 41335  98.6296  75.9350 0000942 110.2924 249.8358 14.26731971410815
1 41335U 16011A   24007.93584888  .00000144  00000-0  77652-4 0  9991
2 41335  98.6294  77.0414 0000946 110.6840 249.4442 14.26732044410971
1 41335U 16011A   24008.91767022  .00000170  00000-0  88475-4 0  9997
2 41335  98.6293  78.0094 0000957 110.7626 249.3657 14.26732544411119
1 41335U 16011A   24009.89949129  .00000179  00000-0  92085-4 0  9996
2 41335  98.6291  78.9775 0000963 110.5569 249.5715 14.26732984411253
1 41335U 16011A   24010.81118190  .00000195  00000-0  98743-4 0  9991
2 41335  98.6289  79.8764 0000971 110.6314 249.4971 14.26733490411386
1 41335U 16011A   24011.93326206  .00000234  00000-0  11487-3 0  9997
2 41335  98.6287  80.9827 0000984 110.9239 249.2047 14.26734271411548
1 41335U 16011A   24012.91508185  .00000258  00000-0  12451-3 0  9992
2 41335  98.6285  81.9507 0001001 111.0421 249.0867 14.26734928411680
1 41335U 16011A   24013.82677123  .00000286  00000-0  13623-3 0  9995
2 41335  98.6284  82.8495 0001014 111.0571 249.0718 14.26735609411812
1 41335U 16011A   24014.87871990  .00000292  00000-0  13890-3 0  9992
2 41335  98.6282  83.8866 0001018 111.3093 248.8197 14.26736367411965
1 41335U 16011A   24015.93066808  .00000262  00000-0  12618-3 0  9998
2 41335  98.6281  84.9237 0001031 111.6185 248.5105 14.26736922412119
1 41335U 16011A   24016.91248582  .00000273  00000-0  13073-3 0  9996
2 41335  98.6279  85.8917 0001051 111.8262 248.3030 14.26737640412259
1 41335U 16011A   24017.89430321  .00000274  00000-0  13123-3 0  9995
2 41335  98.6278  86.8596 0001061 111.8478 248.2816 14.26738323412397
1 41335U 16011A   24018.87612009  .00000255  00000-0  12337-3 0  9994
2 41335  98.6276  87.8275 0001072 112.0523 248.0771 14.26738928412531
1 41335U 16011A   24019.92806627  .00000247  00000-0  12016-3 0  9997
2 41335  98.6275  88.8645 0001091 111.7784 248.3513 14.26739613412683
1 41335U 16011A   24020.90988243  .00000253  00000-0  12263-3 0  9993
2 41335  98.6273  89.8324 0001108 111.3454 248.7845 14.26740235412825
1 41335U 16011A   24021.89169813  .00000233  00000-0  11440-3 0  9990
2 41335  98.6271  90.8002 0001118 111.1199 249.0101 14.26740742412960
1 41335U 16011A   24022.87351339  .00000226  00000-0  11160-3 0  9996
2 41335  98.6270  91.7681 0001128 111.3585 248.7716 14.26741288413105
1 41335U 16011A   24023.92545781  .00000249  00000-0  12071-3 0  9996
2 41335  98.6267  92.8050 0001146 111.5002 248.6301 14.26742050413252
1 41335U 16011A   24024.90727681  .00000296  00000-0  14024-3 0  9998
2 41335  98.6267  93.7731 0001172 108.5763 251.5545 14.26731192413390
1 41335U 16011A   24025.88909852  .00000415  00000-0  18969-3 0  9993
2 41335  98.6263  94.7407 0001181 108.8621 251.2688 14.26732144413532
1 41335U 16011A   24026.80079004  .00000407  00000-0  18605-3 0  9991
2 41335  98.6261  95.6392 0001191 108.6876 251.4434 14.26732754413666
1 41335U 16011A   24027.92287148  .00000226  00000-0  11161-3 0  9994
2 41335  98.6258  96.7451 0001188 107.9615 252.1695 14.26732851413822
1 41335U 16011A   24028.76443223  .00000231  00000-0  11341-3 0  9991
2 41335  98.6257  97.5746 0001202 107.5098 252.6214 14.26733353413948
1 41335U 16011A   24029.88651278  .00000210  00000-0  10476-3 0  9991
2 41335  98.6255  98.6805 0001204 106.9282 253.2031 14.26733851414100
1 41335U 16011A   24030.93846287  .00000179  00000-0  91957-4 0  9993
2 41335  98.6253  99.7174 0001212 106.8759 253.2555 14.26734262414250
1 41335U 16011A   24031.92028267  .00000173  00000-0  89395-4 0  9990
2 41335  98.6252 100.6850 0001227 106.5742 253.5573 14.26734723414397
1 41335U 16011A   24032.90210224  .00000158  00000-0  83391-4 0  9998
2 41335  98.6250 101.6526 0001233 106.2484 253.8832 14.26735098414536