UTC=2023-12-31T22:00:02.000000
6118060.487341 570705.097951 -3728413.145903
3944.795626 -1394.110542 6267.711327
UTC=2023-12-31T22:00:32.000000
6233353.359211 528359.832811 -3538607.082128
3740.747635 -1428.532897 6385.009447
UTC=2023-12-31T22:01:02.000000
6342467.485630 485015.828450 -3345374.159930
3532.913752 -1460.684948 6496.149588
UTC=2023-12-31T22:01:32.000000
6445292.414317 440741.917202 -3148900.796022
3321.502956 -1490.519001 6601.020921
UTC=2023-12-31T22:02:02.000000
6541724.022458 395608.315182 -2949376.641996
3106.728191 -1517.990508 6699.518639
UTC=2023-12-31T22:02:32.000000
6631664.632085 349686.526831 -2746994.401483
2888.806133 -1543.058139 6791.544099
UTC=2023-12-31T22:03:02.000000
6715023.118466 303049.247447 -2541949.643372
2667.956947 -1565.683843 6877.004950
UTC=2023-12-31T22:03:32.000000
6791715.010981 255770.264039 -2334440.611316
2444.404033 -1585.832899 6955.815240
UTC=2023-12-31T22:04:02.000000
6861662.586483 207924.354853 -2124668.030480
2218.373785 -1603.473952 7027.895502
UTC=2023-12-31T22:04:32.000000
6924794.955779 159587.187598 -1912834.911688
1990.095365 -1618.579068 7093.172843
UTC=2023-12-31T22:05:02.000000
6981048.143012 110835.216201 -1699146.352765
1759.800459 -1631.123774 7151.581032
UTC=2023-12-31T22:05:32.000000
7030365.157712 61745.576269 -1483809.337368
1527.723035 -1641.087102 7203.060593
UTC=2023-12-31T22:06:02.000000
7072696.059392 12395.979498 -1267032.531274
1294.099077 -1648.451620 7247.558876
UTC=2023-12-31T22:06:32.000000
7107998.014117 -37135.392758 -1049026.076724
1059.166331 -1653.203452 7285.030102
UTC=2023-12-31T22:07:02.000000
7136235.343827 -86769.996504 -830001.385628
823.164070 -1655.332302 7315.435415
UTC=2023-12-31T22:07:32.000000
7157379.568676 -136429.032911 -610170.931047
586.332867 -1654.831483 7338.742937
UTC=2023-12-31T22:08:02.000000
7171409.442318 -186033.556989 -389748.036874
348.914337 -1651.697944 7354.927850
UTC=2023-12-31T22:08:32.000000
7178310.979204 -235504.587189 -168946.664609
111.150847 -1645.932297 7363.972462
UTC=2023-12-31T22:09:02.000000
7178077.471828 -284763.215261 52018.801124
-126.714790 -1637.538816 7365.866244
UTC=2023-12-31T22:09:32.000000
7170709.499830 -333730.715806 272933.766808
-364.439627 -1626.525421 7360.605828
UTC=2023-12-31T22:10:02.000000
7156214.930376 -382328.655659 493583.644896
-601.780844 -1612.903663 7348.194960
UTC=2023-12-31T22:10:32.000000
7134608.910332 -430479.002510 713754.066763
-838.495961 -1596.688715 7328.644474
UTC=2023-12-31T22:11:02.000000
7105913.853237 -478104.233278 933231.095300
-1074.343050 -1577.899355 7301.972327
UTC=2023-12-31T22:11:32.000000
7070159.418784 -525127.442251 1151801.439757
-1309.081021 -1556.557953 7268.203657
UTC=2023-12-31T22:12:02.000000
7027382.482671 -571472.448200 1369252.671253
-1542.469952 -1532.690435 7227.370779
UTC=2023-12-31T22:12:32.000000
6977627.096891 -617063.900629 1585373.437195
-1774.271396 -1506.326252 7179.513115
UTC=2023-12-31T22:13:02.000000
6920944.441315 -661827.385037 1799953.673510
-2004.248646 -1477.498346 7124.677128
UTC=2023-12-31T22:13:32.000000
6857392.767617 -705689.527156 2012784.814666
-2232.166996 -1446.243119 7062.916256
UTC=2023-12-31T22:14:02.000000
6787037.335484 -748578.096174 2223660.002109
-2457.794007 -1412.600390 6994.290845
UTC=2023-12-31T22:14:32.000000
6709950.340354 -790422.106341 2432374.290388
-2680.899764 -1376.613334 6918.868067
UTC=2023-12-31T22:15:02.000000
6626210.834206 -831151.916510 2638724.850172
-2901.257121 -1338.328404 6836.721830
UTC=2023-12-31T22:15:32.000000
6535904.639381 -870699.327465 2842511.169736
-3118.641928 -1297.795255 6747.932696
UTC=2023-12-31T22:16:02.000000
6439124.254264 -908997.676796 3043535.252993
-3332.833257 -1255.066680 6652.587783
UTC=2023-12-31T22:16:32.000000
6335968.754146 -945981.931875 3241601.813707
-3543.613622 -1210.198545 6550.780672
UTC=2023-12-31T22:17:02.000000
6226543.685551 -981588.781964 3436518.469134
-3750.769189 -1163.249749 6442.611296
UTC=2023-12-31T22:17:32.000000
6110960.951707 -1015756.728275 3628095.929602
-3954.089986 -1114.282176 6328.185872
UTC=2023-12-31T22:18:02.000000
5989338.693548 -1048426.172078 3816148.184222
-4153.370170 -1063.360622 6207.616822
UTC=2023-12-31T22:18:32.000000
5861801.162613 -1079539.501096 4000492.686538
-4348.408323 -1010.552686 6081.022648
UTC=2023-12-31T22:19:02.000000
5728478.583100 -1109041.171401 4180950.534214
-4539.007686 -955.928631 5948.527712
UTC=2023-12-31T22:19:32.000000
5589507.010110 -1136877.785436 4357346.640985
-4724.976293 -899.561284 5810.262059
UTC=2023-12-31T22:20:02.000000
5445028.184512 -1162998.168195 4529509.905800
-4906.127109 -841.525970 5666.361317
UTC=2023-12-31T22:20:32.000000
5295189.381428 -1187353.440843 4697273.379020
-5082.278255 -781.900425 5516.966585
UTC=2023-12-31T22:21:02.000000
5140143.252210 -1209897.091136 4860474.423922
-5253.253220 -720.764667 5362.224260
UTC=2023-12-31T22:21:32.000000
4980047.661174 -1230585.040125 5018954.872939
-5418.881011 -658.200874 5202.285866
UTC=2023-12-31T22:22:02.000000
4815065.517772 -1249375.705085 5172561.179179
-5578.996303 -594.293267 5037.307897
UTC=2023-12-31T22:22:32.000000
4645364.604305 -1266230.059427 5321144.563070
-5733.439590 -529.128021 4867.451656
UTC=2023-12-31T22:23:02.000000
4471117.398977 -1281111.690142 5464561.154470
-5882.057348 -462.793183 4692.883101
UTC=2023-12-31T22:23:32.000000
4292500.893887 -1293986.852444 5602672.129558
-6024.702192 -395.378571 4513.772672
UTC=2023-12-31T22:24:02.000000
4109696.408712 -1304824.521175 5735343.842542
-6161.233039 -326.975655 4330.295103
UTC=2023-12-31T22:24:32.000000
3922889.399514 -1313596.438493 5862447.951784
-6291.515229 -257.677429 4142.629223
UTC=2023-12-31T22:25:02.000000
3732269.264220 -1320277.157596 5983861.539378
-6415.420638 -187.578280 3950.957760
UTC=2023-12-31T22:25:32.000000
3538029.145392 -1324844.082625 6099467.225321
-6532.827766 -116.773866 3755.467155
UTC=2023-12-31T22:26:02.000000
3340365.730205 -1327277.505004 6209153.276261
-6643.621829 -45.360997 3556.347382
UTC=2023-12-31T22:26:32.000000
3139479.047610 -1327560.636373 6312813.709215
-6747.694840 26.562481 3353.791783
UTC=2023-12-31T22:27:02.000000
2935572.262760 -1325679.637948 6410348.389925
-6844.945707 98.897789 3147.996914
UTC=2023-12-31T22:27:32.000000
2728851.468759 -1321623.646824 6501663.126739
-6935.280360 171.545333 2939.162369
UTC=2023-12-31T22:28:02.000000
2519525.474158 -1315384.798615 6586669.758908
-7018.611856 244.404832 2727.490565
UTC=2023-12-31T22:28:32.000000
2307805.587857 -1306958.245848 6665286.237720
-7094.860451 317.375462 2513.186521
UTC=2023-12-31T22:29:02.000000
2093905.402514 -1296342.172188 6737436.701573
-7163.953650 390.355993 2296.457664
UTC=2023-12-31T22:29:32.000000
1878040.576080 -1283537.802689 6803051.545353
-7225.826274 463.244916 2077.513630
UTC=2023-12-31T22:30:02.000000
1660428.611385 -1268549.410318 6862067.483588
-7280.420516 535.940568 1856.566055
UTC=2023-12-31T22:30:32.000000
1441288.634493 -1251384.318678 6914427.607003
-7327.685969 608.341257 1633.828349
UTC=2023-12-31T22:31:02.000000
1220841.172643 -1232052.900885 6960081.432821
-7367.579630 680.345394 1409.515504
UTC=2023-12-31T22:31:32.000000
999307.931934 -1210568.574759 6998984.949514
-7400.065915 751.851609 1183.843916
UTC=2023-12-31T22:32:02.000000
776911.574139 -1186947.794467 7031100.656355
-7425.116696 822.758867 957.031209
UTC=2023-12-31T22:32:32.000000
553875.492864 -1161210.038502 7056397.597023
-7442.711346 892.966607 729.296026
UTC=2023-12-31T22:33:02.000000
330423.587463 -1133377.793435 7074851.387244
-7452.836739 962.374872 500.857797
UTC=2023-12-31T22:33:32.000000
106780.039209 -1103476.534069 7086444.234444
-7455.487210 1030.884417 271.936539
UTC=2023-12-31T22:34:02.000000
-116830.912322 -1071534.700513 7091164.953692
-7450.664543 1098.396823 42.752705
UTC=2023-12-31T22:34:32.000000
-340185.193142 -1037583.671574 7089008.977995
-7438.377996 1164.814617 -186.472992
UTC=2023-12-31T22:35:02.000000
-563059.119081 -1001657.734180 7079978.363055
-7418.644295 1230.041422 -415.519796
UTC=2023-12-31T22:35:32.000000
-785229.619663 -963794.048558 7064081.785100
-7391.487614 1293.982081 -644.167117
UTC=2023-12-31T22:36:02.000000
-1006474.460586 -924032.609748 7041334.533049
-7356.939536 1356.542786 -872.194735
UTC=2023-12-31T22:36:32.000000
-1226572.465852 -882416.205310 7011758.494586
-7315.039008 1417.631194 -1099.382998
UTC=2023-12-31T22:37:02.000000
-1445303.737856 -838990.369713 6975382.135890
-7265.832300 1477.156537 -1325.513003
UTC=2023-12-31T22:37:32.000000
-1662449.876169 -793803.335600 6932240.476798
-7209.372959 1535.029727 -1550.366780
UTC=2023-12-31T22:38:02.000000
-1877794.195633 -746905.981513 6882375.059999
-7145.721776 1591.163476 -1773.727478
UTC=2023-12-31T22:38:32.000000
-2091121.942723 -698351.776191 6825833.914499
-7074.946728 1645.472415 -1995.379557
UTC=2023-12-31T22:39:02.000000
-2302220.510510 -648196.719109 6762671.513422
-6997.122932 1697.873215 -2215.108977
UTC=2023-12-31T22:39:32.000000
-2510879.651928 -596499.277543 6692948.726098
-6912.332595 1748.284704 -2432.703401
UTC=2023-12-31T22:40:02.000000
-2716891.691765 -543320.320284 6616732.763816
-6820.664945 1796.627970 -2647.952411
UTC=2023-12-31T22:40:32.000000
-2920051.735769 -488723.048343 6534097.118823
-6722.216137 1842.826454 -2860.647717
UTC=2023-12-31T22:41:02.000000
-3120157.877077 -432772.923133 6445121.497940
-6617.089164 1886.806046 -3070.583341
UTC=2023-12-31T22:41:32.000000
-3317011.400121 -375537.591307 6349891.750317
-6505.393772 1928.495190 -3277.555804
UTC=2023-12-31T22:42:02.000000
-3510416.981974 -317086.806447 6248499.789654
-6387.246370 1967.824994 -3481.364325
UTC=2023-12-31T22:42:32.000000
-3700182.890808 -257492.347504 6141043.509583
-6262.769927 2004.729346 -3681.811031
UTC=2023-12-31T22:43:02.000000
-3886121.180164 -196827.933868 6027626.693843
-6132.093852 2039.145013 -3878.701169
UTC=2023-12-31T22:43:32.000000
-4068047.881228 -135169.137684 5908358.920057
-5995.353845 2071.011722 -4071.843302
UTC=2023-12-31T22:44:02.000000
-4245783.189070 -72593.293938 5783355.456046
-5852.691767 2100.272230 -4261.049484
UTC=2023-12-31T22:44:32.000000
-4419151.644585 -9179.408553 5652737.153838
-5704.255517 2126.872406 -4446.135437
UTC=2023-12-31T22:45:02.000000
-4587982.315215 54991.936309 5516630.336873
-5550.198895 2150.761312 -4626.920743
UTC=2023-12-31T22:45:32.000000
-4752108.968923 119838.679562 5375166.680313
-5390.681442 2171.891301 -4803.229023
UTC=2023-12-31T22:46:02.000000
-4911370.243846 185277.380949 5228483.088258
-5225.868296 2190.218094 -4974.888104
UTC=2023-12-31T22:46:32.000000
-5065609.814825 251223.323539 5076721.564579
-5055.930060 2205.700868 -5141.730215
UTC=2023-12-31T22:47:02.000000
-5214676.554306 317590.618331 4920029.077325
-4881.042603 2218.302319 -5303.592212
UTC=2023-12-31T22:47:32.000000
-5358424.687106 384292.310587 4758557.417517
-4701.386842 2227.988710 -5460.315731
UTC=2023-12-31T22:48:02.000000
-5496713.938627 451240.487672 4592463.053565
-4517.148542 2234.729925 -5611.747327
UTC=2023-12-31T22:48:32.000000
-5629409.677833 518346.388471 4421906.981990
-4328.518146 2238.499528 -5757.738603
UTC=2023-12-31T22:49:02.000000
-5756383.055139 585520.514687 4247054.573578
-4135.690604 2239.274817 -5898.146359
UTC=2023-12-31T22:49:32.000000
-5877511.134736 652672.743731 4068075.415112
-3938.865197 2237.036882 -6032.832750
UTC=2023-12-31T22:50:02.000000
-5992677.021719 719712.443143 3885143.146420
-3738.245337 2231.770652 -6161.665457
UTC=2023-12-31T22:50:32.000000
-6101769.983184 786548.586353 3698435.291959
-3534.038365 2223.464925 -6284.517848
UTC=2023-12-31T22:51:02.000000
-6204685.562256 853089.869246 3508133.087722
-3326.455311 2212.112407 -6401.269135
UTC=2023-12-31T22:51:32.000000
-6301325.685376 919244.827583 3314421.304071
-3115.710662 2197.709722 -6511.804512
UTC=2023-12-31T22:52:02.000000
-6391598.762505 984921.954975 3117488.064277
-2902.022117 2180.257432 -6616.015277
UTC=2023-12-31T22:52:32.000000
-6475419.779883 1050029.821007 2917524.659729
-2685.610361 2159.760044 -6713.798933
UTC=2023-12-31T22:53:02.000000
-6552710.386141 1114477.189806 2714725.362398
-2466.698839 2136.226025 -6805.059294
UTC=2023-12-31T22:53:32.000000
-6623398.972030 1178173.139130 2509287.233895
-2245.513536 2109.667817 -6889.706595
UTC=2023-12-31T22:54:02.000000
-6687420.743125 1241027.179642 2301409.930865
-2022.282746 2080.101838 -6967.657611
UTC=2023-12-31T22:54:32.000000
-6744717.785229 1302949.374127 2091295.507046
-1797.236820 2047.548477 -7038.835778
UTC=2023-12-31T22:55:02.000000
-6795239.122209 1363850.456573 1879148.211951
-1570.607898 2012.032090 -7103.171297
UTC=2023-12-31T22:55:32.000000
-6838940.765488 1423641.950812 1665174.286574
-1342.629628 1973.580975 -7160.601212
UTC=2023-12-31T22:56:02.000000
-6875785.755211 1482236.288543 1449581.757134
-1113.536900 1932.227352 -7211.069472
UTC=2023-12-31T22:56:32.000000
-6905744.193670 1539546.926665 1232580.227092
-883.565591 1888.007343 -7254.526988
UTC=2023-12-31T22:57:02.000000
-6928793.270929 1595488.463769 1014380.667169
-652.952299 1840.960934 -7290.931710
UTC=2023-12-31T22:57:32.000000
-6944917.282192 1649976.755389 795195.203521
-421.934052 1791.131925 -7320.248666
UTC=2023-12-31T22:58:02.000000
-6954107.636549 1702929.027525 575236.904884
-190.748038 1738.567871 -7342.449990
UTC=2023-12-31T22:58:32.000000
-6956362.858052 1754263.988450 354719.569347
40.368641 1683.320026 -7357.514929
UTC=2023-12-31T22:59:02.000000
-6951688.579335 1803901.939000 133857.510465
271.179224 1625.443299 -7365.429875
UTC=2023-12-31T22:59:32.000000
-6940097.527411 1851764.881361 -87134.657470
501.447561 1564.996194 -7366.188390
UTC=2023-12-31T23:00:02.000000
-6921609.501072 1897776.626018 -308042.234498
730.938396 1502.040746 -7359.791196
UTC=2023-12-31T23:00:32.000000
-6896251.340004 1941862.896410 -528650.649367
959.417629 1436.642443 -7346.246148
UTC=2023-12-31T23:01:02.000000
-6864056.886968 1983951.431483 -748745.672938
1186.652542 1368.870147 -7325.568202
UTC=2023-12-31T23:01:32.000000
-6825066.942369 2023972.085975 -968113.631569
1412.412031 1298.796034 -7297.779407
UTC=2023-12-31T23:02:02.000000
-6779329.212256 2061856.928485 -1186541.619046
1636.466861 1226.495521 -7262.908907
UTC=2023-12-31T23:02:32.000000
-6726898.248804 2097540.337964 -1403817.709657
1858.589934 1152.047185 -7220.992915
UTC=2023-12-31T23:03:02.000000
-6667835.381409 2130959.096670 -1619731.169997
2078.556559 1075.532654 -7172.074674
UTC=2023-12-31T23:03:32.000000
-6602208.640917 2162052.480157 -1834072.668480
2296.144698 997.036510 -7116.204403
UTC=2023-12-31T23:04:02.000000
-6530092.676437 2190762.344574 -2046634.483893
2511.135224 916.646188 -7053.439234
UTC=2023-12-31T23:04:32.000000
-6451568.663921 2217033.210557 -2257210.711845
2723.312186 834.451864 -6983.843130
UTC=2023-12-31T23:05:02.000000
-6366724.207336 2240812.343557 -2465597.467935
2932.463030 750.546333 -6907.486778
UTC=2023-12-31T23:05:32.000000
-6275653.233603 2262049.830703 -2671593.087879
3138.378817 665.024892 -6824.447489
UTC=2023-12-31T23:06:02.000000
-6178455.880953 2280698.654073 -2874998.325132
3340.854438 577.985219 -6734.809111
UTC=2023-12-31T23:06:32.000000
-6075238.380618 2296714.760276 -3075616.545163
3539.688832 489.527253 -6638.661914
UTC=2023-12-31T23:07:02.000000
-5966112.932343 2310057.126481 -3273253.916307
3734.685196 399.753071 -6536.102467
UTC=2023-12-31T23:07:32.000000
-5851197.573791 2320687.822771 -3467719.596880
3925.651170 308.766769 -6427.233508
UTC=2023-12-31T23:08:02.000000
-5730616.044487 2328572.070755 -3658825.918416
4112.399017 216.674333 -6312.163826
UTC=2023-12-31T23:08:32.000000
-5604497.644525 2333678.298553 -3846388.565271
4294.745799 123.583524 -6191.008137
UTC=2023-12-31T23:09:02.000000
-5472977.087761 2335978.192080 -4030226.750667
4472.513570 29.603744 -6063.886959
UTC=2023-12-31T23:09:32.000000
-5336194.349373 2335446.742258 -4210163.388566
4645.529550 -65.154096 -5930.926463
UTC=2023-12-31T23:10:02.000000
-5194294.508382 2332062.288203 -4386025.260921
4813.626287 -160.577717 -5792.258317
UTC=2023-12-31T23:10:32.000000
-5047427.585557 2325806.556362 -4557643.180240
4976.641805 -256.553599 -5648.019533
UTC=2023-12-31T23:11:02.000000
-4895748.377064 2316664.695702 -4724852.147508
5134.419748 -352.967115 -5498.352305
UTC=2023-12-31T23:11:32.000000
-4739416.283741 2304625.308977 -4887491.505322
5286.809511 -449.702663 -5343.403847
UTC=2023-12-31T23:12:02.000000
-4578595.136753 2289680.479899 -5045405.085886
5433.666363 -546.643802 -5183.326231
UTC=2023-12-31T23:12:32.000000
-4413453.019790 2271825.796381 -5198441.354400
5574.851557 -643.673382 -5018.276223
UTC=2023-12-31T23:13:02.000000
-4244162.087748 2251060.369770 -5346453.547443
5710.232438 -740.673680 -4848.415119
UTC=2023-12-31T23:13:32.000000
-4070898.382549 2227386.850071 -5489299.806501
5839.682543 -837.526533 -4673.908592
UTC=2023-12-31T23:14:02.000000
-3893841.645964 2200811.436991 -5626843.306859
5963.081696 -934.113478 -4494.926532
UTC=2023-12-31T23:14:32.000000
-3713175.129509 2171343.886868 -5758952.381771
6080.316107 -1030.315893 -4311.642884
UTC=2023-12-31T23:15:02.000000
-3529085.401379 2138997.515344 -5885500.641682
6191.278466 -1126.015136 -4124.235486
UTC=2023-12-31T23:15:32.000000
-3341762.150753 2103789.195965 -6006367.088315
6295.868033 -1221.092678 -3932.885894
UTC=2023-12-31T23:16:02.000000
-3151397.989382 2065739.354773 -6121436.223644
6393.990730 -1315.430237 -3737.779205
UTC=2023-12-31T23:16:32.000000
-2958188.250271 2024871.960881 -6230598.153392
6485.559234 -1408.909916 -3539.103861
UTC=2023-12-31T23:17:02.000000
-2762330.783616 1981214.512793 -6333748.684016
6570.493049 -1501.414340 -3337.051436
UTC=2023-12-31T23:17:32.000000
-2564025.751697 1934798.020534 -6430789.413037
6648.718548 -1592.826804 -3131.816408
UTC=2023-12-31T23:18:02.000000
-2363475.422720 1885656.983697 -6521627.813647
6720.168973 -1683.031402 -2923.595955
UTC=2023-12-31T23:18:32.000000
-2160883.964476 1833829.365489 -6606177.312653
6784.784416 -1771.913146 -2712.589782
UTC=2023-12-31T23:19:02.000000
-1956457.239256 1779356.563608 -6684357.364023
6842.511830 -1859.358079 -2498.999993
UTC=2023-12-31T23:19:32.000000
-1750402.597582 1722283.377385 -6756093.519142
6893.305069 -1945.253410 -2283.030946
UTC=2023-12-31T23:20:02.000000
-1542928.670002 1662657.970591 -6821317.492033
6937.124950 -2029.487654 -2064.889076
UTC=2023-12-31T23:20:32.000000
-1334245.157438 1600531.830167 -6879967.218154
6973.939280 -2111.950769 -1844.782681
UTC=2023-12-31T23:21:02.000000
-1124562.621754 1535959.721276 -6931986.906834
7003.722869 -2192.534274 -1622.921707
UTC=2023-12-31T23:21:32.000000
-914092.276040 1468999.638689 -6977327.088165
7026.457500 -2271.131361 -1399.517532
UTC=2023-12-31T23:22:02.000000
-703045.775622 1399712.755039 -7015944.652908
7042.131871 -2347.636991 -1174.782800
UTC=2023-12-31T23:22:32.000000
-491635.011750 1328163.366160 -7047802.888200
7050.741561 -2421.948013 -948.931292
UTC=2023-12-31T23:23:02.000000
-280071.905214 1254418.832647 -7072871.510543
7052.289037 -2493.963283 -722.177821
UTC=2023-12-31T23:23:32.000000
-68568.198936 1178549.517698 -7091126.694280
7046.783693 -2563.583793 -494.738062
UTC=2023-12-31T23:24:02.000000
142664.750401 1100628.721156 -7102551.094771
7034.241879 -2630.712794 -266.828370
UTC=2023-12-31T23:24:32.000000
353416.181035 1020732.609817 -7107133.865244
7014.686906 -2695.255923 -38.665558
UTC=2023-12-31T23:25:02.000000
563476.134627 938940.144067 -7104870.667296
6988.149029 -2757.121329 189.533342
UTC=2023-12-31T23:25:32.000000
772635.663846 855333.000616 -7095763.673817
6954.665370 -2816.219791 417.551321
UTC=2023-12-31T23:26:02.000000
980687.036861 769995.492074 -7079821.565157
6914.279827 -2872.464820 645.171579
UTC=2023-12-31T23:26:32.000000
1187423.939490 683014.483452 -7057059.520599
6867.043000 -2925.772765 872.177686
UTC=2023-12-31T23:27:02.000000
1392641.675553 594479.305278 -7027499.204569
6813.012143 -2976.062921 1098.353747
UTC=2023-12-31T23:27:32.000000
1596137.365275 504481.663938 -6991168.747966
6752.251101 -3023.257622 1323.484590
UTC=2023-12-31T23:28:02.000000
1797710.142365 413115.549109 -6948102.724228
6684.830239 -3067.282332 1547.355926
UTC=2023-12-31T23:28:32.000000
1997161.348714 320477.138562 -6898342.120033
6610.826393 -3108.065721 1769.754508
UTC=2023-12-31T23:29:02.000000
2194294.727845 226664.700593 -6841934.301745
6530.322839 -3145.539770 1990.468307
UTC=2023-12-31T23:29:32.000000
2388916.617641 131778.493032 -6778932.975567
6443.409239 -3179.639885 2209.286734
UTC=2023-12-31T23:30:02.000000
2580836.140229 35920.658819 -6709398.140756
6350.181533 -3210.305004 2426.000877
UTC=2023-12-31T23:30:32.000000
2769865.388396 -60804.881400 -6633396.036395
6250.741798 -3237.477686 2640.403697
UTC=2023-12-31T23:31:02.000000
2955819.607806 -158292.539114 -6550999.082531
6145.198125 -3261.104192 2852.290188
UTC=2023-12-31T23:31:32.000000
3138517.375726 -256435.170042 -6462285.816938
6033.664519 -3281.134555 3061.457532
UTC=2023-12-31T23:32:02.000000
3317780.777078 -355124.188199 -6367340.826968
5916.260806 -3297.522641 3267.705272
UTC=2023-12-31T23:32:32.000000
3493435.577578 -454249.681877 -6266254.676341
5793.112526 -3310.226214 3470.835473
UTC=2023-12-31T23:33:02.000000
3665311.393666 -553700.531670 -6159123.826968
5664.350833 -3319.207006 3670.652877
UTC=2023-12-31T23:33:32.000000
3833241.859483 -653364.530815 -6046050.556352
5530.112412 -3324.430813 3866.965063
UTC=2023-12-31T23:34:02.000000
3997064.791536 -753128.508595 -5927142.869588
5390.539384 -3325.867592 4059.582655
UTC=2023-12-31T23:34:32.000000
4156622.349939 -852878.456344 -5802514.404732
5245.779174 -3323.491532 4248.319533
UTC=2023-12-31T23:35:02.000000
4311761.195288 -952499.655242 -5672284.331838
5095.984364 -3317.281106 4432.993046
UTC=2023-12-31T23:35:32.000000
4462332.640812 -1051876.805439 -5536577.246220
4941.312524 -3307.219114 4613.424193
UTC=2023-12-31T23:36:02.000000
4608192.799835 -1150894.156401 -5395523.056391
4781.926060 -3293.292717 4789.437791
UTC=2023-12-31T23:36:32.000000
4749202.728415 -1249435.638490 -5249256.866901
4617.992057 -3275.493486 4960.862644
UTC=2023-12-31T23:37:02.000000
4885228.563325 -1347384.995792 -5097918.856325
4449.682120 -3253.817441 5127.531710
UTC=2023-12-31T23:37:32.000000
5016141.655430 -1444625.920152 -4941654.150034
4277.172220 -3228.265082 5289.282274
UTC=2023-12-31T23:38:02.000000
5141818.697947 -1541042.186099 -4780612.687857
4100.642516 -3198.841427 5445.956115
UTC=2023-12-31T23:38:32.000000
5262141.849652 -1636517.786680 -4614949.086737
3920.277189 -3165.556030 5597.399674
UTC=2023-12-31T23:39:02.000000
5376998.852824 -1730937.070001 -4444822.498408
3736.264262 -3128.423010 5743.464218
UTC=2023-12-31T23:39:32.000000
5486283.145783 -1824184.876286 -4270396.462058
3548.795417 -3087.461058 5884.006010
UTC=2023-12-31T23:40:02.000000
5589893.969791 -1916146.675232 -4091838.752110
3358.065802 -3042.693448 6018.886464
UTC=2023-12-31T23:40:32.000000
5687736.470062 -2006708.703547 -3909321.221279
3164.273834 -2994.148041 6147.972307
UTC=2023-12-31T23:41:02.000000
5779721.790874 -2095758.102573 -3723019.638871
2967.620997 -2941.857285 6271.135729
UTC=2023-12-31T23:41:32.000000
5865767.164340 -2183183.055796 -3533113.524734
2768.311630 -2885.858207 6388.254530
UTC=2023-12-31T23:42:02.000000
5945795.992923 -2268872.926045 -3339785.978728
2566.552711 -2826.192398 6499.212267
UTC=2023-12-31T23:42:32.000000
6019737.925374 -2352718.392098 -3143223.505989
2362.553645 -2762.905993 6603.898385
UTC=2023-12-31T23:43:02.000000
6087528.926102 -2434611.584523 -2943615.838218
2156.526036 -2696.049638 6702.208355
UTC=2023-12-31T23:43:32.000000
6149111.337765 -2514446.220561 -2741155.751027
1948.683456 -2625.678459 6794.043802
UTC=2023-12-31T23:44:02.000000
6204433.936695 -2592117.737715 -2536038.877688
1739.241203 -2551.852004 6879.312606
UTC=2023-12-31T23:44:32.000000
6253451.981248 -2667523.425787 -2328463.520000
1528.416080 -2474.634203 6957.928996
UTC=2023-12-31T23:45:02.000000
6296127.253771 -2740562.557499 -2118630.456466
1316.426181 -2394.093315 7029.813651
UTC=2023-12-31T23:45:32.000000
6332428.096058 -2811136.517743 -1906742.747224
1103.490670 -2310.301883 7094.893800
UTC=2023-12-31T23:46:02.000000
6362329.437948 -2879148.931216 -1693005.535797
889.829545 -2223.336673 7153.103341
UTC=2023-12-31T23:46:32.000000
6385812.818651 -2944505.788103 -1477625.847617
675.663388 -2133.278605 7204.382926
UTC=2023-12-31T23:47:02.000000
6402866.400283 -3007115.567513 -1260812.386065
461.213109 -2040.212678 7248.680053
UTC=2023-12-31T23:47:32.000000
6413484.974033 -3066889.358656 -1042775.326354
246.699687 -1944.227880 7285.949121
UTC=2023-12-31T23:48:02.000000
6417669.958476 -3123740.979120 -823726.107226
32.343924 -1845.417096 7316.151487
UTC=2023-12-31T23:48:32.000000
6415429.390372 -3177587.090109 -603877.221891
-181.633794 -1743.877009 7339.255507
UTC=2023-12-31T23:49:02.000000
6406777.909008 -3228347.309099 -383442.007715
-395.013733 -1639.707998 7355.236567
UTC=2023-12-31T23:49:32.000000
6391736.733259 -3275944.319324 -162634.434279
-607.577032 -1533.014048 7364.077126
UTC=2023-12-31T23:50:02.000000
6370333.631588 -3320303.976302 58331.109047
-819.105938 -1423.902650 7365.766744
UTC=2023-12-31T23:50:32.000000
6342602.885597 -3361355.411627 279240.026804
-1029.384038 -1312.484698 7360.302140
UTC=2023-12-31T23:51:02.000000
6308585.246086 -3399031.133189 499877.733016
-1238.196518 -1198.874359 7347.687231
UTC=2023-12-31T23:51:32.000000
6268327.880757 -3433267.121194 720029.867503
-1445.330440 -1083.188930 7327.933146
UTC=2023-12-31T23:52:02.000000
6221884.313993 -3464002.919956 939482.511965
-1650.575004 -965.548698 7301.058218
UTC=2023-12-31T23:52:32.000000
6169314.358736 -3491181.725355 1158022.405720
-1853.721822 -846.076788 7267.087944
UTC=2023-12-31T23:53:02.000000
6110684.040353 -3514750.467633 1375437.159841
-2054.565155 -724.899009 7226.054928
UTC=2023-12-31T23:53:32.000000
6046065.513833 -3534659.889942 1591515.468907
-2252.902132 -602.143723 7177.998794
UTC=2023-12-31T23:54:02.000000
5975536.975003 -3550864.622940 1806047.320842
-2448.532936 -477.941714 7122.966129
UTC=2023-12-31T23:54:32.000000
5899182.566086 -3563323.255560 2018824.205097
-2641.260985 -352.426062 7061.010443
UTC=2023-12-31T23:55:02.000000
5817092.275823 -3571998.401750 2229639.320048
-2830.893131 -225.731993 6992.192156
UTC=2023-12-31T23:55:32.000000
5729361.833126 -3576856.762349 2438287.779977
-3017.239886 -97.996710 6916.578561
UTC=2023-12-31T23:56:02.000000
5636092.593518 -3577869.181546 2644566.820350
-3200.115662 30.640796 6834.243760
UTC=2023-12-31T23:56:32.000000
5537391.418829 -3575010.697802 2848276.000170
-3379.338997 160.039928 6745.268541
UTC=2023-12-31T23:57:02.000000
5433370.550626 -3568260.589460 3049217.400723
-3554.732739 290.058652 6649.740241
UTC=2023-12-31T23:57:32.000000
5324147.478345 -3557602.415504 3247195.820100
-3726.124202 420.553650 6547.752618
UTC=2023-12-31T23:58:02.000000
5209844.803255 -3543024.052049 3442018.964120
-3893.345302 551.380454 6439.405750
UTC=2023-12-31T23:58:32.000000
5090590.098248 -3524517.724585 3633497.634669
-4056.232709 682.393596 6324.805956
UTC=2023-12-31T23:59:02.000000
4966515.762844 -3502080.035680 3821445.915716
-4214.628012 813.446769 6204.065706
UTC=2023-12-31T23:59:32.000000
4837758.872874 -3475711.987726 4005681.356494
-4368.377896 944.392989 6077.303524
