UTC=2024-02-02T00:00:02.000000
-5283697.004680 2294804.362401 4281240.531873
-3291.462465 3405.764022 -5871.510004
UTC=2024-02-02T00:02:02.000000
-5633452.168750 2687949.167934 3545239.268842
-2531.051254 3135.988126 -6379.297020
UTC=2024-02-02T00:04:02.000000
-5889793.263645 3044959.393198 2754171.283098
-1736.755434 2804.199787 -6788.084807
UTC=2024-02-02T00:06:02.000000
-6049452.534148 3358661.891805 1920318.133394
-921.944786 2415.069380 -7091.448094
UTC=2024-02-02T00:08:02.000000
-6110784.457532 3622513.749456 1056633.199571
-100.245283 1974.416704 -7284.633709
UTC=2024-02-02T00:10:02.000000
-6073781.419203 3830734.627865 176535.384707
714.711486 1489.113579 -7364.646320
UTC=2024-02-02T00:12:02.000000
-5940059.915274 3978426.214197 -706305.077413
1509.528573 966.967435 -7330.298862
UTC=2024-02-02T00:14:02.000000
-5712818.108304 4061676.569393 -1578185.219557
2271.280799 416.586625 -7182.234336
UTC=2024-02-02T00:16:02.000000
-5396765.041485 4077647.005315 -2425588.783729
2987.750888 -152.778502 -6922.915099
UTC=2024-02-02T00:18:02.000000
-4998022.484751 4024638.749340 -3235401.247901
3647.643375 -731.408492 -6556.561967
UTC=2024-02-02T00:20:02.000000
-4524002.869235 3902138.585330 -3995115.879140
4240.772131 -1309.294375 -6089.066019
UTC=2024-02-02T00:22:02.000000
-3983266.426663 3710842.685395 -4693027.107363
4758.216353 -1876.318085 -5527.867655
UTC=2024-02-02T00:24:02.000000
-3385361.387804 3452658.927275 -5318408.328635
5192.448793 -2422.432853 -4881.816281
UTC=2024-02-02T00:26:02.000000
-2740651.071518 3130687.849609 -5861671.443865
5537.424345 -2937.835125 -4161.012140
UTC=2024-02-02T00:28:02.000000
-2060131.578287 2749183.501845 -6314507.538933
5788.652514 -3413.131594 -3376.645592
UTC=2024-02-02T00:30:02.000000
-1355242.193017 2313494.207625 -6670006.699177
5943.241029 -3839.503501 -2540.810608
UTC=2024-02-02T00:32:02.000000
-637672.981449 1829984.848996 -6922755.000866
5999.901608 -4208.849376 -1666.316336
UTC=2024-02-02T00:34:02.000000
80827.114896 1305942.661515 -7068909.389895
5958.936938 -4513.920016 -766.503053
UTC=2024-02-02T00:36:02.000000
788639.203684 749467.604687 -7106250.327055
5822.206015 -4748.438064 144.939963
UTC=2024-02-02T00:38:02.000000
1474458.947477 169348.828857 -7034212.678310
5593.082779 -4907.213269 1054.162292
UTC=2024-02-02T00:40:02.000000
2127474.078908 -425072.036240 -6853893.050093
5276.379743 -4986.242182 1947.349896
UTC=2024-02-02T00:42:02.000000
2737531.754310 -1024048.221472 -6568034.477702
4878.260122 -4982.789001 2810.907066
UTC=2024-02-02T00:44:02.000000
3295294.789735 -1617584.255239 -6180988.793087
4406.135173 -4895.453591 3631.647572
UTC=2024-02-02T00:46:02.000000
3792384.287402 -2195599.391312 -5698656.766692
3868.546096 -4724.223852 4396.971580
UTC=2024-02-02T00:48:02.000000
4221507.870641 -2748097.046906 -5128406.356884
3275.035468 -4470.518977 5095.059400
UTC=2024-02-02T00:50:02.000000
4576570.330758 -3265337.389027 -4478967.482998
2635.985489 -4137.197670 5715.060874
UTC=2024-02-02T00:52:02.000000
4852764.297018 -3738009.185909 -3760305.381619
1962.449807 -3728.540146 6247.265028
UTC=2024-02-02T00:54:02.000000
5046640.410877 -4157398.405001 -2983473.994747
1265.977269 -3250.211249 6683.265109
UTC=2024-02-02T00:56:02.000000
5156155.148722 -4515550.658543 -2160449.919773
558.415641 -2709.192534 7016.114019
UTC=2024-02-02T00:58:02.000000
5180694.443769 -4805423.657167 -1303949.266629
-148.293101 -2113.686609 7240.453867
UTC=2024-02-02T01:00:02.000000
5121072.252568 -5021026.700695 -427230.089773
-842.326847 -1472.993723 7352.625642
UTC=2024-02-02T01:02:02.000000
4979503.225128 -5157543.398507 456116.365830
-1512.197889 -797.357686 7350.745085
UTC=2024-02-02T01:04:02.000000
4759550.198546 -5211434.464509 1332381.560393
-2146.957833 -97.788589 7234.746385
UTC=2024-02-02T01:06:02.000000
4466047.334041 -5180518.015173 2187958.753650
-2736.398674 614.134427 7006.388836
UTC=2024-02-02T01:08:02.000000
4105000.341279 -5064025.557734 3009560.199257
-3271.229860 1326.468568 6669.222149
UTC=2024-02-02T01:10:02.000000
3683466.770379 -4862632.893047 3784428.730952
-3743.236540 2027.121757 6228.526571
UTC=2024-02-02T01:12:02.000000
3209418.435629 -4578464.806621 4500539.949724
-4145.415557 2704.072798 5691.215812
UTC=2024-02-02T01:14:02.000000
2691589.503758 -4215073.545053 5146791.007500
-4472.079409 3345.587177 5065.712415
UTC=2024-02-02T01:16:02.000000
2139313.732710 -3777392.011359 5713172.951929
-4718.932695 3940.421529 4361.799745
UTC=2024-02-02T01:18:02.000000
1562354.105142 -3271662.896832 6190924.425532
-4883.123603 4478.021981 3590.457613
UTC=2024-02-02T01:20:02.000000
970728.051417 -2705344.868746 6572664.014208
-4963.263563 4948.703544 2763.673759
UTC=2024-02-02T01:22:02.000000
374532.105668 -2086998.602645 6852499.852989
-4959.419509 5343.810372 1894.253654
UTC=2024-02-02T01:24:02.000000
-216230.959124 -1426154.423933 7026115.969959
-4873.079432 5655.859837 995.624903
UTC=2024-02-02T01:26:02.000000
-791819.650991 -733163.559248 7090835.378225
-4707.099986 5878.673550 81.642369
UTC=2024-02-02T01:28:02.000000
-1342913.987620 -19034.791632 7045659.072493
-4465.636729 6007.487051 -833.616241
UTC=2024-02-02T01:30:02.000000
-1860766.288187 704740.807515 6891280.536824
-4154.055894 6039.040013 -1736.054603
UTC=2024-02-02T01:32:02.000000
-2337340.231681 1426374.736255 6630075.751274
-3778.828619 5971.645302 -2611.761320
UTC=2024-02-02T01:34:02.000000
-2765436.380592 2133972.928566 6266068.854909
-3347.410348 5805.236950 -3447.211574
UTC=2024-02-02T01:36:02.000000
-3138802.393525 2815732.189158 5804873.916221
-2868.107624 5541.398446 -4229.464448
UTC=2024-02-02T01:38:02.000000
-3452226.652470 3460138.586414 5253612.881572
-2349.934271 5183.365126 -4946.362538
UTC=2024-02-02T01:40:02.000000
-3701613.811868 4056164.414448 4620809.913780
-1802.453422 4735.999398 -5586.724195
UTC=2024-02-02T01:42:02.000000
-3884040.602693 4593460.657922 3916263.184623
-1235.607463 4205.738986 -6140.527538
UTC=2024-02-02T01:44:02.000000
-3997790.706846 5062541.332549 3150895.220333
-659.539583 3600.513513 -6599.082812
UTC=2024-02-02T01:46:02.000000
-4042367.804094 5454955.763748 2336583.458572
-84.408420 2929.625536 -6955.188306
UTC=2024-02-02T01:48:02.000000
-4018486.144194 5763444.584951 1485973.853993
479.798977 2203.600885 -7203.255247
UTC=2024-02-02T01:50:02.000000
-3928039.213533 5982076.520231 612281.271879
1023.444744 1434.018818 -7339.405146
UTC=2024-02-02T01:52:02.000000
-3774047.339048 6106363.585370 -270920.667231
1537.415546 633.319911 -7361.548527
UTC=2024-02-02T01:54:02.000000
-3560584.350793 6133351.069812 -1149917.366118
2013.292799 -185.421273 -7269.428091
UTC=2024-02-02T01:56:02.000000
-3292685.007425 6061679.395728 -2011073.517106
2443.504660 -1008.734809 -7064.619940
UTC=2024-02-02T01:58:02.000000
-2976234.784650 5891616.635006 -2841050.881074
2821.463802 -1823.003377 -6750.487223
UTC=2024-02-02T02:00:02.000000
-2617845.612029 5625061.924016 -3627018.270512
3141.663705 -2614.699409 -6332.104035
UTC=2024-02-02T02:02:02.000000
-2224721.415748 5265520.431744 -4356851.350696
3399.756162 -3370.622722 -5816.157708
UTC=2024-02-02T02:04:02.000000
-1804515.536827 4818050.238148 -5019318.442291
3592.604645 -4078.126926 -5210.813878
UTC=2024-02-02T02:06:02.000000
-1365183.857517 4289183.734212 -5604249.106354
3718.305571 -4725.318626 -4525.570055
UTC=2024-02-02T02:08:02.000000
-914836.351696 3686825.707802 -6102684.919160
3776.193474 -5301.249446 -3771.101241
UTC=2024-02-02T02:10:02.000000
-461589.320516 3020129.001714 -6507010.305020
3766.823236 -5796.094510 -2959.081792
UTC=2024-02-02T02:12:02.000000
-13421.346147 2299350.452296 -6811060.959392
3691.925800 -6201.300383 -2101.993571
UTC=2024-02-02T02:14:02.000000
421964.124602 1535690.899933 -7010209.737318
3554.344419 -6509.706852 -1212.944404
UTC=2024-02-02T02:16:02.000000
837268.002558 741121.175767 -7101430.730991
3357.961971 -6715.657247 -305.481532
UTC=2024-02-02T02:18:02.000000
1225715.197301 -71803.790770 -7083340.551790
3107.612785 -6815.087026 606.598394
UTC=2024-02-02T02:20:02.000000
1581162.714771 -890140.474710 -6956216.719070
2808.979181 -6805.592795 1509.442496
UTC=2024-02-02T02:22:02.000000
1898194.739880 -1700758.795498 -6721993.154251
2468.479815 -6686.474741 2389.327060
UTC=2024-02-02T02:24:02.000000
2172204.151282 -2490548.368988 -6384233.709167
2093.153856 -6458.763845 3232.840803
UTC=2024-02-02T02:26:02.000000
2399459.459938 -3246627.101124 -5948083.875989
1690.534977 -6125.235915 4027.064651
UTC=2024-02-02T02:28:02.000000
2577156.452470 -3956550.719124 -5420200.182351
1268.520974 -5690.407539 4759.768460
UTC=2024-02-02T02:30:02.000000
2703453.269206 -4608518.881144 -4808655.483120
835.228830 -5160.482335 5419.606442
UTC=2024-02-02T02:32:02.000000
2777488.006687 -5191573.230792 -4122822.642971
398.850164 -4543.277047 5996.284908
UTC=2024-02-02T02:34:02.000000
2799378.945560 -5695785.980935 -3373238.278418
-32.494965 -3848.133650 6480.730450
UTC=2024-02-02T02:36:02.000000
2770207.058825 -6112435.648148 -2571446.183878
-450.906162 -3085.790161 6865.255707
UTC=2024-02-02T02:38:02.000000
2691980.921687 -6434165.193512 -1729822.359241
-848.848043 -2268.221190 7143.699876
UTC=2024-02-02T02:40:02.000000
2567584.251222 -6655119.532056 -861384.186957
-1219.293387 -1408.449734 7311.553218
UTC=2024-02-02T02:42:02.000000
2400706.739506 -6771058.096123 20413.845500
-1555.858532 -520.321911 7366.052231
UTC=2024-02-02T02:44:02.000000
2195759.375491 -6779439.323285 901893.015879
-1852.923149 381.731153 7306.229116
UTC=2024-02-02T02:46:02.000000
1957776.779779 -6679476.278139 1769367.923325
-2105.729925 1282.940819 7132.944279
UTC=2024-02-02T02:48:02.000000
1692307.997152 -6472160.744058 2609366.008295
-2310.475392 2168.476585 6848.877388
UTC=2024-02-02T02:50:02.000000
1405298.125217 -6160254.648056 3408842.640726
-2464.370137 3023.708982 6458.470306
UTC=2024-02-02T02:52:02.000000
1102964.034452 -5748250.523880 4155388.127608
-2565.678804 3834.466457 5967.846771
UTC=2024-02-02T02:54:02.000000
791666.742909 -5242301.777516 4837423.034644
-2613.734835 4587.278021 5384.700718
UTC=2024-02-02T02:56:02.000000
477783.238952 -4650124.788500 5444379.041625
-2608.936229 5269.603207 4718.165887
UTC=2024-02-02T02:58:02.000000
167580.290562 -3980874.010580 5966862.345750
-2552.714304 5870.047961 3978.655306
UTC=2024-02-02T03:00:02.000000
-132906.539836 -3244992.953251 6396796.588820
-2447.481588 6378.550418 3177.681820
UTC=2024-02-02T03:02:02.000000
-417986.849283 -2454044.901016 6727543.328353
-2296.565511 6786.531773 2327.666049
UTC=2024-02-02T03:04:02.000000
-682420.265248 -1620527.331103 6953999.670164
-2104.124045 7087.020426 1441.748783
UTC=2024-02-02T03:06:02.000000
-921510.506901 -757672.278089 7072673.359843
-1875.050801 7274.762482 533.600472
UTC=2024-02-02T03:08:02.000000
-1131187.482487 120765.352879 7081734.209904
-1614.870275 7346.308829 -382.783180
UTC=2024-02-02T03:10:02.000000
-1308076.101650 1000727.898312 6981040.673327
-1329.620912 7300.069725 -1293.287805
UTC=2024-02-02T03:12:02.000000
-1449550.531422 1868080.115074 6772141.860783
-1025.731039 7136.344692 -2183.883910
UTC=2024-02-02T03:14:02.000000
-1553773.400273 2708836.444749 6458255.220650
-709.891803 6857.327861 -3040.829137
UTC=2024-02-02T03:16:02.000000
-1619719.545498 3509387.454819 6044219.929667
-388.926885 6467.088283 -3850.870822
UTC=2024-02-02T03:18:02.000000
-1647183.854701 4256722.180289 5536426.161084
-69.657565 5971.521203 -4601.443392
UTC=2024-02-02T03:20:02.000000
-1636773.051176 4938643.260256 4942721.132258
241.228426 5378.277188 -5280.861418
UTC=2024-02-02T03:22:02.000000
-1589881.761382 5543971.599156 4272291.731336
537.309545 4696.655884 -5878.513457
UTC=2024-02-02T03:24:02.000000
-1508652.707396 6062736.058356 3535524.920412
812.558805 3937.464229 -6385.036941
UTC=2024-02-02T03:26:02.000000
-1395922.566187 6486344.694440 2743848.293913
1061.456136 3112.853125 -6792.476780
UTC=2024-02-02T03:28:02.000000
-1255154.066984 6807734.833472 1909552.024397
1279.107018 2236.123284 -7094.434177
UTC=2024-02-02T03:30:02.000000
-1090354.484515 7021497.399753 1045594.846034
1461.344924 1321.493877 -7286.181291
UTC=2024-02-02T03:32:02.000000
-905983.275442 7123972.548860 165398.349908
1604.812344 383.858214 -7364.743039
UTC=2024-02-02T03:34:02.000000
-706850.861585 7113315.379810 -717367.073247
1707.027141 -561.472814 -7328.956181
UTC=2024-02-02T03:36:02.000000
-498010.533987 6989529.216345 -1589001.806086
1766.429148 -1499.055529 -7179.496580
UTC=2024-02-02T03:38:02.000000
-284646.356164 6754464.160311 -2435996.410092
1782.400318 -2413.599419 -6918.849271
UTC=2024-02-02T03:40:02.000000
-71960.022970 6411782.849489 -3245245.165767
1755.263244 -3290.228121 -6551.245983
UTC=2024-02-02T03:42:02.000000
134941.160357 5966895.750626 -4004250.957360
1686.264271 -4114.728479 -6082.582388
UTC=2024-02-02T03:44:02.000000
331153.163570 5426867.117739 -4701318.571248
1577.537105 -4873.788653 -5520.306800
UTC=2024-02-02T03:46:02.000000
512078.538794 4800293.633194 -5325732.901941
1432.047154 -5555.213468 -4873.281062
UTC=2024-02-02T03:48:02.000000
673522.076431 4097158.883854 -5867919.323255
1253.519466 -6148.112370 -4151.624038
UTC=2024-02-02T03:50:02.000000
811776.776057 3328666.778363 -6319584.394533
1046.350029 -6643.061864 -3366.540189
UTC=2024-02-02T03:52:02.000000
923698.564845 2507057.291361 -6673835.179352
815.508205 -7032.236650 -2530.135322
UTC=2024-02-02T03:54:02.000000
1006768.872092 1645408.536396 -6925276.118548
566.431340 -7309.506889 -1655.229579
UTC=2024-02-02T03:56:02.000000
1059144.060277 757428.532265 -7070083.896836
304.911823 -7470.515727 -755.175720
UTC=2024-02-02T03:58:02.000000
1079691.129299 -142761.142163 -7106059.981266
36.981624 -7512.734381 156.330956
UTC=2024-02-02T04:00:02.000000
1068009.222787 -1040846.802644 -7032660.189582
-231.209337 -7435.492139 1065.445874
UTC=2024-02-02T04:02:02.000000
1024436.557839 -1922545.831175 -6851001.142262
-493.512566 -7239.975656 1958.363704
UTC=2024-02-02T04:04:02.000000
950043.251327 -2773828.691099 -6563844.913359
-743.897737 -6929.213406 2821.494397
UTC=2024-02-02T04:06:02.000000
846609.931345 -3581138.815756 -6175562.392313
-976.574195 -6508.054159 3641.647680
UTC=2024-02-02T04:08:02.000000
716591.732414 -4331607.940455 -5692073.184653
-1186.109003 -5983.106927 4406.234192
UTC=2024-02-02T04:10:02.000000
563068.904935 -5013262.017676 -5120762.394123
-1367.534691 -5362.650526 5103.447617
UTC=2024-02-02T04:12:02.000000
389684.436132 -5615215.536580 -4470375.955903
-1516.457109 -4656.528675 5722.444292
UTC=2024-02-02T04:14:02.000000
200569.273254 -6127851.468571 -3750894.172092
-1629.152987 -3876.013041 6253.524513
UTC=2024-02-02T04:16:02.000000
256.573312 -6542982.663996 -2973384.300065
-1702.655215 -3033.633127 6688.297695
UTC=2024-02-02T04:18:02.000000
-206413.480357 -6853991.619365 -2149834.436312
-1734.824606 -2142.986587 7019.831516
UTC=2024-02-02T04:20:02.000000
-414396.594158 -7055945.768646 -1292970.048681
-1724.406378 -1218.518179 7242.789356
UTC=2024-02-02T04:22:02.000000
-618552.920493 -7145684.406266 -416055.829608
-1671.067293 -275.271613 7353.535534
UTC=2024-02-02T04:24:02.000000
-813758.880803 -7121874.988611 467313.091381
-1575.412950 671.371700 7350.207672
UTC=2024-02-02T04:26:02.000000
-995019.875312 -6985037.677158 1343426.717846
-1438.985272 1605.959925 7232.758572
UTC=2024-02-02T04:28:02.000000
-1157581.398054 -6737537.290713 2198679.069782
-1264.237794 2513.247172 7002.967603
UTC=2024-02-02T04:30:02.000000
-1297035.808423 -6383541.988748 3019786.035516
-1054.488452 3378.468491 6664.411998
UTC=2024-02-02T04:32:02.000000
-1409422.143461 -5928949.628684 3793997.574325
-813.850863 4187.603473 6222.401365
UTC=2024-02-02T04:34:02.000000
-1491316.710662 -5381283.532396 4509299.652765
-547.151168 4927.619052 5683.873137
UTC=2024-02-02T04:36:02.000000
-1539912.925703 -4749561.125318 5154602.207968
-259.830959 5586.679197 5057.267578
UTC=2024-02-02T04:38:02.000000
-1553088.736785 -4044138.785970 5719911.339092
42.161495 6154.335111 4352.388595
UTC=2024-02-02T04:40:02.000000
-1529460.271794 -3276534.708044 6196483.055861
352.492918 6621.697024 3580.232617
UTC=2024-02-02T04:42:02.000000
-1468420.213367 -2459233.926041 6576954.898370
664.575749 6981.557334 2752.797152
UTC=2024-02-02T04:44:02.000000
-1370160.595505 -1605480.949244 6855454.919174
971.696078 7228.479440 1882.896347
UTC=2024-02-02T04:46:02.000000
-1235680.346151 -729062.474724 7027688.427760
1267.141009 7358.874289 983.969518
UTC=2024-02-02T04:48:02.000000
-1066777.406179 155917.209830 7091000.581750
1544.328480 7371.040845 69.874755
UTC=2024-02-02T04:50:02.000000
-866025.079685 1035263.648921 7044414.869259
1796.939952 7265.178649 -845.306983
UTC=2024-02-02T04:52:02.000000
-636732.564108 1894920.145494 6888647.608345
2019.050003 7043.379982 -1747.477435
UTC=2024-02-02T04:54:02.000000
-382890.408835 2721192.870614 6626097.638260
2205.247825 6709.591661 -2622.727012
UTC=2024-02-02T04:56:02.000000
-109101.893671 3500969.773701 6260811.542224
2350.749916 6269.551137 -3457.536006
UTC=2024-02-02T04:58:02.000000
179498.531448 4221930.657414 5798424.792879
2451.503693 5730.701557 -4238.976367
UTC=2024-02-02T05:00:02.000000
477338.809090 4872745.209727 5246078.931125
2504.283417 5102.077473 -4954.906463
UTC=2024-02-02T05:02:02.000000
778513.656253 5443256.252271 4612315.625379
2506.773059 4394.170996 -5594.166110
UTC=2024-02-02T05:04:02.000000
1076897.457129 5924644.349827 3906947.439339
2457.624687 3618.753808 -6146.759530
UTC=2024-02-02T05:06:02.000000
1366263.683093 6309570.733645 3140909.390190
2356.514662 2788.706106 -6604.003130
UTC=2024-02-02T05:08:02.000000
1640410.445610 6592298.778458 2326089.996061
2204.176341 1917.804043 -6958.717342
UTC=2024-02-02T05:10:02.000000
1893286.787467 6768785.627970 1475143.098443
2002.392233 1020.462859 -7205.342623
UTC=2024-02-02T05:12:02.000000
2119118.176098 6836744.272719 601287.192075
1753.981130 111.485968 -7340.041919
UTC=2024-02-02T05:14:02.000000
2312528.301629 6795674.042344 -281905.401701
1462.752057 -794.200984 -7360.763001
UTC=2024-02-02T05:16:02.000000
2468654.207191 6646859.641274 -1160724.994536
1133.439612 -1681.811159 -7267.271484
UTC=2024-02-02T05:18:02.000000
2583252.573254 6393338.824009 -2021542.989913
771.621002 -2536.956556 -7061.150444
UTC=2024-02-02T05:20:02.000000
2652794.850136 6039839.388876 -2851028.334989
383.613216 -3345.898600 -6745.767772
UTC=2024-02-02T05:22:02.000000
2674549.031343 5592686.787503 -3636358.108586
-23.646194 -4095.787055 -6326.210390
UTC=2024-02-02T05:24:02.000000
2646646.187007 5059684.120895 -4365417.914674
-442.733570 -4774.877899 -5809.179729
UTC=2024-02-02T05:26:02.000000
2568130.286330 4449968.166332 -5026987.912279
-865.881544 -5372.715067 -5202.860249
UTC=2024-02-02T05:28:02.000000
2438990.799868 3773845.403938 -5610911.942407
-1285.123078 -5880.281888 -4516.769213
UTC=2024-02-02T05:30:02.000000
2260178.015627 3042611.766583 -6108247.891034
-1692.436095 -6290.122748 -3761.595517
UTC=2024-02-02T05:32:02.000000
2033600.763866 2268359.250239 -6511397.758840
-2079.891286 -6596.438247 -2949.020929
UTC=2024-02-02T05:34:02.000000
1762106.786416 1463773.346512 -6814215.531468
-2439.791697 -6795.143139 -2091.532675
UTC=2024-02-02T05:36:02.000000
1449446.853877 641925.212824 -7012092.893202
-2764.806492 -6883.898733 -1202.241374
UTC=2024-02-02T05:38:02.000000
1100222.661365 -183938.791299 -7102022.949705
-3048.106540 -6862.123845 -294.695376
UTC=2024-02-02T05:40:02.000000
719818.909874 -1000607.634903 -7082641.200462
-3283.490666 -6730.983943 617.313445
UTC=2024-02-02T05:42:02.000000
314321.135057 -1795112.922282 -6954243.175805
-3465.497157 -6493.348529 1519.939977
UTC=2024-02-02T05:44:02.000000
-109579.377433 -2554930.058772 -6718780.242031
-3589.509751 -6153.735811 2399.460959
UTC=2024-02-02T05:46:02.000000
-544693.372026 -3268172.677050 -6379833.907576
-3651.860954 -5718.251648 3242.464926
UTC=2024-02-02T05:48:02.000000
-983452.622313 -3923777.514345 -5942566.418679
-3649.914472 -5194.489966 4036.047747
UTC=2024-02-02T05:50:02.000000
-1418038.066785 -4511676.300109 -5413649.190241
-3582.137474 -4591.420821 4767.991158
UTC=2024-02-02T05:52:02.000000
-1840516.028190 -5022953.471392 -4801169.347480
-3448.161098 -3919.262144 5426.949716
UTC=2024-02-02T05:54:02.000000
-2242980.547666 -5449986.767771 -4114513.816547
-3248.820999 -3189.322714 6002.635399
UTC=2024-02-02T05:56:02.000000
-2617699.161963 -5786567.522048 -3364231.967087
-2986.173897 -2413.822158 6485.989496
UTC=2024-02-02T05:58:02.000000
-2957259.289848 -6027998.335797 -2561878.551549
-2663.491678 -1605.694682 6869.339286
UTC=2024-02-02T06:00:02.000000
-3254712.584815 -6171166.267856 -1719838.700834
-2285.232830 -778.376886 7146.540245
UTC=2024-02-02T06:02:02.000000
-3503714.278500 -6214589.481107 -851136.887903
-1856.986668 54.422702 7313.099713
UTC=2024-02-02T06:04:02.000000
-3698654.011872 -6158435.274399 30767.253395
-1385.387495 878.968152 7366.269974
UTC=2024-02-02T06:06:02.000000
-3834774.892818 -6004508.650062 912192.066358
-878.005690 1681.740834 7305.105382
UTC=2024-02-02T06:08:02.000000
-3908278.258490 -5756211.658186 1779452.021132
-343.217766 2449.682279 7130.488410
UTC=2024-02-02T06:10:02.000000
-3916411.497017 -5418473.849030 2619076.715594
209.945252 3170.430511 6845.116152
UTC=2024-02-02T06:12:02.000000
-3857536.823159 -4997655.581722 3418025.862863
771.962100 3832.534522 6453.449352
UTC=2024-02-02T06:14:02.000000
-3731179.751951 -4501426.886390 4163896.479133
1332.995485 4425.648174 5961.633190
UTC=2024-02-02T06:16:02.000000
-3538056.192602 -3938624.275314 4845118.686695
1883.073326 4940.702893 5377.386237
UTC=2024-02-02T06:18:02.000000
-3280077.686202 -3319088.595356 5451136.249760
2412.270521 5370.048494 4709.858710
UTC=2024-02-02T06:20:02.000000
-2960334.958531 -2653488.207382 5972569.017150
2910.888808 5707.558159 3969.473981
UTC=2024-02-02T06:22:02.000000
-2583060.241490 -1953131.433490 6401355.495780
3369.629207 5948.703052 3167.757359
UTC=2024-02-02T06:24:02.000000
-2153569.408410 -1229771.409139 6730874.450754
3779.757569 6090.605871 2317.156417
UTC=2024-02-02T06:26:02.000000
-1678184.370738 -495405.856272 6956043.582580
4133.266064 6132.068165 1430.835834
UTC=2024-02-02T06:28:02.000000
-1164137.545160 237923.563283 7073392.746820
4423.007730 6073.550176 522.468638
UTC=2024-02-02T06:30:02.000000
-619461.098035 958328.356565 7081113.865563
4642.821931 5917.139208 -393.949361
UTC=2024-02-02T06:32:02.000000
-52861.102521 1654265.918878 6979087.585499
4787.656139 5666.502213 -1304.303092
UTC=2024-02-02T06:34:02.000000
526421.810351 2314724.850315 6768885.162272
4853.669514 5326.811064 -2194.565712
UTC=2024-02-02T06:36:02.000000
1108763.118435 2929399.731062 6453745.463655
4838.316860 4904.641993 -3051.003432
UTC=2024-02-02T06:38:02.000000
1684313.964795 3488852.976931 6038528.014293
4740.414032 4407.862949 -3860.372247
UTC=2024-02-02T06:40:02.000000
2243167.578790 3984662.292085 5529642.293775
4560.186792 3845.504137 -4610.116352
UTC=2024-02-02T06:42:02.000000
2775530.565896 4409551.348163 4934953.287177
4299.301871 3227.607563 -5288.566684
UTC=2024-02-02T06:44:02.000000
3271895.991920 4757500.809819 4263663.352494
3960.863136 2565.050396 -5885.131842
UTC=2024-02-02T06:46:02.000000
3723214.304736 5023837.670691 3526172.973031
3549.385375 1869.364965 -6390.460759
UTC=2024-02-02T06:48:02.000000
4121060.848728 5205302.951737 2733921.851274
3070.759180 1152.550627 -6796.615532
UTC=2024-02-02T06:50:02.000000
4457795.662518 5300093.956830 1899209.181754
2532.150830 426.840627 -7097.227071
UTC=2024-02-02T06:52:02.000000
4726709.605368 5307879.471851 1034999.777727
1941.891287 -295.506416 -7287.587348
UTC=2024-02-02T06:54:02.000000
4922157.074358 5229790.166177 154718.433477
1309.348029 -1002.424063 -7364.752799
UTC=2024-02-02T06:56:02.000000
5039670.063459 5068381.395717 -727965.454784
644.750977 -1682.270243 -7327.593139
UTC=2024-02-02T06:58:02.000000
5076051.083707 4827569.798323 -1599356.134248
-40.985290 -2324.031462 -7176.799163
UTC=2024-02-02T07:00:02.000000
5029443.873116 4512546.418801 -2445949.349366
-736.455084 -2917.511520 -6914.866197
UTC=2024-02-02T07:02:02.000000
4899380.049744 4129668.010969 -3254646.168771
-1429.967861 -3453.505220 -6546.042696
UTC=2024-02-02T07:04:02.000000
4686800.540376 3686328.947463 -4012958.524078
-2109.761368 -3923.946493 -6076.244137
UTC=2024-02-02T07:06:02.000000
4394051.594140 3190816.992755 -4709202.507960
-2764.209316 -4322.029601 -5512.936443
UTC=2024-02-02T07:08:02.000000
4024856.488778 2652156.108078 -5332676.344176
-3382.020269 -4642.303416 -4864.997536
UTC=2024-02-02T07:10:02.000000
3584263.742732 2079939.855015 -5873820.509033
-3952.429577 -4880.733634 -4142.559520
UTC=2024-02-02T07:12:02.000000
3078572.915131 1484159.076983 -6324358.008511
-4465.379944 -5034.736562 -3356.835969
UTC=2024-02-02T07:14:02.000000
2515239.753980 875027.138043 -6677413.231090
-4911.684234 -5103.186042 -2519.938363
UTC=2024-02-02T07:16:02.000000
1902763.088530 262805.977490 -6927608.443352
-5283.166657 -5086.393445 -1644.689326
UTC=2024-02-02T07:18:02.000000
1250555.809864 -342364.286389 -7071138.404570
-5572.790246 -4986.070954 -744.444997
UTC=2024-02-02T07:20:02.000000
568800.518127 -930630.601534 -7105823.101304
-5774.781849 -4805.279506 167.098050
UTC=2024-02-02T07:22:02.000000
-131707.932061 -1492584.211837 -7031136.644922
-5884.723820 -4548.348464 1076.097761
UTC=2024-02-02T07:24:02.000000
-839729.935603 -2019407.577166 -6848214.086925
-5899.634661 -4220.787323 1968.743691
UTC=2024-02-02T07:26:02.000000
-1543757.942282 -2503010.449065 -6559836.412025
-5818.039563 -3829.190355 2831.447216
UTC=2024-02-02T07:28:02.000000
-2232200.075783 -2936153.118262 -6170392.233205
-5640.013282 -3381.117806 3651.033511
UTC=2024-02-02T07:30:02.000000
-2893567.832019 -3312554.748729 -5685817.402082
-5367.207870 -2884.969604 4414.919867
UTC=2024-02-02T07:32:02.000000
-3516666.473879 -3626986.335339 -5113512.915706
-5002.867790 -2349.852598 5111.302492
UTC=2024-02-02T07:34:02.000000
-4090785.400507 -3875346.472016 -4462239.799954
-4551.811174 -1785.426052 5729.348395
UTC=2024-02-02T07:36:02.000000
-4605884.295879 -4054717.812680 -3741992.071003
-4020.381730 -1201.737408 6259.368833
UTC=2024-02-02T07:38:02.000000
-5052772.198449 -4163403.510162 -2963849.372657
-3416.376960 -609.051529 6692.985890
UTC=2024-02-02T07:40:02.000000
-5423275.968323 -4200942.564274 -2139810.266391
-2748.942775 -17.670259 7023.285987
UTC=2024-02-02T07:42:02.000000
-5710394.211538 -4168103.152000 -1282608.476643
-2028.437396 562.252519 7244.949398
UTC=2024-02-02T07:44:02.000000
-5908433.240995 -4066853.919299 -405515.088443
-1266.268277 1120.893313 7354.355131
UTC=2024-02-02T07:46:02.000000
-6013121.920833 -3900313.542193 477870.163046
-474.703957 1648.937113 7349.657109
UTC=2024-02-02T07:48:02.000000
-6021702.490291 -3672679.479093 1353835.118618
333.339141 2137.747343 7230.832786
UTC=2024-02-02T07:50:02.000000
-5932994.291849 -3389136.707725 2208774.843309
1144.532387 2579.527063 6999.688630
UTC=2024-02-02T07:52:02.000000
-5747428.860176 -3055748.502431 3029409.216758
1945.374201 2967.454991 6659.822983
UTC=2024-02-02T07:54:02.000000
-5467056.389569 -2679332.595567 3802994.444069
2722.428811 3295.795355 6216.564210
UTC=2024-02-02T07:56:02.000000
-5095523.171321 -2267324.964379 4517525.437753
3462.571004 3559.993565 5676.875742
UTC=2024-02-02T07:58:02.000000
-4638020.163498 -1827634.022923 5161924.135358
4153.217909 3756.737155 5049.220204
UTC=2024-02-02T08:00:02.000000
-4101205.250505 -1368489.593865 5726210.541242
4782.537026 3883.984888 4343.411039
UTC=2024-02-02T08:02:02.000000
-3493101.266199 -898289.527061 6201655.588580
5339.644453 3940.978218 3570.455797
UTC=2024-02-02T08:04:02.000000
-2822970.652382 -425446.064081 6580913.812447
5814.793683 3928.231700 2742.374556
UTC=2024-02-02T08:06:02.000000
-2101168.880835 41764.796274 6858132.883056
6199.538226 3847.491910 1871.998844
UTC=2024-02-02T08:08:02.000000
-1338980.380515 495347.333061 7029039.024155
6486.861721 3701.672183 972.774331
UTC=2024-02-02T08:10:02.000000
-548440.093580 927721.899002 7090999.042689
6671.289245 3494.780479 58.565042
UTC=2024-02-02T08:12:02.000000
257857.312858 1331851.089943 7043058.448987
6748.980712 3231.829938 -856.548313
UTC=2024-02-02T08:14:02.000000
1066958.194265 1701354.273873 6885955.314732
6717.803755 2918.735188 -1758.471510
UTC=2024-02-02T08:16:02.000000
1865758.032299 2030608.752336 6622109.470160
6577.381658 2562.192622 -2633.303175
UTC=2024-02-02T08:18:02.000000
2641213.668709 2314835.859437 6255587.441586
6329.116183 2169.551317 -3467.532177
UTC=2024-02-02T08:20:02.000000
3380557.267231 2550171.314565 5792043.799685
5976.193180 1748.678563 -4248.236421
UTC=2024-02-02T08:22:02.000000
4071509.115105 2733718.767383 5238638.165143
5523.553754 1307.814593 -4963.286760
UTC=2024-02-02T08:24:02.000000
4702484.729564 2863585.642763 4603928.663209
4977.832401 855.423553 -5601.533468
UTC=2024-02-02T08:26:02.000000
5262793.764679 2938900.841872 3897743.839894
4347.283850 400.040107 -6152.983069
UTC=2024-02-02T08:28:02.000000
5742828.368176 2959813.559604 3131032.384037
3641.667505 -49.894504 -6608.990207
UTC=2024-02-02T08:30:02.000000
6134233.509419 2927472.198381 2315692.437254
2872.078982 -486.191590 -6962.395295
UTC=2024-02-02T08:32:02.000000
6430057.831105 2843985.357991 1464385.678390
2050.785322 -901.062612 -7207.653827
UTC=2024-02-02T08:34:02.000000
6624881.946049 2712364.638015 590336.660112
1191.014877 -1287.269928 -7340.943734
UTC=2024-02-02T08:36:02.000000
6714919.865005 2536450.239338 -292878.452476
306.721686 -1638.262798 -7360.235666
UTC=2024-02-02T08:38:02.000000
6698090.948970 2320821.016943 -1171549.299428
-587.668973 -1948.299501 -7265.322824
UTC=2024-02-02T08:40:02.000000
6574061.455533 2070691.460719 -2032049.504810
-1477.507000 -2212.541570 -7057.809420
UTC=2024-02-02T08:42:02.000000
6344256.531404 1791798.387123 -2861052.976213
-2348.173497 -2427.134956 -6741.088572
UTC=2024-02-02T08:44:02.000000
6011840.273310 1490278.776944 -3645744.637079
-3185.346824 -2589.271787 -6320.268638
UTC=2024-02-02T08:46:02.000000
5581665.106725 1172542.028721 -4374020.401120
-3975.251100 -2697.223146 -5802.071959
UTC=2024-02-02T08:48:02.000000
5060191.866409 845139.792804 -5034673.169376
-4704.891796 -2750.345954 -5194.701189
UTC=2024-02-02T08:50:02.000000
4455383.580675 514636.465725 -5617561.398109
-5362.259029 -2749.066636 -4507.687140
UTC=2024-02-02T08:52:02.000000
3776576.031619 187482.789393 -6113758.926608
-5936.512631 -2694.845275 -3751.727536
UTC=2024-02-02T08:54:02.000000
3034327.231906 -130105.086588 -6515684.781989
-6418.148438 -2590.121498 -2938.514022
UTC=2024-02-02T08:56:02.000000
2240248.460459 -432259.180941 -6817211.131192
-6799.135623 -2438.245516 -2080.542188
UTC=2024-02-02T08:58:02.000000
1406820.904415 -713564.015842 -7013748.664124
-7073.023456 -2243.394177 -1190.928979
UTC=2024-02-02T09:00:02.000000
547200.043705 -969150.295499 -7102310.249071
-7235.039265 -2010.476385 -283.227756
UTC=2024-02-02T09:02:02.000000
-324990.141936 -1194776.312997 -7081551.481869
-7282.155296 -1745.024857 628.767469
UTC=2024-02-02T09:04:02.000000
-1195869.243773 -1386896.264340 -6951788.596572
-7213.132582 -1453.086631 1531.203638
UTC=2024-02-02T09:06:02.000000
-2051517.221350 -1542715.047023 -6714994.282510
-7028.552230 -1141.106013 2410.358948
UTC=2024-02-02T09:08:02.000000
-2878193.070367 -1660228.470973 -6374770.254623
-6730.814131 -815.799454 3252.835618
UTC=2024-02-02T09:10:02.000000
-3662551.873346 -1738248.462318 -5936297.728327
-6324.116845 -484.032335 4045.735306
UTC=2024-02-02T09:12:02.000000
-4391859.235597 -1776413.507141 -5406266.517596
-5814.429435 -152.693479 4776.846014
UTC=2024-02-02T09:14:02.000000
-5054199.989452 -1775183.589030 -4792780.974920
-5209.421931 171.435986 5434.834685
UTC=2024-02-02T09:16:02.000000
-5638676.672749 -1735819.534433 -4105243.800225
-4518.368411 481.810923 6009.424240
UTC=2024-02-02T09:18:02.000000
-6135595.064630 -1660347.142710 -3354218.873786
-3752.025572 772.247679 6491.567429
UTC=2024-02-02T09:20:02.000000
-6536632.958722 -1551506.407442 -2551273.720086
-2922.474490 1037.046539 6873.609253
UTC=2024-02-02T09:22:02.000000
-6834988.104032 -1412686.499625 -1708803.816156
-2042.933393 1271.105587 7149.427211
UTC=2024-02-02T09:24:02.000000
-7025502.166872 -1247847.818314 -839841.288681
-1127.545093 1470.022356 7314.551121
UTC=2024-02-02T09:26:02.000000
-7104757.568109 -1061432.393812 42149.314490
-191.136964 1630.186564 7366.256758
UTC=2024-02-02T09:28:02.000000
-7071144.078821 -858264.193255 923484.264765
751.039945 1748.852556 7303.621794
UTC=2024-02-02T09:30:02.000000
-6924893.617513 -643442.228775 1790478.660112
1683.580004 1824.189009 7127.550334
UTC=2024-02-02T09:32:02.000000
-6668082.271815 -422228.657895 2629665.260710
2591.198348 1855.311855 6840.760888
UTC=2024-02-02T09:34:02.000000
-6304599.424689 -199934.187819 3428009.760590
3459.003562 1842.296320 6447.739996
UTC=2024-02-02T09:36:02.000000
-5840084.401579 18196.651475 4173118.391805
4272.764518 1786.166077 5954.659814
UTC=2024-02-02T09:38:02.000000
-5281832.211783 227097.414300 4853433.461876
5019.156385 1688.858278 5369.260977
UTC=2024-02-02T09:40:02.000000
-4638671.363602 421986.491643 5458413.291163
5685.979881 1553.173394 4700.711282
UTC=2024-02-02T09:42:02.000000
-3920816.986158 598466.822899 5978694.269652
6262.354762 1382.707008 3959.450877
UTC=2024-02-02T09:44:02.000000
-3139701.797783 752616.267430 6406233.478638
6738.894796 1181.763279 3157.020365
UTC=2024-02-02T09:46:02.000000
-2307788.002973 881066.856104 6734429.566179
7107.849378 955.257696 2305.874083
UTC=2024-02-02T09:48:02.000000
-1438363.704374 981072.036859 6958220.790860
7363.221183 708.613168 1419.183044
UTC=2024-02-02T09:50:02.000000
-545327.354782 1050560.655465 7074158.551226
7500.845148 447.643601 510.628885
UTC=2024-02-02T09:52:02.000000
357035.484777 1088176.668766 7080456.877776
7518.442065 178.433138 -405.792538
UTC=2024-02-02T09:54:02.000000
1254280.678300 1093304.209723 6977018.166720
7415.651767 -92.786616 -1315.971331
UTC=2024-02-02T09:56:02.000000
2132036.515309 1066077.778191 6765434.685330
7194.040312 -359.762475 -2205.886589
UTC=2024-02-02T09:58:02.000000
2976233.971917 1007377.200163 6448965.870455
6857.081945 -616.346472 -3061.806145
UTC=2024-02-02T10:00:02.000000
3773333.630210 918807.466708 6032491.506527
6410.119446 -856.621158 -3870.491596
UTC=2024-02-02T10:02:02.000000
4510545.500473 802663.757809 5522440.125324
5860.284960 -1075.020747 -4619.400502
UTC=2024-02-02T10:04:02.000000
5176037.957375 661882.075259 4926694.302356
5216.401509 -1266.450017 -5296.872357
UTC=2024-02-02T10:06:02.000000
5759133.714493 499976.127546 4254473.393503
4488.861334 -1426.392518 -5892.320370
UTC=2024-02-02T10:08:02.000000
6250488.736034 320962.022033 3516193.439072
3689.463221 -1551.006637 -6396.415295
UTC=2024-02-02T10:10:02.000000
6642249.691241 129272.014513 2723306.289412
2831.218417 -1637.211863 -6801.247816
UTC=2024-02-02T10:12:02.000000
6928186.557945 -70341.548251 1888120.934415
1928.134204 -1682.764789 -7100.462107
UTC=2024-02-02T10:14:02.000000
7103798.370176 -272909.961296 1023609.812350
994.978461 -1686.309131 -7289.374263
UTC=2024-02-02T10:16:02.000000
7166388.993730 -473356.694102 143202.702176
47.020580 -1647.408644 -7365.057608
UTC=2024-02-02T10:18:02.000000
7115111.214264 -666608.993784 -739427.977235
-900.241386 -1566.563124 -7326.400893
UTC=2024-02-02T10:20:02.000000
6950977.183637 -847709.939026 -1610586.104705
-1831.361260 -1445.199979 -7174.119556
UTC=2024-02-02T10:22:02.000000
6676835.800060 -1011928.159933 -2456770.290543
-2731.218651 -1285.644521 -6910.737203
UTC=2024-02-02T10:24:02.000000
6297317.524503 -1154862.879407 -3264887.738759
-3585.283648 -1091.071548 -6540.528124
UTC=2024-02-02T10:26:02.000000
5818748.538291 -1272541.939217 -4022459.441031
-4379.863892 -865.436969 -6069.430799
UTC=2024-02-02T10:28:02.000000
5249036.442791 -1361510.532065 -4717813.153887
-5102.329836 -613.391866 -5504.931092
UTC=2024-02-02T10:30:02.000000
4597530.718444 -1418908.902837 -5340260.914501
-5741.310124 -340.186169 -4855.923559
UTC=2024-02-02T10:32:02.000000
3874861.174531 -1442538.062519 -5880258.942124
-6286.863913 -51.564312 -4132.555290
UTC=2024-02-02T10:34:02.000000
3092757.496726 -1430912.245978 -6329547.506335
-6730.620643 246.351404 -3346.050029
UTC=2024-02-02T10:36:02.000000
2263854.317165 -1383296.836621 -6681269.407837
-7065.883790 547.185050 -2508.530173
UTC=2024-02-02T10:38:02.000000
1401485.107774 -1299731.367282 -6930066.966783
-7287.714330 844.430020 -1632.833236
UTC=2024-02-02T10:40:02.000000
519467.796761 -1181037.993369 -7072156.351958
-7392.983533 1131.569982 -732.321783
UTC=2024-02-02T10:42:02.000000
-368114.478605 -1028815.061658 -7105379.401158
-7380.402600 1402.205575 179.304412
UTC=2024-02-02T10:44:02.000000
-1247134.559583 -845415.790412 -7029232.764284
-7250.526261 1650.174912 1088.195191
UTC=2024-02-02T10:46:02.000000
-2103642.049265 -633912.444171 -6844874.712104
-7005.741407 1869.676067 1980.539935
UTC=2024-02-02T10:48:02.000000
-2924080.850813 -398046.136406 -6555108.682215
-6650.222914 2055.381674 2842.760638
UTC=2024-02-02T10:50:02.000000
-3695500.029233 -142163.360674 -6164344.692754
-6189.872038 2202.547293 3661.687853
UTC=2024-02-02T10:52:02.000000
-4405757.136565 128860.256719 -5678539.299656
-5632.247634 2307.115018 4424.748907
UTC=2024-02-02T10:54:02.000000
-5043710.885262 409707.994131 -5105112.291550
-4986.456544 2365.805253 5120.158547
UTC=2024-02-02T10:56:02.000000
-5599399.618479 694720.435591 -4452841.739114
-4263.030841 2376.199756 5737.094336
UTC=2024-02-02T10:58:02.000000
-6064203.650926 978003.429686 -3731737.389429
-3473.775716 2336.814567 6265.880426
UTC=2024-02-02T11:00:02.000000
-6430987.230086 1253543.436661 -2952892.874560
-2631.586095 2247.150989 6698.154594
UTC=2024-02-02T11:02:02.000000
-6694217.195357 1515327.887082 -2128318.761674
-1750.240598 2107.727387 7027.020118
UTC=2024-02-02T11:04:02.000000
-6850055.693432 1757468.212201 -1270758.727263
-844.176864 1920.093002 7247.175865
UTC=2024-02-02T11:06:02.000000
-6896424.636457 1974323.226322 -393491.029985
71.757210 1686.816874 7355.029214
UTC=2024-02-02T11:08:02.000000
-6833038.982607 2160619.400134 489881.265040
982.569833 1411.450330 7348.767740
UTC=2024-02-02T11:10:02.000000
-6661408.109599 2311565.801969 1365646.347559
1873.389431 1098.474721 7228.395395
UTC=2024-02-02T11:12:02.000000
-6384805.587701 2422961.352416 2220202.507626
2729.728924 753.224829 6995.741681
UTC=2024-02-02T11:14:02.000000
-6008207.255451 2491291.511833 3040275.729169
3537.745833 381.789979 6654.430339
UTC=2024-02-02T11:16:02.000000
-5538199.200765 2513811.918952 3813131.459550
4284.484638 -9.103646 6209.815128
UTC=2024-02-02T11:18:02.000000
-4982857.596817 2488617.153921 4526776.467160
4958.100601 -412.221992 5668.877673
UTC=2024-02-02T11:20:02.000000
-4351603.697090 2414693.538833 5170146.611833
5548.049400 -819.960284 5040.098250
UTC=2024-02-02T11:22:02.000000
-3655037.895956 2291955.084040 5733278.111641
6045.247672 -1224.485870 4333.310444
UTC=2024-02-02T11:24:02.000000
-2904755.922600 2121262.094128 6207460.460575
6442.211326 -1617.884798 3559.539675
UTC=2024-02-02T11:26:02.000000
-2113150.007526 1904421.816840 6585368.477343
6733.163743 -1992.313962 2730.817070
UTC=2024-02-02T11:28:02.000000
-1293199.442807 1644170.996230 6861171.277054
6914.106140 -2340.148881 1859.982663
UTC=2024-02-02T11:30:02.000000
-458254.878240 1344141.090397 7030617.211041
6982.850799 -2654.125271 960.484577
UTC=2024-02-02T11:32:02.000000
378179.800705 1008806.837653 7091095.276051
6939.032340 -2927.474899 46.186106
UTC=2024-02-02T11:34:02.000000
1202665.894752 643418.923110 7041672.925557
6784.098503 -3154.054255 -868.835709
UTC=2024-02-02T11:36:02.000000
2002045.502669 253921.695558 6883109.591815
6521.273550 -3328.465308 -1770.491598
UTC=2024-02-02T11:38:02.000000
2763651.421184 -153143.142787 6617846.191355
6155.500359 -3446.168274 -2644.879343
UTC=2024-02-02T11:40:02.000000
3475508.947071 -570745.752247 6249970.482039
5693.362348 -3503.582728 -3478.488615
UTC=2024-02-02T11:42:02.000000
4126526.615361 -991488.581602 5785157.696921
5142.976886 -3498.174229 -4258.405126
UTC=2024-02-02T11:44:02.000000
4706672.602775 -1407736.463230 5230587.110149
4513.863356 -3428.527263 -4972.507999
UTC=2024-02-02T11:46:02.000000
5207134.076842 -1811754.145652 4594835.403637
3816.792389 -3294.396046 -5609.659112
UTC=2024-02-02T11:48:02.000000
5620457.325452 -2195848.798798 3887747.636487
3063.614594 -3096.737565 -6159.887270
UTC=2024-02-02T11:50:02.000000
5940665.639126 -2552515.328755 3120286.535709
2267.060188 -2837.723300 -6614.563360
UTC=2024-02-02T11:52:02.000000
6163351.616786 -2874581.364471 2304362.168695
1440.516175 -2520.721977 -6966.549918
UTC=2024-02-02T11:54:02.000000
6285742.269440 -3155348.640837 1452645.357130
597.797261 -2150.258281 -7210.324199
UTC=2024-02-02T11:56:02.000000
6306736.024433 -3388728.189896 578367.245227
-247.097526 -1731.948716 -7342.085888
UTC=2024-02-02T11:58:02.000000
6226909.402842 -3569365.819753 -304891.790790
-1080.239245 -1272.405993 -7359.822268
UTC=2024-02-02T12:00:02.000000
6048493.989212 -3692755.163482 -1183419.268401
-1888.015456 -779.126354 -7263.348730
UTC=2024-02-02T12:02:02.000000
5775323.194926 -3755335.424741 -2043590.231851
-2657.380478 -260.348640 -7054.303366
UTC=2024-02-02T12:04:02.000000
5412750.731967 -3754571.686547 -2872083.672656
-3376.077355 275.093400 -6736.105243
UTC=2024-02-02T12:06:02.000000
4967543.362580 -3689016.743310 -3656092.501758
-4032.845365 817.933278 -6313.886080
UTC=2024-02-02T12:08:02.000000
4447750.028204 -3558352.872054 -4383523.135342
-4617.603445 1358.640941 -5794.386646
UTC=2024-02-02T12:10:02.000000
3862550.746043 -3363413.076624 -5043181.229904
-5121.604989 1887.597522 -5185.829879
UTC=2024-02-02T12:12:02.000000
3222088.744615 -3106181.184775 -5624940.467658
-5537.560213 2395.269434 -4497.765789
UTC=2024-02-02T12:14:02.000000
2537290.202615 -2789771.815145 -6119891.777883
-5859.721155 2872.369688 -3740.903854
UTC=2024-02-02T12:16:02.000000
1819675.520585 -2418391.456082 -6520472.505647
-6083.940752 3310.013889 -2926.947006
UTC=2024-02-02T12:18:02.000000
1081164.438847 -1997280.575273 -6820575.092398
-6207.715031 3699.879342 -2068.411363
UTC=2024-02-02T12:20:02.000000
333878.066830 -1532637.439996 -7015632.760838
-6230.190007 4034.346894 -1178.428203
UTC=2024-02-02T12:22:02.000000
-410058.107137 -1031526.085304 -7102681.924176
-6152.141535 4306.626900 -270.554685
UTC=2024-02-02T12:24:02.000000
-1138707.528947 -501769.614789 -7080402.133147
-5975.935212 4510.876536 641.410863
UTC=2024-02-02T12:26:02.000000
-1840510.435258 48170.076931 -6949133.875800
-5705.474531 4642.309398 1543.617088
UTC=2024-02-02T12:28:02.000000
-2504463.921775 609324.855290 -6710873.365115
-5346.122029 4697.288764 2422.350607
UTC=2024-02-02T12:30:02.000000
-3120291.456600 1172363.263020 -6369245.058533
-4904.604976 4673.408536 3264.217681
UTC=2024-02-02T12:32:02.000000
-3678600.542532 1727742.370915 -5929452.342086
-4388.911766 4569.560087 4056.327266
UTC=2024-02-02T12:34:02.000000
-4171027.096208 2265866.756734 -5398206.034909
-3808.172372 4385.984836 4786.478293
UTC=2024-02-02T12:36:02.000000
-4590364.095131 2777252.836692 -4783630.070151
-3172.515342 4124.308561 5443.352001
UTC=2024-02-02T12:38:02.000000
-4930671.641818 3252695.470766 -4095144.440785
-2492.901856 3787.544568 6016.694485
UTC=2024-02-02T12:40:02.000000
-5187366.374432 3683433.612025 -3343327.518940
-1780.949843 3380.077131 6497.480453
UTC=2024-02-02T12:42:02.000000
-5357289.059753 4061312.754429 -2539758.772664
-1048.742777 2907.620924 6878.076530
UTC=2024-02-02T12:44:02.000000
-5438748.052480 4378940.346133 -1696843.017167
-308.622666 2377.146297 7152.381329
UTC=2024-02-02T12:46:02.000000
-5431537.769094 4629830.842579 -827619.190840
427.021506 1796.780535 7315.945934
UTC=2024-02-02T12:48:02.000000
-5336931.017770 4808537.154709 54443.813913
1145.975793 1175.681148 7366.066206
UTC=2024-02-02T12:50:02.000000
-5157644.680804 4910765.374413 935660.606912
1836.422908 523.881357 7301.845320
UTC=2024-02-02T12:52:02.000000
-4897779.155438 4933469.122788 1802347.943097
2487.156398 -147.890543 7124.216446
UTC=2024-02-02T12:54:02.000000
-4562732.717828 4874921.673796 2641043.782016
3087.783884 -828.401568 6835.927220
UTC=2024-02-02T12:56:02.000000
-4159092.665548 4734764.478541 3438722.223384
3628.908800 -1506.116192 6441.487845
UTC=2024-02-02T12:58:02.000000
-3694506.242824 4514030.936466 4183000.343944
4102.285439 -2169.405932 5947.087822
UTC=2024-02-02T13:00:02.000000
-3177534.616268 4215145.027907 4862333.286892
4500.947043 -2806.757215 5360.485337
UTC=2024-02-02T13:02:02.000000
-2617492.792668 3841895.113305 5466194.661135
4819.311413 -3406.978201 4690.871248
UTC=2024-02-02T13:04:02.000000
-2024278.735835 3399383.289915 5985238.926306
5053.254489 -3959.397006 3948.707189
UTC=2024-02-02T13:06:02.000000
-1408195.501644 2893951.760002 6411443.387170
5200.153594 -4454.047112 3145.548233
UTC=2024-02-02T13:08:02.000000
-779770.008673 2333087.665835 6738227.983590
5258.899025 -4881.839156 2293.850148
UTC=2024-02-02T13:10:02.000000
-149572.460173 1725308.864514 6960551.892096
5229.875441 -5234.707797 1406.781066
UTC=2024-02-02T13:12:02.000000
471961.496330 1080032.405093 7074987.605265
5114.933887 -5505.754091 498.026486
UTC=2024-02-02T13:14:02.000000
1074703.580405 407427.199146 7079770.550470
4917.334547 -5689.363800 -418.416697
UTC=2024-02-02T13:16:02.000000
1648997.546125 -281746.373134 6974824.621655
4641.670660 -5781.309604 -1328.437142
UTC=2024-02-02T13:18:02.000000
2185813.824220 -976308.486276 6761763.863384
4293.776638 -5778.841282 -2218.011711
UTC=2024-02-02T13:20:02.000000
2676892.040206 -1664841.222292 6443869.544436
3880.618943 -5680.749705 -3073.409415
UTC=2024-02-02T13:22:02.000000
3114869.728631 -2335876.522703 6026043.071796
3410.174123 -5487.414491 -3881.393796
UTC=2024-02-02T13:24:02.000000
3493395.135316 -2978088.321549 5514734.294786
2891.285783 -5200.823533 -4629.426320
UTC=2024-02-02T13:26:02.000000
3807222.097351 -3580485.554587 4917846.203038
2333.510278 -4824.569746 -5305.858652
UTC=2024-02-02T13:28:02.000000
4052285.791589 -4132603.207645 4244616.660464
1746.951768 -4363.820279 -5900.122098
UTC=2024-02-02T13:30:02.000000
4225757.843466 -4624687.925080 3505477.952603
1142.082431 -3825.255990 -6402.906562
UTC=2024-02-02T13:32:02.000000
4326079.298780 -5047874.417614 2711895.991630
529.555784 -3216.979408 -6806.320571
UTC=2024-02-02T13:34:02.000000
4352970.895658 -5394348.983477 1876191.309978
-79.986125 -2548.391199 -7104.033184
UTC=2024-02-02T13:36:02.000000
4307419.970291 -5657496.408566 1011344.682018
-676.107914 -1830.037718 -7291.388227
UTC=2024-02-02T13:38:02.000000
4191644.072482 -5832026.814034 130790.862528
-1248.771739 -1073.429648 -7365.485373
UTC=2024-02-02T13:40:02.000000
4009032.684197 -5914079.890463 -751795.307471
-1788.512464 -290.849092 -7325.231465
UTC=2024-02-02T13:42:02.000000
3764067.828808 -5901304.568181 -1622717.806057
-2286.614575 504.871594 -7171.365683
UTC=2024-02-02T13:44:02.000000
3462224.719824 -5792910.972835 -2468478.011478
-2735.262701 1300.582753 -6906.432206
UTC=2024-02-02T13:46:02.000000
3109855.935143 -5589694.684005 -3275988.588593
-3127.670066 2083.049715 -6534.730776
UTC=2024-02-02T13:48:02.000000
2714061.067296 -5294032.561457 -4032779.307192
-3458.189175 2839.191475 -6062.228819
UTC=2024-02-02T13:50:02.000000
2282544.871933 -4909850.503884 -4727190.199802
-3722.392183 3556.308951 -5496.441140
UTC=2024-02-02T13:52:02.000000
1823467.748213 -4442564.488269 -5348548.822190
-3917.118006 4222.301070 -4846.286092
UTC=2024-02-02T13:54:02.000000
1345292.334730 -3898996.871614 -5887329.268053
-4040.492299 4825.860046 -4121.927129
UTC=2024-02-02T13:56:02.000000
856628.780510 -3287270.405290 -6335291.556653
-4091.929334 5356.648664 -3334.603730
UTC=2024-02-02T13:58:02.000000
366081.186411 -2616681.912430 -6685600.094591
-4072.109813 5805.461947 -2496.452316
UTC=2024-02-02T14:00:02.000000
-117901.791609 -1897557.601379 -6932920.153595
-3982.934263 6164.370231 -1620.319317
UTC=2024-02-02T14:02:02.000000
-587169.554868 -1141092.667752 -7073491.748709
-3827.457604 6426.838222 -719.572947
UTC=2024-02-02T14:04:02.000000
-1034003.521764 -359177.763817 -7105181.037888
-3609.811647 6587.825496 192.084271
UTC=2024-02-02T14:06:02.000000
-1451241.226423 435785.409367 -7027508.964751
-3335.117137 6643.866318 1100.806781
UTC=2024-02-02T14:08:02.000000
-1832388.883971 1231076.873388 -6841657.249865
-3009.379483 6593.131447 1992.791077
UTC=2024-02-02T14:10:02.000000
-2171720.686742 2013857.752640 -6550452.168364
-2639.373257 6435.473449 2854.462271
UTC=2024-02-02T14:12:02.000000
-2464364.070094 2771373.675862 -6158326.235305
-2232.524442 6172.452144 3672.655455
UTC=2024-02-02T14:14:02.000000
-2706370.191828 3491160.463547 -5671257.579118
-1796.779515 5807.342453 4434.806785
UTC=2024-02-02T14:16:02.000000
-2894768.228825 4161248.938193 -5096686.681231
-1340.469475 5345.114781 5129.138901
UTC=2024-02-02T14:18:02.000000
-3027602.963088 4770365.994812 -4443410.587392
-872.164665 4792.389134 5744.851072
UTC=2024-02-02T14:20:02.000000
-3103954.209852 5308127.943139 -3721454.746182
-400.518883 4157.352277 6272.298961
UTC=2024-02-02T14:22:02.000000
-3123937.414654 5765222.012492 -2941924.663698
65.886288 3449.646776 6703.149973
UTC=2024-02-02T14:24:02.000000
-3088685.978927 6133573.741453 -2116839.678726
518.692254 2680.244501 7030.531395
UTC=2024-02-02T14:26:02.000000
-3000315.037012 6406496.824346 -1258949.098557
949.921863 1861.277260 7249.170345
UTC=2024-02-02T14:28:02.000000
-2861866.589388 6578820.150865 -381533.872861
1352.126935 1005.832077 7355.491303
UTC=2024-02-02T14:30:02.000000
-2677238.167490 6646990.246571 501801.472364
1718.518746 127.746832 7347.690244
UTC=2024-02-02T14:32:02.000000
-2451095.610459 6609147.165535 1377345.664114
2043.103080 -758.636472 7225.797364
UTC=2024-02-02T14:34:02.000000
-2188770.403706 6465168.543562 2231501.242444
2320.796250 -1638.744452 6991.674400
UTC=2024-02-02T14:36:02.000000
-1896145.146088 6216681.683913 3051002.056559
2547.508807 -2498.032225 6648.972263
UTC=2024-02-02T14:38:02.000000
-1579530.346571 5867044.830356 3823124.069090
2720.206513 -3322.237227 6203.061628
UTC=2024-02-02T14:40:02.000000
-1245535.308247 5421298.403733 4535886.377449
2836.948313 -4097.626558 5660.939831
UTC=2024-02-02T14:42:02.000000
-900935.500800 4886086.849923 5178239.532260
2896.908626 -4811.239420 5031.110232
UTC=2024-02-02T14:44:02.000000
-552538.499855 4269552.311117 5740236.830946
2900.373163 -5451.107406 4323.420306
UTC=2024-02-02T14:46:02.000000
-207052.770240 3581204.187722 6213185.911537
2848.701333 -6006.443273 3548.901416
UTC=2024-02-02T14:48:02.000000
129038.510136 2831766.232085 6589780.235459
2744.278720 -6467.821563 2719.586217
UTC=2024-02-02T14:50:02.000000
449596.666828 2033004.399301 6864207.622723
2590.449004 -6827.319765 1848.317102
UTC=2024-02-02T14:52:02.000000
748937.733231 1197538.687026 7032235.932626
2391.431790 -7078.645618 948.551363
UTC=2024-02-02T14:54:02.000000
1021931.801155 338641.459277 7091274.465637
2152.224618 -7217.231091 34.155778
UTC=2024-02-02T14:56:02.000000
1264090.037086 -529973.711878 7040411.424417
1878.495844 -7240.302086 -880.786691
UTC=2024-02-02T14:58:02.000000
1471638.271571 -1394371.087350 6880427.873274
1576.468091 -7146.936696 -1782.180205
UTC=2024-02-02T15:00:02.000000
1641576.120354 -2240616.685336 6613786.781858
1252.793920 -6938.088309 -2656.121870
UTC=2024-02-02T15:02:02.000000
1771720.838724 -3055003.767496 6244597.748418
914.425823 -6616.588973 -3489.105515
UTC=2024-02-02T15:04:02.000000
1860735.154746 -3824276.886519 5778556.993516
568.479513 -6187.120515 -4268.227577
UTC=2024-02-02T15:06:02.000000
1908138.625447 -4535850.394965 5222863.032069
222.097244 -5656.151544 -4981.384797
UTC=2024-02-02T15:08:02.000000
1914302.797280 -5178017.979076 4586109.636141
-117.685427 -5031.854221 -5617.456104
UTC=2024-02-02T15:10:02.000000
1880430.397738 -5740151.183304 3878156.932537
-444.073978 -4323.999548 -6166.488377
UTC=2024-02-02T15:12:02.000000
1808518.087086 -6212882.552814 3109980.261765
-750.653310 -3543.804134 -6619.874544
UTC=2024-02-02T15:14:02.000000
1701303.206572 -6588268.301925 2293499.711613
-1031.513148 -2703.747413 -6970.497835
UTC=2024-02-02T15:16:02.000000
1562196.381250 -6859928.052107 1441393.751857
-1281.360977 -1817.371725 -7212.854380
UTC=2024-02-02T15:18:02.000000
1395200.897659 -7023159.111517 566899.192682
-1495.627838 -899.055794 -7343.157250
UTC=2024-02-02T15:20:02.000000
1204820.303602 -7075022.168957 -316399.557743
-1670.559504 36.231676 -7359.411024
UTC=2024-02-02T15:22:02.000000
995955.833222 -7014395.856461 -1194788.714250
-1803.292073 973.209635 -7261.457191
UTC=2024-02-02T15:24:02.000000
773796.525196 -6841996.908841 -2054645.159688
-1891.898786 1896.569232 -7050.959767
UTC=2024-02-02T15:26:02.000000
543705.070794 -6560367.496416 -2882652.770332
-1935.414070 2791.239007 -6731.362316
UTC=2024-02-02T15:28:02.000000
311102.115270 -6173831.165294 -3666012.121642
-1933.837018 3642.643313 -6307.818926
UTC=2024-02-02T15:30:02.000000
81351.065939 -5688418.181542 -4392640.086859
-1888.118632 4436.953377 -5787.094182
UTC=2024-02-02T15:32:02.000000
-140354.257431 -5111761.771318 -5051355.339721
-1800.126543 5161.317252 -5177.429161
UTC=2024-02-02T15:34:02.000000
-349096.460629 -4452968.773534 -5632046.649577
-1672.589772 5804.058124 -4488.392111
UTC=2024-02-02T15:36:02.000000
-540333.848954 -3722467.683574 -6125822.504579
-1509.027682 6354.852608 -3730.714418
UTC=2024-02-02T15:38:02.000000
-709990.247432 -2931837.045163 -6525140.095449
-1313.664558 6804.878970 -2916.113116
UTC=2024-02-02T15:40:02.000000
-854534.000060 -2093617.688306 -6823912.622833
-1091.334731 7146.938670 -2057.106540
UTC=2024-02-02T15:42:02.000000
-971044.999557 -1221112.162265 -7017594.178801
-847.378544 7375.548125 -1166.827192
UTC=2024-02-02T15:44:02.000000
-1057268.863647 -328174.480099 -7103242.364299
-587.531946 7487.010291 -258.835909
UTC=2024-02-02T15:46:02.000000
-1111657.410711 571007.299586 -7079558.061457
-317.809313 7479.459034 653.071811
UTC=2024-02-02T15:48:02.000000
-1133394.991145 1462132.104263 -6946902.572095
-44.385328 7352.880173 1555.048251
UTC=2024-02-02T15:50:02.000000
-1122410.555283 2331008.647419 -6707292.618327
226.524741 7109.115465 2433.381668
UTC=2024-02-02T15:52:02.000000
-1079375.273410 3163777.239808 -6364373.190141
488.785951 6751.846754 3274.676710
UTC=2024-02-02T15:54:02.000000
-1005685.689561 3947128.841875 -5923368.097608
736.463870 6286.560260 4066.047708
UTC=2024-02-02T15:56:02.000000
-903432.421561 4668517.647945 -5391007.444074
963.944283 5720.477582 4795.305552
UTC=2024-02-02T15:58:02.000000
-775354.970291 5316364.374092 -4775433.007179
1166.045043 5062.468813 5451.142992
UTC=2024-02-02T16:00:02.000000
-624783.324220 5880247.198187 -4086081.210728
1338.124412 4322.931900 6023.319698
UTC=2024-02-02T16:02:02.000000
-455566.970147 6351076.234210 -3333544.673299
1476.181735 3513.640244 6502.833012
UTC=2024-02-02T16:04:02.000000
-271992.469981 6721248.269040 -2529414.267373
1576.946928 2647.567171 6882.073249
UTC=2024-02-02T16:06:02.000000
-78691.138081 6984778.835902 -1686103.169791
1637.955308 1738.681747 7154.966851
UTC=2024-02-02T16:08:02.000000
119461.359582 7137408.063978 -816655.221437
1657.607964 801.717874 7317.093789
UTC=2024-02-02T16:10:02.000000
317451.693344 7176677.548460 65459.217360
1635.214770 -148.077157 7365.778052
UTC=2024-02-02T16:12:02.000000
510239.449462 7101976.062136 946556.502141
1571.016235 -1095.210480 7300.148187
UTC=2024-02-02T16:14:02.000000
692868.891155 6914552.248172 1812958.010890
1466.180336 -2024.223905 7121.159564
UTC=2024-02-02T16:16:02.000000
860578.849487 6617493.748621 2651208.631699
1322.776133 -2919.970584 6831.575341
UTC=2024-02-02T16:18:02.000000
1008908.523016 6215674.207158 3448290.869166
1143.732728 -3767.872956 6435.916893
UTC=2024-02-02T16:20:02.000000
1133797.490823 5715669.438081 4191831.648792
932.783667 -4554.179870 5940.385613
UTC=2024-02-02T16:22:02.000000
1231678.050577 5125644.327591 4870297.904916
694.391186 -5266.198595 5352.763948
UTC=2024-02-02T16:24:02.000000
1299556.309221 4455211.192037 5473178.157780
433.639845 -5892.530380 4682.263210
UTC=2024-02-02T16:26:02.000000
1335081.167297 3715264.507109 5991143.035847
156.141014 -6423.228765 3939.348246
UTC=2024-02-02T16:28:02.000000
1336600.714405 2917797.869811 6416186.307981
-132.084265 -6849.945209 3135.577820
UTC=2024-02-02T16:30:02.000000
1303203.945392 2075704.393439 6741745.225233
-424.729096 -7166.053982 2283.419093
UTC=2024-02-02T16:32:02.000000
1234747.625964 1202564.123267 6962797.845634
-715.325521 -7366.745057 1396.051023
UTC=2024-02-02T16:34:02.000000
1131867.891295 312422.377611 7075936.100392
-997.373367 -7449.079445 487.159342
UTC=2024-02-02T16:36:02.000000
995976.426779 -580436.517417 7079415.115164
-1264.468574 -7412.017576 -429.252838
UTC=2024-02-02T16:38:02.000000
829241.149024 -1461718.637747 6973179.440879
-1510.432692 -7256.439009 -1339.067502
UTC=2024-02-02T16:40:02.000000
634551.511550 -2317349.887504 6758864.198610
-1729.439296 -6985.122793 -2228.259893
UTC=2024-02-02T16:42:02.000000
415468.924611 -3133701.798092 6439771.663060
-1916.135374 -6602.708272 -3083.104906
UTC=2024-02-02T16:44:02.000000
176163.051290 -3897810.503646 6020822.319439
-2065.753664 -6115.615628 -3890.390688
UTC=2024-02-02T16:46:02.000000
-78664.540618 -4597584.209155 5508481.966802
-2174.212549 -5531.941668 -4637.604011
UTC=2024-02-02T16:48:02.000000
-343868.318891 -5221997.796865 4910667.010101
-2238.209421 -4861.348075 -5313.111890
UTC=2024-02-02T16:50:02.000000
-613957.630892 -5761273.002004 4236627.356476
-2255.308283 -4114.927445 -5906.355961
UTC=2024-02-02T16:52:02.000000
-883205.039940 -6207039.479533 3496805.877992
-2224.008369 -3305.019048 -6408.039982
UTC=2024-02-02T16:54:02.000000
-1145761.604455 -6552472.149383 2702677.301314
-2143.791139 -2445.002230 -6810.287465
UTC=2024-02-02T16:56:02.000000
-1395776.414565 -6792402.741025 1866569.440682
-2015.145847 -1549.073107 -7106.777145
UTC=2024-02-02T16:58:02.000000
-1627518.614107 -6923403.680089 1001469.276889
-1839.584042 -632.003705 -7292.863562
UTC=2024-02-02T17:00:02.000000
-1835499.112784 -6943841.067384 120815.929964
-1619.617464 291.128566 -7365.667005
UTC=2024-02-02T17:02:02.000000
-2014588.181396 -6853895.162783 -761714.354897
-1358.715256 1205.210128 -7324.120241
UTC=2024-02-02T17:04:02.000000
-2160126.889356 -6655548.594108 -1632426.840894
-1061.243265 2095.359229 -7168.981690
UTC=2024-02-02T17:06:02.000000
-2268030.150633 -6352542.796908 -2477826.530292
-732.384985 2947.187000 -6902.816081
UTC=2024-02-02T17:08:02.000000
-2334879.150455 -5950303.636441 -3284832.160830
-378.043501 3747.049543 -6529.942668
UTC=2024-02-02T17:10:02.000000
-2358000.911090 -5455837.649765 -4040981.778326
-4.725936 4482.283171 -6056.346020
UTC=2024-02-02T17:12:02.000000
-2335533.237976 -4877601.806339 -4734625.524383
380.583562 5141.408858 -5489.554181
UTC=2024-02-02T17:14:02.000000
-2266474.041441 -4225350.771618 -5355102.503663
770.556501 5714.303417 -4838.497020
UTC=2024-02-02T17:16:02.000000
-2150714.499000 -3509965.392106 -5892899.807779
1157.656644 6192.341772 -4113.350859
UTC=2024-02-02T17:18:02.000000
-1989055.617639 -2743265.715522 -6339792.132777
1534.280074 6568.512805 -3325.370153
UTC=2024-02-02T17:20:02.000000
-1783207.806117 -1937811.763092 -6688960.276198
1892.897385 6837.506270 -2486.703714
UTC=2024-02-02T17:22:02.000000
-1535773.737514 -1106695.990194 -6935087.034296
2226.188742 6995.764721 -1610.204750
UTC=2024-02-02T17:24:02.000000
-1250215.397283 -263331.152439 -7074430.459374
2527.173503 7041.509529 -709.242857
UTC=2024-02-02T17:26:02.000000
-930805.684022 578763.389636 -7104874.590724
2789.338278 6974.740466 202.482242
UTC=2024-02-02T17:28:02.000000
-582564.910581 1406174.133331 -7025958.087027
3006.758910 6797.218127 1111.124847
UTC=2024-02-02T17:30:02.000000
-211183.377787 2205802.653897 -6838880.350122
3174.210720 6512.424475 2002.881677
UTC=2024-02-02T17:32:02.000000
177068.998338 2965069.022301 -6546485.729951
3287.276401 6125.509574 2864.171184
UTC=2024-02-02T17:34:02.000000
575445.896441 3672107.911390 -6153225.368484
3342.448614 5643.218220 3681.828572
UTC=2024-02-02T17:36:02.000000
976838.887519 4315953.832912 -5665095.448559
3337.211922 5073.783683 4443.297843
UTC=2024-02-02T17:38:02.000000
1373900.810786 4886712.794005 -5089553.432442
3270.114072 4426.810430 5136.811028
UTC=2024-02-02T17:40:02.000000
1759177.033172 5375718.855018 -4435412.270243
3140.824120 3713.135558 5751.576161
UTC=2024-02-02T17:42:02.000000
2125242.397509 5775672.029243 -3712712.291041
2950.168301 2944.657504 6277.956794
UTC=2024-02-02T17:44:02.000000
2464841.177042 6080754.557919 -2932572.776302
2700.145331 2134.149395 6707.633099
UTC=2024-02-02T17:46:02.000000
2771027.720503 6286723.766812 -2107024.702143
2393.921414 1295.053144 7033.754071
UTC=2024-02-02T17:48:02.000000
3037304.889111 6390978.845771 -1248826.254742
2035.797759 441.251795 7251.070791
UTC=2024-02-02T17:50:02.000000
3257756.906391 6392599.254664 -371263.906484
1631.150272 -413.174945 7356.042108
UTC=2024-02-02T17:52:02.000000
3427173.439451 6292353.255394 512057.073851
1186.344489 -1254.201903 7346.904571
UTC=2024-02-02T17:54:02.000000
3541162.248850 6092676.433435 1387428.384795
708.630744 -2068.106095 7223.707745
UTC=2024-02-02T17:56:02.000000
3596248.059829 5797620.946484 2241256.896336
206.018536 -2841.707262 6988.319876
UTC=2024-02-02T17:58:02.000000
3589955.084094 5412776.369369 3060281.621584
-312.868702 -3562.600028 6644.401570
UTC=2024-02-02T18:00:02.000000
3520871.407921 4945163.115243 3831785.392770
-838.950205 -4219.377833 6197.340341
UTC=2024-02-02T18:02:02.000000
3388694.009607 4403100.999602 4543796.122972
-1362.853918 -4801.818279 5654.150428
UTC=2024-02-02T18:04:02.000000
3194252.794586 3796056.951331 5185275.538247
-1875.101787 -5301.052908 5023.356234
UTC=2024-02-02T18:06:02.000000
2939512.479734 3134473.769014 5746290.579186
-2366.284820 -5709.703843 4314.825095
UTC=2024-02-02T18:08:02.000000
2627554.814302 2429585.352351 6218164.421094
-2827.221576 -6021.977109 3539.599237
UTC=2024-02-02T18:10:02.000000
2262541.425445 1693222.121863 6593607.379381
-3249.123869 -6233.735839 2709.724777
UTC=2024-02-02T18:12:02.000000
1849656.685570 937609.005097 6866825.683460
-3623.759675 -6342.545190 1838.053397
UTC=2024-02-02T18:14:02.000000
1395032.082821 175160.688974 7033606.094236
-3943.598850 -6347.675651 938.043643
UTC=2024-02-02T18:16:02.000000
905653.884422 -581722.325011 7091377.440152
-4201.947260 -6250.091378 23.572889
UTC=2024-02-02T18:18:02.000000
389254.995318 -1320855.784339 7039248.736302
-4393.075388 -6052.424314 -891.268849
UTC=2024-02-02T18:20:02.000000
-145807.796857 -2030468.325548 6878022.146565
-4512.332574 -5758.912359 -1792.386566
UTC=2024-02-02T18:22:02.000000
-690689.339879 -2699389.596272 6610181.116622
-4556.244386 -5375.318809 -2665.889241
UTC=2024-02-02T18:24:02.000000
-1236201.855025 -3317227.020573 6239853.376946
-4522.585026 -4908.823018 -3498.295404
UTC=2024-02-02T18:26:02.000000
-1772968.440143 -3874528.415911 5772750.622635
-4410.438690 -4367.898436 -4276.717661
UTC=2024-02-02T18:28:02.000000
-2291583.792341 -4362929.581714 5216085.896851
-4220.255369 -3762.181013 -4989.053848
UTC=2024-02-02T18:30:02.000000
-2782780.226336 -4775284.756503 4578467.399654
-3953.881001 -3102.313554 -5624.186799
UTC=2024-02-02T18:32:02.000000
-3237595.275031 -5105776.686945 3869768.628641
-3614.552993 -2399.763193 -6172.175847
UTC=2024-02-02T18:34:02.000000
-3647536.743363 -5350003.665405 3100976.654179
-3206.863228 -1666.620302 -6624.428192
UTC=2024-02-02T18:36:02.000000
-4004741.822336 -5505041.769989 2284021.547567
-2736.698382 -915.389231 -6973.842568
UTC=2024-02-02T18:38:02.000000
-4302127.886574 -5569481.587048 1431589.518000
-2211.158637 -158.769675 -7214.937475
UTC=2024-02-02T18:40:02.000000
-4533531.656695 -5543437.949841 556922.174678
-1638.445194 590.572103 -7343.951606
UTC=2024-02-02T18:42:02.000000
-4693833.335792 -5428532.297063 -326394.271435
-1027.723734 1320.229639 -7358.911971
UTC=2024-02-02T18:44:02.000000
-4779063.007023 -5227848.075845 -1204646.274772
-388.964416 2018.279618 -7259.672865
UTC=2024-02-02T18:46:02.000000
-4786486.405579 -4945859.629892 -2064212.637244
267.240358 2673.498614 -7047.915430
UTC=2024-02-02T18:48:02.000000
-4714668.002016 -4588336.105711 -2891781.608319
929.870542 3275.560866 -6727.105834
UTC=2024-02-02T18:50:02.000000
-4563510.314276 -4162223.232405 -3674560.787071
1587.678921 3815.208333 -6302.418577
UTC=2024-02-02T18:52:02.000000
-4334269.121068 -3675506.398779 -4400476.144987
2229.391493 4284.392843 -5780.632713
UTC=2024-02-02T18:54:02.000000
-4029544.819406 -3137058.222479 -5058357.192855
2843.904680 4676.392856 -5170.005032
UTC=2024-02-02T18:56:02.000000
-3653250.314516 -2556473.735321 -5638105.466301
3420.478113 4985.901455 -4480.118946
UTC=2024-02-02T18:58:02.000000
-3210556.526271 -1943896.987097 -6130843.853470
3948.913950 5209.082427 -3721.718687
UTC=2024-02-02T19:00:02.000000
-2707817.102768 -1309842.441385 -6529045.542221
4419.725491 5343.601501 -2906.534870
UTC=2024-02-02T19:02:02.000000
-2152473.422638 -665014.234555 -6826641.243745
4824.295368 5388.629893 -2047.096751
UTC=2024-02-02T19:04:02.000000
-1552941.829335 -20126.713163 -7019103.394430
5155.012260 5344.819932 -1156.538425
UTC=2024-02-02T19:06:02.000000
-918485.813143 614270.630201 -7103507.562976
5405.387170 5214.258184 -248.415646
UTC=2024-02-02T19:08:02.000000
-259074.559381 1227962.071935 -7078572.312780
5570.164977 5000.410190 663.476542
UTC=2024-02-02T19:10:02.000000
414770.777232 1811226.595331 -6944676.455609
5645.414900 4708.040983 1565.291042
UTC=2024-02-02T19:12:02.000000
1092141.161073 2354988.805948 -6703854.859933
5628.617786 4343.131177 2443.306741
UTC=2024-02-02T19:14:02.000000
1761913.471036 2850958.777974 -6359771.254094
5518.732167 3912.772111 3284.129179
UTC=2024-02-02T19:16:02.000000
2412930.393716 3291758.267603 -5917667.680369
5316.235772 3425.045281 4074.879451
UTC=2024-02-02T19:18:02.000000
3034184.293273 3671031.344344 -5384291.361902
5023.146946 2888.884869 4803.379663
UTC=2024-02-02T19:20:02.000000
3615002.432658 3983538.444947 -4767799.851939
4643.028359 2313.938144 5458.333207
UTC=2024-02-02T19:22:02.000000
4145231.396855 4225232.569766 -4077644.168267
4180.966545 1710.405973 6029.508706
UTC=2024-02-02T19:24:02.000000
4615417.231056 4393315.467783 -3324430.432916
3643.521812 1088.870100 6507.914340
UTC=2024-02-02T19:26:02.000000
5016977.551544 4486272.356069 -2519761.212363
3038.642796 460.108617 6885.959013
UTC=2024-02-02T19:28:02.000000
5342361.672083 4503884.227690 -1676059.107507
2375.556064 -165.091819 7157.588343
UTC=2024-02-02T19:30:02.000000
5585195.955728 4447217.321587 -806374.799054
1664.625319 -776.129728 7318.406180
UTC=2024-02-02T19:32:02.000000
5740410.085869 4318589.388162 75817.370990
917.179068 -1362.778851 7365.758958
UTC=2024-02-02T19:34:02.000000
5804341.820210 4121513.662132 956832.100516
145.323983 -1915.371049 7298.791536
UTC=2024-02-02T19:36:02.000000
5774818.034315 3860621.059871 1822990.878717
-638.264879 -2424.975117 7118.473250
UTC=2024-02-02T19:38:02.000000
5651209.356376 3541561.950447 2660840.577140
-1420.572661 -2883.555778 6827.586409
UTC=2024-02-02T19:40:02.000000
5434456.709501 3170890.236703 3457368.538422
-2188.482110 -3284.110845 6430.678857
UTC=2024-02-02T19:42:02.000000
5127069.382052 2755932.077491 4200209.780979
-2929.010834 -3620.789333 5933.980486
UTC=2024-02-02T19:44:02.000000
4733094.705608 2304641.988322 4877841.882149
-3629.543297 -3888.980919 5345.280767
UTC=2024-02-02T19:46:02.000000
4258061.486094 1825450.633039 5479764.212406
-4278.040348 -4085.367657 4673.799605
UTC=2024-02-02T19:48:02.000000
3708897.373729 1327107.173408 5996660.823561
-4863.261639 -4207.963715 3930.030551
UTC=2024-02-02T19:50:02.000000
3093821.429008 818518.523673 6420541.921680
-5374.952828 -4256.124046 3125.550693
UTC=2024-02-02T19:52:02.000000
2422215.948948 308589.783366 6744862.501177
-5804.005846 -4230.517382 2272.832553
UTC=2024-02-02T19:54:02.000000
1704480.103073 -193930.976493 6964618.973034
-6142.604676 -4133.084578 1385.062836
UTC=2024-02-02T19:56:02.000000
951866.537397 -680602.284226 7076423.319828
-6384.362233 -3966.984096 475.946554
UTC=2024-02-02T19:58:02.000000
176302.895997 -1143430.999936 7078552.613000
-6524.430914 -3736.514578 -440.504496
UTC=2024-02-02T20:00:02.000000
-609798.109203 -1575003.511612 6970973.587352
-6559.586678 -3447.019557 -1350.175367
UTC=2024-02-02T20:02:02.000000
-1393737.580469 -1968604.749670 6755342.520989
-6488.291622 -3104.777860 -2239.056585
UTC=2024-02-02T20:04:02.000000
-2162734.985790 -2318322.896160 6434980.475960
-6310.726868 -2716.876291 -3093.442235
UTC=2024-02-02T20:06:02.000000
-2904135.802752 -2619138.614783 6014825.887516
-6028.815320 -2291.082050 -3900.113293
UTC=2024-02-02T20:08:02.000000
-3605621.576073 -2866998.946612 5501364.148884
-5646.233791 -1835.709779 -4646.543095
UTC=2024-02-02T20:10:02.000000
-4255418.570738 -3058873.795296 4902531.558874
-5168.373716 -1359.466079 -5321.108947
UTC=2024-02-02T20:12:02.000000
-4842499.472648 -3192793.367501 4227595.602847
-4602.270478 -871.288643 -5913.276854
UTC=2024-02-02T20:14:02.000000
-5356775.161543 -3267866.009560 3487013.914858
-3956.506822 -380.181492 -6413.771911
UTC=2024-02-02T20:16:02.000000
-5789273.337770 -3284276.398172 2692273.777457
-3241.091528 104.947438 -6814.733320
UTC=2024-02-02T20:18:02.000000
-6132300.921512 -3243264.319083 1855713.553780
-2467.307410 575.448057 -7109.860055
UTC=2024-02-02T20:20:02.000000
-6379585.918937 -3147083.888144 990327.936581
-1647.522372 1023.092535 -7294.531268
UTC=2024-02-02T20:22:02.000000
-6526394.940368 -2998943.263581 109561.124176
-794.975196 1440.232060 -7365.886266
UTC=2024-02-02T20:24:02.000000
-6569624.240755 -2802926.816716 -772907.782936
76.452137 1819.934337 -7322.878096
UTC=2024-02-02T20:26:02.000000
-6507861.880514 -2563901.259393 -1643384.179813
952.488951 2156.112412 -7166.294286
UTC=2024-02-02T20:28:02.000000
-6341418.625618 -2287407.703160 -2488376.788319
1818.736528 2443.628273 -6898.728327
UTC=2024-02-02T20:30:02.000000
-6072328.211043 -1979542.772451 -3294811.121771
2660.919181 2678.373007 -6524.521542
UTC=2024-02-02T20:32:02.000000
-5704317.554164 -1646831.407911 -4050234.360705
3465.133894 2857.324487 -6049.676391
UTC=2024-02-02T20:34:02.000000
-5242747.674753 -1296094.229444 -4743007.905766
4218.086379 2978.580413 -5481.739551
UTC=2024-02-02T20:36:02.000000
-4694527.282365 -934312.295737 -5362484.659100
4907.312032 3041.368966 -4829.664418
UTC=2024-02-02T20:38:02.000000
-4068000.721144 -568492.035327 -5899168.323914
5521.379716 3046.034678 -4103.648949
UTC=2024-02-02T20:40:02.000000
-3372813.207528 -205533.269687 -6344852.279614
6050.066357 2994.002165 -3314.959834
UTC=2024-02-02T20:42:02.000000
-2619756.663240 147897.214329 -6692736.929606
6484.505992 2887.719592 -2475.750456
UTC=2024-02-02T20:44:02.000000
-1820598.984503 485484.163805 -6937525.169458
6817.318249 2730.584140 -1598.877692
UTC=2024-02-02T20:46:02.000000
-987899.303306 801372.753779 -7075495.456538
7042.710833 2526.858180 -697.712820
UTC=2024-02-02T20:48:02.000000
-134812.442880 1090267.002818 -7104552.277369
7156.559498 2281.576177 214.046434
UTC=2024-02-02T20:50:02.000000
725114.931578 1347515.961461 -7024254.395850
7156.466848 2000.435949 1122.554376
UTC=2024-02-02T20:52:02.000000
1578154.992445 1569186.865798 -6835822.102950
7041.819071 1689.691103 2013.998440
UTC=2024-02-02T20:54:02.000000
2410614.567737 1752124.837977 -6542121.035809
6813.808432 1356.031959 2874.800065
UTC=2024-02-02T20:56:02.000000
3209052.080298 1893997.738702 -6147622.754553
6475.433497 1006.458813 3691.805322
UTC=2024-02-02T20:58:02.000000
3960492.658645 1993325.501458 -5658342.425492
6031.467846 648.151048 4452.470227
UTC=2024-02-02T21:00:02.000000
4652638.808574 2049493.903903 -5081755.006109
5488.418990 288.338366 5145.040288
UTC=2024-02-02T21:02:02.000000
5274074.578447 2062752.665158 -4426689.087888
4854.456072 -65.832716 5758.740609
UTC=2024-02-02T21:04:02.000000
5814458.643555 2034197.295211 -3703198.567656
4139.299881 -407.434428 6283.952094
UTC=2024-02-02T21:06:02.000000
6264702.697185 1965734.921258 -2922414.265400
3354.089588 -729.889035 6712.370814
UTC=2024-02-02T21:08:02.000000
6617132.478732 1860034.709279 -2096376.784130
2511.223060 -1027.093993 7037.162859
UTC=2024-02-02T21:10:02.000000
6865627.109634 1720463.571099 -1237851.749699
1624.156546 -1293.542331 7253.097509
UTC=2024-02-02T21:12:02.000000
7005732.999024 1551007.925104 -360131.057527
707.183136 -1524.433088 7356.650088
UTC=2024-02-02T21:14:02.000000
7034749.417440 1356183.148689 523176.824076
-224.820303 -1715.764949 7346.076740
UTC=2024-02-02T21:16:02.000000
6951783.103170 1140933.089953 1398362.501654
-1156.646938 -1864.409265 7221.443205
UTC=2024-02-02T21:18:02.000000
6757772.440651 910521.508799 2251834.115178
-2073.023936 -1968.171525 6984.642633
UTC=2024-02-02T21:20:02.000000
6455478.129825 670417.425126 3070335.186255
-2958.897463 -2025.829080 6639.361058
UTC=2024-02-02T21:22:02.000000
6049441.126267 426177.545024 3841155.827171
-3799.694414 -2037.144005 6191.010157
UTC=2024-02-02T21:24:02.000000
5545909.015691 183328.317804 4552334.212322
-4581.584666 -2002.854021 5646.624202
UTC=2024-02-02T21:26:02.000000
4952733.204650 -52749.275234 5192843.737674
-5291.704911 -1924.640562 5014.736061
UTC=2024-02-02T21:28:02.000000
4279239.366390 -276930.671240 5752764.653130
-5918.383007 -1805.086044 4305.231627
UTC=2024-02-02T21:30:02.000000
3536072.794223 -484451.689842 6223435.763083
-6451.324549 -1647.600539 3529.171447
UTC=2024-02-02T21:32:02.000000
2735023.685565 -671002.890476 6597584.765606
-6881.766226 -1456.339014 2698.612361
UTC=2024-02-02T21:34:02.000000
1888835.361007 -832813.558719 6869436.584847
-7202.605709 -1236.108505 1826.420272
UTC=2024-02-02T21:36:02.000000
1010998.052956 -966723.818510 7034798.979845
-7408.513609 -992.264535 926.075245
UTC=2024-02-02T21:38:02.000000
115531.063034 -1070243.628121 7091123.613682
-7496.010734 -730.595558 11.461210
UTC=2024-02-02T21:40:02.000000
-783242.180371 -1141597.569384 7037542.306467
-7463.513372 -457.203345 -903.336882
UTC=2024-02-02T21:42:02.000000
-1670923.167609 -1179755.048477 6874879.026221
-7311.355449 -178.378493 -1804.235108
UTC=2024-02-02T21:44:02.000000
-2533268.440741 -1184445.186263 6605637.724874
-7041.784406 99.529189 -2677.350256
UTC=2024-02-02T21:46:02.000000
-3356417.961375 -1156156.262822 6233966.710670
-6658.938758 370.237780 -3509.191748
UTC=2024-02-02T21:48:02.000000
-4127119.919857 -1096120.124192 5765599.482775
-6168.806647 627.656708 -4286.865443
UTC=2024-02-02T21:50:02.000000
-4832948.163073 -1006281.885342 5207770.791244
-5579.144991 866.009448 -4998.277831
UTC=2024-02-02T21:52:02.000000
-5462508.031867 -889254.873263 4569108.712106
-4899.366777 1079.955062 -5632.332011
UTC=2024-02-02T21:54:02.000000
-6005626.690296 -748261.555705 3859503.922303
-4140.395744 1264.700266 -6179.110619
UTC=2024-02-02T21:56:02.000000
-6453524.222833 -587061.554992 3089958.238624
-3314.493545 1416.101580 -6630.037003
UTC=2024-02-02T21:58:02.000000
-6798963.099233 -409868.152923 2272414.821422
-2435.071205 1530.755781 -6978.023383
UTC=2024-02-02T22:00:02.000000
-7036373.010306 -221254.722102 1419570.999865
-1516.463762 1606.075220 -7217.608172
UTC=2024-02-02T22:02:02.000000
-7161946.679317 -26053.377402 544676.717896
-573.676804 1640.343145 -7345.056487
UTC=2024-02-02T22:04:02.000000
-7173704.511860 170752.062212 -338677.000744
377.879157 1632.752879 -7358.427033
UTC=2024-02-02T22:06:02.000000
-7071526.640722 364136.618460 -1216775.643395
1322.666320 1583.426045 -7257.605124
UTC=2024-02-02T22:08:02.000000
-6857151.393507 549145.405841 -2076000.213721
2245.296958 1493.406567 -7044.292256
UTC=2024-02-02T22:10:02.000000
-6534141.706401 721003.051391 -2903043.181849
3130.792130 1364.637171 -6721.972118
UTC=2024-02-02T22:12:02.000000
-6107819.844461 875219.244925 -3685119.282582
3964.854286 1199.917166 -6295.849442
UTC=2024-02-02T22:14:02.000000
-5585170.312837 1007687.855141 -4410165.347769
4734.113702 1002.838079 -5772.733606
UTC=2024-02-02T22:16:02.000000
-4974715.635264 1114777.346309 -5067025.215251
5426.340616 777.703688 -5160.908561
UTC=2024-02-02T22:18:02.000000
-4286367.897560 1193410.736676 -5645617.686852
6030.633767 529.436371 -4469.979212
UTC=2024-02-02T22:20:02.000000
-3531259.760312 1241133.684246 -6137085.137878
6537.575152 263.472561 -3710.705290
UTC=2024-02-02T22:22:02.000000
-2721558.508294 1256169.365837 -6533921.613141
6939.357381 -14.351234 -2894.824596
UTC=2024-02-02T22:24:02.000000
-1870266.632233 1237459.727331 -6830079.374438
7229.883179 -297.911052 -2034.872190
UTC=2024-02-02T22:26:02.000000
-991011.809102 1184692.820918 -7021053.078072
7404.838295 -580.916781 -1143.987285
UTC=2024-02-02T22:28:02.000000
-97830.442523 1098315.301355 -7103940.988583
7461.729662 -857.035005 -235.727043
UTC=2024-02-02T22:30:02.000000
795052.192609 979530.480272 -7077484.439364
7399.905491 -1120.008355 676.109280
UTC=2024-02-02T22:32:02.000000
1673444.087619 830281.879966 -6942086.200107
7220.572774 -1363.777823 1577.664536
UTC=2024-02-02T22:34:02.000000
2523408.634309 653222.137851 -6699805.214966
6926.774564 -1582.603267 2455.224142
UTC=2024-02-02T22:36:02.000000
3331482.543066 451667.926223 -6354328.283977
6523.347792 -1771.176218 3295.404143
UTC=2024-02-02T22:38:02.000000
4084887.207687 229541.368357 -5910918.931124
6016.853269 -1924.732688 4085.339835
UTC=2024-02-02T22:40:02.000000
4771730.469706 -8701.552975 -5376344.284870
5415.488778 -2039.154757 4812.865927
UTC=2024-02-02T22:42:02.000000
5381197.101202 -258154.172578 -4758780.140880
4728.985352 -2111.064366 5466.702019
UTC=2024-02-02T22:44:02.000000
5903724.630562 -513553.154466 -4067693.437272
3968.464777 -2137.907651 6036.638577
UTC=2024-02-02T22:46:02.000000
6331160.410148 -769381.661910 -3313703.567566
3146.272922 -2118.024016 6513.704638
UTC=2024-02-02T22:48:02.000000
6656897.432606 -1019980.037047 -2508424.184737
2275.790997 -2050.701154 6890.325730
UTC=2024-02-02T22:50:02.000000
6875985.868359 -1259661.799801 -1664286.772319
1371.218908 -1936.208070 7160.467698
UTC=2024-02-02T22:52:02.000000
6985217.051057 -1482832.372903 -794348.543436
447.334683 -1775.807906 7319.752732
UTC=2024-02-02T22:54:02.000000
6983177.750626 -1684108.104492 87911.802193
-480.758474 -1571.749959 7365.546176
UTC=2024-02-02T22:56:02.000000
6870273.482807 -1858433.080314 968807.232995
-1397.897249 -1327.240100 7297.017895
UTC=2024-02-02T22:58:02.000000
6648719.227277 -2001190.918731 1834660.586363
-2289.131545 -1046.387841 7115.162705
UTC=2024-02-02T23:00:02.000000
6322497.947911 -2108309.088897 2672023.219070
-3139.989603 -734.133239 6822.789854
UTC=2024-02-02T23:02:02.000000
5897287.408793 -2176352.950873 3467890.098023
-3936.738263 -396.151005 6424.471672
UTC=2024-02-02T23:04:02.000000
5380356.949773 -2202607.641896 4209906.435546
-4666.622059 -38.743366 5926.455960
UTC=2024-02-02T23:06:02.000000
4780437.289410 -2185146.072635 4886562.010011
-5318.072067 331.284019 5336.550131
UTC=2024-02-02T23:08:02.000000
4107567.086835 -2122881.493772 5487370.626570
-5880.887723 706.753094 4663.990789
UTC=2024-02-02T23:10:02.000000
3372918.413615 -2015604.089444 6003032.473691
-6346.404384 1080.250237 3919.284420
UTC=2024-02-02T23:12:02.000000
2588604.576146 -1864000.566239 6425575.464831
-6707.615973 1444.270750 3114.022721
UTC=2024-02-02T23:14:02.000000
1767475.503357 -1669656.665339 6748474.514091
-6959.265106 1791.358789 2260.699424
UTC=2024-02-02T23:16:02.000000
922903.592625 -1435042.784676 6966748.262740
-7097.909984 2114.249745 1372.516255
UTC=2024-02-02T23:18:02.000000
68563.465338 -1163482.572065 7077031.855148
-7121.957868 2406.010103 463.179152
UTC=2024-02-02T23:20:02.000000
-781790.335083 -859105.184230 7077625.266651
-7031.667899 2660.169471 -453.304220
UTC=2024-02-02T23:22:02.000000
-1614544.562858 -526782.158666 6968517.542037
-6829.131013 2870.846088 -1362.823470
UTC=2024-02-02T23:24:02.000000
-2416444.818648 -172049.430977 6751387.074804
-6518.227845 3032.867397 -2251.366580
UTC=2024-02-02T23:26:02.000000
-3174806.661691 198984.419195 6429577.834038
-6104.564828 3141.879367 -3105.219597
UTC=2024-02-02T23:28:02.000000
-3877717.784406 579742.386839 6008051.465209
-5595.388149 3194.444061 -3911.168835
UTC=2024-02-02T23:30:02.000000
-4514228.397001 963294.173692 5493315.084536
-4999.472412 3188.124085 -4656.703731
UTC=2024-02-02T23:32:02.000000
-5074526.530979 1342480.636284 4893325.081070
-4326.981919 3121.553430 -5330.212329
UTC=2024-02-02T23:34:02.000000
-5550095.294529 1710045.730564 4217367.749103
-3589.306917 2994.489686 -5921.172547
UTC=2024-02-02T23:36:02.000000
-5933848.703126 2058773.315724 3475917.832129
-2798.872450 2807.843638 -6420.326172
UTC=2024-02-02T23:38:02.000000
-6220243.646208 2381626.260445 2680477.331310
-1968.932296 2563.687341 -6819.835338
UTC=2024-02-02T23:40:02.000000
-6405366.097761 2671885.119969 1843396.499740
-1113.345503 2265.239190 -7113.422029
UTC=2024-02-02T23:42:02.000000
-6486989.452652 2923283.623953 977679.204143
-246.334177 1916.824660 -7296.488737
UTC=2024-02-02T23:44:02.000000
-6464602.544388 3130137.661772 96775.757635
617.775956 1523.807477 -7366.202281
UTC=2024-02-02T23:46:02.000000
-6339406.806039 3287464.657664 -785631.962516
1464.809954 1092.499142 -7321.542291
UTC=2024-02-02T23:48:02.000000
-6114282.969911 3391090.738272 -1655849.344113
2280.995261 630.046644 -7163.316859
UTC=2024-02-02T23:50:02.000000
-5793728.003683 3437743.522965 -2500387.930089
3053.208661 144.304404 -6894.147883
UTC=2024-02-02T23:52:02.000000
-5383762.888563 3425128.132417 -3306179.837983
3769.208418 -356.315980 -6518.409670
UTC=2024-02-02T23:54:02.000000
-4891814.502182 3351984.755678 -4060782.863360
4417.837337 -863.001760 -6042.138076
UTC=2024-02-02T23:56:02.000000
-4326574.516999 3218127.015614 -4752572.752719
4989.198530 -1366.702512 -5472.907714
UTC=2024-02-02T23:58:02.000000
-3697839.284953 3024460.602156 -5370919.577960
5474.799483 -1858.295024 -4819.689964
