UTC=2024-01-15T00:00:02.000000
-240979.183493 1374829.942897 -7052032.451294
6562.208924 -3546.009104 -916.301829
UTC=2024-01-15T00:02:02.000000
542506.217408 933029.322697 -7107428.861238
6478.466801 -3807.698237 -5.803388
UTC=2024-01-15T00:04:02.000000
1309729.479211 463405.384023 -7053422.394746
6291.694069 -4008.843601 904.767083
UTC=2024-01-15T00:06:02.000000
2048546.201175 -26476.712808 -6890835.578961
6005.807474 -4144.612945 1801.573354
UTC=2024-01-15T00:08:02.000000
2747374.858700 -528533.559580 -6622141.772659
5626.258997 -4211.215977 2670.967693
UTC=2024-01-15T00:10:02.000000
3395376.183683 -1034293.815923 -6251431.322102
5159.950376 -4205.990514 3499.680961
UTC=2024-01-15T00:12:02.000000
3982620.458257 -1535037.822538 -5784354.859561
4615.120297 -4127.470713 4275.006001
UTC=2024-01-15T00:14:02.000000
4500241.126138 -2021945.020605 -5228045.143403
4001.227607 -3975.450066 4984.980692
UTC=2024-01-15T00:16:02.000000
4940572.570397 -2486247.701441 -4591015.999818
3328.802102 -3751.019767 5618.579723
UTC=2024-01-15T00:18:02.000000
5297268.684752 -2919387.707906 -3883039.262353
2609.277044 -3456.581553 6165.890035
UTC=2024-01-15T00:20:02.000000
5565400.644346 -3313173.401702 -3115001.177443
1854.809017 -3095.838905 6618.278593
UTC=2024-01-15T00:22:02.000000
5741531.891780 -3659934.087732 -2298739.166353
1078.077050 -2673.762504 6968.550239
UTC=2024-01-15T00:24:02.000000
5823767.807252 -3952668.571482 -1446861.046907
292.064565 -2196.527814 7211.079833
UTC=2024-01-15T00:26:02.000000
5811778.922213 -4185184.855636 -572549.799972
-490.164599 -1671.428927 7341.923187
UTC=2024-01-15T00:28:02.000000
5706796.671421 -4352227.693985 310643.373519
-1255.697547 -1106.763529 7358.898498
UTC=2024-01-15T00:30:02.000000
5511581.291381 -4449591.063860 1189013.975283
-1992.006408 -511.695679 7261.638218
UTC=2024-01-15T00:32:02.000000
5230361.812392 -4474212.489101 2048923.148160
-2687.175863 103.909039 7051.602936
UTC=2024-01-15T00:34:02.000000
4868749.666545 -4424246.398395 2877015.771546
-3330.114536 729.664939 6732.052937
UTC=2024-01-15T00:36:02.000000
4433628.310566 -4299115.482394 3660433.054650
-3910.742873 1354.851525 6307.988047
UTC=2024-01-15T00:38:02.000000
3933021.541054 -4099539.428419 4387016.362110
-4420.161495 1968.605123 5786.060815
UTC=2024-01-15T00:40:02.000000
3375942.733005 -3827540.154192 5045498.754639
-4850.798411 2560.119673 5174.457139
UTC=2024-01-15T00:42:02.000000
2772228.715168 -3486422.965028 5625680.175177
-5196.516061 3118.842405 4482.746941
UTC=2024-01-15T00:44:02.000000
2132362.612297 -3080735.009582 6118584.170558
-5452.692747 3634.659950 3721.725011
UTC=2024-01-15T00:46:02.000000
1467288.285744 -2616201.646875 6516593.949248
-5616.276562 4098.076700 2903.225765
UTC=2024-01-15T00:48:02.000000
788220.583303 -2099642.524224 6813565.815906
-5685.804570 4500.376474 2039.934742
UTC=2024-01-15T00:50:02.000000
106454.642616 -1538868.817698 7004919.592336
-5661.397866 4833.773748 1145.191710
UTC=2024-01-15T00:52:02.000000
-566822.419788 -942563.204026 7087705.273390
-5544.728892 5091.551119 232.793275
UTC=2024-01-15T00:54:02.000000
-1220714.799522 -320144.203824 7060645.771085
-5338.970303 5268.180366 -683.208598
UTC=2024-01-15T00:56:02.000000
-1844794.051691 318382.963732 6924155.479080
-5048.725236 5359.427732 -1588.708685
UTC=2024-01-15T00:58:02.000000
-2429265.458355 962587.173894 6680334.419359
-4679.936182 5362.441526 -2469.752239
UTC=2024-01-15T01:00:02.000000
-2965122.437350 1601781.524828 6332937.998545
-4239.776442 5275.820208 -3312.737644
UTC=2024-01-15T01:02:02.000000
-3444286.858995 2225200.494329 5887322.756100
-3736.525273 5099.661768 -4104.613670
UTC=2024-01-15T01:04:02.000000
-3859733.627500 2822181.943669 5350368.410231
-3179.429048 4835.594303 -4833.078966
UTC=2024-01-15T01:06:02.000000
-4205597.357306 3382351.139282 4730375.907077
-2578.542185 4486.777496 -5486.779282
UTC=2024-01-15T01:08:02.000000
-4477259.152390 3895803.280750 4036942.668149
-1944.555257 4057.877763 -6055.490772
UTC=2024-01-15T01:10:02.000000
-4671411.905268 4353281.535069 3280816.438751
-1288.608704 3555.017249 -6530.292992
UTC=2024-01-15T01:12:02.000000
-4786102.418775 4746347.204685 2473729.249581
-622.093003 2985.693554 -6903.725941
UTC=2024-01-15T01:14:02.000000
-4820749.067230 5067538.359605 1628213.821015
43.557126 2358.666382 -7169.925367
UTC=2024-01-15T01:16:02.000000
-4776134.780393 5310512.738176 757405.408858
697.067514 1683.811079 -7324.727685
UTC=2024-01-15T01:18:02.000000
-4654375.759668 5470171.984595 -125166.941138
1327.524166 971.955763 -7365.743798
UTC=2024-01-15T01:20:02.000000
-4458866.328245 5542765.285028 -1005796.709604
1924.572583 234.697599 -7292.411551
UTC=2024-01-15T01:22:02.000000
-4194199.864178 5525968.628740 -1870820.320139
2478.613479 -515.818596 -7106.004084
UTC=2024-01-15T01:24:02.000000
-3866068.059207 5418937.497081 -2706835.068952
2980.965786 -1267.114453 -6809.589044
UTC=2024-01-15T01:26:02.000000
-3481141.911559 5222333.505298 -3500911.311276
3424.011615 -2006.605768 -6407.968725
UTC=2024-01-15T01:28:02.000000
-3046936.703365 4938323.234819 -4240794.612582
3801.314002 -2721.830192 -5907.574807
UTC=2024-01-15T01:30:02.000000
-2571664.796464 4570550.730479 -4915093.887443
4107.704417 -3400.660555 -5316.341353
UTC=2024-01-15T01:32:02.000000
-2064079.661964 4124085.189518 -5513452.900779
4339.339686 -4031.502839 -4643.557153
UTC=2024-01-15T01:34:02.000000
-1533314.688007 3605345.627025 -6026703.891489
4493.735254 -4603.485871 -3899.714458
UTC=2024-01-15T01:36:02.000000
-988719.145369 3022003.023296 -6447001.794773
4569.777392 -5106.643353 -3096.335292
UTC=2024-01-15T01:38:02.000000
-439694.351168 2382861.982115 -6767936.514085
4567.707298 -5532.071571 -2245.781726
UTC=2024-01-15T01:40:02.000000
104466.613416 1697725.105727 -6984622.455146
4489.079105 -5872.062189 -1361.069999
UTC=2024-01-15T01:42:02.000000
634733.148645 977242.149012 -7093766.110122
4336.703400 -6120.222729 -455.687577
UTC=2024-01-15T01:44:02.000000
1142484.056422 232745.805581 -7093711.333594
4114.579938 -6271.579800 456.595417
UTC=2024-01-15T01:46:02.000000
1619645.071581 -523924.164598 -6984461.676801
3827.807943 -6322.668155 1361.920075
UTC=2024-01-15T01:48:02.000000
2058814.632125 -1280605.829658 -6767679.620442
3482.482273 -6271.592489 2246.526529
UTC=2024-01-15T01:50:02.000000
2453376.935904 -2025006.491869 -6446663.701193
3085.584815 -6118.074808 3096.938590
UTC=2024-01-15T01:52:02.000000
2797601.105842 -2744898.608208 -6026303.466543
2644.861598 -5863.483535 3900.144495
UTC=2024-01-15T01:54:02.000000
3086725.402877 -3428318.868205 -5513012.807742
2168.696711 -5510.855542 4643.784397
UTC=2024-01-15T01:56:02.000000
3317025.182632 -4063767.776018 -4914639.410027
1665.964406 -5064.876564 5316.353532
UTC=2024-01-15T01:58:02.000000
3485862.187818 -4640404.345542 -4240351.417683
1145.871203 -4531.826156 5907.375822
UTC=2024-01-15T02:00:02.000000
3591715.251656 -5148233.585253 -3500504.290955
617.803077 -3919.512164 6407.566294
UTC=2024-01-15T02:02:02.000000
3634192.270039 -5578284.772147 -2706487.884199
91.163221 -3237.179168 6808.997735
UTC=2024-01-15T02:04:02.000000
3614021.918952 -5922776.062956 -1870554.061682
-424.800014 -2495.371151 7105.252689
UTC=2024-01-15T02:06:02.000000
3533025.084442 -6175260.835573 -1005628.101124
-921.159151 -1705.769485 7291.543915
UTC=2024-01-15T02:08:02.000000
3394066.323880 -6330753.143498 -125106.661392
-1389.475041 -881.002083 7364.816359
UTC=2024-01-15T02:10:02.000000
3200985.536198 -6385828.206174 757354.093256
-1821.955458 -34.423378 7323.806226
UTC=2024-01-15T02:12:02.000000
2958511.999612 -6338696.151789 1628055.489731
-2211.591842 820.112434 7169.073495
UTC=2024-01-15T02:14:02.000000
2672162.404789 -6189246.861410 2473475.827954
-2552.289594 1668.507458 6903.002276
UTC=2024-01-15T02:16:02.000000
2348124.464343 -5939063.815202 3280486.511429
-2838.974776 2496.674636 6529.749249
UTC=2024-01-15T02:18:02.000000
1993129.538291 -5591407.962284 4036560.293954
-3067.671579 3290.783138 6055.165535
UTC=2024-01-15T02:20:02.000000
1614317.255435 -5151172.475357 4729968.807008
-3235.558423 4037.500583 5486.694536
UTC=2024-01-15T02:22:02.000000
1219095.120499 -4624808.897016 5349965.905068
-3340.995103 4724.222727 4833.240527
UTC=2024-01-15T02:24:02.000000
814995.889134 -4020226.670765 5886954.359069
-3383.534428 5339.291924 4105.019628
UTC=2024-01-15T02:26:02.000000
409535.186176 -3346667.147136 6332632.439950
-3363.903198 5872.196888 3313.375586
UTC=2024-01-15T02:28:02.000000
10073.080506 -2614556.051451 6680117.905936
-3283.958546 6313.734350 2470.591649
UTC=2024-01-15T02:30:02.000000
-376318.028078 -1835337.876031 6924049.446750
-3146.626049 6656.149770 1589.701734
UTC=2024-01-15T02:32:02.000000
-742977.185374 -1021294.551700 7060665.385533
-2955.823850 6893.260066 684.300361
UTC=2024-01-15T02:34:02.000000
-1083768.713156 -185350.200200 7087859.040572
-2716.372285 7020.560316 -231.658323
UTC=2024-01-15T02:36:02.000000
-1393184.432149 659135.070187 7005209.423995
-2433.890813 7035.299436 -1144.067842
UTC=2024-01-15T02:38:02.000000
-1666432.638070 1498578.927965 6813987.251071
-2114.681157 6936.531233 -2038.873429
UTC=2024-01-15T02:40:02.000000
-1899512.640648 2319395.263430 6517136.604582
-1765.603883 6725.141669 -2902.274013
UTC=2024-01-15T02:42:02.000000
-2089273.986276 3108214.565858 6119232.385367
-1393.946476 6403.853411 -3720.924097
UTC=2024-01-15T02:44:02.000000
-2233459.428892 3852103.181340 5626413.614177
-1007.284878 5977.201672 -4482.132422
UTC=2024-01-15T02:46:02.000000
-2330731.198884 4538778.231133 5046293.456422
-613.344281 5451.487810 -5174.054112
UTC=2024-01-15T02:48:02.000000
-2380680.219099 5156815.215383 4387845.884033
-219.852870 4834.700561 -5785.885003
UTC=2024-01-15T02:50:02.000000
-2383817.628064 5695844.095038 3661269.855710
165.604758 4136.404171 -6308.042211
UTC=2024-01-15T02:52:02.000000
-2341548.869144 6146729.870499 2877832.537321
535.731908 3367.591076 -6732.330695
UTC=2024-01-15T02:54:02.000000
-2256130.719431 6501733.783436 2049694.064075
883.659186 2540.508912 -7052.084888
UTC=2024-01-15T02:56:02.000000
-2130611.888336 6754652.201248 1189716.435013
1203.078723 1668.459202 -7262.290314
UTC=2024-01-15T02:58:02.000000
-1968758.202765 6900929.653489 311259.661260
1488.365159 765.570405 -7359.673961
UTC=2024-01-15T03:00:02.000000
-1774964.306835 6937743.534810 -572031.173828
1734.679468 -153.446506 -7342.765407
UTC=2024-01-15T03:02:02.000000
-1554153.762487 6864058.649608 -1446444.658546
1938.059886 -1073.558782 -7211.933452
UTC=2024-01-15T03:04:02.000000
-1311669.084866 6680648.467647 -2298423.710235
2095.494635 -1979.702903 -6969.372817
UTC=2024-01-15T03:06:02.000000
-1053155.082714 6390082.391770 -3114780.880904
2204.962313 -2857.052023 -6619.036587
UTC=2024-01-15T03:08:02.000000
-784438.597075 5996682.550898 -3882904.506044
2265.452024 -3691.261077 -6166.553220
UTC=2024-01-15T03:10:02.000000
-511407.081960 5506451.466594 -4590953.886341
2276.962621 -4468.708428 -5619.123428
UTC=2024-01-15T03:12:02.000000
-239888.474108 4926971.504737 -5228040.024021
2240.482269 -5176.719521 -4985.383891
UTC=2024-01-15T03:14:02.000000
24465.376732 4267279.163549 -5784389.037922
2157.949517 -5803.765343 -4275.257010
UTC=2024-01-15T03:16:02.000000
276289.443802 3537716.497691 -6251486.546387
2032.194741 -6339.643569 -3499.782134
UTC=2024-01-15T03:18:02.000000
510608.060888 2749762.565606 -6622200.702733
1866.862795 -6775.628402 -2670.930863
UTC=2024-01-15T03:20:02.000000
722927.450866 1915849.008430 -6890882.849152
1666.325189 -7104.586290 -1801.420852
UTC=2024-01-15T03:22:02.000000
909317.209217 1049163.082028 -7053446.091021
1435.582457 -7321.072221 -904.532769
UTC=2024-01-15T03:24:02.000000
1066479.392618 163440.237534 -7107421.525802
1180.157098 -7421.404753 6.078867
UTC=2024-01-15T03:26:02.000000
1191804.483856 -727250.856059 -7051991.724736
905.980568 -7403.718386 916.576822
UTC=2024-01-15T03:28:02.000000
1283413.303658 -1608727.881380 -6888000.994546
619.274013 -7267.985960 1813.133461
UTC=2024-01-15T03:30:02.000000
1340184.700197 -2466915.744872 -6617943.362904
326.430474 -7016.021090 2682.110565
UTC=2024-01-15T03:32:02.000000
1361769.018772 -3288067.129940 -6245929.169193
33.894264 -6651.471326 3510.238598
UTC=2024-01-15T03:34:02.000000
1348586.605794 -4058981.346732 -5777629.304037
-251.966556 -6179.791421 4284.811870
UTC=2024-01-15T03:36:02.000000
1301811.314733 -4767217.278361 -5220195.617247
-524.981280 -5608.171489 4993.883659
UTC=2024-01-15T03:38:02.000000
1223339.677094 -5401296.252631 -4582159.305969
-779.296251 -4945.446553 5626.440521
UTC=2024-01-15T03:40:02.000000
1115745.599359 -5950893.179052 -3873308.204952
-1009.494982 -4201.985893 6172.582363
UTC=2024-01-15T03:42:02.000000
982221.146421 -6407011.921019 -3104542.671259
-1210.708776 -3389.541882 6623.693693
UTC=2024-01-15T03:44:02.000000
826504.737568 -6762140.944584 -2287712.210171
-1378.716126 -2521.074255 6972.595202
UTC=2024-01-15T03:46:02.000000
652797.993590 -7010386.296715 -1435434.670615
-1510.032857 -1610.546111 7213.681746
UTC=2024-01-15T03:48:02.000000
465672.423272 -7147578.141633 -560900.305502
-1601.989453 -672.688376 7343.034205
UTC=2024-01-15T03:50:02.000000
269968.061835 -7171347.784925 322335.524314
-1652.788099 277.254008 7358.496611
UTC=2024-01-15T03:52:02.000000
70686.326580 -7081173.648272 1200566.995432
-1661.541667 1223.785398 7259.722806
UTC=2024-01-15T03:54:02.000000
-127120.596380 -6878395.039205 2060156.391007
-1628.292681 2151.433187 7048.194096
UTC=2024-01-15T03:56:02.000000
-318461.392219 -6566192.567047 2887752.609151
-1554.010749 3045.028368 6727.199533
UTC=2024-01-15T03:58:02.000000
-498515.604367 -6149534.906862 3670504.843539
-1440.568146 3889.984343 6301.773506
UTC=2024-01-15T04:00:02.000000
-662739.496714 -5635093.537511 4396265.996672
-1290.695984 4672.545379 5778.592237
UTC=2024-01-15T04:02:02.000000
-806965.655014 -5031129.380637 5053783.089786
-1107.922993 5380.014487 5165.859669
UTC=2024-01-15T04:04:02.000000
-927493.933315 -4347352.868915 5632872.130479
-896.493841 6000.961872 4473.163397
UTC=2024-01-15T04:06:02.000000
-1021172.025703 -3594760.607286 6124574.878216
-661.278173 6525.411156 3711.315796
UTC=2024-01-15T04:08:02.000000
-1085464.223822 -2785451.068264 6521294.588014
-407.664140 6944.995702 2892.162736
UTC=2024-01-15T04:10:02.000000
-1118506.788443 -1932424.610117 6816908.318608
-141.443864 7253.066206 2028.391329
UTC=2024-01-15T04:12:02.000000
-1119149.471816 -1049371.886081 7006856.986910
131.302828 7444.781817 1133.347116
UTC=2024-01-15T04:14:02.000000
-1086982.895946 -150452.121942 7088212.470025
404.328652 7517.182443 220.832440
UTC=2024-01-15T04:16:02.000000
-1022351.005539 749934.951548 7059720.129930
671.347340 7469.223724 -695.096630
UTC=2024-01-15T04:18:02.000000
-926347.924927 1637380.040718 6921817.190740
926.163577 7301.790511 -1600.332973
UTC=2024-01-15T04:20:02.000000
-800799.429353 2497695.155380 6676626.512898
1162.799163 7017.681616 -2480.923799
UTC=2024-01-15T04:22:02.000000
-648229.544428 3317141.028756 6327925.902619
1375.614539 6621.568125 -3323.272626
UTC=2024-01-15T04:24:02.000000
-471812.879110 4082648.202661 5881093.293001
1559.425470 6119.929040 -4114.341334
UTC=2024-01-15T04:26:02.000000
-275313.185896 4782028.468531 5343027.762907
1709.614928 5520.955095 -4841.846794
UTC=2024-01-15T04:28:02.000000
-63009.086357 5404173.688615 4722047.619615
1822.235218 4834.435812 -5494.451719
UTC=2024-01-15T04:30:02.000000
160391.934579 5939238.724744 4027764.893490
1894.100032 4071.599635 -6061.960415
UTC=2024-01-15T04:32:02.000000
389849.386509 6378803.099929 3270939.326501
1922.856686 3244.938245 -6535.462863
UTC=2024-01-15T04:34:02.000000
620093.944215 6716013.181559 2463313.985484
1907.055105 2368.035202 -6907.514548
UTC=2024-01-15T04:36:02.000000
845738.828894 6945697.382880 1617429.499361
1846.191304 1455.297713 -7172.281731
UTC=2024-01-15T04:38:02.000000
1061394.511913 7064450.306174 746425.331878
1740.726246 521.712525 -7325.633936
UTC=2024-01-15T04:40:02.000000
1261784.963541 7070686.434339 -136169.514269
1592.088615 -417.420329 -7365.218582
UTC=2024-01-15T04:42:02.000000
1441862.543540 6964661.444381 -1016652.616544
1402.650127 -1346.760366 -7290.501086
UTC=2024-01-15T04:44:02.000000
1596918.645395 6748460.779843 -1881366.692695
1175.680903 -2251.195985 -7102.766272
UTC=2024-01-15T04:46:02.000000
1722687.996048 6425956.378377 -2716916.579792
915.287862 -3116.107241 -6805.090612
UTC=2024-01-15T04:48:02.000000
1815444.439135 6002732.301535 -3510380.899686
626.334580 -3927.619805 -6402.281003
UTC=2024-01-15T04:50:02.000000
1872086.127681 5485980.838998 -4249514.348229
314.345492 -4672.841929 -5900.779852
UTC=2024-01-15T04:52:02.000000
1890208.342083 4884371.594103 -4922936.621717
-14.604670 -5340.075890 -5308.537883
UTC=2024-01-15T04:54:02.000000
1868162.326346 4207897.281586 -5520304.579193
-354.011648 -5918.993829 -4634.864312
UTC=2024-01-15T04:56:02.000000
1805099.411109 3467700.447062 -6032465.762818
-697.066349 -6400.782180 -3890.267485
UTC=2024-01-15T04:58:02.000000
1700999.688607 2675884.122859 -6451592.024735
-1036.787573 -6778.263755 -3086.279698
UTC=2024-01-15T05:00:02.000000
1556684.746123 1845310.098813 -6771291.116720
-1366.152807 -7045.980476 -2235.269448
UTC=2024-01-15T05:02:02.000000
1373815.019703 989389.176937 -6986696.125450
-1678.225266 -7200.248351 -1350.260473
UTC=2024-01-15T05:04:02.000000
1154871.644602 121865.818414 -7094532.966955
-1966.285207 -7239.193849 -444.744213
UTC=2024-01-15T05:06:02.000000
903122.694000 -743399.929218 -7093165.042996
-2223.957608 -7162.763856 467.511696
UTC=2024-01-15T05:08:02.000000
622574.517709 -1592650.081512 -6982614.739561
-2445.331771 -6972.706777 1372.656400
UTC=2024-01-15T05:10:02.000000
317909.324701 -2412442.542484 -6764562.513286
-2625.072565 -6672.531695 2256.934783
UTC=2024-01-15T05:12:02.000000
-5590.630022 -3189859.853290 -6442324.878873
-2758.533096 -6267.465431 3106.867091
UTC=2024-01-15T05:14:02.000000
-342131.950172 -3912711.329658 -6020809.232975
-2841.856170 -5764.377509 3909.450678
UTC=2024-01-15T05:16:02.000000
-685510.086088 -4569724.064447 -5506445.535316
-2872.060622 -5171.677327 4652.341815
UTC=2024-01-15T05:18:02.000000
-1029219.417071 -5150721.062954 -4907096.303735
-2847.122228 -4499.199222 5324.039473
UTC=2024-01-15T05:20:02.000000
-1366572.223669 -5646783.910854 -4231944.354244
-2766.039653 -3758.058947 5914.069887
UTC=2024-01-15T05:22:02.000000
-1690824.411873 -6050396.554746 -3491358.891777
-2628.880650 -2960.482868 6413.161626
UTC=2024-01-15T05:24:02.000000
-1995305.575185 -6355567.192210 -2696741.508307
-2436.808384 -2119.615221 6813.404941
UTC=2024-01-15T05:26:02.000000
-2273551.018427 -6557925.955816 -1860353.933873
-2192.087158 -1249.307086 7108.396981
UTC=2024-01-15T05:28:02.000000
-2519433.012232 -6654795.990930 -995129.374586
-1898.063706 -363.883841 7293.368258
UTC=2024-01-15T05:30:02.000000
-2727288.389757 -6645235.465542 -114470.275408
-1559.124810 522.106002 7365.281296
UTC=2024-01-15T05:32:02.000000
-2892039.526569 -6530048.730357 767963.684995
-1180.629408 1394.151207 7322.893893
UTC=2024-01-15T05:34:02.000000
-3009305.784212 -6311766.319687 1638473.121302
-768.818191 2238.036251 7166.788754
UTC=2024-01-15T05:36:02.000000
-3075502.849130 -5994594.059120 2483537.993347
-330.702314 3040.097054 6899.367966
UTC=2024-01-15T05:38:02.000000
-3087927.558731 -5584332.188719 3290033.630192
126.066489 3787.462670 6524.808713
UTC=2024-01-15T05:40:02.000000
-3044826.264452 -5088266.725052 4045439.430290
593.339421 4468.276021 6048.986164
UTC=2024-01-15T05:42:02.000000
-2945445.469237 -4515035.719335 4738036.491211
1062.621667 5071.891090 5479.366761
UTC=2024-01-15T05:44:02.000000
-2790064.049078 -3874473.374508 5357090.868090
1525.228553 5589.044359 4824.876216
UTC=2024-01-15T05:46:02.000000
-2580006.168939 -3177435.257756 5893019.565628
1972.451178 6011.997212 4095.742731
UTC=2024-01-15T05:48:02.000000
-2317634.394419 -2435608.789307 6337536.347093
2395.717885 6334.638074 3303.321442
UTC=2024-01-15T05:50:02.000000
-2006323.857056 -1661313.354586 6683776.353631
2786.750006 6552.556743 2459.916493
UTC=2024-01-15T05:52:02.000000
-1650417.868275 -867292.519432 6926398.598360
3137.714866 6663.100854 1578.586678
UTC=2024-01-15T05:54:02.000000
-1255165.799981 -66501.662963 7061663.721118
3441.365746 6665.390457 672.932933
UTC=2024-01-15T05:56:02.000000
-826645.040599 728103.728033 7087487.494576
3691.171110 6560.301250 -243.090898
UTC=2024-01-15T05:58:02.000000
-371667.287109 1503777.533895 7003471.492533
3881.444696 6350.440314 -1155.376780
UTC=2024-01-15T06:00:02.000000
102329.985075 2248187.771458 6810909.117683
4007.461244 6040.091657 -2049.870175
UTC=2024-01-15T06:02:02.000000
587405.047876 2949613.186137 6512766.751388
4065.556934 5635.134191 -2912.776149
UTC=2024-01-15T06:04:02.000000
1075244.440692 3597128.760941 6113640.729511
4053.212975 5142.942167 -3730.756870
UTC=2024-01-15T06:06:02.000000
1557304.715444 4180778.317935 5619690.449682
3969.125192 4572.266594 -4491.132196
UTC=2024-01-15T06:08:02.000000
2024961.544580 4691731.456830 5038547.725613
3813.257314 3933.094523 -5182.074419
UTC=2024-01-15T06:10:02.000000
2469664.036297 5122422.227745 4379202.798486
3586.872087 3236.482299 -5792.801886
UTC=2024-01-15T06:12:02.000000
2883091.052352 5466666.173555 3651868.280803
3292.535143 2494.367532 -6313.749768
UTC=2024-01-15T06:14:02.000000
3257306.978956 5719755.070522 2867823.524934
2934.102651 1719.384267 -6736.732759
UTC=2024-01-15T06:16:02.000000
3584914.414483 5878527.504741 2039238.789379
2516.677045 924.636000 -7055.111441
UTC=2024-01-15T06:18:02.000000
3859198.915701 5941410.287612 1178982.658596
2046.523223 123.452261 -7263.901337
UTC=2024-01-15T06:20:02.000000
4074262.816056 5908432.061362 300418.005107
1530.971648 -670.839726 -7359.863041
UTC=2024-01-15T06:22:02.000000
4225146.069898 5781208.122625 -582811.529837
978.295628 -1445.163507 -7341.561863
UTC=2024-01-15T06:24:02.000000
4307930.727751 5562896.311788 -1456999.373774
397.564904 -2186.923458 -7209.384474
UTC=2024-01-15T06:26:02.000000
4319827.040094 5258126.021127 -2308594.343909
-201.515720 -2884.225427 -6965.529437
UTC=2024-01-15T06:28:02.000000
4259239.037033 4872901.491521 -3124415.659396
-808.785358 -3526.081831 -6613.961119
UTC=2024-01-15T06:30:02.000000
4125808.045342 4414481.715792 -3891860.340586
-1413.814989 -4102.596441 -6160.328161
UTC=2024-01-15T06:32:02.000000
3920433.620279 3891239.921247 -4599098.601153
-2006.093450 -4605.117320 -5611.847816
UTC=2024-01-15T06:34:02.000000
3645272.424567 3312506.602120 -5235254.432059
-2575.211336 -5026.361034 -4977.175572
UTC=2024-01-15T06:36:02.000000
3303714.838059 2688399.080543 -5790569.104385
-3111.046053 -5360.510597 -4266.249402
UTC=2024-01-15T06:38:02.000000
2900340.087172 2029641.356562 -6256544.849315
-3603.933738 -5603.280063 -3490.118241
UTC=2024-01-15T06:40:02.000000
2440851.326771 1347377.900648 -6626067.435144
-4044.832386 -5751.951035 -2660.760542
UTC=2024-01-15T06:42:02.000000
1931992.042158 652984.944351 -6893506.346879
-4425.467762 -5805.377838 -1790.895694
UTC=2024-01-15T06:44:02.000000
1381445.940797 -42117.380211 -7054792.872789
-4738.465827 -5763.970610 -893.805271
UTC=2024-01-15T06:46:02.000000
797720.905209 -726650.154838 -7107476.630807
-4977.485360 -5629.665989 16.853967
UTC=2024-01-15T06:48:02.000000
190018.259949 -1389655.617589 -7050758.462614
-5137.325794 -5405.867528 927.249826
UTC=2024-01-15T06:50:02.000000
-431909.612913 -2020668.571350 -6885500.585522
-5214.018543 -5097.367970 1823.553906
UTC=2024-01-15T06:52:02.000000
-1057912.478714 -2609878.345827 -6614215.376152
-5204.914692 -4710.268895 2692.124624
UTC=2024-01-15T06:54:02.000000
-1677604.791752 -3148279.924384 -6241031.064947
-5108.749877 -4251.876227 3519.704329
UTC=2024-01-15T06:56:02.000000
-2280534.709069 -3627811.128324 -5771634.677387
-4925.690476 -3730.577522 4293.600267
UTC=2024-01-15T06:58:02.000000
-2856358.061815 -4041474.884844 -5213193.433222
-4657.369429 -3155.714506 5001.866756
UTC=2024-01-15T07:00:02.000000
-3395015.441883 -4383445.059634 -4574253.573177
-4306.898768 -2537.433829 5633.497560
UTC=2024-01-15T07:02:02.000000
-3886908.686744 -4649152.963464 -3864616.659458
-3878.848402 -1886.517378 6178.605047
UTC=2024-01-15T07:04:02.000000
-4323073.479994 -4835353.028294 -3095195.359176
-3379.203469 -1214.204661 6628.585643
UTC=2024-01-15T07:06:02.000000
-4695345.233460 -4940166.349529 -2277849.810292
-2815.292898 -532.000774 6976.276052
UTC=2024-01-15T07:08:02.000000
-4996514.476803 -4963100.558900 -1425206.516394
-2195.686936 148.524238 7216.087366
UTC=2024-01-15T07:10:02.000000
-5220468.212584 -4905045.351751 -550462.554656
-1530.065740 815.940206 7344.114709
UTC=2024-01-15T07:12:02.000000
-5362313.957372 -4768243.480453 332821.657843
-829.062911 1459.160141 7358.218784
UTC=2024-01-15T07:14:02.000000
-5418483.469120 -4556237.408992 1210937.724506
-104.082915 2067.642546 7258.078202
UTC=2024-01-15T07:16:02.000000
-5386813.107877 -4273792.076483 2070248.570803
632.904041 2631.585264 7045.201279
UTC=2024-01-15T07:18:02.000000
-5266598.876187 -3926795.509261 2897406.640094
1369.577290 3142.099433 6722.897533
UTC=2024-01-15T07:20:02.000000
-5058625.220317 -3522139.948394 3679566.691751
2093.487074 3591.359968 6296.216778
UTC=2024-01-15T07:22:02.000000
-4765167.132406 -3067586.313535 4404589.625271
2792.278792 3972.733911 5771.860797
UTC=2024-01-15T07:24:02.000000
-4389965.110646 -2571614.591577 5061233.516549
3453.917984 4280.883679 5158.056411
UTC=2024-01-15T07:26:02.000000
-3938174.243636 -2043264.138472 5639327.663668
4066.895415 4511.832388 4464.405087
UTC=2024-01-15T07:28:02.000000
-3416289.514882 -1491967.811884 6129928.271762
4620.420569 4663.003763 3701.727037
UTC=2024-01-15T07:30:02.000000
-2832048.162829 -927382.356386 6525454.580661
5104.610355 4733.244403 2881.887981
UTC=2024-01-15T07:32:02.000000
-2194310.210250 -359217.682241 6819802.627132
5510.661536 4722.817573 2017.601152
UTC=2024-01-15T07:34:02.000000
-1512919.885355 202930.878239 7008434.564136
5830.995164 4633.359955 1122.222091
UTC=2024-01-15T07:36:02.000000
-798551.421833 749743.900955 7088444.132652
6059.376027 4467.823731 209.556507
UTC=2024-01-15T07:38:02.000000
-62541.066162 1272331.872983 7058598.888739
6191.022664 4230.408521 -706.338354
UTC=2024-01-15T07:40:02.000000
683293.020166 1762379.702597 6919358.174006
6222.698262 3926.472182 -1611.357496
UTC=2024-01-15T07:42:02.000000
1426840.557785 2212279.429292 6672866.401215
6152.780173 3562.422448 -2491.555788
UTC=2024-01-15T07:44:02.000000
2155895.662480 2615248.844353 6322921.791062
5981.303240 3145.593060 -3333.347279
UTC=2024-01-15T07:46:02.000000
2858357.466491 2965434.904181 5874921.595031
5709.985974 2684.113883 -4123.700420
UTC=2024-01-15T07:48:02.000000
3522432.729002 3258000.838276 5335783.471005
5342.234630 2186.767688 -4850.341054
UTC=2024-01-15T07:50:02.000000
4136836.575658 3489195.124993 4713842.458230
4883.106236 1662.831701 -5501.951023
UTC=2024-01-15T07:52:02.000000
4690987.163033 3656400.927404 4018725.982091
4339.252720 1121.913517 -6068.335782
UTC=2024-01-15T07:54:02.000000
5175193.463191 3758166.017772 3261208.218749
3718.851010 573.785357 -6540.610748
UTC=2024-01-15T07:56:02.000000
5580830.388156 3794211.167855 2453042.473155
3031.465405 28.194431 -6911.362128
UTC=2024-01-15T07:58:02.000000
5900496.571991 3765416.608837 1606777.299587
2287.900639 -505.310832 -7174.770601
UTC=2024-01-15T08:00:02.000000
6128152.955754 3673787.705287 735558.148663
1500.024828 -1017.555993 -7326.723095
UTC=2024-01-15T08:02:02.000000
6259238.192148 3522399.635882 -147082.366486
680.561606 -1499.913043 -7364.889240
UTC=2024-01-15T08:04:02.000000
6290757.874335 3315322.177867 -1027440.930653
-157.135290 -1944.458393 -7288.757735
UTC=2024-01-15T08:06:02.000000
6221345.951691 3057526.512236 -1891862.323317
-999.321444 -2344.113370 -7099.638393
UTC=2024-01-15T08:08:02.000000
6051296.950455 2754776.783954 -2726956.310171
-1832.105304 -2692.758490 -6800.630770
UTC=2024-01-15T08:10:02.000000
5782568.989396 2413508.740437 -3519809.085055
-2641.692558 -2985.334831 -6396.561986
UTC=2024-01-15T08:12:02.000000
5418757.660968 2040697.701950 -4258185.157022
-3414.626067 -3217.918878 -5893.892939
UTC=2024-01-15T08:14:02.000000
4965041.160710 1643719.018623 -4930716.400330
-4138.025082 -3387.772821 -5300.594018
UTC=2024-01-15T08:16:02.000000
4428098.069047 1230204.409434 -5527073.859014
-4799.795995 -3493.362088 -4625.988388
UTC=2024-01-15T08:18:02.000000
3816001.498612 807897.759713 -6038120.716695
-5388.820895 -3534.349370 -3880.594534
UTC=2024-01-15T08:20:02.000000
3138091.259172 384512.761236 -6456045.558198
-5895.134065 -3511.569084 -3075.953655
UTC=2024-01-15T08:22:02.000000
2404826.234762 -32405.069119 -6774473.918179
-6310.071944 -3426.980321 -2224.442482
UTC=2024-01-15T08:24:02.000000
1627620.641101 -435609.663335 -6988557.444212
-6626.394781 -3283.603113 -1339.089442
UTC=2024-01-15T08:26:02.000000
818666.415534 -818277.293661 -7095041.263911
-6838.398629 -3085.442377 -433.392238
UTC=2024-01-15T08:28:02.000000
-9256.880269 -1174119.236577 -7092308.455359
-6942.004779 -2837.392832 478.880187
UTC=2024-01-15T08:30:02.000000
-842980.729059 -1497482.369461 -6980401.408982
-6934.818868 -2545.135792 1383.871057
UTC=2024-01-15T08:32:02.000000
-1669153.045579 -1783437.186573 -6761021.426523
-6816.182641 -2215.031325 2267.821033
UTC=2024-01-15T08:34:02.000000
-2474448.296783 -2027852.137034 -6437505.314339
-6587.198244 -1853.997293 3117.262892
UTC=2024-01-15T08:36:02.000000
-3245778.804976 -2227452.884707 -6014779.277271
-6250.726774 -1469.382067 3919.202772
UTC=2024-01-15T08:38:02.000000
-3970505.408056 -2379866.477441 -5499291.462078
-5811.379609 -1068.838432 4661.300635
UTC=2024-01-15T08:40:02.000000
-4636645.617145 -2483649.722446 -4898921.854897
-5275.479607 -660.185867 5332.064489
UTC=2024-01-15T08:42:02.000000
-5233074.689004 -2538300.642297 -4222869.438854
-4650.985342 -251.268244 5921.031995
UTC=2024-01-15T08:44:02.000000
-5749716.305680 -2544252.897476 -3481518.248558
-3947.393197 150.188318 6418.943264
UTC=2024-01-15T08:46:02.000000
-6177719.580058 -2502852.972740 -2686283.011868
-3175.605529 536.720225 6817.905959
UTC=2024-01-15T08:48:02.000000
-6509618.145080 -2416320.179001 -1849436.192642
-2347.765834 901.266729 7111.538795
UTC=2024-01-15T08:50:02.000000
-6739467.943095 -2287690.205721 -983919.079585
-1477.067893 1237.304179 7295.094811
UTC=2024-01-15T08:52:02.000000
-6862960.270304 -2120743.035007 -103139.579585
-577.535501 1538.971080 7365.557159
UTC=2024-01-15T08:54:02.000000
-6877507.215183 -1919916.603480 779239.596797
336.217045 1801.180675 7321.704401
UTC=2024-01-15T08:56:02.000000
-6782297.083187 -1690207.883845 1649518.675885
1249.244988 2019.716547 7164.142322
UTC=2024-01-15T08:58:02.000000
-6578317.889392 -1437063.803127 2494180.031147
2146.543023 2191.306517 6895.296272
UTC=2024-01-15T09:00:02.000000
-6268348.574428 -1166264.474537 3300104.153390
3013.311134 2313.677109 6519.366464
UTC=2024-01-15T09:02:02.000000
-5856918.652731 -883801.114687 4054778.694927
3835.217885 2385.586966 6042.257427
UTC=2024-01-15T09:04:02.000000
-5350236.109441 -595751.491684 4746496.591364
4598.660585 2406.833672 5471.462981
UTC=2024-01-15T09:06:02.000000
-4756086.301001 -308156.097016 5364538.330022
5290.986951 2378.236734 4815.924863
UTC=2024-01-15T09:08:02.000000
-4083705.616157 -26897.376653 5899337.007044
5900.699005 2301.603372 4085.885583
UTC=2024-01-15T09:10:02.000000
-3343631.163505 242415.710452 6342624.478146
6417.645790 2179.673576 3292.717809
UTC=2024-01-15T09:12:02.000000
-2547529.204588 494555.302128 6687555.687603
6833.182649 2016.044871 2448.735364
UTC=2024-01-15T09:14:02.000000
-1708006.341566 724772.307274 6928810.232335
7140.302304 1815.084292 1567.002621
UTC=2024-01-15T09:16:02.000000
-838406.362426 928883.117371 7062670.255782
7333.739697 1581.832062 661.129967
UTC=2024-01-15T09:18:02.000000
47403.431138 1103343.872459 7087073.899373
7410.045485 1321.891403 -254.925899
UTC=2024-01-15T09:20:02.000000
935253.573223 1245311.084891 7001644.938610
7367.640135 1041.312300 -1167.061219
UTC=2024-01-15T09:22:02.000000
1810898.913429 1352688.016315 6807698.271103
7206.844465 746.469438 -2061.228516
UTC=2024-01-15T09:24:02.000000
2660247.075504 1424155.940918 6508221.018057
6929.882476 443.933501 -2923.637777
UTC=2024-01-15T09:26:02.000000
3469586.029224 1459189.903282 6107829.722676
6540.864717 140.341417 -3740.956412
UTC=2024-01-15T09:28:02.000000
4225807.858336 1458058.737925 5612702.939011
6045.736549 -157.735814 -4500.516833
UTC=2024-01-15T09:30:02.000000
4916624.059193 1421809.390808 5030490.046973
5452.195280 -443.921722 -5190.502486
UTC=2024-01-15T09:32:02.000000
5530770.415286 1352235.989146 4370198.147322
4769.596951 -712.160927 -5800.134223
UTC=2024-01-15T09:34:02.000000
6058198.271458 1251833.876129 3642055.725097
4008.816827 -956.841171 -6319.865115
UTC=2024-01-15T09:36:02.000000
6490246.223684 1123739.469843 2857354.728866
3182.069125 -1172.909668 -6741.541631
UTC=2024-01-15T09:38:02.000000
6819789.298753 971656.568833 2028275.071060
2302.713295 -1355.977979 -7058.540168
UTC=2024-01-15T09:40:02.000000
7041363.481879 799771.332367 1167693.166117
1385.031367 -1502.409582 -7265.894760
UTC=2024-01-15T09:42:02.000000
7151261.338287 612657.257466 288977.377726
443.976140 -1609.396049 -7360.383584
UTC=2024-01-15T09:44:02.000000
7147597.191375 415172.285320 -594225.244425
-505.088911 -1675.013154 -7340.591993
UTC=2024-01-15T09:46:02.000000
7030339.522181 212350.286466 -1468207.614426
-1446.670826 -1698.256918 -7206.933672
UTC=2024-01-15T09:48:02.000000
6801309.963078 9289.521985 -2319421.314521
-2365.422252 -1679.059329 -6961.633825
UTC=2024-01-15T09:50:02.000000
6464149.664875 -188959.577436 -3134691.332475
-3246.409022 -1618.282542 -6608.680097
UTC=2024-01-15T09:52:02.000000
6024254.111058 -377504.571475 -3901423.113725
-4075.368503 -1517.691380 -6153.743196
UTC=2024-01-15T09:54:02.000000
5488677.744438 -551716.656068 -4607798.143687
-4838.952685 -1379.905159 -5604.064943
UTC=2024-01-15T09:56:02.000000
4866011.025963 -707329.332826 -5242954.201976
-5524.941537 -1208.330715 -4968.316866
UTC=2024-01-15T09:58:02.000000
4166233.955720 -840528.346244 -5797147.902085
-6122.425009 -1007.084994 -4256.448620
UTC=2024-01-15T10:00:02.000000
3400548.860856 -948031.732406 -6261898.275309
-6621.966142 -780.906475 -3479.521338
UTC=2024-01-15T10:02:02.000000
2581195.307476 -1027158.231573 -6630109.239473
-7015.733399 -535.049633 -2649.524173
UTC=2024-01-15T10:04:02.000000
1721251.298709 -1075882.474372 -6896169.805461
-7297.598577 -275.173391 -1779.188813
UTC=2024-01-15T10:06:02.000000
834424.163917 -1092876.973727 -7056032.130404
-7463.212023 -7.231016 -881.805243
UTC=2024-01-15T10:08:02.000000
-65166.367330 -1077540.251796 -7107267.278219
-7510.056685 262.651269 28.967088
UTC=2024-01-15T10:10:02.000000
-963209.773115 -1030010.356493 -7049098.057222
-7437.471976 528.293644 939.288860
UTC=2024-01-15T10:12:02.000000
-1845428.212220 -951164.142479 -6882409.572779
-7246.663162 783.583267 1835.326804
UTC=2024-01-15T10:14:02.000000
-2697799.664209 -842601.848418 -6609736.747071
-6940.682384 1022.596231 2703.449410
UTC=2024-01-15T10:16:02.000000
-3506776.846166 -706617.439005 -6235229.042094
-6524.381651 1239.713378 3530.407346
UTC=2024-01-15T10:18:02.000000
-4259500.367970 -546155.219230 -5764594.077252
-6004.364100 1429.733729 4303.513348
UTC=2024-01-15T10:20:02.000000
-4944004.255208 -364752.962668 -5205018.313254
-5388.898888 1587.984587 5010.838637
UTC=2024-01-15T10:22:02.000000
-5549409.144511 -166472.481765 -4565065.180529
-4687.807295 1710.420485 5641.391490
UTC=2024-01-15T10:24:02.000000
-6066101.020360 44181.305902 -3854552.061434
-3912.332687 1793.717061 6185.294768
UTC=2024-01-15T10:26:02.000000
-6485892.091453 262351.992063 -3084405.874142
-3074.971149 1835.352203 6633.960040
UTC=2024-01-15T10:28:02.000000
-6802159.732140 482932.015652 -2266499.183192
-2189.278392 1833.672576 6980.239526
UTC=2024-01-15T10:30:02.000000
-7009960.679476 700670.140398 -1413468.935857
-1269.650245 1787.942879 7218.561893
UTC=2024-01-15T10:32:02.000000
-7106117.754944 910283.456897 -538520.036406
-331.081746 1698.373810 7345.050695
UTC=2024-01-15T10:34:02.000000
-7089275.372674 1106571.593425 344783.298366
611.107733 1566.129691 7357.601406
UTC=2024-01-15T10:36:02.000000
-6959922.574603 1284530.583980 1222732.500110
1541.537274 1393.315961 7255.918014
UTC=2024-01-15T10:38:02.000000
-6720384.376683 1439464.024022 2081693.044121
2445.034180 1182.945692 7041.530391
UTC=2024-01-15T10:40:02.000000
-6374780.296990 1567088.828794 2908322.657455
3306.907802 938.883311 6717.772548
UTC=2024-01-15T10:42:02.000000
-5928950.565113 1663632.995048 3689784.552778
4113.212899 665.768115 6289.721932
UTC=2024-01-15T10:44:02.000000
-5390351.849296 1725923.142003 4413951.096754
4850.991892 368.921282 5764.101423
UTC=2024-01-15T10:46:02.000000
-4767925.671387 1751460.099165 5069594.026618
5508.488076 54.239649 5149.155028
UTC=2024-01-15T10:48:02.000000
-4071942.952658 1738481.031834 5646558.448169
6075.329681 -271.921493 4454.502830
UTC=2024-01-15T10:50:02.000000
-3313828.139799 1686007.047216 6135918.593430
6542.687504 -602.873128 3690.982660
UTC=2024-01-15T10:52:02.000000
-2505965.700228 1593875.469422 6530113.593840
6903.410915 -931.722916 2870.473198
UTC=2024-01-15T10:54:02.000000
-1661492.204081 1462756.053023 6823060.582482
7152.128604 -1251.512400 2005.695541
UTC=2024-01-15T10:56:02.000000
-794078.813593 1294150.752882 7010243.672615
7285.309110 -1555.352127 1110.011452
UTC=2024-01-15T10:58:02.000000
82291.567749 1090377.494094 7088779.008890
7301.292060 -1836.554208 197.227556
UTC=2024-01-15T11:00:02.000000
953549.842202 854538.091068 7057456.388455
7200.301382 -2088.762865 -718.602290
UTC=2024-01-15T11:02:02.000000
1805766.309529 590470.865394 6916756.777732
6984.432006 -2306.079364 -1623.379376
UTC=2024-01-15T11:04:02.000000
2625373.116489 302688.504980 6668845.659733
6657.611684 -2483.182443 -2503.160161
UTC=2024-01-15T11:06:02.000000
3399380.951581 -3698.106423 6317542.413779
6225.543434 -2615.441695 -3344.357905
UTC=2024-01-15T11:08:02.000000
4115587.112037 -323069.127294 5868265.033819
5695.616869 -2699.021260 -4133.949208
UTC=2024-01-15T11:10:02.000000
4762771.201821 -649396.762384 5327950.668261
5076.793235 -2730.971890 -4859.670498
UTC=2024-01-15T11:12:02.000000
5330875.764358 -976356.428007 4704952.892869
4379.468680 -2709.307873 -5510.210244
UTC=2024-01-15T11:14:02.000000
5811168.860942 -1297446.175617 4008916.193922
3615.309753 -2633.067708 -6075.394214
UTC=2024-01-15T11:16:02.000000
6196385.543297 -1606112.402200 3250628.964233
2797.065654 -2502.357028 -6546.359946
UTC=2024-01-15T11:18:02.000000
6480844.971279 -1895879.278535 2441856.472565
1938.351397 -2318.367959 -6915.712280
UTC=2024-01-15T11:20:02.000000
6660540.432310 -2160479.182881 1595156.728028
1053.413855 -2083.376027 -7177.653604
UTC=2024-01-15T11:22:02.000000
6733200.469705 -2393981.432515 723682.168075
156.884570 -1800.715591 -7328.090422
UTC=2024-01-15T11:24:02.000000
6698319.379977 -2590916.661180 -159029.918582
-736.483137 -1474.729678 -7364.711604
UTC=2024-01-15T11:26:02.000000
6557155.989867 -2746393.418579 -1039273.985410
-1612.077687 -1110.693484 -7287.028025
UTC=2024-01-15T11:28:02.000000
6312700.723968 -2856204.712389 -1903395.586906
-2455.694467 -714.721838 -7096.377677
UTC=2024-01-15T11:30:02.000000
5969611.525219 -2916921.977923 -2738008.809784
-3253.785672 -293.653003 -6795.889414
UTC=2024-01-15T11:32:02.000000
5534121.108062 -2925974.237965 -3530207.483825
-3993.689742 145.080391 -6390.416255
UTC=2024-01-15T11:34:02.000000
5013917.919107 -2881711.292772 -4267766.499216
-4663.838108 593.588180 -5886.438158
UTC=2024-01-15T11:36:02.000000
4418003.771727 -2783449.923393 -4939330.140136
-5253.939184 1043.669550 -5291.942707
UTC=2024-01-15T11:38:02.000000
3756530.751186 -2631501.933376 -5534584.230796
-5755.136048 1486.967504 -4616.273744
UTC=2024-01-15T11:40:02.000000
3040621.810697 -2427183.695307 -6044408.760806
-6160.119876 1915.120821 -3869.961816
UTC=2024-01-15T11:42:02.000000
2282179.949857 -2172807.906221 -6461010.256942
-6463.211172 2319.909591 -3064.557910
UTC=2024-01-15T11:44:02.000000
1493688.399298 -1871657.735063 -6778033.950611
-6660.428553 2693.404345 -2212.457720
UTC=2024-01-15T11:46:02.000000
688004.304615 -1527943.248812 -6990653.369989
-6749.523551 3028.108092 -1326.704483
UTC=2024-01-15T11:48:02.000000
-121849.568551 -1146741.807777 -7095636.646391
-6729.983548 3317.084325 -420.800595
UTC=2024-01-15T11:50:02.000000
-922892.296107 -733923.269486 -7091390.310557
-6603.013472 3554.080869 491.480352
UTC=2024-01-15T11:52:02.000000
-1702388.981879 -296060.821078 -6977980.813597
-6371.502043 3733.647240 1396.278671
UTC=2024-01-15T11:54:02.000000
-2448049.645312 159671.873645 -6757133.183597
-6039.963425 3851.242195 2279.842823
UTC=2024-01-15T11:56:02.000000
-3148219.502200 625615.442751 -6432206.947070
-5614.455700 3903.326922 3128.712342
UTC=2024-01-15T11:58:02.000000
-3792058.961097 1093750.321672 -6008150.420311
-5102.491597 3887.449897 3929.899016
UTC=2024-01-15T12:00:02.000000
-4369711.964991 1555831.507464 -5491432.665901
-4512.929886 3802.315744 4671.076577
UTC=2024-01-15T12:02:02.000000
-4872459.711402 2003530.958889 -4889952.990964
-3855.842842 3647.844907 5340.765111
UTC=2024-01-15T12:04:02.000000
-5292857.250980 2428586.013258 -4212927.950625
-3142.360145 3425.209318 5928.520933
UTC=2024-01-15T12:06:02.000000
-5624849.746146 2822950.167998 -3470756.628986
-2384.490478 3136.839809 6425.105642
UTC=2024-01-15T12:08:02.000000
-5863866.800175 3178943.805689 -2674866.414784
-1594.932576 2786.416922 6822.645300
UTC=2024-01-15T12:10:02.000000
-6006892.792573 3489402.392157 -1837540.230830
-786.863795 2378.836626 7114.777722
UTC=2024-01-15T12:12:02.000000
-6052510.800876 3747818.765825 -971727.366366
26.287324 1920.146029 7296.777637
UTC=2024-01-15T12:14:02.000000
-6000918.598683 3948476.072072 -90841.055731
831.076721 1417.452915 7365.651189
UTC=2024-01-15T12:16:02.000000
-5853916.329754 4086568.425496 791453.712368
1614.283479 878.810495 7320.205537
UTC=2024-01-15T12:18:02.000000
-5614864.881049 4158305.988646 1661458.503018
2363.155624 313.074610 7161.076466
UTC=2024-01-15T12:20:02.000000
-5288615.781889 4161001.965331 2505660.443377
3065.637609 -270.254337 6890.715856
UTC=2024-01-15T12:22:02.000000
-4881415.038737 4093139.884922 3310947.750886
3710.576742 -861.200210 6513.347944
UTC=2024-01-15T12:24:02.000000
-4400782.987023 3954419.781744 4064818.477992
4287.917436 -1449.496106 6034.896112
UTC=2024-01-15T12:26:02.000000
-3855372.476746 3745781.640297 4755577.903602
4788.864030 -2024.774091 5462.870097
UTC=2024-01-15T12:28:02.000000
-3254809.424461 3469406.470697 5372521.212018
5206.015662 -2576.749358 4806.235043
UTC=2024-01-15T12:30:02.000000
-2609518.495514 3128695.080103 5906099.009361
5533.475513 -3095.407457 4075.254830
UTC=2024-01-15T12:32:02.000000
-1930537.882341 2728224.830283 6348062.866190
5766.925122 -3571.182522 3281.318296
UTC=2024-01-15T12:34:02.000000
-1229326.785617 2273685.481637 6691589.129494
5903.670960 -3995.128104 2436.749280
UTC=2024-01-15T12:36:02.000000
-517569.683890 1771795.454817 6931379.101776
5942.650073 -4359.070062 1554.608988
UTC=2024-01-15T12:38:02.000000
193018.743237 1230200.559219 7063736.442397
5884.419966 -4655.749582 648.509051
UTC=2024-01-15T12:40:02.000000
890886.605127 657356.134390 7086620.979061
5731.128301 -4878.953275 -267.593405
UTC=2024-01-15T12:42:02.000000
1564832.325868 62394.662741 6999678.095701
5486.454929 -5023.626810 -1179.595853
UTC=2024-01-15T12:44:02.000000
2204184.181320 -545019.599795 6804244.262107
5155.536718 -5085.977880 -2073.449790
UTC=2024-01-15T12:46:02.000000
2798969.644197 -1154847.449348 6503328.300019
4744.872884 -5063.561591 -2935.365102
UTC=2024-01-15T12:48:02.000000
3340072.391983 -1756840.446418 6101568.277513
4262.214255 -4955.345716 -3752.011681
UTC=2024-01-15T12:50:02.000000
3819374.735174 -2340713.552675 5605163.976302
3716.429502 -4761.757472 -4510.724800
UTC=2024-01-15T12:52:02.000000
4229882.730295 -2896321.625412 5021785.312913
3117.352844 -4484.703418 -5199.698070
UTC=2024-01-15T12:54:02.000000
4565832.307277 -3413837.319573 4360458.076383
2475.619019 -4127.571558 -5808.171358
UTC=2024-01-15T12:56:02.000000
4822774.584569 -3883927.440144 3631427.321777
1802.481553 -3695.202283 -6326.612709
UTC=2024-01-15T12:58:02.000000
4997638.531015 -4297923.962012 2845999.859174
1109.617370 -3193.828871 -6746.884655
UTC=2024-01-15T13:00:02.000000
5088769.283062 -4647986.043942 2016367.872896
408.916320 -2630.986999 -7062.390087
UTC=2024-01-15T13:02:02.000000
5095940.794980 -4927249.572620 1155416.867816
-287.733268 -2015.398306 -7268.187997
UTC=2024-01-15T13:04:02.000000
5020342.834534 -5129961.202665 276521.262283
-968.658828 -1356.827899 -7361.083268
UTC=2024-01-15T13:06:02.000000
4864542.343374 -5251593.642872 -606668.853476
-1622.613489 -665.914911 -7339.683074
UTC=2024-01-15T13:08:02.000000
4632420.414072 -5288939.449669 -1480445.887425
-2238.975116 46.015342 -7204.423567
UTC=2024-01-15T13:10:02.000000
4329085.575196 -5240181.155602 -2331263.763627
-2807.937992 767.156720 -6957.554295
UTC=2024-01-15T13:12:02.000000
3960765.732618 -5104936.299260 -3145952.839806
-3320.677655 1485.434879 -6603.089076
UTC=2024-01-15T13:14:02.000000
3534681.472430 -4884276.544061 -3911927.012317
-3769.495369 2188.724391 -6146.723080
UTC=2024-01-15T13:16:02.000000
3058903.813690 -4580721.040578 -4617379.103465
-4147.933345 2865.061515 -5595.723007
UTC=2024-01-15T13:18:02.000000
2542199.562942 -4198204.249544 -5251461.462336
-4450.865272 3502.855917 -4958.788345
UTC=2024-01-15T13:20:02.000000
1993867.895812 -3742019.224768 -5804448.187599
-4674.550536 4091.084814 -4245.887570
UTC=2024-01-15T13:22:02.000000
1423572.357225 -3218739.015603 -6267877.505108
-4816.660079 4619.465878 -3468.093492
UTC=2024-01-15T13:24:02.000000
841170.728272 -2636117.752351 -6634674.084566
-4876.285114 5078.623997 -2637.410603
UTC=2024-01-15T13:26:02.000000
256545.393253 -2002972.280073 -6899249.668504
-4853.918758 5460.246293 -1766.586475
UTC=2024-01-15T13:28:02.000000
-320562.374219 -1329046.626800 -7057580.625008
-4751.410468 5757.212458 -868.919125
UTC=2024-01-15T13:30:02.000000
-880711.562114 -624862.070990 -7107262.774376
-4571.904025 5963.705809 41.929392
UTC=2024-01-15T13:32:02.000000
-1414912.574073 98445.212684 -7047543.879087
-4319.766122 6075.309546 952.120707
UTC=2024-01-15T13:34:02.000000
-1914768.777734 829297.050261 -6879333.356730
-4000.495996 6089.085596 1847.829785
UTC=2024-01-15T13:36:02.000000
-2372606.104637 1555854.740965 -6605189.601505
-3620.618470 6003.639083 2715.429793
UTC=2024-01-15T13:38:02.000000
-2781589.340080 2266207.043176 -6229285.117416
-3187.570405 5819.161978 3541.675960
UTC=2024-01-15T13:40:02.000000
-3135824.310140 2948562.608749 -5757349.606939
-2709.576765 5537.463861 4313.891318
UTC=2024-01-15T13:42:02.000000
-3430444.363004 3591444.700629 -5196590.522216
-2195.514893 5161.977549 5020.155164
UTC=2024-01-15T13:44:02.000000
-3661679.972634 4183885.048715 -4555590.913070
-1654.766469 4697.738741 5649.492959
UTC=2024-01-15T13:46:02.000000
-3826909.464019 4715613.394283 -3844184.849596
-1097.052168 4151.333787 6192.057800
UTC=2024-01-15T13:48:02.000000
-3924689.393680 5177238.862739 -3073312.183776
-532.260483 3530.817046 6639.291974
UTC=2024-01-15T13:50:02.000000
-3954764.716242 5560420.057567 -2254854.922443
29.718665 2845.605727 6984.074882
UTC=2024-01-15T13:52:02.000000
-3918058.523279 5858020.916809 -1401456.406692
579.169441 2106.347066 7220.859384
UTC=2024-01-15T13:54:02.000000
-3816640.342945 6064248.665744 -526325.230715
1106.730466 1324.749630 7345.788428
UTC=2024-01-15T13:56:02.000000
-3653673.275373 6174769.145022 356972.428776
1603.562659 513.382050 7356.768760
UTC=2024-01-15T13:58:02.000000
-3433341.881823 6186797.810735 1234727.911333
2061.508513 -314.535311 7253.526291
UTC=2024-01-15T14:00:02.000000
-3160760.687052 6099163.760560 2093309.866350
2473.250535 -1145.370232 7037.622181
UTC=2024-01-15T14:02:02.000000
-2841865.172347 5912343.975371 2919383.043073
2832.442945 -1965.332600 6712.421025
UTC=2024-01-15T14:04:02.000000
-2483288.804454 5628467.354046 3700120.758668
3133.813250 -2760.720390 6283.020850
UTC=2024-01-15T14:06:02.000000
-2092229.303895 5251289.810652 4423407.651923
3373.241025 -3518.158663 5756.161489
UTC=2024-01-15T14:08:02.000000
-1676306.858092 4786140.880352 5078029.801698
3547.812827 -4224.832930 5140.105365
UTC=2024-01-15T14:10:02.000000
-1243417.040290 4239843.059260 5653849.089856
3655.855548 -4868.711247 4444.493166
UTC=2024-01-15T14:12:02.000000
-801581.643437 3620605.428976 6141958.513150
3696.936043 -5438.747395 3680.174202
UTC=2024-01-15T14:14:02.000000
-358801.026122 2937894.268685 6534816.708851
3671.839742 -5925.062998 2859.028335
UTC=2024-01-15T14:16:02.000000
77089.761580 2202283.310628 6826360.140275
3582.527375 -6319.102316 1993.774936
UTC=2024-01-15T14:18:02.000000
498558.596768 1425286.646204 7012092.555155
3432.075852 -6613.770956 1097.782700
UTC=2024-01-15T14:20:02.000000
898505.701015 619176.007081 7089150.564042
3224.599085 -6803.551816 184.863059
UTC=2024-01-15T14:22:02.000000
1270382.511917 -203213.780783 7056344.817234
2965.153533 -6884.590484 -730.926633
UTC=2024-01-15T14:24:02.000000
1608298.586207 -1028689.022094 6914177.805780
2659.632824 -6854.771476 -1635.481040
UTC=2024-01-15T14:26:02.000000
1907115.125457 -1843909.033590 6664837.058019
2314.650268 -6713.765473 -2514.855088
UTC=2024-01-15T14:28:02.000000
2162523.837231 -2635602.105710 6312163.930278
1937.412565 -6463.054024 -3355.464304
UTC=2024-01-15T14:30:02.000000
2371110.087533 -3390783.040488 5861597.971552
1535.583842 -6105.927861 -4144.290511
UTC=2024-01-15T14:32:02.000000
2530399.167113 -4096968.579979 5320096.847293
1117.140740 -5647.453590 -4869.082450
UTC=2024-01-15T14:34:02.000000
2638884.970838 -4742387.080768 4696032.951146
690.225952 -5094.413319 -5518.543227
UTC=2024-01-15T14:36:02.000000
2696041.214969 -5316179.634708 3999067.701871
263.001913 -4455.219814 -6082.517071
UTC=2024-01-15T14:38:02.000000
2702314.458299 -5808588.764451 3240003.948069
-156.506155 -3739.794964 -6552.162572
UTC=2024-01-15T14:40:02.000000
2659098.359606 -6211130.789623 2430618.838779
-560.563360 -2959.418186 -6920.107640
UTC=2024-01-15T14:42:02.000000
2568689.984874 -6516747.656466 1583479.253270
-941.871265 -2126.536806 -7180.580641
UTC=2024-01-15T14:44:02.000000
2434229.276604 -6719934.898133 711743.706397
-1293.702038 -1254.562078 -7329.507281
UTC=2024-01-15T14:46:02.000000
2259622.907697 -6816844.283854 -171046.307630
-1610.024555 -357.646904 -7364.590405
UTC=2024-01-15T14:48:02.000000
2049453.762598 -6805357.883917 -1051183.121714
-1885.618243 549.568081 -7285.362860
UTC=2024-01-15T14:50:02.000000
1808877.367653 -6685130.217956 -1915013.023018
-2116.173533 1452.227209 -7093.185667
UTC=2024-01-15T14:52:02.000000
1543508.201103 -6457598.577358 -2749153.589080
-2298.361178 2335.517023 -6791.213856
UTC=2024-01-15T14:54:02.000000
1259298.838481 -6125961.430096 -3540705.737735
-2429.879894 3184.942866 -6384.330948
UTC=2024-01-15T14:56:02.000000
962415.404907 -5695125.265830 -4277454.833750
-2509.474267 3986.570872 -5879.043539
UTC=2024-01-15T14:58:02.000000
659111.557485 -5171623.289579 -4948058.527636
-2536.939424 4727.260658 -5283.359685
UTC=2024-01-15T15:00:02.000000
355603.446870 -4563507.277869 -5542218.153131
-2513.099989 5394.876066 -4606.640508
UTC=2024-01-15T15:02:02.000000
57948.452598 -3880215.506155 -6050831.623185
-2439.769240 5978.474998 -3859.439431
UTC=2024-01-15T15:04:02.000000
-228070.086146 -3132419.275199 -6466125.958893
-2319.689865 6468.473897 -3053.324678
UTC=2024-01-15T15:06:02.000000
-497050.046257 -2331851.436378 -6781768.170451
-2156.459327 6856.784785 -2200.696966
UTC=2024-01-15T15:08:02.000000
-744067.977603 -1491119.935466 -6992953.936308
-1954.442391 7136.926997 -1314.602318
UTC=2024-01-15T15:10:02.000000
-964765.363834 -623509.421089 -7096473.948238
-1718.672753 7304.116537 -408.547073
UTC=2024-01-15T15:12:02.000000
-1155422.581702 257226.750096 -7090757.632184
-1454.746625 7355.333917 503.695537
UTC=2024-01-15T15:14:02.000000
-1313019.690261 1137080.730887 -6975893.815606
-1168.709863 7289.362820 1408.271807
UTC=2024-01-15T15:16:02.000000
-1435283.316805 2002008.400899 -6753629.356302
-866.939198 7106.816941 2291.433581
UTC=2024-01-15T15:18:02.000000
-1520719.074191 2838149.161784 -6427345.386483
-556.020827 6810.141060 3139.720482
UTC=2024-01-15T15:20:02.000000
-1568629.377604 3632045.289166 -6002011.658448
-242.627466 6403.600024 3940.149106
UTC=2024-01-15T15:22:02.000000
-1579116.128695 4370857.811029 -5484117.734315
66.609902 5893.232147 4680.402731
UTC=2024-01-15T15:24:02.000000
-1553068.241583 5042575.659136 -4881581.993047
365.226049 5286.784371 5349.016257
UTC=2024-01-15T15:26:02.000000
-1492134.250612 5636215.157845 -4203638.087940
647.046765 4593.613343 5935.563782
UTC=2024-01-15T15:28:02.000000
-1398679.945182 6142005.521638 -3460699.705252
906.312056 3824.552786 6430.831324
UTC=2024-01-15T15:30:02.000000
-1275731.654829 6551556.862348 -2664205.665705
1137.791184 2991.756300 6826.971977
UTC=2024-01-15T15:32:02.000000
-1126906.302770 6858008.033683 -1826447.012647
1336.888690 2108.515277 7117.652621
UTC=2024-01-15T15:34:02.000000
-956329.350162 7056150.175094 -960377.673434
1499.738837 1189.038468 7298.174885
UTC=2024-01-15T15:36:02.000000
-768542.233238 7142523.050234 -79412.644726
1623.287014 248.220625 7365.566999
UTC=2024-01-15T15:38:02.000000
-568400.935643 7115482.242129 802783.817917
1705.354190 -698.614278 7318.655684
UTC=2024-01-15T15:40:02.000000
-360968.165741 6975234.046055 1672516.566424
1744.679302 -1635.993330 7158.101171
UTC=2024-01-15T15:42:02.000000
-151401.741755 6723836.038503 2516279.105544
1740.939814 -2548.580864 6886.380610
UTC=2024-01-15T15:44:02.000000
55158.193623 6365164.512652 3320968.692624
1694.751081 -3421.443663 6507.735934
UTC=2024-01-15T15:46:02.000000
253700.721930 5904850.845838 4074093.867740
1607.646876 -4240.303587 6028.098373
UTC=2024-01-15T15:48:02.000000
439452.289690 5350188.540589 4763971.999121
1482.041307 -4991.780777 5455.001852
UTC=2024-01-15T15:50:02.000000
607978.986296 4710009.369070 5379913.760334
1321.169268 -5663.653808 4797.433938
UTC=2024-01-15T15:52:02.000000
755280.588872 3994533.609530 5912386.413360
1129.011107 -6245.027338 4065.660458
UTC=2024-01-15T15:54:02.000000
877874.991169 3215200.940582 6353158.495826
910.204760 -6726.502355 3271.073733
UTC=2024-01-15T15:56:02.000000
972870.789721 2384481.578192 6695423.732348
669.939638 -7100.322462 2426.002507
UTC=2024-01-15T15:58:02.000000
1038027.011717 1515672.304960 6933901.953232
413.848022 -7360.485107 1543.520614
UTC=2024-01-15T16:00:02.000000
1071799.306125 622680.533585 7064916.413002
147.887952 -7502.825978 637.243471
UTC=2024-01-15T16:02:02.000000
1073371.762299 -280199.337892 7086446.786618
-121.778538 -7525.066359 -278.868400
UTC=2024-01-15T16:04:02.000000
1042673.876717 -1178514.652397 6998159.138155
-388.911192 -7426.852501 -1190.703867
UTC=2024-01-15T16:06:02.000000
980382.324644 -2057886.340205 6801411.320640
-647.318516 -7209.762491 -2084.211490
UTC=2024-01-15T16:08:02.000000
887907.521403 -2904239.752731 6499233.699637
-890.983844 -6877.287469 -2945.602064
UTC=2024-01-15T16:10:02.000000
767365.063937 -3704031.798517 6096284.941713
-1114.191482 -6434.783164 -3761.562008
UTC=2024-01-15T16:12:02.000000
621532.579631 -4444469.597197 5598782.846025
-1311.641382 -5889.381834 -4519.449774
UTC=2024-01-15T16:14:02.000000
453793.307909 -5113717.849656 5014412.734691
-1478.557931 -5249.892989 -5207.478614
UTC=2024-01-15T16:16:02.000000
268066.838667 -5701093.346931 4352213.792136
-1610.794806 -4526.686670 -5814.903237
UTC=2024-01-15T16:18:02.000000
68727.596702 -6197243.193660 3622442.597090
-1704.932629 -3731.534360 -6332.208259
UTC=2024-01-15T16:20:02.000000
-139487.370718 -6594301.680668 2836415.509457
-1758.359087 -2877.417194 -6751.272231
UTC=2024-01-15T16:22:02.000000
-351579.250317 -6886022.523796 2006332.443870
-1769.332794 -1978.305497 -7065.511360
UTC=2024-01-15T16:24:02.000000
-562394.852560 -7067883.728220 1145085.475835
-1737.028507 -1048.928845 -7269.991985
UTC=2024-01-15T16:26:02.000000
-766738.508579 -7137163.878147 266054.252358
-1661.566299 -104.520290 -7361.535921
UTC=2024-01-15T16:28:02.000000
-959485.886765 -7092985.517123 -617108.589460
-1544.013118 839.467239 -7338.776941
UTC=2024-01-15T16:30:02.000000
-1135696.544692 -6936324.837767 -1490696.126291
-1386.361809 1767.638247 -7202.176082
UTC=2024-01-15T16:32:02.000000
-1290722.904063 -6669988.552582 -2341165.622106
-1191.492892 2664.923453 -6954.003405
UTC=2024-01-15T16:34:02.000000
-1420313.606947 -6298559.049977 -3155353.161953
-963.118460 3516.840662 -6598.292340
UTC=2024-01-15T16:36:02.000000
-1520708.950665 -5828308.673683 -3920680.823822
-705.706543 4309.746619 -6140.759586
UTC=2024-01-15T16:38:02.000000
-1588726.152681 -5267085.002105 -4625352.062035
-424.387638 5031.066189 -5588.689346
UTC=2024-01-15T16:40:02.000000
-1621832.637559 -4624170.644045 -5258531.498507
-124.849897 5669.487010 -4950.792321
UTC=2024-01-15T16:42:02.000000
-1618206.232270 -3910121.539176 -5810507.017349
186.774489 6215.124588 -4237.052109
UTC=2024-01-15T16:44:02.000000
-1576781.230826 -3136587.044620 -6272832.630018
504.030567 6659.660650 -3458.558437
UTC=2024-01-15T16:46:02.000000
-1497279.611529 -2316114.999890 -6638450.545352
820.266446 6996.454786 -2627.326797
UTC=2024-01-15T16:48:02.000000
-1380227.058483 -1461945.406318 -6901790.870448
1128.759826 7220.621307 -1756.108701
UTC=2024-01-15T16:50:02.000000
-1226953.903042 -587796.700948 -7058848.732889
1422.843041 7329.078509 -858.205103
UTC=2024-01-15T16:52:02.000000
-1039580.998326 292352.536225 -7107238.890784
1696.029769 7320.573991 52.722749
UTC=2024-01-15T16:54:02.000000
-820990.407146 1164483.211420 -7046227.785595
1942.139477 7195.683905 962.838340
UTC=2024-01-15T16:56:02.000000
-574781.640781 2014754.430581 -6876743.397275
2155.414134 6956.796815 1858.317511
UTC=2024-01-15T16:58:02.000000
-305214.182031 2829718.760402 -6601362.739868
2330.631279 6608.074933 2725.530414
UTC=2024-01-15T17:00:02.000000
-17136.421615 3596532.200292 -6224277.423403
2463.216364 6155.402250 3551.229640
UTC=2024-01-15T17:02:02.000000
284098.340458 4303156.039472 -5751235.945495
2549.344315 5606.299056 4322.746029
UTC=2024-01-15T17:04:02.000000
592727.194740 4938546.878208 -5189463.331607
2586.027421 4969.815418 5028.169986
UTC=2024-01-15T17:06:02.000000
902682.967012 5492833.121461 -4547558.931821
2571.194519 4256.407972 5656.536966
UTC=2024-01-15T17:08:02.000000
1207708.270993 5957474.649597 -3835371.963344
2503.755725 3477.782566 6198.009377
UTC=2024-01-15T17:10:02.000000
1501476.161966 6325402.006726 -3063856.213176
2383.647709 2646.712851 6644.041678
UTC=2024-01-15T17:12:02.000000
1777715.150271 6591132.733838 -2244905.679307
2211.860866 1776.839558 6987.533764
UTC=2024-01-15T17:14:02.000000
2030336.219009 6750862.112775 -1391172.697623
1990.445106 882.444686 7222.967666
UTC=2024-01-15T17:16:02.000000
2253559.123954 6802525.428828 -515871.127551
1722.491385 -21.796486 7346.518381
UTC=2024-01-15T17:18:02.000000
2442034.899431 6745829.625801 367431.731085
1412.087506 -921.075231 7356.129883
UTC=2024-01-15T17:20:02.000000
2590961.753584 6582253.620408 1245030.203844
1064.252608 -1800.710709 7251.556131
UTC=2024-01-15T17:22:02.000000
2696191.867350 6315017.408685 2103298.347917
684.850997 -2646.408652 7034.370864
UTC=2024-01-15T17:24:02.000000
2754326.676830 5949020.480933 2928907.177111
280.487276 -3444.512426 6707.942827
UTC=2024-01-15T17:26:02.000000
2762798.675266 5490750.855910 3709037.029732
-141.613810 -4182.241947 6277.379775
UTC=2024-01-15T17:28:02.000000
2719937.728368 4948166.539064 4431581.177438
-573.744626 -4847.911815 5749.439543
UTC=2024-01-15T17:30:02.000000
2625020.067782 4330551.771054 5085337.216358
-1007.867111 -5431.136715 5132.411895
UTC=2024-01-15T17:32:02.000000
2478298.433550 3648350.550433 5660181.133423
-1435.768249 -5922.993751 4435.951887
UTC=2024-01-15T17:34:02.000000
2281014.465035 2912983.968010 6147221.306146
-1849.204057 -6316.139309 3670.917397
UTC=2024-01-15T17:36:02.000000
2035393.306266 2136654.456730 6538932.895222
-2240.052977 -6604.910070 2849.200578
UTC=2024-01-15T17:38:02.000000
1744619.596010 1332139.175976 6829270.630478
-2600.469881 -6785.399965 1983.534573
UTC=2024-01-15T17:40:02.000000
1412795.514616 512576.695524 7013757.430634
-2923.030833 -6855.493719 1087.289310
UTC=2024-01-15T17:42:02.000000
1044882.069471 -308748.220825 7089549.188274
-3200.867999 -6814.870038 174.280699
UTC=2024-01-15T17:44:02.000000
646624.406904 -1118619.920442 7055476.890090
-3427.801979 -6664.999874 -741.424301
UTC=2024-01-15T17:46:02.000000
224461.632962 -1904105.120291 6912063.986245
-3598.465883 -6409.109378 -1645.719065
UTC=2024-01-15T17:48:02.000000
-214577.544724 -2652760.018214 6661518.858072
-3708.417334 -6052.118711 -2524.663023
UTC=2024-01-15T17:50:02.000000
-662991.580372 -3352828.648484 6307702.145726
-3754.231642 -5600.553477 -3364.693801
UTC=2024-01-15T17:52:02.000000
-1112932.858269 -3993428.605393 5856069.543014
-3733.577839 -5062.427541 -4152.819582
UTC=2024-01-15T17:54:02.000000
-1556343.279332 -4564722.404794 5313592.492311
-3645.290439 -4447.121232 -4876.800765
UTC=2024-01-15T17:56:02.000000
-1985097.877130 -5058073.365280 4688656.370395
-3489.427783 -3765.241777 -5525.344690
UTC=2024-01-15T17:58:02.000000
-2391153.731954 -5466182.885359 3990935.038547
-3267.301700 -3028.452039 -6088.301010
UTC=2024-01-15T18:00:02.000000
-2766700.771430 -5783205.201763 3231242.724832
-2981.478864 -2249.267035 -6556.841424
UTC=2024-01-15T18:02:02.000000
-3104311.058429 -6004836.550803 2421366.146820
-2635.755510 -1440.835043 -6923.608973
UTC=2024-01-15T18:04:02.000000
-3397083.701911 -6128377.743206 1573880.025376
-2235.109440 -616.711950 -7182.847099
UTC=2024-01-15T18:06:02.000000
-3638782.501919 -6152768.862613 701948.422068
-1785.626545 209.377628 -7330.505053
UTC=2024-01-15T18:08:02.000000
-3823963.212717 -6078594.837329 -180884.678879
-1294.401844 1023.784764 -7364.311146
UTC=2024-01-15T18:10:02.000000
-3948087.581566 -5908061.737650 -1060911.756291
-769.417967 1813.180193 -7283.815831
UTC=2024-01-15T18:12:02.000000
-4007621.453915 -5644943.847004 -1924481.157676
-219.401876 2564.795527 -7090.397373
UTC=2024-01-15T18:14:02.000000
-4000114.657336 -5294502.591709 -2758214.824559
346.334850 3266.649559 -6787.229007
UTC=2024-01-15T18:16:02.000000
-3924260.866801 -4863379.513974 -3549219.939662
918.069416 3907.753611 -6379.210334
UTC=2024-01-15T18:18:02.000000
-3779936.206406 -4359466.266431 -4285290.247412
1485.846931 4478.287995 -5872.865183
UTC=2024-01-15T18:20:02.000000
-3568216.418505 -3791755.278162 -4955093.630687
2039.658194 4969.748257 -5276.216356
UTC=2024-01-15T18:22:02.000000
-3291372.749554 -3170174.443513 -5548343.490638
2569.616533 5375.065395 -4598.640080
UTC=2024-01-15T18:24:02.000000
-2952846.900703 -2505409.239314 -6055951.395826
3066.128859 5688.693809 -3850.701381
UTC=2024-01-15T18:26:02.000000
-2557205.909076 -1808716.203224 -6470159.505451
3520.059690 5906.669294 -3043.982441
UTC=2024-01-15T18:28:02.000000
-2110077.643686 -1091730.855671 -6784651.665559
3922.889082 6026.642516 -2190.896842
UTC=2024-01-15T18:30:02.000000
-1618068.306312 -366273.524630 -6994641.529335
4266.853439 6047.880594 -1304.495670
UTC=2024-01-15T18:32:02.000000
-1088664.049100 355843.335092 -7096937.686937
4545.070477 5971.241521 -398.280223
UTC=2024-01-15T18:34:02.000000
-530118.018006 1063003.735846 -7089987.009749
4751.658854 5799.134666 513.977133
UTC=2024-01-15T18:36:02.000000
48676.330164 1743971.169705 -6973895.695368
4881.843473 5535.462927 1418.424403
UTC=2024-01-15T18:38:02.000000
638323.510454 2388063.362984 -6750428.156880
4932.048712 5185.548699 2301.306361
UTC=2024-01-15T18:40:02.000000
1229075.611936 2985317.755529 -6422983.988128
4899.988662 4756.047684 3149.159043
UTC=2024-01-15T18:42:02.000000
1810990.832130 3526644.977741 -5996551.158732
4784.726320 4254.837230 3949.004707
UTC=2024-01-15T18:44:02.000000
2374098.270754 4003967.835064 -5477636.580765
4586.720001 3690.887192 4688.535715
UTC=2024-01-15T18:46:02.000000
2908567.171881 4410344.228532 -4874174.722971
4307.849864 3074.121915 5356.297905
UTC=2024-01-15T18:48:02.000000
3404878.074071 4740072.575816 -4195414.117426
3951.422533 2415.264313 5941.874584
UTC=2024-01-15T18:50:02.000000
3853992.957557 4988777.195749 -3451782.324125
3522.150271 1725.659481 6436.059647
UTC=2024-01-15T18:52:02.000000
4247521.522792 5153471.725924 -2654730.710568
3026.105138 1017.083932 6831.022528
UTC=2024-01-15T18:54:02.000000
4577879.643190 5232598.606143 -1816560.527594
2470.635631 301.540903 7120.449755
UTC=2024-01-15T18:56:02.000000
4838436.627614 5226044.136420 -950233.542515
1864.264670 -408.944046 7299.665691
UTC=2024-01-15T18:58:02.000000
5023648.362675 5135127.982155 -69169.165549
1216.552810 -1102.544110 7365.731324
UTC=2024-01-15T19:00:02.000000
5129172.025185 4962566.375343 812967.667510
537.932279 -1767.843802 7317.499768
UTC=2024-01-15T19:02:02.000000
5151960.229514 4712410.837425 1682483.224342
-160.468161 -2394.036028 7155.640001
UTC=2024-01-15T19:04:02.000000
5090333.519994 4389963.562361 2525873.231401
-867.012744 -2971.115406 6882.638767
UTC=2024-01-15T19:06:02.000000
4944028.265494 4001670.024049 3330039.225215
-1569.777571 -3490.060561 6502.761484
UTC=2024-01-15T19:08:02.000000
4714218.019396 3554991.513935 4082497.247045
-2256.769426 -3942.985696 6021.968448
UTC=2024-01-15T19:10:02.000000
4403508.978239 3058261.069738 4771574.793113
-2916.138224 -4323.265543 5447.802517
UTC=2024-01-15T19:12:02.000000
4015910.529898 2520526.329945 5386593.170602
-3536.384283 -4625.629502 4789.262478
UTC=2024-01-15T19:14:02.000000
3556779.993250 1951382.385922 5918033.053989
-4106.574035 -4846.232361 4056.641494
UTC=2024-01-15T19:16:02.000000
3032743.805074 1360798.258650 6357679.022589
-4616.518351 -4982.692068 3261.348735
UTC=2024-01-15T19:18:02.000000
2451597.740408 758940.267672 6698742.384905
-5056.944536 -5034.100552 2415.721485
UTC=2024-01-15T19:20:02.000000
1822187.591546 155996.373992 6935961.159286
-5419.649229 -5001.000011 1532.837198
UTC=2024-01-15T19:22:02.000000
1154272.289805 -437995.894666 7065677.752530
-5697.639577 -4885.349124 626.325345
UTC=2024-01-15T19:24:02.000000
458370.822802 -1013316.660211 7085892.891747
-5885.259634 -4690.472063 -289.840516
UTC=2024-01-15T19:26:02.000000
-254404.478923 -1560722.935881 6996294.415933
-5978.291897 -4420.978325 -1201.549027
UTC=2024-01-15T19:28:02.000000
-972525.788461 -2071597.367412 6798261.462163
-5974.040719 -4082.668054 -2094.758450
UTC=2024-01-15T19:30:02.000000
-1684235.998791 -2538084.298814 6494843.621903
-5871.386981 -3682.414978 -2955.702211
UTC=2024-01-15T19:32:02.000000
-2377740.134002 -2953210.998633 6090716.682962
-5670.824973 -3228.040190 -3771.073838
UTC=2024-01-15T19:34:02.000000
-3041401.102633 -3310993.815505 5592116.046383
-5374.495952 -2728.184336 -4528.220773
UTC=2024-01-15T19:36:02.000000
-3663937.939359 -3606527.605782 5006745.557964
-4986.189800 -2192.154131 -5215.356557
UTC=2024-01-15T19:38:02.000000
-4234621.234233 -3836055.537647 4343661.609304
-4511.299434 -1629.752933 -5821.755029
UTC=2024-01-15T19:40:02.000000
-4743461.600197 -3997018.329812 3613135.435908
-3956.752072 -1051.106955 -6337.922592
UTC=2024-01-15T19:42:02.000000
-5181388.419851 -4088082.284749 2826495.648118
-3330.916164 -466.486674 -6755.754946
UTC=2024-01-15T19:44:02.000000
-5540415.983866 -4109145.770846 1995952.544776
-2643.481669 113.875368 -7068.685358
UTC=2024-01-15T19:46:02.000000
-5813792.876699 -4061323.222763 1134405.810953
-1905.301411 679.975602 -7271.807867
UTC=2024-01-15T19:48:02.000000
-5996130.795551 -3946906.489658 255239.696170
-1128.208896 1222.223888 -7361.964632
UTC=2024-01-15T19:50:02.000000
-6083510.165375 -3769304.694468 -627890.567315
-324.813712 1731.617140 -7337.804347
UTC=2024-01-15T19:52:02.000000
-6073559.980714 -3532963.857104 -1501277.561167
491.724002 2199.903539 -7199.810055
UTC=2024-01-15T19:54:02.000000
-5965509.252109 -3243267.541552 -2351381.235915
1307.938202 2619.731524 -6950.280754
UTC=2024-01-15T19:56:02.000000
-5760209.328386 -2906421.419542 -3165043.626498
2110.295305 2984.768631 -6593.274549
UTC=2024-01-15T19:58:02.000000
-5460127.704902 -2529324.929288 -3929695.379914
2885.432639 3289.798954 -6134.526842
UTC=2024-01-15T20:00:02.000000
-5069313.574852 -2119432.693103 -4633550.494964
3620.388699 3530.794816 -5581.337490
UTC=2024-01-15T20:02:02.000000
-4593336.424205 -1684609.037727 -5265786.217309
4302.822180 3704.960975 -4942.436676
UTC=2024-01-15T20:04:02.000000
-4039199.143797 -1232978.540102 -5816705.548432
4921.217038 3810.756739 -4227.828759
UTC=2024-01-15T20:06:02.000000
-3415227.741381 -772775.535181 -6277879.774464
5465.065800 3847.890328 -3448.617857
UTC=2024-01-15T20:08:02.000000
-2730940.469179 -312195.795468 -6642269.676614
5925.030383 3817.289476 -2616.827540
UTC=2024-01-15T20:10:02.000000
-1996898.787333 140746.932441 -6904324.773672
6293.084192 3721.050007 -1745.214866
UTC=2024-01-15T20:12:02.000000
-1224542.689216 578357.094282 -7060059.871883
6562.628173 3562.366884 -847.080057
UTC=2024-01-15T20:14:02.000000
-426013.592849 993384.717308 -7107109.304389
6728.586430 3345.457912 63.916281
UTC=2024-01-15T20:16:02.000000
386033.438623 1379142.674347 -7044758.829276
6787.484842 3075.468403 973.940648
UTC=2024-01-15T20:18:02.000000
1198625.872594 1729611.804776 -6873956.023771
6737.518394 2758.369513 1869.160234
UTC=2024-01-15T20:20:02.000000
1998677.547070 2039533.709041 -6597298.325371
6578.602430 2400.849162 2735.943702
UTC=2024-01-15T20:22:02.000000
2773196.380338 2304489.356283 -6218997.371577
6312.392332 2010.187790 3561.050898
UTC=2024-01-15T20:24:02.000000
3509493.260145 2520962.308530 -5744820.462381
5942.278229 1594.125453 4331.824393
UTC=2024-01-15T20:26:02.000000
4195388.847000 2686385.793040 -5182010.070943
5473.362154 1160.727465 5036.365686
UTC=2024-01-15T20:28:02.000000
4819416.804973 2799173.437742 -4539181.525038
4912.414766 718.243966 5663.724037
UTC=2024-01-15T20:30:02.000000
5371019.418127 2858732.485562 -3826198.161668
4267.792156 274.960070 6204.079020
UTC=2024-01-15T20:32:02.000000
5840731.229057 2865459.034310 -3054025.759176
3549.322308 -160.952916 6648.901988
UTC=2024-01-15T20:34:02.000000
6220348.115946 2820715.614433 -2234568.448659
2768.174724 -581.584092 6991.108873
UTC=2024-01-15T20:36:02.000000
6503078.088409 2726790.806899 -1380486.442237
1936.682548 -979.434880 7225.201678
UTC=2024-01-15T20:38:02.000000
6683669.065424 2586841.225946 -504999.367791
1068.143639 -1347.559019 7347.370807
UTC=2024-01-15T20:40:02.000000
6758511.491315 2404817.196129 378321.750821
176.593996 -1679.696288 7355.580079
UTC=2024-01-15T20:42:02.000000
6725711.807090 2185373.065966 1255769.854871
-723.442540 -1970.389578 7249.600267
UTC=2024-01-15T20:44:02.000000
6585136.640353 1933765.253160 2113719.525162
-1617.196110 -2215.076909 7031.023514
UTC=2024-01-15T20:46:02.000000
6338426.182562 1655739.432892 2938845.149327
-2489.923214 -2410.178181 6703.245902
UTC=2024-01-15T20:48:02.000000
5988974.992115 1357409.074943 3718333.675104
-3327.170727 -2553.150658 6271.401671
UTC=2024-01-15T20:50:02.000000
5541881.559664 1045128.701525 4440088.058272
-4115.035725 -2642.523379 5742.270410
UTC=2024-01-15T20:52:02.000000
5003867.732014 725364.608855 5092917.027965
-4840.401448 -2677.903125 5124.146733
UTC=2024-01-15T20:54:02.000000
4383171.247486 404566.137850 5666708.913631
-5491.156885 -2659.962707 4426.704417
UTC=2024-01-15T20:56:02.000000
3689412.186017 89039.449013 6152587.273772
-6056.405793 -2590.407246 3660.825562
UTC=2024-01-15T20:58:02.000000
2933436.714971 -215172.812248 6543044.555291
-6526.634091 -2471.912109 2838.412419
UTC=2024-01-15T21:00:02.000000
2127142.662777 -502403.785930 6832053.668037
-6893.850935 -2308.052319 1972.206294
UTC=2024-01-15T21:02:02.000000
1283288.891293 -767465.462178 7015157.347353
-7151.716526 -2103.218778 1075.596812
UTC=2024-01-15T21:04:02.000000
415290.577352 -1005740.871450 7089533.663163
-7295.645764 -1862.519881 162.414316
UTC=2024-01-15T21:06:02.000000
-462995.583263 -1213263.557776 7054036.427960
-7322.874473 -1591.670321 -753.276026
UTC=2024-01-15T21:08:02.000000
-1337492.821451 -1386783.381513 6909211.183425
-7232.504117 -1296.873525 -1657.377973
UTC=2024-01-15T21:10:02.000000
-2194129.470911 -1523817.577792 6657286.754224
-7025.518808 -984.693612 -2535.965994
UTC=2024-01-15T21:12:02.000000
-3019064.727637 -1622686.146271 6302143.213707
-6704.780709 -661.924533 -3375.475629
UTC=2024-01-15T21:14:02.000000
-3798913.385527 -1682531.805504 5849257.050122
-6275.016487 -335.462937 -4162.899878
UTC=2024-01-15T21:16:02.000000
-4520966.760634 -1703324.482028 5305621.450259
-5742.761662 -12.176481 -4886.001045
UTC=2024-01-15T21:18:02.000000
-5173404.635227 -1685849.660484 4679642.198033
-5116.271427 301.232559 -5533.505670
UTC=2024-01-15T21:20:02.000000
-5745494.657483 -1631680.437632 3981010.620500
-4405.398295 598.361728 -6095.290859
UTC=2024-01-15T21:22:02.000000
-6227775.127220 -1543133.754864 3220555.430793
-3621.440188 873.236392 -6562.548732
UTC=2024-01-15T21:24:02.000000
-6612218.362149 -1423211.983310 2410075.995631
-2776.969754 1120.425918 -6927.933444
UTC=2024-01-15T21:26:02.000000
-6892372.208634 -1275531.052771 1562158.255125
-1885.635443 1335.152608 -7185.704108
UTC=2024-01-15T21:28:02.000000
-7063474.736280 -1104236.056998 689975.003324
-961.917160 1513.389638 -7331.834486
UTC=2024-01-15T21:30:02.000000
-7122538.824449 -913906.148055 -192924.285568
-20.871657 1651.941210 -7364.082296
UTC=2024-01-15T21:32:02.000000
-7068405.427824 -709451.031259 -1072830.256168
922.135550 1748.502373 -7282.028759
UTC=2024-01-15T21:34:02.000000
-6901764.006773 -496001.389262 -1936092.937636
1851.707679 1801.699843 -7087.078447
UTC=2024-01-15T21:36:02.000000
-6625140.150909 -278795.955551 -2769338.557814
2752.682254 1811.106774 -6782.422979
UTC=2024-01-15T21:38:02.000000
-6242851.703489 -63067.847309 -3559681.007575
3610.396381 1777.242550 -6372.985604
UTC=2024-01-15T21:40:02.000000
-5760932.870366 146068.043231 -4294923.873689
4410.947197 1701.552349 -5865.317513
UTC=2024-01-15T21:42:02.000000
-5187029.117816 343723.611265 -4963748.168577
5141.419259 1586.361939 -5267.468376
UTC=2024-01-15T21:44:02.000000
-4530266.189338 525339.759745 -5555883.461265
5790.088540 1434.817453 -4588.838213
UTC=2024-01-15T21:46:02.000000
-3801096.203346 686780.235519 -6062260.163229
6346.600113 1250.805465 -3840.012187
UTC=2024-01-15T21:48:02.000000
-3011124.185897 824415.057860 -6475141.070213
6802.115241 1038.861421 -3032.580695
UTC=2024-01-15T21:50:02.000000
-2172919.093877 935192.524337 -6788231.101460
7149.424552 804.070872 -2178.959886
UTC=2024-01-15T21:52:02.000000
-1299812.168121 1016698.967601 -6996765.555269
7383.046628 551.963743 -1292.206766
UTC=2024-01-15T21:54:02.000000
-405685.483444 1067205.264556 -7097575.235633
7499.290095 288.399714 -385.825173
UTC=2024-01-15T21:56:02.000000
495245.274053 1085699.411507 -7089129.172380
7496.291073 19.451580 526.413599
UTC=2024-01-15T21:58:02.000000
1388652.053549 1071905.026669 -6971556.386881
7374.046394 -248.712930 1430.645962
UTC=2024-01-15T22:00:02.000000
2260318.738069 1026285.517359 -6746644.961777
7134.421566 -509.952147 2313.117548
UTC=2024-01-15T22:02:02.000000
3096364.045900 950033.702778 -6417817.460846
6781.126893 -758.270572 3160.373542
UTC=2024-01-15T22:04:02.000000
3883460.325194 845047.109116 -5990083.389037
6319.668316 -987.938610 3959.449816
UTC=2024-01-15T22:06:02.000000
4609045.055022 713889.008159 -5469969.611953
5757.279825 -1193.608752 4698.051760
UTC=2024-01-15T22:08:02.000000
5261523.261953 559736.003479 -4865428.887515
5102.836465 -1370.424000 5364.740497
UTC=2024-01-15T22:10:02.000000
5830457.587994 386312.825992 -4185725.918124
4366.733289 -1514.122942 5949.119062
UTC=2024-01-15T22:12:02.000000
6306741.760483 197815.009112 -3441301.916851
3560.732715 -1621.134930 6442.003076
UTC=2024-01-15T22:14:02.000000
6682754.489862 -1179.035501 -2643619.588355
2697.791629 -1688.662121 6835.577629
UTC=2024-01-15T22:16:02.000000
6952491.092637 -205805.109125 -1804989.667788
1791.859259 -1714.749373 7123.547413
UTC=2024-01-15T22:18:02.000000
7111668.582089 -411017.534265 -938380.842497
857.640489 -1698.333742 7301.259123
UTC=2024-01-15T22:20:02.000000
7157801.453964 -611698.265607 -57217.096332
-89.653894 -1639.275975 7365.790314
UTC=2024-01-15T22:22:02.000000
7090246.844938 -802768.782277 824834.097302
-1034.569627 -1538.374583 7316.013856
UTC=2024-01-15T22:24:02.000000
6910217.171606 -979302.304981 1694079.315283
-1961.684689 -1397.356714 7152.625537
UTC=2024-01-15T22:26:02.000000
6620759.973537 -1136633.615071 2537018.053559
-2855.883100 -1218.847647 6878.141999
UTC=2024-01-15T22:28:02.000000
6226704.269040 -1270463.876194 3340558.888378
-3702.633087 -1006.317830 6496.852197
UTC=2024-01-15T22:30:02.000000
5734575.448661 -1376957.987678 4092227.380425
-4488.233310 -764.013561 6014.735353
UTC=2024-01-15T22:32:02.000000
5152481.373842 -1452832.901007 4780362.924083
-5200.048577 -496.873070 5439.355497
UTC=2024-01-15T22:34:02.000000
4489971.553522 -1495434.400256 5394300.906662
-5826.718139 -210.420164 4779.724031
UTC=2024-01-15T22:36:02.000000
3757873.345379 -1502800.627204 5924537.366878
-6358.333291 89.348714 4046.146723
UTC=2024-01-15T22:38:02.000000
2968108.154890 -1473711.816853 6362874.000921
-6786.590904 396.082375 3250.047434
UTC=2024-01-15T22:40:02.000000
2133491.619111 -1407725.313935 6702541.105741
-7104.906739 703.201291 2403.781833
UTC=2024-01-15T22:42:02.000000
1267521.637760 -1305195.301931 6938298.205616
-7308.507619 1004.026608 1520.448260
UTC=2024-01-15T22:44:02.000000
384156.946058 -1167276.633039 7066510.967656
-7394.492887 1291.914884 613.682865
UTC=2024-01-15T22:46:02.000000
-502409.403922 -995912.713881 7085203.439257
-7361.860120 1560.388322 -302.544428
UTC=2024-01-15T22:48:02.000000
-1377978.136359 -793808.012245 6994086.073090
-7211.506377 1803.261468 -1214.129764
UTC=2024-01-15T22:50:02.000000
-2228570.670573 -564385.355932 6794559.836385
-6946.207143 2014.767727 -2107.035321
UTC=2024-01-15T22:52:02.000000
-3040652.045796 -311728.462196 6489696.357389
-6570.571840 2189.678151 -2967.487345
UTC=2024-01-15T22:54:02.000000
-3801347.399606 -40510.628835 6084194.254313
-6090.979741 2323.413005 -3782.177069
UTC=2024-01-15T22:56:02.000000
-4498649.110085 244089.382387 5584311.103257
-5515.487544 2412.144096 -4538.464664
UTC=2024-01-15T22:58:02.000000
-5121610.944765 536483.127447 4997771.110875
-4853.705662 2452.885347 -5224.578092
UTC=2024-01-15T23:00:02.000000
-5660525.865252 830778.325305 4333649.538266
-4116.649391 2443.570870 -5829.803352
UTC=2024-01-15T23:02:02.000000
-6107084.016088 1120893.137864 3602234.822918
-3316.557879 2383.115735 -6344.662154
UTC=2024-01-15T23:04:02.000000
-6454507.883228 1400676.630452 2814870.678100
-2466.696298 2271.458685 -6761.070935
UTC=2024-01-15T23:06:02.000000
-6697662.316019 1664033.029154 1983779.770611
-1581.133337 2109.581739 -7072.485714
UTC=2024-01-15T23:08:02.000000
-6833136.731646 1905047.107696 1121871.588529
-674.501585 1899.510430 -7274.022064
UTC=2024-01-15T23:10:02.000000
-6859297.272317 2118108.274349 242537.220303
238.264739 1644.290019 -7362.550110
UTC=2024-01-15T23:12:02.000000
-6776306.770211 2298030.100759 -640564.811951
1142.199607 1347.934361 -7336.748510
UTC=2024-01-15T23:14:02.000000
-6586112.542982 2440162.522445 -1513727.030275
2022.571404 1015.355914 -7197.122659
UTC=2024-01-15T23:16:02.000000
-6292402.734103 2540494.630035 -2363411.709899
2865.140751 652.278750 -6945.992439
UTC=2024-01-15T23:18:02.000000
-5900531.823537 2595745.793540 -3176466.344574
3656.416294 265.130083 -6587.446460
UTC=2024-01-15T23:20:02.000000
-5417416.619928 2603442.529623 -3940330.855424
4383.886324 -139.086828 -6127.252475
UTC=2024-01-15T23:22:02.000000
-4851406.390165 2561979.637278 -4643232.344110
5036.219503 -552.926642 -5572.741110
UTC=2024-01-15T23:24:02.000000
-4212130.496931 2470664.889868 -5274364.482205
5603.438576 -968.642327 -4932.665811
UTC=2024-01-15T23:26:02.000000
-3510327.225848 2329746.657567 -5824048.764299
6077.058535 -1378.328053 -4217.042765
UTC=2024-01-15T23:28:02.000000
-2757658.141765 2140424.377975 -6283876.190532
6450.192505 -1774.062613 -3436.986710
UTC=2024-01-15T23:30:02.000000
-1966510.772796 1904841.698425 -6646828.755417
6717.640715 -2148.054607 -2604.534118
UTC=2024-01-15T23:32:02.000000
-1149792.688090 1626062.354883 -6907378.289024
6875.939492 -2492.783028 -1732.447634
UTC=2024-01-15T23:34:02.000000
-320721.954620 1308029.743054 -7061562.624029
6923.380070 -2801.129794 -834.033723
UTC=2024-01-15T23:36:02.000000
507383.636252 955510.953109 -7107039.633692
6860.006520 -3066.504527 77.042499
UTC=2024-01-15T23:38:02.000000
1321316.232246 574026.218407 -7043119.865720
6687.605371 -3282.965943 986.933551
UTC=2024-01-15T23:40:02.000000
2108185.318436 169763.765385 -6870776.371859
6409.668535 -3445.340423 1881.811637
UTC=2024-01-15T23:42:02.000000
2855618.387367 -250518.539033 -6592631.012308
6031.326613 -3549.323613 2748.054491
UTC=2024-01-15T23:44:02.000000
3551953.243437 -679603.247019 -6212918.516269
5559.271421 -3591.575271 3572.436130
UTC=2024-01-15T23:46:02.000000
4186419.031411 -1109933.997393 -5737427.612163
5001.648703 -3569.799163 4342.311201
UTC=2024-01-15T23:48:02.000000
4749304.154982 -1533745.180913 -5173420.735654
4367.946487 -3482.815546 5045.795353
UTC=2024-01-15T23:50:02.000000
5232109.116100 -1943199.446883 -4529531.173302
3668.851917 -3330.615053 5671.955915
UTC=2024-01-15T23:52:02.000000
5627680.605302 -2330530.158652 -3815638.182787
2916.085464 -3114.389208 6210.988006
UTC=2024-01-15T23:54:02.000000
5930324.698972 -2688186.362522 -3042721.474824
2122.217236 -2836.541094 6654.382946
UTC=2024-01-15T23:56:02.000000
6135896.618863 -3008977.630436 -2222696.158453
1300.459766 -2500.671896 6995.083584
UTC=2024-01-15T23:58:02.000000
6241864.432431 -3286215.657438 -1368230.463922
464.443316 -2111.540365 7227.614328
