UTC=2024-01-19T00:00:02.000000
1204290.326055 544490.803952 -7066439.277919
6385.509367 -3882.751931 788.873744
UTC=2024-01-19T00:02:02.000000
1955270.092270 68978.126198 -6917626.153676
6114.415340 -4031.563753 1688.196654
UTC=2024-01-19T00:04:02.000000
2667925.958940 -420395.504760 -6662299.924824
5747.769840 -4113.187397 2561.835206
UTC=2024-01-19T00:06:02.000000
3331177.994900 -915380.967247 -6304346.923585
5292.248474 -4124.702854 3396.461407
UTC=2024-01-19T00:08:02.000000
3934830.714752 -1407448.052413 -5849222.145898
4755.897368 -4064.356092 4179.287528
UTC=2024-01-19T00:10:02.000000
4469730.786825 -1887929.324179 -5303873.853828
4148.019034 -3931.624342 4898.245790
UTC=2024-01-19T00:12:02.000000
4927909.532937 -2348170.906837 -4676645.524827
3479.028607 -3727.261178 5542.181264
UTC=2024-01-19T00:14:02.000000
5302706.626349 -2779686.954761 -3977155.535458
2760.288287 -3453.314903 6101.029169
UTC=2024-01-19T00:16:02.000000
5588873.195250 -3174315.076189 -3216156.156146
2003.928951 -3113.125721 6565.983712
UTC=2024-01-19T00:18:02.000000
5782652.381049 -3524369.970175 -2405372.738703
1222.651456 -2711.297937 6929.657916
UTC=2024-01-19T00:20:02.000000
5881834.759744 -3822792.026742 -1557324.996784
429.508785 -2253.644163 7186.219415
UTC=2024-01-19T00:22:02.000000
5885787.280178 -4063287.850707 -685133.520308
-362.317667 -1747.106466 7331.503470
UTC=2024-01-19T00:24:02.000000
5795454.679925 -4240459.546033 197685.868272
-1139.751467 -1199.647825 7363.098953
UTC=2024-01-19T00:26:02.000000
5613332.867656 -4349919.686159 1077436.147669
-1890.055837 -620.122728 7280.403658
UTC=2024-01-19T00:28:02.000000
5343414.109560 -4388389.142630 1940457.779729
-2601.065917 -18.119667 7084.644578
UTC=2024-01-19T00:30:02.000000
4991105.144695 -4353774.576092 2773347.262313
-3261.406444 596.216576 6778.854397
UTC=2024-01-19T00:32:02.000000
4563120.571686 -4245224.380680 3563170.610675
-3860.685361 1212.366189 6367.814265
UTC=2024-01-19T00:34:02.000000
4067354.323409 -4063162.429320 4297668.461081
-4389.666560 1819.622615 5857.970510
UTC=2024-01-19T00:36:02.000000
3512731.437728 -3809298.850828 4965449.427523
-4840.424518 2407.288609 5257.320903
UTC=2024-01-19T00:38:02.000000
2909043.329061 -3486616.943838 5556167.632389
-5206.460758 2964.873104 4575.267007
UTC=2024-01-19T00:40:02.000000
2266771.266853 -3099337.336071 6060681.838174
-5482.789465 3482.275963 3822.456825
UTC=2024-01-19T00:42:02.000000
1596900.735951 -2652860.154086 6471194.343161
-5665.999632 3949.967269 3010.602728
UTC=2024-01-19T00:44:02.000000
910730.683873 -2153686.710732 6781367.347202
-5754.280233 4359.150295 2152.292669
UTC=2024-01-19T00:46:02.000000
219681.148173 -1609322.198389 6986416.418243
-5747.421675 4701.914668 1260.794681
UTC=2024-01-19T00:48:02.000000
-464897.479885 -1028160.862528 7083180.186271
-5646.788154 4971.375658 349.858823
UTC=2024-01-19T00:50:02.000000
-1131910.693829 -419355.249129 7070166.154450
-5455.270716 5161.798551 -566.483893
UTC=2024-01-19T00:52:02.000000
-1770699.356603 207328.397669 6947572.362648
-5177.221810 5268.706754 -1474.122954
UTC=2024-01-19T00:54:02.000000
-2371210.037984 841666.812101 6717284.675635
-4818.368131 5288.973488 -2359.072247
UTC=2024-01-19T00:56:02.000000
-2924153.826891 1473146.218940 6382849.663288
-4385.705756 5220.894139 -3207.673065
UTC=2024-01-19T00:58:02.000000
-3421151.440463 2091136.386126 5949423.377959
-3887.377781 5064.239843 -4006.792074
UTC=2024-01-19T01:00:02.000000
-3854862.895305 2685070.048928 5423696.444634
-3332.538398 4820.293068 -4744.020025
UTC=2024-01-19T01:02:02.000000
-4219099.619885 3244625.111205 4813795.147053
-2731.196048 4491.856180 -5407.870577
UTC=2024-01-19T01:04:02.000000
-4508916.840420 3759906.084652 4129159.443239
-2094.042685 4083.231742 -5987.965516
UTC=2024-01-19T01:06:02.000000
-4720684.623226 4221621.702258 3380399.408232
-1432.268279 3600.177784 -6475.209076
UTC=2024-01-19T01:08:02.000000
-4852135.814665 4621255.477648 2579131.622111
-757.361687 3049.834789 -6861.946578
UTC=2024-01-19T01:10:02.000000
-4902389.531632 4951225.722268 1737797.733777
-80.903766 2440.621571 -7142.103046
UTC=2024-01-19T01:12:02.000000
-4871949.662199 5205030.801988 869467.880329
585.641216 1782.094730 -7311.293816
UTC=2024-01-19T01:14:02.000000
-4762678.640260 5377376.253946 -12366.992083
1231.128506 1084.789726 -7366.900713
UTC=2024-01-19T01:16:02.000000
-4577747.080415 5464281.955946 -894010.580119
1844.933630 360.044867 -7308.126734
UTC=2024-01-19T01:18:02.000000
-4321559.113595 5463166.025936 -1761781.430927
2417.154854 -380.212177 -7136.013190
UTC=2024-01-19T01:20:02.000000
-3999655.029778 5372902.451221 -2602231.478029
2938.783142 -1123.678789 -6853.401507
UTC=2024-01-19T01:22:02.000000
-3618595.084647 5193853.047961 -3402359.150809
3401.852478 -1857.899709 -6464.878694
UTC=2024-01-19T01:24:02.000000
-3185826.325353 4927871.947015 -4149813.130292
3799.566809 -2570.494596 -5976.675923
UTC=2024-01-19T01:26:02.000000
-2709536.322913 4578283.733416 -4833082.381817
4126.393757 -3249.371118 -5396.544089
UTC=2024-01-19T01:28:02.000000
-2198497.320144 4149836.717708 -5441669.891033
4378.129000 -3882.924290 -4733.607759
UTC=2024-01-19T01:30:02.000000
-1661904.392774 3648633.131641 -5966248.581225
4551.934824 -4460.225566 -3998.215074
UTC=2024-01-19T01:32:02.000000
-1109210.088503 3082036.755386 -6398798.135074
4646.358521 -4971.206759 -3201.766919
UTC=2024-01-19T01:34:02.000000
-549958.519529 2458559.711207 -6732720.129979
4661.322649 -5406.821472 -2356.528551
UTC=2024-01-19T01:36:02.000000
6377.691611 1787731.537537 -6962930.413729
4598.088243 -5759.180664 -1475.442332
UTC=2024-01-19T01:38:02.000000
550554.915527 1079952.762204 -7085929.445176
4459.201180 -6021.675874 -571.945244
UTC=2024-01-19T01:40:02.000000
1073709.048072 346334.752760 -7099850.452924
4248.428959 -6189.085045 340.218532
UTC=2024-01-19T01:42:02.000000
1567497.235494 -401472.453530 -7004484.750611
3970.675524 -6257.665940 1247.191110
UTC=2024-01-19T01:44:02.000000
2024228.218071 -1151461.962114 -6801283.857929
3631.879317 -6225.222552 2135.190481
UTC=2024-01-19T01:46:02.000000
2436980.137194 -1891458.781782 -6493339.450159
3238.906611 -6091.156356 2990.694315
UTC=2024-01-19T01:48:02.000000
2799704.749944 -2609313.604330 -6085341.068746
2799.430453 -5856.498530 3800.622710
UTC=2024-01-19T01:50:02.000000
3107316.786092 -3293100.034735 -5583512.297158
2321.805834 -5523.935979 4552.521569
UTC=2024-01-19T01:52:02.000000
3355767.402700 -3931313.232816 -4995523.386045
1814.925124 -5097.801484 5234.766781
UTC=2024-01-19T01:54:02.000000
3542099.087061 -4513064.594921 -4330380.622049
1288.058735 -4584.023413 5836.742229
UTC=2024-01-19T01:56:02.000000
3664481.761964 -5028269.662088 -3598295.659704
750.701159 -3990.064125 6349.002025
UTC=2024-01-19T01:58:02.000000
3722230.170288 -5467827.434060 -2810535.156936
212.409915 -3324.835287 6763.436347
UTC=2024-01-19T02:00:02.000000
3715801.004086 -5823787.131713 -1979250.810559
-317.369083 -2598.570336 7073.427719
UTC=2024-01-19T02:02:02.000000
3646769.280392 -6089497.420803 -1117292.599074
-829.470857 -1822.665910 7273.974387
UTC=2024-01-19T02:04:02.000000
3517784.484191 -6259735.443916 -238008.383614
-1315.181156 -1009.499359 7361.795189
UTC=2024-01-19T02:06:02.000000
3332506.423601 -6330811.773126 644966.974198
-1766.401141 -172.213733 7335.394943
UTC=2024-01-19T02:08:02.000000
3095522.664421 -6300649.012047 1517928.112878
-2175.789735 675.505466 7195.098852
UTC=2024-01-19T02:10:02.000000
2812249.393403 -6168832.148931 2367318.588785
-2536.899373 1519.681019 6943.059530
UTC=2024-01-19T02:12:02.000000
2488817.008897 -5936628.213742 3179947.726166
-2844.290710 2346.297450 6583.210222
UTC=2024-01-19T02:14:02.000000
2131943.750843 -5606976.051055 3943200.043064
-3093.617567 3141.546622 6121.189837
UTC=2024-01-19T02:16:02.000000
1748800.579226 -5184447.026433 4645234.342427
-3281.689534 3892.068643 5564.245120
UTC=2024-01-19T02:18:02.000000
1346870.066569 -4675177.004305 5275169.102452
-3406.506836 4585.184927 4921.100994
UTC=2024-01-19T02:20:02.000000
933802.439101 -4086771.550786 5823251.390921
-3467.276657 5209.115580 4201.815535
UTC=2024-01-19T02:22:02.000000
517270.949235 -3428185.434228 6281006.311509
-3464.403177 5753.184448 3417.599243
UTC=2024-01-19T02:24:02.000000
104830.396323 -2709579.897786 6641363.902086
-3399.448519 6207.985309 2580.626148
UTC=2024-01-19T02:26:02.000000
-296218.584445 -1942161.406894 6898763.493879
-3275.075494 6565.526354 1703.845322
UTC=2024-01-19T02:28:02.000000
-678957.376123 -1138004.256815 7049235.325890
-3094.975252 6819.355594 800.791033
UTC=2024-01-19T02:30:02.000000
-1036967.734400 -309858.888358 7090458.980072
-2863.780469 6964.672157 -114.616381
UTC=2024-01-19T02:32:02.000000
-1364438.906216 529051.415918 7021797.267492
-2586.965425 6998.407426 -1028.277827
UTC=2024-01-19T02:34:02.000000
-1656261.868477 1365241.993125 6844305.376150
-2270.731458 6919.281004 -1926.119979
UTC=2024-01-19T02:36:02.000000
-1908109.320400 2185183.542051 6560715.631661
-1921.884940 6727.832844 -2794.297494
UTC=2024-01-19T02:38:02.000000
-2116500.523656 2975521.385613 6175398.037240
-1547.706405 6426.433038 -3619.394738
UTC=2024-01-19T02:40:02.000000
-2278849.973475 3723294.324100 5694296.639518
-1155.812426 6019.263845 -4388.625633
UTC=2024-01-19T02:42:02.000000
-2393499.337976 4416149.770662 5124842.485091
-754.015912 5512.278011 -5090.025559
UTC=2024-01-19T02:44:02.000000
-2459732.332809 5042552.320806 4475843.262702
-350.179639 4913.127358 -5712.646584
UTC=2024-01-19T02:46:02.000000
-2477771.744501 5591981.620943 3757350.255457
47.932525 4231.057429 -6246.739698
UTC=2024-01-19T02:48:02.000000
-2448758.713458 6055115.569620 2980504.094412
432.802985 3476.767116 -6683.924335
UTC=2024-01-19T02:50:02.000000
-2374714.539703 6423994.800128 2157361.666667
797.303277 2662.240073 -7017.332515
UTC=2024-01-19T02:52:02.000000
-2258485.663402 6692165.503988 1300706.898864
1134.832004 1800.550001 -7241.733376
UTC=2024-01-19T02:54:02.000000
-2103672.647320 6854797.106157 423848.320798
1439.441579 905.638473 -7353.627744
UTC=2024-01-19T02:56:02.000000
-1914544.940529 6908772.112172 -459592.946039
1705.948425 -7.926109 -7351.313168
UTC=2024-01-19T02:58:02.000000
-1695943.353868 6852746.187589 -1335901.353897
1930.028728 -925.204389 -7234.923086
UTC=2024-01-19T03:00:02.000000
-1453171.719473 6687175.681848 -2191487.744785
2108.300250 -1831.173373 -7006.423536
UTC=2024-01-19T03:02:02.000000
-1191880.684790 6414310.888662 -3013105.739686
2238.370991 -2710.999081 -6669.548706
UTC=2024-01-19T03:04:02.000000
-917947.092276 6038158.517757 -3788059.124497
2318.865650 -3550.282063 -6229.719329
UTC=2024-01-19T03:06:02.000000
-637351.447595 5564415.019886 -4504398.575171
2349.431036 -4335.299709 -5693.943405
UTC=2024-01-19T03:08:02.000000
-356055.937862 5000371.414789 -5151104.408222
2330.721654 -5053.233585 -5070.682824
UTC=2024-01-19T03:10:02.000000
-79885.319577 4354792.576164 -5718252.236494
2264.366395 -5692.370237 -4369.704962
UTC=2024-01-19T03:12:02.000000
185587.047392 3637773.319061 -6197159.916876
2152.915801 -6242.286281 -3601.916982
UTC=2024-01-19T03:14:02.000000
435145.621019 2860573.886957 -6580513.410432
1999.769415 -6694.004260 -2779.182115
UTC=2024-01-19T03:16:02.000000
664029.508765 2035438.875416 -6862470.261435
1809.090507 -7040.113393 -1914.132864
UTC=2024-01-19T03:18:02.000000
868018.606046 1175403.145213 -7038740.965558
1585.712004 -7274.869108 -1019.988443
UTC=2024-01-19T03:20:02.000000
1043507.687695 294086.764854 -7106648.075159
1335.031171 -7394.273330 -110.365756
UTC=2024-01-19T03:22:02.000000
1187567.578190 -594518.156329 -7065162.585233
1062.898788 -7396.131276 800.910611
UTC=2024-01-19T03:24:02.000000
1297992.468025 -1476265.914197 -6914917.152286
775.500427 -7280.079968 1700.002009
UTC=2024-01-19T03:26:02.000000
1373333.007592 -2337077.523212 -6658196.827355
479.238582 -7047.594278 2573.236786
UTC=2024-01-19T03:28:02.000000
1412915.216251 -3163161.065793 -6298908.344216
180.612915 -6701.982496 3407.288869
UTC=2024-01-19T03:30:02.000000
1416844.531820 -3941230.812284 -5842527.342715
-113.907250 -6248.366419 4189.369584
UTC=2024-01-19T03:32:02.000000
1385994.681640 -4658721.472908 -5296021.835514
-398.006388 -5693.617444 4907.425908
UTC=2024-01-19T03:34:02.000000
1321982.018985 -5303992.885513 -4667753.214061
-665.643275 -5046.267855 5550.316379
UTC=2024-01-19T03:36:02.000000
1227125.252904 -5866523.427183 -3967356.313381
-911.173328 -4316.407205 6107.988950
UTC=2024-01-19T03:38:02.000000
1104390.838172 -6337088.604718 -3205598.000406
-1129.463475 -3515.537848 6571.655527
UTC=2024-01-19T03:40:02.000000
957325.289193 -6707920.508910 -2394216.130815
-1315.995524 -2656.403380 6933.945615
UTC=2024-01-19T03:42:02.000000
789975.658064 -6972845.175953 -1545740.875520
-1466.960492 -1752.790136 7189.046143
UTC=2024-01-19T03:44:02.000000
606799.239553 -7127394.201428 -673300.579643
-1579.342335 -819.297142 7332.817324
UTC=2024-01-19T03:46:02.000000
412564.424077 -7168887.304902 209584.310427
-1650.981203 128.915412 7362.874574
UTC=2024-01-19T03:48:02.000000
212245.024795 -7096484.081999 1089215.144757
-1680.619236 1076.387520 7278.638615
UTC=2024-01-19T03:50:02.000000
10910.290806 -6911203.768827 1951933.337722
-1667.926387 2007.631395 7081.357320
UTC=2024-01-19T03:52:02.000000
-186386.954224 -6615911.799328 2784339.152472
-1613.505302 2907.411778 6774.091207
UTC=2024-01-19T03:54:02.000000
-374721.419654 -6215272.650258 3573506.290125
-1518.874525 3761.025938 6361.656757
UTC=2024-01-19T03:56:02.000000
-549403.239871 -5715670.207769 4307186.844028
-1386.431344 4554.558198 5850.525933
UTC=2024-01-19T03:58:02.000000
-706080.271195 -5125099.591960 4974003.443306
-1219.396306 5275.108941 5248.715073
UTC=2024-01-19T04:00:02.000000
-840832.509313 -4453031.969873 5563626.349151
-1021.737300 5911.009425 4565.643247
UTC=2024-01-19T04:02:02.000000
-950256.649403 -3710255.441323 6066932.602576
-798.082642 6452.010252 3811.976287
UTC=2024-01-19T04:04:02.000000
-1031539.408711 -2908694.389392 6476144.713458
-553.619533 6889.445863 2999.439462
UTC=2024-01-19T04:06:02.000000
-1082517.918931 -2061212.120539 6784945.959226
-293.982058 7216.349155 2140.622704
UTC=2024-01-19T04:08:02.000000
-1101726.486438 -1181401.406804 6988573.210752
-25.136374 7427.544731 1248.798352
UTC=2024-01-19T04:10:02.000000
-1088429.400125 -283364.440815 7083887.142001
246.737609 7519.727740 337.722710
UTC=2024-01-19T04:12:02.000000
-1042639.060499 618514.443546 7069417.924913
515.373008 7491.505203 -578.568743
UTC=2024-01-19T04:14:02.000000
-965118.604548 1509799.503441 6945386.692880
774.545910 7343.414238 -1485.963209
UTC=2024-01-19T04:16:02.000000
-857369.095313 2376234.911521 6713702.463042
1018.202273 7077.912490 -2370.476108
UTC=2024-01-19T04:18:02.000000
-721601.723651 3203973.293575 6377934.550325
1240.580697 6699.341727 -3218.453658
UTC=2024-01-19T04:20:02.000000
-560695.569704 3979798.520377 5943260.836043
1436.330646 6213.868737 -4016.774401
UTC=2024-01-19T04:22:02.000000
-378141.353733 4691339.565385 5416391.806156
1600.626966 5629.394491 -4753.047907
UTC=2024-01-19T04:24:02.000000
-177972.018952 5327272.212497 4805471.526510
1729.274607 4955.445168 -5415.804397
UTC=2024-01-19T04:26:02.000000
35318.807027 5877505.753480 4119955.158544
1818.805459 4203.022254 -5994.692916
UTC=2024-01-19T04:28:02.000000
256868.896646 6333348.952254 3370465.137522
1866.555598 3384.423051 -6480.631638
UTC=2024-01-19T04:30:02.000000
481548.105705 6687656.339505 2568629.413723
1870.735848 2513.078578 -6865.978124
UTC=2024-01-19T04:32:02.000000
704067.033337 6934949.339311 1726898.095496
1830.486255 1603.293817 -7144.688573
UTC=2024-01-19T04:34:02.000000
919090.045588 7071506.016404 858346.073451
1745.899865 670.000181 -7312.410147
UTC=2024-01-19T04:36:02.000000
1121350.527331 7095420.723088 -23535.055712
1618.033304 -271.506964 -7366.560539
UTC=2024-01-19T04:38:02.000000
1305765.741412 7006631.500872 -905052.515336
1448.889657 -1205.841231 -7306.373311
UTC=2024-01-19T04:40:02.000000
1467548.258706 6806914.555337 -1772530.933415
1241.379872 -2117.797189 -7132.903286
UTC=2024-01-19T04:42:02.000000
1602311.768576 6499846.662983 -2612529.733784
999.267590 -2992.614442 -6849.002230
UTC=2024-01-19T04:44:02.000000
1706169.169521 6090736.245420 -3412055.682578
727.095583 -3816.234322 -6459.261708
UTC=2024-01-19T04:46:02.000000
1775820.814681 5586524.529539 -4158766.548652
430.095791 -4575.540451 -5969.922377
UTC=2024-01-19T04:48:02.000000
1808631.076005 4995659.167806 -4841161.935349
114.084508 -5258.575759 -5388.751168
UTC=2024-01-19T04:50:02.000000
1802691.516132 4327943.764112 -5448757.734915
-214.654712 -5854.725462 -4724.893325
UTC=2024-01-19T04:52:02.000000
1756869.702629 3594367.582579 -5972242.066209
-549.492803 -6354.866360 -3988.713874
UTC=2024-01-19T04:54:02.000000
1670842.970496 2806918.621537 -6403611.551579
-883.584878 -6751.494852 -3191.625303
UTC=2024-01-19T04:56:02.000000
1545116.436643 1978383.436441 -6736285.751369
-1210.000635 -7038.816874 -2345.899681
UTC=2024-01-19T04:58:02.000000
1381025.689950 1122138.277608 -6965199.345481
-1521.850351 -7212.806921 -1464.487179
UTC=2024-01-19T05:00:02.000000
1180724.151510 251934.095217 -7086872.479669
-1812.415037 -7271.250024 -560.829969
UTC=2024-01-19T05:02:02.000000
947154.853080 -618321.843774 -7099458.326171
-2075.274501 -7213.756609 351.329075
UTC=2024-01-19T05:04:02.000000
684007.189443 -1474784.584803 -7002767.534502
-2304.428778 -7041.749860 1258.139876
UTC=2024-01-19T05:06:02.000000
395659.716078 -2303886.886853 -6798270.047676
-2494.410315 -6758.428010 2145.826433
UTC=2024-01-19T05:08:02.000000
87109.516733 -3092549.763524 -6489075.791719
-2640.396939 -6368.723409 3000.863302
UTC=2024-01-19T05:10:02.000000
-236111.788911 -3828387.100042 -6079892.636365
-2738.317542 -5879.236017 3810.176831
UTC=2024-01-19T05:12:02.000000
-568033.559247 -4499899.827166 -5576960.864593
-2784.940651 -5298.132871 4561.329900
UTC=2024-01-19T05:14:02.000000
-902351.996555 -5096657.519839 -4987965.951472
-2777.958277 -4635.037089 5242.704240
UTC=2024-01-19T05:16:02.000000
-1232545.369474 -5609465.109805 -4321929.151997
-2716.056448 -3900.889368 5843.685464
UTC=2024-01-19T05:18:02.000000
-1551996.589888 -6030511.273690 -3589076.309927
-2598.966771 -3107.781457 6354.839819
UTC=2024-01-19T05:20:02.000000
-1854120.785517 -6353495.358785 -2800686.327366
-2427.498322 -2268.766284 6768.075633
UTC=2024-01-19T05:22:02.000000
-2132495.542804 -6573730.425564 -1968921.170205
-2203.549774 -1397.649707 7076.790295
UTC=2024-01-19T05:24:02.000000
-2380991.181620 -6688220.004312 -1106639.164386
-1930.097353 -508.760216 7275.999872
UTC=2024-01-19T05:26:02.000000
-2593898.179379 -6695706.011742 -227194.320059
-1611.159586 383.300519 7362.441336
UTC=2024-01-19T05:28:02.000000
-2766048.897530 -6596685.917318 655774.631825
-1251.737260 1263.918582 7334.640674
UTC=2024-01-19T05:30:02.000000
-2892930.660210 -6393398.569811 1528561.267129
-857.729967 2118.728132 7192.946656
UTC=2024-01-19T05:32:02.000000
-2970787.552395 -6089778.904357 2377610.550607
-435.831667 2933.869406 6939.530306
UTC=2024-01-19T05:34:02.000000
-2996708.489462 -5691382.247205 3189735.516649
6.593136 3696.235081 6578.345563
UTC=2024-01-19T05:36:02.000000
-2968699.483689 -5205280.239859 3952327.142031
461.647983 4393.696390 6115.055963
UTC=2024-01-19T05:38:02.000000
-2885738.712171 -4639931.017471 4653553.566544
921.051554 5015.305522 5556.931215
UTC=2024-01-19T05:40:02.000000
-2747813.627855 -4005026.621718 5282545.346183
1376.289868 5551.472524 4912.718691
UTC=2024-01-19T05:42:02.000000
-2555939.251064 -3311320.731801 5829563.890225
1818.778524 5994.115603 4192.490447
UTC=2024-01-19T05:44:02.000000
-2312156.837486 -2570440.646365 6286149.982674
2240.024027 6336.771164 3407.467891
UTC=2024-01-19T05:46:02.000000
-2019513.652682 -1794688.170701 6645251.086477
2631.778625 6574.672605 2569.844166
UTC=2024-01-19T05:48:02.000000
-1682024.324361 -996832.106346 6901326.756162
2986.192406 6704.811690 1692.593620
UTC=2024-01-19T05:50:02.000000
-1304614.399438 -189895.230979 7050429.714395
3295.955344 6725.963067 789.259726
UTC=2024-01-19T05:52:02.000000
-893047.763557 613058.932107 7090262.312231
3554.427036 6638.670619 -126.237589
UTC=2024-01-19T05:54:02.000000
-453838.369396 1399137.428925 7020210.220589
3755.767964 6445.227807 -1039.797599
UTC=2024-01-19T05:56:02.000000
5853.146218 2155825.184467 6841351.647459
3895.058112 6149.628802 -1937.346569
UTC=2024-01-19T05:58:02.000000
478336.197743 2871184.776968 6556441.657429
3968.400838 5757.491761 -2805.044525
UTC=2024-01-19T06:00:02.000000
955518.416114 3534045.610655 6169872.173372
3973.009851 5275.962102 -3629.483375
UTC=2024-01-19T06:02:02.000000
1429043.461339 4134180.610953 5687608.137197
3907.282813 4713.598322 -4397.887585
UTC=2024-01-19T06:04:02.000000
1890436.696224 4662467.702651 5117099.814906
3770.858712 4080.234303 -5098.309513
UTC=2024-01-19T06:06:02.000000
2331256.650519 5111033.504501 4467171.766529
3564.655124 3386.817682 -5719.823576
UTC=2024-01-19T06:08:02.000000
2743249.301538 5473375.803192 3747889.445727
3290.878692 2645.222350 -6252.700556
UTC=2024-01-19T06:10:02.000000
3118502.468414 5744463.647279 2970406.007133
2953.017306 1868.064098 -6688.569588
UTC=2024-01-19T06:12:02.000000
3449597.841500 5920813.829483 2146789.015178
2555.804626 1068.480875 -7020.586765
UTC=2024-01-19T06:14:02.000000
3729756.245382 6000538.485684 1289829.560813
2105.144622 259.885047 -7243.552505
UTC=2024-01-19T06:16:02.000000
3952972.632093 5983364.291619 412839.505975
1608.018979 -544.266401 -7354.001245
UTC=2024-01-19T06:18:02.000000
4114138.908349 5870623.068936 -470560.983563
1072.373457 -1330.719542 -7350.266984
UTC=2024-01-19T06:20:02.000000
4209151.311115 5665213.005612 -1346661.017531
506.976575 -2086.659724 -7232.504713
UTC=2024-01-19T06:22:02.000000
4235000.027753 5371532.497049 -2201877.427456
-78.735279 -2799.935087 -7002.684561
UTC=2024-01-19T06:24:02.000000
4189839.038710 4995387.710804 -3022970.480822
-674.831938 -3459.267962 -6664.550452
UTC=2024-01-19T06:26:02.000000
4073034.399680 4543876.047149 -3797252.489224
-1271.073548 -4054.445352 -6223.543065
UTC=2024-01-19T06:28:02.000000
3885190.266519 4025248.377765 -4512784.928821
-1857.095001 -4576.479228 -5686.687269
UTC=2024-01-19T06:30:02.000000
3628153.092952 3448754.062773 -5158560.990959
-2422.587202 -5017.736230 -5062.463963
UTC=2024-01-19T06:32:02.000000
3304993.821263 2824471.729904 -5724671.442500
-2957.481144 -5372.043288 -4360.657519
UTC=2024-01-19T06:34:02.000000
2919968.580489 2163129.449727 -6202450.882171
-3452.120358 -5634.758688 -3592.185212
UTC=2024-01-19T06:36:02.000000
2478459.309142 1475918.132062 -6584603.068764
-3897.424432 -5802.814913 -2768.917784
UTC=2024-01-19T06:38:02.000000
1986895.506390 774301.609901 -6865303.971283
-4285.037366 -5874.730203 -1903.490312
UTC=2024-01-19T06:40:02.000000
1452659.243584 69826.949446 -7040282.572133
-4607.460967 -5850.595684 -1009.122160
UTC=2024-01-19T06:42:02.000000
883974.194791 -626062.913034 -7106880.198529
-4858.188443 -5732.050091 -99.433225
UTC=2024-01-19T06:44:02.000000
289779.564049 -1302212.059968 -7064086.477624
-5031.817213 -5522.226588 811.756877
UTC=2024-01-19T06:46:02.000000
-320408.049952 -1947926.461162 -6912552.220672
-5124.141891 -5225.677150 1710.610363
UTC=2024-01-19T06:48:02.000000
-936643.788140 -2553139.581486 -6654580.975393
-5132.244411 -4848.294457 2583.451382
UTC=2024-01-19T06:50:02.000000
-1548713.529093 -3108567.685778 -6294097.767265
-5054.564423 -4397.213056 3416.963507
UTC=2024-01-19T06:52:02.000000
-2146299.888554 -3605851.633930 -5836594.811217
-4890.948703 -3880.687916 4198.372780
UTC=2024-01-19T06:54:02.000000
-2719153.554662 -4037683.886328 -5289055.672321
-4642.690495 -3307.968813 4915.628381
UTC=2024-01-19T06:56:02.000000
-3257268.326249 -4397919.455207 -4659857.057662
-4312.548734 -2689.155143 5557.594230
UTC=2024-01-19T06:58:02.000000
-3751056.416682 -4681667.881666 -3958647.900346
-3904.733374 -2035.027409 6114.231170
UTC=2024-01-19T07:00:02.000000
-4191520.530346 -4885364.430284 -3196207.679209
-3424.868036 -1356.870108 6576.763141
UTC=2024-01-19T07:02:02.000000
-4570420.007570 -5006819.271774 -2384285.227440
-2879.926227 -666.280697 6937.835182
UTC=2024-01-19T07:04:02.000000
-4880427.372316 -5045242.995928 -1535419.734830
-2278.135892 25.031928 7191.650688
UTC=2024-01-19T07:06:02.000000
-5115271.687314 -5001247.632064 -662746.669476
-1628.854974 705.453989 7334.084755
UTC=2024-01-19T07:08:02.000000
-5269865.368227 -4876822.837083 220208.191617
-942.421029 1363.673020 7362.769137
UTC=2024-01-19T07:10:02.000000
-5340411.469474 -4675287.400004 1099743.277150
-229.975656 1988.883349 7277.148678
UTC=2024-01-19T07:12:02.000000
-5324488.381913 -4401216.366735 1962200.279173
496.735154 2570.984952 7078.498748
UTC=2024-01-19T07:14:02.000000
-5221109.742505 -4060345.326737 2794182.737756
1225.572442 3100.763620 6769.901353
UTC=2024-01-19T07:16:02.000000
-5030758.542431 -3659454.426588 3582769.745187
1944.222558 3570.048410 6356.188242
UTC=2024-01-19T07:18:02.000000
-4755394.862564 -3206234.928634 4315721.089582
2640.418514 3971.845920 5843.856131
UTC=2024-01-19T07:20:02.000000
-4398436.737876 -2709140.898387 4981670.207229
3302.164470 4300.451664 5240.945335
UTC=2024-01-19T07:22:02.000000
-3964715.009010 -2177229.773779 5570300.551393
3917.942392 4551.523347 4556.890451
UTC=2024-01-19T07:24:02.000000
-3460404.300307 -1619995.965514 6072503.666424
4476.905693 4722.126335 3802.365216
UTC=2024-01-19T07:26:02.000000
-2892931.061184 -1047200.097550 6480517.941059
4969.068146 4810.761317 2989.112693
UTC=2024-01-19T07:28:02.000000
-2270859.589751 -468696.347252 6788045.425275
5385.479222 4817.365721 2129.750154
UTC=2024-01-19T07:30:02.000000
-1603758.455749 105738.179024 6990344.347380
5718.373683 4743.277592 1237.562768
UTC=2024-01-19T07:32:02.000000
-902050.795369 666568.154208 7084297.503575
5961.293391 4591.179329 326.310015
UTC=2024-01-19T07:34:02.000000
-176850.582635 1204657.746605 7068457.526092
6109.200164 4365.034260 -589.970888
UTC=2024-01-19T07:36:02.000000
560213.669441 1711419.399829 6943067.994721
6158.570790 4070.001350 -1497.168738
UTC=2024-01-19T07:38:02.000000
1297185.424219 2178951.266469 6710059.905057
6107.471571 3712.330746 -2381.305842
UTC=2024-01-19T07:40:02.000000
2021973.982259 2600160.913940 6373023.455502
5955.606433 3299.241662 -3228.738993
UTC=2024-01-19T07:42:02.000000
2722552.947852 2968873.985014 5937156.235003
5704.346942 2838.794017 -4026.354325
UTC=2024-01-19T07:44:02.000000
3387161.253421 3279926.796946 5409187.700565
5356.742805 2339.747554 -4761.768915
UTC=2024-01-19T07:46:02.000000
4004503.287969 3529241.027765 4797279.201146
4917.493374 1811.404340 -5423.532679
UTC=2024-01-19T07:48:02.000000
4563943.545374 3713878.821133 4110901.478412
4392.892840 1263.443175 -6001.298668
UTC=2024-01-19T07:50:02.000000
5055694.822879 3832078.313254 3360691.890682
3790.770241 705.755579 -6486.004218
UTC=2024-01-19T07:52:02.000000
5470995.227511 3883267.850564 2558289.305843
3120.360662 148.255121 -6870.041547
UTC=2024-01-19T07:54:02.000000
5802268.377743 3868057.749104 1716152.080284
2392.162554 -399.301280 -7147.381530
UTC=2024-01-19T07:56:02.000000
6043265.170561 3788210.902289 847361.415152
1617.767574 -927.490773 -7313.689062
UTC=2024-01-19T07:58:02.000000
6189183.171152 3646592.027475 -34587.177248
809.659326 -1427.401184 -7366.404357
UTC=2024-01-19T08:00:02.000000
6236760.446193 3447096.407942 -915999.757348
-19.008397 -1890.794379 -7304.783961
UTC=2024-01-19T08:02:02.000000
6184342.100931 3194559.994571 -1783202.709047
-854.646052 -2310.253568 -7129.908060
UTC=2024-01-19T08:04:02.000000
6031917.948402 2894653.247038 -2622760.155345
-1683.471519 -2679.305540 -6844.651883
UTC=2024-01-19T08:06:02.000000
5781131.124405 2553761.413629 -3421686.239236
-2491.751905 -2992.526614 -6453.627668
UTC=2024-01-19T08:08:02.000000
5435257.798460 2178853.364338 -4167648.381897
-3266.042338 -3245.624927 -5963.094443
UTC=2024-01-19T08:10:02.000000
4999158.257847 1777342.057151 -4849158.208558
-3993.425248 -3435.498247 -5380.839460
UTC=2024-01-19T08:12:02.000000
4479200.287572 1356939.885730 -5455745.751250
-4661.725680 -3560.259668 -4716.022664
UTC=2024-01-19T08:14:02.000000
3883158.571462 925512.709575 -5978114.808265
-5259.701291 -3619.236735 -3979.019926
UTC=2024-01-19T08:16:02.000000
3220091.902064 490935.097890 -6408278.810840
-5777.221181 -3612.951619 -3181.252678
UTC=2024-01-19T08:18:02.000000
2500200.159884 60949.282858 -6739675.193398
-6205.420856 -3543.079000 -2335.001480
UTC=2024-01-19T08:20:02.000000
1734664.631033 -356969.682033 -6967257.345024
-6536.827355 -3412.386056 -1453.221455
UTC=2024-01-19T08:22:02.000000
935474.177039 -755740.810739 -7087564.740595
-6765.472932 -3224.660159 -549.361076
UTC=2024-01-19T08:24:02.000000
115238.441229 -1128794.354338 -7098770.425233
-6886.991178 -2984.617769 362.835101
UTC=2024-01-19T08:26:02.000000
-713008.198813 -1470177.184223 -7000705.168059
-6898.679304 -2697.802297 1269.512310
UTC=2024-01-19T08:28:02.000000
-1536009.688715 -1774645.754877 -6794859.867295
-6799.553353 -2370.478301 2156.888541
UTC=2024-01-19T08:30:02.000000
-2340496.721274 -2037745.694844 -6484365.140611
-6590.378767 -2009.513081 3011.449331
UTC=2024-01-19T08:32:02.000000
-3113397.016474 -2255876.471078 -6073948.012565
-6273.673160 -1622.249060 3820.131439
UTC=2024-01-19T08:34:02.000000
-3842045.301861 -2426340.907649 -5569867.184950
-5853.700579 -1216.378189 4570.501374
UTC=2024-01-19T08:36:02.000000
-4514391.468011 -2547379.065305 -4979825.924384
-5336.440759 -799.805383 5250.948937
UTC=2024-01-19T08:38:02.000000
-5119202.529475 -2618185.189830 -4312862.019940
-4729.519036 -380.504928 5850.871431
UTC=2024-01-19T08:40:02.000000
-5646254.783965 -2638907.440698 -3579216.474424
-4042.113811 33.623053 6360.846652
UTC=2024-01-19T08:42:02.000000
-6086513.090945 -2610630.215066 -2790181.715044
-3284.832176 434.899247 6772.799574
UTC=2024-01-19T08:44:02.000000
-6432293.062882 -2535338.948661 -1957930.874419
-2469.550831 816.009001 7080.149203
UTC=2024-01-19T08:46:02.000000
-6677402.598096 -2415868.043156 -1095330.800588
-1609.231208 1170.140186 7277.934009
UTC=2024-01-19T08:48:02.000000
-6817259.414629 -2255832.621533 -215741.373841
-717.704417 1491.113510 7362.912098
UTC=2024-01-19T08:50:02.000000
-6848981.500770 -2059545.403401 667195.248315
190.563627 1773.500301 7333.629918
UTC=2024-01-19T08:52:02.000000
-6771448.144870 -1831920.281172 1539771.834893
1100.728005 2012.725026 7190.459483
UTC=2024-01-19T08:54:02.000000
-6585329.335931 -1578364.861415 2388435.415802
1997.833745 2205.146438 6935.595881
UTC=2024-01-19T08:56:02.000000
-6293082.914954 -1304664.482764 3200003.891542
2867.081570 2348.118828 6573.015868
UTC=2024-01-19T08:58:02.000000
-5898920.283381 -1016860.102185 3961876.103475
3694.089283 2440.032432 6108.411630
UTC=2024-01-19T09:00:02.000000
-5408740.371271 -721122.785155 4662231.715857
4465.155180 2480.328632 5549.082140
UTC=2024-01-19T09:02:02.000000
-4830033.991923 -423628.021759 5290215.633400
5167.484400 2469.488880 4903.792183
UTC=2024-01-19T09:04:02.000000
-4171762.657598 -130432.470660 5836105.297405
5789.393981 2409.005949 4182.627278
UTC=2024-01-19T09:06:02.000000
-3444213.178856 152644.703311 6291459.464104
6320.509361 2301.335370 3396.826757
UTC=2024-01-19T09:08:02.000000
-2658830.354996 420133.364332 6649245.447233
6751.929820 2149.825365 2558.595433
UTC=2024-01-19T09:10:02.000000
-1828031.802220 667014.467096 6903943.572578
7076.363370 1958.631233 1680.913250
UTC=2024-01-19T09:12:02.000000
-965007.924232 888811.473508 7051628.203325
7288.237514 1732.622754 777.332940
UTC=2024-01-19T09:14:02.000000
-83510.639515 1081669.773907 7090024.297639
7383.777649 1477.276886 -138.221150
UTC=2024-01-19T09:16:02.000000
802366.095789 1242422.702951 7018540.099681
7361.065712 1198.562948 -1051.651976
UTC=2024-01-19T09:18:02.000000
1678411.484683 1368643.480058 6838275.736827
7220.076133 902.822137 -1948.892746
UTC=2024-01-19T09:20:02.000000
2530525.737798 1458682.177603 6552007.387158
6962.683877 596.639236 -2816.109124
UTC=2024-01-19T09:22:02.000000
3344947.564201 1511687.180983 6164147.507888
6592.652129 286.712823 -3639.898022
UTC=2024-01-19T09:24:02.000000
4108478.640333 1527610.890863 5680680.623302
6115.589091 -20.277649 -4407.495561
UTC=2024-01-19T09:26:02.000000
4808700.400823 1507199.546775 5109074.978804
5538.868523 -317.802248 -5106.966597
UTC=2024-01-19T09:28:02.000000
5434180.733862 1451967.633259 4458172.238338
4871.541033 -599.608329 -5727.388263
UTC=2024-01-19T09:30:02.000000
5974668.072196 1364156.956539 3738054.160262
4124.204857 -859.846524 -6259.046823
UTC=2024-01-19T09:32:02.000000
6421266.739550 1246681.118998 2959887.095705
3308.829212 -1093.189667 -6693.603517
UTC=2024-01-19T09:34:02.000000
6766590.252373 1103055.955529 2135748.627675
2438.565252 -1294.943976 -7024.232518
UTC=2024-01-19T09:36:02.000000
7004890.563025 937317.934828 1278438.012094
1527.529124 -1461.141075 -7245.751478
UTC=2024-01-19T09:38:02.000000
7132159.016253 753931.960447 401272.969521
590.552994 -1588.620648 -7354.713352
UTC=2024-01-19T09:40:02.000000
7146197.127855 557690.495620 -482122.609332
-357.071104 -1675.092876 -7349.471735
UTC=2024-01-19T09:42:02.000000
7046655.025102 353606.240858 -1358036.962836
-1299.871618 -1719.182163 -7230.208762
UTC=2024-01-19T09:44:02.000000
6835036.401601 146800.894949 -2212889.373470
-2222.472751 -1720.449858 -6998.921553
UTC=2024-01-19T09:46:02.000000
6514670.839122 -57607.619338 -3033445.602283
-3109.862919 -1679.395601 -6659.377719
UTC=2024-01-19T09:48:02.000000
6090654.394696 -254616.683058 -3807026.143088
-3947.654899 -1597.436490 -6217.039957
UTC=2024-01-19T09:50:02.000000
5569759.705755 -439446.827767 -4521703.507249
-4722.332413 -1476.865884 -5678.958439
UTC=2024-01-19T09:52:02.000000
4960317.931055 -607643.373370 -5166484.623280
-5421.469646 -1320.792009 -5053.631684
UTC=2024-01-19T09:54:02.000000
4272076.528202 -755169.875173 -5731475.616534
-6033.916680 -1133.064261 -4350.855487
UTC=2024-01-19T09:56:02.000000
3516035.943757 -878492.157276 -6208027.881425
-6549.966316 -918.189173 -3581.559598
UTC=2024-01-19T09:58:02.000000
2704267.763288 -974651.301674 -6588863.378309
-6961.493511 -681.229573 -2757.625708
UTC=2024-01-19T10:00:02.000000
1849718.348392 -1041323.774908 -6868177.635517
-7262.058485 -427.694352 -1891.700868
UTC=2024-01-19T10:02:02.000000
966001.668844 -1076868.496499 -7041720.572659
-7446.985917 -163.430190 -997.013925
UTC=2024-01-19T10:04:02.000000
67183.758072 -1080360.335496 -7106855.141152
-7513.424458 105.497768 -87.187680
UTC=2024-01-19T10:06:02.000000
-832438.216987 -1051609.055953 -7062593.048110
-7460.375884 372.925732 823.952019
UTC=2024-01-19T10:08:02.000000
-1718559.199582 -991164.076210 -6909608.125995
-7288.707962 632.710570 1722.560862
UTC=2024-01-19T10:10:02.000000
-2577089.809030 -900304.575041 -6650226.853793
-7001.142374 878.852682 2594.971573
UTC=2024-01-19T10:12:02.000000
-3394376.386358 -781015.199328 -6288395.848513
-6602.211281 1105.613063 3427.877532
UTC=2024-01-19T10:14:02.000000
-4157415.497789 -635947.926646 -5829628.197667
-6098.211186 1307.627563 4208.509403
UTC=2024-01-19T10:16:02.000000
-4854061.572143 -468370.278293 -5280927.190373
-5497.126320 1480.019354 4924.831855
UTC=2024-01-19T10:18:02.000000
-5473222.929291 -282100.594993 -4650687.191723
-4808.517907 1618.501138 5565.724670
UTC=2024-01-19T10:20:02.000000
-6005043.712022 -81431.515065 -3948573.309724
-4043.398632 1719.471035 6121.159046
UTC=2024-01-19T10:22:02.000000
-6441068.759114 128957.669932 -3185379.689660
-3214.070200 1780.099386 6582.374108
UTC=2024-01-19T10:24:02.000000
-6774387.052696 344097.978693 -2372867.959363
-2333.933566 1798.398854 6942.030495
UTC=2024-01-19T10:26:02.000000
-6999751.028494 558835.467736 -1523588.129893
-1417.274192 1773.281285 7194.349111
UTC=2024-01-19T10:28:02.000000
-7113668.762694 767941.326736 -650683.975536
-479.024724 1704.591382 7335.231847
UTC=2024-01-19T10:30:02.000000
-7114465.509260 966224.959187 232314.354770
465.507273 1593.121961 7362.345856
UTC=2024-01-19T10:32:02.000000
-7002312.642719 1148647.592076 1111704.693349
1400.903895 1440.608017 7275.162569
UTC=2024-01-19T10:34:02.000000
-6779224.969343 1310433.972253 1973830.939855
2311.905142 1249.700278 7074.979073
UTC=2024-01-19T10:36:02.000000
-6449025.226653 1447179.543832 2805301.569153
3183.684305 1023.916336 6764.901713
UTC=2024-01-19T10:38:02.000000
-6017275.970505 1554950.491922 3593203.765885
4002.114355 767.571089 6349.790186
UTC=2024-01-19T10:40:02.000000
-5491180.513541 1630374.342387 4325308.564780
4754.015113 485.689645 5836.163902
UTC=2024-01-19T10:42:02.000000
-4879455.920471 1670719.268602 4990262.961293
5427.371797 183.906316 5232.080702
UTC=2024-01-19T10:44:02.000000
-4192181.453586 1673960.491722 5577766.130123
6011.524956 -131.648605 4546.993853
UTC=2024-01-19T10:46:02.000000
-3440625.954105 1638832.613727 6078727.581671
6497.332930 -454.469976 3791.595135
UTC=2024-01-19T10:48:02.000000
-2637057.057028 1564866.984840 6485405.607750
6877.312376 -777.805413 2977.641479
UTC=2024-01-19T10:50:02.000000
-1794535.214860 1452413.395390 6791523.472286
7145.747469 -1094.789566 2117.758430
UTC=2024-01-19T10:52:02.000000
-926697.169251 1302645.473846 6992361.507891
7298.757413 -1398.579188 1225.237968
UTC=2024-01-19T10:54:02.000000
-47533.355153 1117550.123248 7084825.180249
7334.332545 -1682.485023 313.841523
UTC=2024-01-19T10:56:02.000000
828837.904943 899901.135724 7067489.714782
7252.352165 -1940.102839 -602.396557
UTC=2024-01-19T10:58:02.000000
1688396.899237 653217.418697 6940620.713611
7054.576938 -2165.439002 -1509.371343
UTC=2024-01-19T11:00:02.000000
2517446.520325 381706.353318 6706170.557582
6744.615499 -2353.032306 -2393.107905
UTC=2024-01-19T11:02:02.000000
3302831.021666 90192.930504 6367750.844351
6327.871358 -2498.069125 -3239.961870
UTC=2024-01-19T11:04:02.000000
4032146.831808 -215964.462574 5930580.263376
5811.460472 -2596.489991 -4036.826551
UTC=2024-01-19T11:06:02.000000
4693941.600469 -530970.395228 5401408.137559
5204.100385 -2645.085108 -4771.330495
UTC=2024-01-19T11:08:02.000000
5277898.679368 -848699.367452 4788414.615149
4515.977853 -2641.575430 -5432.030071
UTC=2024-01-19T11:10:02.000000
5775004.105945 -1162811.597339 4101087.981899
3758.588739 -2584.678226 -6008.596269
UTC=2024-01-19T11:12:02.000000
6177692.959736 -1466875.695967 3350080.337625
2944.554687 -2474.155639 -6491.990161
UTC=2024-01-19T11:14:02.000000
6479971.871735 -1754495.802416 2547042.936584
2087.409376 -2310.840176 -6874.622181
UTC=2024-01-19T11:16:02.000000
6677514.731147 -2019440.466293 1704444.023808
1201.366652 -2096.638166 -7150.485511
UTC=2024-01-19T11:18:02.000000
6767729.656348 -2255770.640724 835372.149933
301.074403 -1834.512150 -7315.264909
UTC=2024-01-19T11:20:02.000000
6749795.548491 -2457964.254867 -46672.154186
-598.646934 -1528.439371 -7366.420120
UTC=2024-01-19T11:22:02.000000
6624666.777832 -2621033.912188 -927992.409029
-1483.070624 -1183.340935 -7303.229850
UTC=2024-01-19T11:24:02.000000
6395046.035992 -2740635.254154 -1794915.384226
-2337.828965 -804.996890 -7126.801335
UTC=2024-01-19T11:26:02.000000
6065325.704684 -2813163.684499 -2634009.080308
-3149.168727 -399.936688 -6840.039639
UTC=2024-01-19T11:28:02.000000
5641499.890011 -2835836.936633 -3432294.948695
-3904.185264 24.685115 -6447.584014
UTC=2024-01-19T11:30:02.000000
5131049.612657 -2806762.209212 -4177450.626529
-4591.034239 461.221412 -5955.714005
UTC=2024-01-19T11:32:02.000000
4542804.094383 -2724986.845680 -4858000.043956
-5199.120049 901.674856 -5372.233409
UTC=2024-01-19T11:34:02.000000
3886780.657490 -2590531.363379 -5463487.856137
-5719.260889 1337.848745 -4706.323414
UTC=2024-01-19T11:36:02.000000
3174007.278299 -2404404.255002 -5984634.679409
-6143.810936 1761.498149 -3968.373569
UTC=2024-01-19T11:38:02.000000
2416332.897544 -2168599.039260 -6413471.969544
-6466.746069 2164.474854 -3169.814311
UTC=2024-01-19T11:40:02.000000
1626228.330404 -1886073.902231 -6743456.794280
-6683.736672 2538.874272 -2322.944425
UTC=2024-01-19T11:42:02.000000
816579.897343 -1560713.688468 -6969564.404595
-6792.190478 2877.178932 -1440.735087
UTC=2024-01-19T11:44:02.000000
480.299017 -1197275.677910 -7088357.414438
-6791.260088 3172.387064 -536.640367
UTC=2024-01-19T11:46:02.000000
-808980.259672 -801320.097868 -7098032.476174
-6681.830042 3418.137874 375.590919
UTC=2024-01-19T11:48:02.000000
-1598920.154934 -379126.115265 -6998444.611825
-6466.486242 3608.829587 1282.099638
UTC=2024-01-19T11:50:02.000000
-2356867.707931 62406.076877 -6791108.837978
-6149.463643 3739.730329 2169.110497
UTC=2024-01-19T11:52:02.000000
-3070954.517155 515865.451101 -6479178.871912
-5736.567847 3807.073441 3023.116784
UTC=2024-01-19T11:54:02.000000
-3730098.791106 973451.353579 -6067404.178347
-5235.088335 3808.145386 3831.060256
UTC=2024-01-19T11:56:02.000000
-4324177.478760 1427104.394065 -5562064.811199
-4653.694594 3741.358223 4580.521000
UTC=2024-01-19T11:58:02.000000
-4844184.243918 1868645.318746 -4970883.718054
-4002.306501 3606.312077 5259.901260
UTC=2024-01-19T12:00:02.000000
-5282370.817996 2289920.537394 -4302916.733223
-3291.943716 3403.838554 5858.615456
UTC=2024-01-19T12:02:02.000000
-5632368.449961 2682950.843455 -3568420.474271
-2534.548453 3136.013255 6367.262943
UTC=2024-01-19T12:04:02.000000
-5889287.546685 3040080.654955 -2778700.537215
-1742.798351 2806.151908 6777.787658
UTC=2024-01-19T12:06:02.000000
-6049793.628900 3354125.444552 -1945941.000636
-929.897755 2418.782813 7083.627534
UTC=2024-01-19T12:08:02.000000
-6112157.079213 3618514.176046 -1083017.213012
-109.350981 1979.590683 7279.842810
UTC=2024-01-19T12:10:02.000000
-6076274.943254 3827423.296443 -203294.858552
705.274602 1495.332981 7363.214801
UTC=2024-01-19T12:12:02.000000
-5943664.245392 3975899.240402 679581.161304
1500.587840 973.731587 7332.318596
UTC=2024-01-19T12:14:02.000000
-5717425.875099 4059966.255130 1551904.539537
2263.622610 423.337377 7187.556847
UTC=2024-01-19T12:16:02.000000
-5402179.461965 4076716.925546 2400126.703249
2982.070173 -146.621821 6931.151788
UTC=2024-01-19T12:18:02.000000
-5003971.543741 4024383.560112 3211072.993384
3644.490858 -726.406454 6567.104640
UTC=2024-01-19T12:20:02.000000
-4530159.261653 3902389.059273 3972152.491366
4240.512941 -1305.944237 6101.127975
UTC=2024-01-19T12:22:02.000000
-3989271.510714 3711375.549227 4671557.139451
4761.004120 -1875.017980 5540.536394
UTC=2024-01-19T12:24:02.000000
-3390851.657614 3453210.820749 5298446.370406
5198.210805 -2423.447305 4894.117456
UTC=2024-01-19T12:26:02.000000
-2745284.698499 3130972.848848 5843115.019796
5545.875735 -2941.273734 4171.979152
UTC=2024-01-19T12:28:02.000000
-2063612.539824 2748912.312698 6297141.538882
5799.318768 -3418.939541 3385.377408
UTC=2024-01-19T12:30:02.000000
-1357341.247804 2312394.204462 6653514.728777
5955.490429 -3847.458517 2546.529049
UTC=2024-01-19T12:32:02.000000
-638244.078567 1827819.661285 6906736.991983
6012.985761 -4218.571796 1668.412160
UTC=2024-01-19T12:34:02.000000
81835.377226 1302530.066579 7052904.538487
5972.036113 -4524.891269 764.579905
UTC=2024-01-19T12:36:02.000000
791178.463034 744694.376219 7089764.327848
5834.485439 -4760.032642 -151.042706
UTC=2024-01-19T12:38:02.000000
1478381.977290 163181.562666 7016746.535216
5603.736904 -4918.731649 -1064.360106
UTC=2024-01-19T12:40:02.000000
2132541.180858 -432580.206150 6834973.110132
5284.681615 -4996.949364 -1961.305129
UTC=2024-01-19T12:42:02.000000
2743423.099231 -1032756.249227 6547242.171985
4883.607870 -4991.962335 -2828.042908
UTC=2024-01-19T12:44:02.000000
3301627.894465 -1627267.476285 6157987.980807
4408.093619 -4902.431147 -3651.172911
UTC=2024-01-19T12:46:02.000000
3798736.118573 -2205959.900306 5673216.538256
3866.876890 -4728.453100 -4417.934170
UTC=2024-01-19T12:48:02.000000
4227439.011836 -2758778.724329 5100416.939341
3269.705132 -4471.586796 -5116.400561
UTC=2024-01-19T12:50:02.000000
4581650.020549 -3275944.375322 4448449.975477
2627.172493 -4134.859957 -5735.667990
UTC=2024-01-19T12:52:02.000000
4856595.777970 -3748127.835426 3727414.345521
1950.539922 -3722.747773 -6266.038255
UTC=2024-01-19T12:54:02.000000
5048884.575697 -4166621.466886 2948491.660853
1251.540462 -3241.120052 -6699.187896
UTC=2024-01-19T12:56:02.000000
5156550.528196 -4523501.663122 2123772.260642
542.168527 -2697.157908 -7028.317189
UTC=2024-01-19T12:58:02.000000
5179071.925086 -4811779.878979 1266064.950070
-165.536469 -2099.244223 -7248.269188
UTC=2024-01-19T13:00:02.000000
5117363.722495 -5025538.962000 388693.986617
-859.705758 -1456.827876 -7355.623078
UTC=2024-01-19T13:02:02.000000
4973744.089586 -5160051.601566 -494713.289581
-1528.855884 -780.261465 -7348.755642
UTC=2024-01-19T13:04:02.000000
4751875.937561 -5211877.934395 -1370444.252579
-2162.091702 -80.617874 -7227.871102
UTC=2024-01-19T13:06:02.000000
4456684.330418 -5178940.112631 -2224920.177823
-2749.303225 630.509778 -6994.991467
UTC=2024-01-19T13:08:02.000000
4094251.756759 -5060572.270726 -3044911.898431
-3281.337064 1341.217194 -6653.910814
UTC=2024-01-19T13:10:02.000000
3671694.010078 -4857544.982680 -3817748.114384
-3750.147583 2039.503514 -6210.116793
UTC=2024-01-19T13:12:02.000000
3197019.698447 -4572064.143708 -4531512.422437
-4148.918492 2713.482848 -5670.683726
UTC=2024-01-19T13:14:02.000000
2678976.581542 -4207744.496387 -5175225.983971
-4472.160710 3351.594770 -5044.138108
UTC=2024-01-19T13:16:02.000000
2126888.137011 -3769558.576334 -5739012.226931
-4715.775101 3942.800429 -4340.296546
UTC=2024-01-19T13:18:02.000000
1550484.736700 -3263763.519338 -6214241.705807
-4877.082991 4476.756749 -3570.100635
UTC=2024-01-19T13:20:02.000000
959732.147389 -2697807.506672 -6593657.033123
-4954.840331 4943.983529 -2745.446721
UTC=2024-01-19T13:22:02.000000
364659.772927 -2080216.571366 -6871476.402918
-4949.226008 5336.021425 -1878.999043
UTC=2024-01-19T13:24:02.000000
-224807.914559 -1420463.793332 -7043474.074480
-4861.801401 5645.566009 -983.996049
UTC=2024-01-19T13:26:02.000000
-799013.870105 -728823.714232 -7107037.995930
-4695.451478 5866.581648 -74.063354
UTC=2024-01-19T13:28:02.000000
-1348723.297482 -16213.997517 -7061205.132830
-4454.316378 5994.400722 836.972768
UTC=2024-01-19T13:30:02.000000
-1865269.337970 705973.892460 -6906674.084333
-4143.705331 6025.806404 1735.275863
UTC=2024-01-19T13:32:02.000000
-2340687.220983 1426052.985015 -6645795.199008
-3769.992209 5959.100470 2607.184169
UTC=2024-01-19T13:34:02.000000
-2767835.314207 2132226.135936 -6282538.508971
-3340.503119 5794.151385 3439.394994
UTC=2024-01-19T13:36:02.000000
-3140502.281139 2812776.221006 -5822439.639209
-2863.395153 5532.428744 4219.149240
UTC=2024-01-19T13:38:02.000000
-3453498.800931 3456259.248910 -5272523.266169
-2347.521937 5177.014889 4934.419956
UTC=2024-01-19T13:40:02.000000
-3702732.580667 4051697.287764 -4641203.858958
-1802.287557 4732.590288 5574.102411
UTC=2024-01-19T13:42:02.000000
-3885264.687694 4588767.848423 -3938163.901762
-1237.482108 4205.388267 6128.197002
UTC=2024-01-19T13:44:02.000000
-3999345.519809 5057985.942901 -3174211.194919
-663.109173 3603.119115 6587.973595
UTC=2024-01-19T13:46:02.000000
-4044430.316367 5450875.574524 -2361117.485801
-89.217600 2934.870212 6946.121021
UTC=2024-01-19T13:48:02.000000
-4021174.135927 5760127.643489 -1511439.738326
474.274513 2210.979212 7196.884839
UTC=2024-01-19T13:50:02.000000
-3931405.275485 5979740.883387 -638325.923289
1017.762063 1442.875167 7336.187435
UTC=2024-01-19T13:52:02.000000
-3778076.950145 6105141.132047 244691.554256
1532.128432 642.880651 7361.708571
UTC=2024-01-19T13:54:02.000000
-3565199.061103 6133276.509857 1123910.103785
2008.906712 -175.991743 7272.940299
UTC=2024-01-19T13:56:02.000000
-3297750.307104 6062686.530615 1985676.325436
2440.442743 -1000.271930 7071.210152
UTC=2024-01-19T13:58:02.000000
-2981571.953831 5893542.052792 2816605.263250
2820.035548 -1816.283379 6759.656359
UTC=2024-01-19T14:00:02.000000
-2623246.562689 5627655.088608 3603793.969164
3142.047067 -2610.389816 6343.160906
UTC=2024-01-19T14:02:02.000000
-2229965.119127 5268459.730079 4335025.635220
3401.987511 -3369.232609 5828.260709
UTC=2024-01-19T14:04:02.000000
-1809385.268082 4820964.659887 4998961.506517
3596.577081 -4079.964977 5223.031622
UTC=2024-01-19T14:06:02.000000
-1369483.555585 4291678.317023 5585317.418347
3723.785298 -4730.474321 4536.948367
UTC=2024-01-19T14:08:02.000000
-918404.619238 3688508.102006 6085021.755275
3782.839469 -5309.589349 3780.716466
UTC=2024-01-19T14:10:02.000000
-464311.127300 3020636.188166 6490352.660233
3774.207740 -5807.264474 2966.095507
UTC=2024-01-19T14:12:02.000000
-15236.887178 2298374.549119 6795053.130586
3699.561318 -6214.739163 2105.708593
UTC=2024-01-19T14:14:02.000000
421054.330984 1533002.283823 6994423.374711
3561.719373 -6524.678296 1212.853527
UTC=2024-01-19T14:16:02.000000
837202.347900 736586.866541 7085389.570613
3364.574923 -6731.294336 301.297305
UTC=2024-01-19T14:18:02.000000
1226374.040679 -78207.111127 7066548.068351
3113.003106 -6830.436556 -614.922816
UTC=2024-01-19T14:20:02.000000
1582375.159634 -898319.197362 6938186.185475
2812.758548 -6819.670223 -1521.695403
UTC=2024-01-19T14:22:02.000000
1899749.080559 -1710502.624318 6702278.594263
2470.360167 -6698.330551 -2405.043428
UTC=2024-01-19T14:24:02.000000
2173861.105409 -2501538.534274 6362459.166410
2092.966366 -6467.551193 -3251.324438
UTC=2024-01-19T14:26:02.000000
2400967.245979 -3258452.424170 5923968.493070
1688.240599 -6130.269101 -4047.436249
UTC=2024-01-19T14:28:02.000000
2578266.242503 -3968729.251061 5393576.888887
1264.206812 -5691.197801 -4781.018579
UTC=2024-01-19T14:30:02.000000
2703933.934779 -4620523.526700 4779483.877809
829.101694 -5156.772293 -5440.642170
UTC=2024-01-19T14:32:02.000000
2777139.999838 -5202861.514576 4091195.296743
391.227270 -4535.070578 -6015.995839
UTC=2024-01-19T14:34:02.000000
2798046.428790 -5705831.780152 3339378.305423
-41.206627 -3835.698117 -6498.062275
UTC=2024-01-19T14:36:02.000000
2767787.025050 -6120760.189460 2535696.641270
-460.238465 -3069.643937 -6879.274560
UTC=2024-01-19T14:38:02.000000
2688428.479215 -6440365.304420 1692628.038090
-858.306166 -2249.097499 -7153.652404
UTC=2024-01-19T14:40:02.000000
2562913.956838 -6658890.370178 823267.561388
-1228.385929 -1387.246727 -7316.901939
UTC=2024-01-19T14:42:02.000000
2394990.644657 -6772210.440685 -58879.814945
-1564.122268 -498.061860 -7366.497352
UTC=2024-01-19T14:44:02.000000
2189122.245926 -6777911.669878 -940115.162751
-1859.947803 403.952968 -7301.738159
UTC=2024-01-19T14:46:02.000000
1950387.791877 -6675339.251563 -1806765.632294
-2111.190133 1304.029340 -7123.755259
UTC=2024-01-19T14:48:02.000000
1684369.352536 -6465613.579262 -2645402.307070
-2314.148776 2187.391346 -6835.478086
UTC=2024-01-19T14:50:02.000000
1397031.654128 -6151614.931741 -3443053.273409
-2466.153280 3039.530247 -6441.578037
UTC=2024-01-19T14:52:02.000000
1094596.848030 -5737935.973117 -4187406.374645
-2565.586316 3846.452916 -5948.362290
UTC=2024-01-19T14:54:02.000000
783417.363145 -5230805.999342 -4866998.798607
-2611.893829 4594.913587 -5363.656755
UTC=2024-01-19T14:56:02.000000
469848.900628 -4637988.089124 -5471390.711880
-2605.570969 5272.628454 -4696.659755
UTC=2024-01-19T14:58:02.000000
160126.471526 -3968651.940809 -5991320.573233
-2548.126700 5868.468360 -3957.783213
UTC=2024-01-19T15:00:02.000000
-139754.210719 -3233224.849659 -6418840.337718
-2442.029749 6372.628066 -3158.476651
UTC=2024-01-19T15:02:02.000000
-424147.793116 -2443224.136942 -6747429.087537
-2290.637874 6776.767383 -2311.045336
UTC=2024-01-19T15:04:02.000000
-687861.066689 -1611074.068991 -6972084.548158
-2098.113904 7074.127827 -1428.463490
UTC=2024-01-19T15:06:02.000000
-926243.917900 -749910.303888 -7089392.238421
-1869.329887 7259.625640 -524.189213
UTC=2024-01-19T15:08:02.000000
-1135268.258713 126625.765517 -7097572.121746
-1609.762893 7329.925165 388.027665
UTC=2024-01-19T15:10:02.000000
-1311594.021906 1004599.573509 -6996502.118298
-1325.383770 7283.481730 1294.334222
UTC=2024-01-19T15:12:02.000000
-1452621.410286 1870000.327984 -6787719.537215
-1022.539373 7120.572808 2180.958920
UTC=2024-01-19T15:14:02.000000
-1556528.739385 2708960.173365 -6474400.096206
-707.831231 6843.303077 3034.395685
UTC=2024-01-19T15:16:02.000000
-1622295.705903 3507973.296315 -6061315.125816
-387.993199 6455.598453 3841.590186
UTC=2024-01-19T15:18:02.000000
-1649711.564879 4254112.363500 -5554765.680119
-69.762651 5963.165457 4590.131581
UTC=2024-01-19T15:20:02.000000
-1639367.991478 4935238.774051 -4962494.365652
240.244895 5373.431147 5268.436491
UTC=2024-01-19T15:22:02.000000
-1592636.889127 5540204.001571 -4293574.667585
535.662412 4695.451117 5865.937583
UTC=2024-01-19T15:24:02.000000
-1511632.977237 6059037.699609 -3558278.360809
810.497275 3939.782552 6373.258364
UTC=2024-01-19T15:26:02.000000
-1399161.622193 6483118.938622 -2767923.014513
1059.250224 3118.331527 6782.370255
UTC=2024-01-19T15:28:02.000000
-1258652.993529 6805327.870073 -1934701.359794
1277.024907 2244.177496 7086.739984
UTC=2024-01-19T15:30:02.000000
-1094083.558721 7020173.930164 -1071493.859800
1459.628068 1331.357812 7281.455923
UTC=2024-01-19T15:32:02.000000
-909886.429229 7123897.155603 -191668.353439
1603.655708 394.639401 7363.321390
UTC=2024-01-19T15:34:02.000000
-710852.153552 7114540.976994 691130.578490
1706.564650 -550.732473 7330.930882
UTC=2024-01-19T15:36:02.000000
-502022.222880 6991993.189009 1563199.451751
1766.722252 -1489.311706 7184.711210
UTC=2024-01-19T15:38:02.000000
-288577.875504 6757992.720423 2410995.690491
1783.434884 -2405.738946 6926.911259
UTC=2024-01-19T15:40:02.000000
-75726.829329 6416102.940308 3221353.514619
1756.954188 -3285.009288 6561.552296
UTC=2024-01-19T15:42:02.000000
131409.529704 5971653.706420 3981692.578844
1688.463592 -4112.727031 6094.355712
UTC=2024-01-19T15:44:02.000000
327906.229988 5431653.872695 4680216.815358
1580.046373 -4875.347242 5532.657157
UTC=2024-01-19T15:46:02.000000
509139.831042 4804673.169146 5306101.053963
1434.634281 -5560.440225 4885.270341
UTC=2024-01-19T15:48:02.000000
670886.068505 4100696.681974 5849657.039377
1255.935832 -6156.870641 4162.305762
UTC=2024-01-19T15:50:02.000000
809408.289606 3330959.783315 6302480.439301
1048.353595 -6654.965988 3375.023233
UTC=2024-01-19T15:52:02.000000
921534.698698 2507762.754049 6657577.690799
816.881835 -7046.671456 2535.643368
UTC=2024-01-19T15:54:02.000000
1004723.045260 1644269.553640 6909469.814259
567.000395 -7325.665065 1657.156593
UTC=2024-01-19T15:56:02.000000
1057112.097548 754294.026906 7054272.851716
304.559983 -7487.449117 753.121505
UTC=2024-01-19T15:58:02.000000
1077558.961249 -147922.453059 7089753.897187
35.661819 -7529.402796 -162.534384
UTC=2024-01-19T16:00:02.000000
1065661.701822 -1047938.772340 7015363.993916
-233.467085 -7450.824256 -1075.706771
UTC=2024-01-19T16:02:02.000000
1021766.842781 -1931345.687909 6832246.757415
-496.600660 -7252.945227 -1972.324869
UTC=2024-01-19T16:04:02.000000
946961.638458 -2783997.102136 6543222.187860
-747.640330 -6938.916110 -2838.553843
UTC=2024-01-19T16:06:02.000000
843051.175908 -3592238.307392 6152745.742160
-980.742036 -6513.765619 -3661.006845
UTC=2024-01-19T16:08:02.000000
712520.566680 -4343126.691734 5666842.216778
-1190.434439 -5984.317936 -4426.945929
UTC=2024-01-19T16:10:02.000000
558483.593260 -5024641.526248 5093016.858788
-1371.729386 -5359.096244 -5124.465351
UTC=2024-01-19T16:12:02.000000
384618.247326 -5625881.294992 4440144.472872
-1520.229117 -4648.210213 -5742.676773
UTC=2024-01-19T16:14:02.000000
195089.685727 -6137245.549445 3718335.830140
-1632.227740 -3863.205260 -6271.899132
UTC=2024-01-19T16:16:02.000000
-5538.086744 -6550596.161247 2938782.561170
-1704.796578 -3016.874958 -6703.825522
UTC=2024-01-19T16:18:02.000000
-212399.848728 -6859394.503897 2113583.137650
-1735.854258 -2123.045570 -7031.670544
UTC=2024-01-19T16:20:02.000000
-420434.090019 -7058811.561752 1255553.193788
-1724.217736 -1196.346488 -7250.285045
UTC=2024-01-19T16:22:02.000000
-624493.109252 -7145809.857594 378022.577189
-1669.637846 -251.961354 -7356.263758
UTC=2024-01-19T16:24:02.000000
-819455.993228 -7119193.053639 -505378.344127
-1572.809539 694.654886 -7348.009531
UTC=2024-01-19T16:26:02.000000
-1000341.261883 -6979621.696592 -1380937.192984
-1435.357806 1628.055174 -7225.752956
UTC=2024-01-19T16:28:02.000000
-1162416.715534 -6729595.908578 -2235078.323339
-1259.805677 2533.071080 -6991.537371
UTC=2024-01-19T16:30:02.000000
-1301304.433405 -6373406.192120 -3054578.091390
-1049.524846 3395.074742 -6649.176725
UTC=2024-01-19T16:32:02.000000
-1413078.656770 -5917053.147150 -3826773.186365
-808.666602 4200.233513 -6204.180338
UTC=2024-01-19T16:34:02.000000
-1494354.263775 -5368137.708417 -4539757.751199
-542.074292 4935.744452 -5663.641675
UTC=2024-01-19T16:36:02.000000
-1542363.877747 -4735725.159698 -5182565.309772
-255.182881 5590.035225 -5036.099256
UTC=2024-01-19T16:38:02.000000
-1555022.380106 -4030186.985167 -5745333.176926
46.090743 6152.934389 -4331.384619
UTC=2024-01-19T16:40:02.000000
-1530977.709046 -3263023.871254 -6219447.825961
355.466061 6615.815024 -3560.456958
UTC=2024-01-19T16:42:02.000000
-1469647.133897 -2446673.068194 -6597669.653282
666.422302 6971.711789 -2735.224756
UTC=2024-01-19T16:44:02.000000
-1371238.558700 -1594303.610081 -6874235.553172
972.323770 7215.404485 -1868.356352
UTC=2024-01-19T16:46:02.000000
-1236756.850703 -719603.446015 -7044938.875843
1266.544129 7343.472068 -973.093260
UTC=2024-01-19T16:48:02.000000
-1067995.203491 163438.610126 -7107186.920615
1542.592275 7354.323887 -63.061328
UTC=2024-01-19T16:50:02.000000
-867511.321936 1040752.933813 -7060035.782428
1794.237613 7248.203010 847.915550
UTC=2024-01-19T16:52:02.000000
-638589.031709 1898408.659346 -6904203.039056
2015.627869 7027.174900 1746.001783
UTC=2024-01-19T16:54:02.000000
-385186.054198 2722830.394082 -6642058.007225
2201.402773 6695.092043 2617.533631
UTC=2024-01-19T16:56:02.000000
-111868.121357 3501010.021166 -6277590.132935
2346.807544 6257.546614 3449.205008
UTC=2024-01-19T16:58:02.000000
176270.105996 4220711.121269 -5816354.294835
2447.797728 5721.791689 4228.263620
UTC=2024-01-19T17:00:02.000000
473695.846358 4870662.116785 -5265393.226925
2501.130191 5096.637174 4942.693934
UTC=2024-01-19T17:02:02.000000
774539.389380 5440736.274912 -4633138.134711
2504.445424 4392.331519 5581.401610
UTC=2024-01-19T17:04:02.000000
1072704.461761 5922115.557648 -3929287.039852
2456.336977 3620.409825 6134.396803
UTC=2024-01-19T17:06:02.000000
1361985.822234 6307434.507232 -3164662.029459
2356.402113 2793.515524 6592.961502
UTC=2024-01-19T17:08:02.000000
1636191.866443 6590901.630180 -2351047.252437
2205.274715 1925.202972 6949.804237
UTC=2024-01-19T17:10:02.000000
1889269.972659 6768395.607719 -1501009.167290
2004.637498 1029.714969 7199.199338
UTC=2024-01-19T17:12:02.000000
2115431.964825 6837533.391541 -627701.483935
1757.211176 121.737312 7337.101549
UTC=2024-01-19T17:14:02.000000
2309276.695934 6797707.837180 255341.718902
1466.717354 -783.861152 7361.227037
UTC=2024-01-19T17:16:02.000000
2465906.823690 6650093.915131 1134420.406985
1137.819740 -1672.290935 7271.098494
UTC=2024-01-19T17:18:02.000000
2581037.332260 6397623.543317 1995886.509047
776.045118 -2529.102337 7068.058906
UTC=2024-01-19T17:20:02.000000
2651093.340739 6044929.429559 2826361.471894
387.684506 -3340.439755 6755.250989
UTC=2024-01-19T17:22:02.000000
2673295.137365 5598259.174936 3612949.422209
-20.320766 -4093.283371 6337.565475
UTC=2024-01-19T17:24:02.000000
2645728.437191 5065361.258364 4343442.144634
-440.511415 -4775.673393 5821.556083
UTC=2024-01-19T17:26:02.000000
2567397.952430 4455345.283749 5006512.236772
-865.056087 -5376.918752 5215.326552
UTC=2024-01-19T17:28:02.000000
2438262.663476 3778518.571315 5591889.703471
-1285.906015 -5887.771057 4528.367598
UTC=2024-01-19T17:30:02.000000
2259253.355842 3046205.565708 6090518.432121
-1694.937234 -6300.545730 3771.393319
UTC=2024-01-19T17:32:02.000000
2032272.727603 2270553.636776 6494693.167129
-2084.101083 -6609.228138 2956.174698
UTC=2024-01-19T17:34:02.000000
1760177.088670 1464327.349218 6798175.224784
-2445.577592 -6809.557217 2095.349789
UTC=2024-01-19T17:36:02.000000
1446740.118366 640695.062756 6996284.267255
-2771.920741 -6899.067484 1202.219177
UTC=2024-01-19T17:38:02.000000
1096599.751166 -186987.167287 7085966.001284
-3056.194299 -6877.096200 290.552461
UTC=2024-01-19T17:40:02.000000
715189.048206 -1005392.050704 7065837.228596
-3292.104397 -6744.784779 -625.602925
UTC=2024-01-19T17:42:02.000000
308651.427176 -1801436.263763 6936206.480258
-3474.125676 -6505.049537 -1532.133472
UTC=2024-01-19T17:44:02.000000
-116258.563227 -2562490.145502 6699069.635249
-3597.615999 -6162.524352 -2415.064869
UTC=2024-01-19T17:46:02.000000
-552287.312490 -3276579.264741 6358080.517431
-3658.914155 -5723.478811 -3260.774405
UTC=2024-01-19T17:48:02.000000
-991804.717393 -3932574.005131 5918496.606291
-3655.418974 -5195.703685 -4056.187540
UTC=2024-01-19T17:50:02.000000
-1426935.826040 -4520364.930694 5387102.413878
-3585.662828 -4588.390555 -4788.958791
UTC=2024-01-19T17:52:02.000000
-1849700.895684 -5031023.049571 4772110.631921
-3449.375328 -3911.997057 -5447.664001
UTC=2024-01-19T17:54:02.000000
-2252161.499615 -5456942.101453 4083039.680578
-3247.519210 -3178.080619 -6021.997142
UTC=2024-01-19T17:56:02.000000
-2626569.316314 -5791958.872040 3330568.356913
-2982.299193 -2399.098794 -6502.952892
UTC=2024-01-19T17:58:02.000000
-2965514.301008 -6031448.141565 2526370.259674
-2657.143543 -1588.190524 -6882.979849
UTC=2024-01-19T18:00:02.000000
-3262069.261157 -6172391.051576 1682931.247893
-2276.662550 -758.950947 -7156.112113
UTC=2024-01-19T18:02:02.000000
-3509927.962332 -6213415.669921 813352.370231
-1846.581962 74.807061 -7318.078171
UTC=2024-01-19T18:04:02.000000
-3703533.696018 -6154808.368030 -68858.442400
-1373.650861 899.298900 -7366.378328
UTC=2024-01-19T18:06:02.000000
-3838195.425771 -5998495.693952 -950002.096792
-865.526982 1701.014063 -7300.331386
UTC=2024-01-19T18:08:02.000000
-3910188.822412 -5747996.747670 -1816407.598756
-330.640029 2466.960426 -7121.085258
UTC=2024-01-19T18:10:02.000000
-3916839.821586 -5408346.942496 -2654650.223642
221.962179 3184.895195 -6831.588905
UTC=2024-01-19T18:12:02.000000
-3856588.823990 -4985995.179270 -3451764.190418
782.782157 3843.536294 -6436.528705
UTC=2024-01-19T18:14:02.000000
-3729034.096748 -4488677.220655 -4195445.541634
1342.049042 4432.746048 -5942.229840
UTC=2024-01-19T18:16:02.000000
-3534954.027914 -3925268.914292 -4874241.601161
1889.894170 4943.683786 -5356.533131
UTC=2024-01-19T18:18:02.000000
-3276308.361360 -3305622.723853 -5477724.512983
2416.525921 5368.932040 -4688.652341
UTC=2024-01-19T18:20:02.000000
-2956218.656372 -2640390.878379 -5996646.370169
2912.400131 5702.591810 -3949.011428
UTC=2024-01-19T18:22:02.000000
-2578928.708332 -1940839.073434 -6423074.234593
3368.383983 5940.346319 -3149.073581
UTC=2024-01-19T18:24:02.000000
-2149745.581817 -1218653.949933 -6750504.025656
3775.914589 6079.500635 -2301.157739
UTC=2024-01-19T18:26:02.000000
-1674962.460248 -485747.690817 -6973951.580262
4127.141875 6118.989526 -1418.244772
UTC=2024-01-19T18:28:02.000000
-1161765.355571 245936.588166 -7090020.644573
4415.055608 6059.357220 -513.788604
UTC=2024-01-19T18:30:02.000000
-618125.078655 964615.823348 -7096948.912938
4633.606002 5902.720449 398.462589
UTC=2024-01-19T18:32:02.000000
-52675.199245 1658852.868078 -6994631.977412
4777.812917 5652.716250 1304.657231
UTC=2024-01-19T18:34:02.000000
525421.925999 2317734.586065 -6784624.868795
4843.859600 5314.429389 2191.018511
UTC=2024-01-19T18:36:02.000000
1106620.566651 2931040.984112 -6470121.952566
4829.186860 4894.311263 3044.034852
UTC=2024-01-19T18:38:02.000000
1681146.673960 3489402.923037 -6055913.130851
4732.557493 4400.071789 3850.657120
UTC=2024-01-19T18:40:02.000000
2239159.609279 3984445.703690 -5548317.208846
4554.106084 3840.552927 4598.482977
UTC=2024-01-19T18:42:02.000000
2770918.893959 4408916.827655 -4955093.323121
4295.370918 3225.592406 5275.940072
UTC=2024-01-19T18:44:02.000000
3266953.489492 4756796.543433 -4285330.241142
3959.303909 2565.870764 5872.470705
UTC=2024-01-19T18:46:02.000000
3718230.741568 5023388.655234 -3549313.955538
3550.255223 1872.736460 6378.706529
UTC=2024-01-19T18:48:02.000000
4116322.175433 5205389.540873 -2758375.031616
3073.935135 1158.017380 6786.633636
UTC=2024-01-19T18:50:02.000000
4453562.519290 5300933.391964 -1924716.908974
2537.338380 433.814881 7089.739321
UTC=2024-01-19T18:52:02.000000
4723198.174962 5309612.771085 -1061228.358604
1948.646856 -287.701233 7283.133744
UTC=2024-01-19T18:54:02.000000
4919522.456673 5232473.747926 -181282.198876
1317.102711 -994.513473 7363.653233
UTC=2024-01-19T18:56:02.000000
5037993.453961 5071984.301955 701475.958179
652.848484 -1674.975716 7329.921834
UTC=2024-01-19T18:58:02.000000
5075331.754408 4831977.539233 1573344.092890
-33.245825 -2318.014471 7182.377491
UTC=2024-01-19T19:00:02.000000
5029597.032457 4517571.290345 2420781.887616
-729.764663 -2913.323815 6923.276385
UTC=2024-01-19T19:02:02.000000
4900241.027607 4135064.453161 3230627.615962
-1424.959807 -3451.554688 6556.662033
UTC=2024-01-19T19:04:02.000000
4688134.290006 3691812.294252 3990308.123942
-2106.968071 -3924.474166 6088.284826
UTC=2024-01-19T19:06:02.000000
4395567.225994 3196084.302218 4688037.434300
-2764.022624 -4325.097391 5525.493296
UTC=2024-01-19T19:08:02.000000
4026226.374868 2656908.136288 5313001.062779
-3384.657151 -4647.788297 4877.109432
UTC=2024-01-19T19:10:02.000000
3585145.169159 2083902.692520 5855524.034894
-3957.923321 -4888.338753 4153.272186
UTC=2024-01-19T19:12:02.000000
3078630.695052 1487103.960459 6307218.064574
-4473.570702 -5044.011015 3365.258700
UTC=2024-01-19T19:14:02.000000
2514169.496206 876787.065275 6661107.284503
-4922.219968 -5113.557001 2525.299653
UTC=2024-01-19T19:16:02.000000
1900313.473297 263288.317493 6911731.141171
-5295.519013 -5097.200201 1646.388909
UTC=2024-01-19T19:18:02.000000
1246547.979914 -343169.543449 7055224.877520
-5586.285383 -4996.604245 742.096999
UTC=2024-01-19T19:20:02.000000
563143.479762 -932647.729409 7089376.640936
-5788.636105 -4814.828008 -173.633909
UTC=2024-01-19T19:22:02.000000
-139006.955796 -1495654.551579 7013659.470800
-5898.093446 -4556.250070 -1086.698018
UTC=2024-01-19T19:24:02.000000
-848561.746211 -2023298.468356 6829238.656260
-5911.672721 -4226.477544 -1983.032145
UTC=2024-01-19T19:26:02.000000
-1553913.923832 -2507428.958799 6538954.052503
-5827.942903 -3832.232956 -2848.823409
UTC=2024-01-19T19:28:02.000000
-2243379.968495 -2940762.816374 6147278.594260
-5647.065613 -3381.228320 -3670.696657
UTC=2024-01-19T19:30:02.000000
-2905393.209423 -3316995.407752 5660254.580846
-5370.831752 -2882.038958 -4435.904808
UTC=2024-01-19T19:32:02.000000
-3528700.425729 -3630895.620811 5085405.774408
-5002.672254 -2343.954188 -5132.539362
UTC=2024-01-19T19:34:02.000000
-4102556.800724 -3878381.454286 4431624.540313
-4547.620466 -1776.807929 -5749.729248
UTC=2024-01-19T19:36:02.000000
-4616914.590766 -4056574.989793 3709036.739975
-4012.248403 -1190.804690 -6277.815264
UTC=2024-01-19T19:38:02.000000
-5062602.737503 -4163836.094890 2928846.610962
-3404.579182 -596.339712 -6708.508749
UTC=2024-01-19T19:40:02.000000
-5431494.599807 -4199774.414901 2103163.311983
-2733.974760 -3.815889 -7035.040611
UTC=2024-01-19T19:42:02.000000
-5716659.904859 -4165238.743601 1244810.520679
-2010.984807 576.549507 -7252.289170
UTC=2024-01-19T19:44:02.000000
-5912496.885381 -4062283.338087 367122.975480
-1247.170262 1134.913241 -7356.871335
UTC=2024-01-19T19:46:02.000000
-6014841.914495 -3894112.221664 -516266.205303
-454.904271 1661.984629 -7347.204981
UTC=2024-01-19T19:48:02.000000
-6021054.009017 -3665002.672260 -1391643.868281
352.847603 2149.194310 -7223.540834
UTC=2024-01-19T19:50:02.000000
-5930071.581959 -3380209.072068 -2245436.619912
1162.768358 2588.850408 -6987.951033
UTC=2024-01-19T19:52:02.000000
-5742440.241049 -3045849.721735 -3064426.413984
1961.427368 2974.264911 -6644.275237
UTC=2024-01-19T19:54:02.000000
-5460312.264855 -2668779.957406 -3835958.288601
2735.516876 3299.857531 -6198.042560
UTC=2024-01-19T19:56:02.000000
-5087417.920699 -2256454.184372 -4548136.781568
3472.082338 3561.234789 -5656.362103
UTC=2024-01-19T19:58:02.000000
-4629009.756581 -1816780.148391 -5190007.841969
4158.742551 3755.240911 -5027.791205
UTC=2024-01-19T20:00:02.000000
-4091781.278114 -1357968.504936 -5751723.652807
4783.895838 3879.985947 -4322.182296
UTC=2024-01-19T20:02:02.000000
-3483761.968686 -888380.541545 -6224687.802933
5336.906567 3934.847097 -3550.510137
UTC=2024-01-19T20:04:02.000000
-2814191.333788 -416377.344378 -6601679.242082
5808.269077 3920.444704 -2724.692216
UTC=2024-01-19T20:06:02.000000
-2093374.399823 49826.819292 -6876954.348062
6189.753089 3838.595952 -1857.403351
UTC=2024-01-19T20:08:02.000000
-1332521.085967 502304.359636 -7046326.334752
6474.524598 3692.249505 -961.884699
UTC=2024-01-19T20:10:02.000000
-543572.700788 933545.741230 -7107222.240588
6657.243754 3485.411458 -51.761479
UTC=2024-01-19T20:12:02.000000
260982.652691 1336581.208913 -7058717.697709
6734.148587 3223.054756 859.145560
UTC=2024-01-19T20:14:02.000000
1068303.450278 1705090.640395 -6901549.909433
6703.122902 2911.017548 1756.993668
UTC=2024-01-19T20:16:02.000000
1865396.152047 2033501.263711 -6638108.739163
6563.754879 2555.897780 2628.115683
UTC=2024-01-19T20:18:02.000000
2639321.248810 2317071.522667 -6272403.951186
6317.360296 2164.930278 3459.211549
UTC=2024-01-19T20:20:02.000000
3377401.090568 2551959.726452 -5810009.614026
5966.984445 1745.855126 4237.540670
UTC=2024-01-19T20:22:02.000000
4067426.192098 2735276.545441 -5257986.277028
5517.381468 1306.782630 4951.098546
UTC=2024-01-19T20:24:02.000000
4697858.495170 2865121.200523 -4624781.541836
4974.978276 856.053908 5588.803996
UTC=2024-01-19T20:26:02.000000
5258027.948525 2940600.176312 -3920108.047284
4347.799031 402.090195 6140.683803
UTC=2024-01-19T20:28:02.000000
5738317.896368 2961827.745482 -3154800.357699
3645.356315 -46.758173 6598.037723
UTC=2024-01-19T20:30:02.000000
6130336.366698 2929908.590252 -2340653.169692
2878.525971 -482.359727 6953.589994
UTC=2024-01-19T20:32:02.000000
6427070.119182 2846902.272908 -1490241.267693
2059.378787 -896.957018 7201.635507
UTC=2024-01-19T20:34:02.000000
6623016.341822 2715769.492375 -616724.443566
1200.984519 -1283.311501 7338.145249
UTC=2024-01-19T20:36:02.000000
6714289.824263 2540301.555995 266359.157393
317.193290 -1634.841193 7360.854484
UTC=2024-01-19T20:38:02.000000
6698701.743182 2325033.762936 1145307.812956
-577.612620 -1945.746143 7269.303996
UTC=2024-01-19T20:40:02.000000
6575809.145314 2075145.624345 2006473.712782
-1468.759018 -2211.105120 7064.854069
UTC=2024-01-19T20:42:02.000000
6346934.256215 1796349.742610 2836481.273973
-2341.546545 -2426.968465 6750.674526
UTC=2024-01-19T20:44:02.000000
6015151.347798 1494771.014357 3622440.896063
-3181.516529 -2590.422339 6331.683072
UTC=2024-01-19T20:46:02.000000
5585242.342314 1176819.695767 4352153.797843
-3974.710087 -2699.629852 5814.457285
UTC=2024-01-19T20:48:02.000000
5063621.987147 849060.996733 5014303.777403
-4707.909087 -2753.845000 5207.106750
UTC=2024-01-19T20:50:02.000000
4458235.854783 518084.480755 5598633.065669
-5368.854993 -2753.405937 4519.138643
UTC=2024-01-19T20:52:02.000000
3778432.136922 190375.242511 6096100.551629
-5946.462338 -2699.708538 3761.292656
UTC=2024-01-19T20:54:02.000000
3034809.947674 -127809.872262 6499018.351913
-6430.993095 -2595.150041 2945.351796
UTC=2024-01-19T20:56:02.000000
2239048.919225 -430558.412555 6801166.095382
-6814.199844 -2443.061203 2083.961240
UTC=2024-01-19T20:58:02.000000
1403722.293531 -712409.708152 6997883.178056
-7089.456959 -2247.626567 1190.439543
UTC=2024-01-19T21:00:02.000000
542095.395161 -968451.848565 7086137.458854
-7251.870519 -2013.790193 278.573447
UTC=2024-01-19T21:02:02.000000
-332086.799622 -1194406.341809 7064568.848111
-7298.350182 -1747.146428 -637.589749
UTC=2024-01-19T21:04:02.000000
-1204819.302923 -1386699.311027 6933508.407755
-7227.658908 -1453.824372 -1543.945696
UTC=2024-01-19T21:06:02.000000
-2062061.147233 -1542518.184143 6694972.964378
-7040.435449 -1140.361408 -2426.535901
UTC=2024-01-19T21:08:02.000000
-2889960.563683 -1659852.776849 6352635.950764
-6739.193227 -813.571755 -3271.739565
UTC=2024-01-19T21:10:02.000000
-3675079.494783 -1737520.859731 5911775.545553
-6328.311105 -480.419149 -4066.466381
UTC=2024-01-19T21:12:02.000000
-4404615.223933 -1775178.272596 5379198.212814
-5813.986913 -147.885092 -4798.369689
UTC=2024-01-19T21:14:02.000000
-5066613.802977 -1773312.837147 4763137.535961
-5204.153075 177.168574 -5456.042885
UTC=2024-01-19T21:16:02.000000
-5650171.674903 -1733221.756926 4073129.994905
-4508.361272 488.136631 -6029.207511
UTC=2024-01-19T21:18:02.000000
-6145621.415527 -1656972.823766 3319869.329098
-3737.635729 778.802184 -6508.880464
UTC=2024-01-19T21:20:02.000000
-6544698.596918 -1547350.495880 2515042.034359
-2904.306377 1043.456837 -6887.522701
UTC=2024-01-19T21:22:02.000000
-6840687.398551 -1407788.076577 1671145.453157
-2021.817433 1277.013368 -7159.182713
UTC=2024-01-19T21:24:02.000000
-7028540.343114 -1242286.776204 801289.750292
-1104.488483 1475.109830 -7319.612938
UTC=2024-01-19T21:26:02.000000
-7104968.273472 -1055323.285490 -81011.185434
-167.262445 1634.196422 -7366.342372
UTC=2024-01-19T21:28:02.000000
-7068499.359243 -851748.111529 -962055.929488
774.560168 1751.602119 -7298.720741
UTC=2024-01-19T21:30:02.000000
-6919505.507153 -636677.056212 -1828174.762757
1705.597203 1825.582544 -7117.923901
UTC=2024-01-19T21:32:02.000000
-6660195.864390 -415378.395822 -2665947.071903
2610.653314 1855.342460 -6826.920547
UTC=2024-01-19T21:34:02.000000
-6294578.719320 -193158.601614 -3462413.595181
3474.983252 1841.040524 -6430.419599
UTC=2024-01-19T21:36:02.000000
-5828391.474048 24751.665658 -4205279.928594
4284.555053 1783.777157 -5934.773154
UTC=2024-01-19T21:38:02.000000
-5269000.838264 233308.460142 -4883106.211434
5026.282116 1685.555791 -5347.848969
UTC=2024-01-19T21:40:02.000000
-4625276.693739 427759.754632 -5485480.484003
5688.230731 1549.227762 -4678.885221
UTC=2024-01-19T21:42:02.000000
-3907442.496093 603742.931652 -6003173.519456
6259.803318 1378.417887 -3938.327227
UTC=2024-01-19T21:44:02.000000
-3126905.432887 757372.396541 -6428273.062401
6731.891089 1177.436458 -3137.648458
UTC=2024-01-19T21:46:02.000000
-2296070.407740 885316.153470 -6754296.263254
7096.991867 951.183142 -2289.169922
UTC=2024-01-19T21:48:02.000000
-1428140.962138 984860.400804 -6976280.701099
7349.312559 705.043617 -1405.878452
UTC=2024-01-19T21:50:02.000000
-536909.623292 1053961.207300 -7090852.486987
7484.838324 444.777412 -501.231374
UTC=2024-01-19T21:52:02.000000
363458.158391 1091282.413342 -7096271.691292
7501.373961 176.401779 411.025049
UTC=2024-01-19T21:54:02.000000
1258644.362981 1096219.527401 -6992456.709444
7398.578185 -93.925763 1317.028713
UTC=2024-01-19T21:56:02.000000
2134402.361756 1068909.390039 -6780986.408229
7177.980179 -360.027623 2203.001115
UTC=2024-01-19T21:58:02.000000
2976780.280788 1010225.284243 -6465078.456246
6842.959405 -615.827167 3055.439051
UTC=2024-01-19T22:00:02.000000
3772340.852020 921757.630504 -6049544.694854
6398.702794 -855.468952 3861.306947
UTC=2024-01-19T22:02:02.000000
4508374.490040 805780.292958 -5540724.267362
5852.140104 -1073.436758 4608.215570
UTC=2024-01-19T22:04:02.000000
5173103.802309 665203.157083 -4946394.990138
5211.862255 -1264.664423 5284.607581
UTC=2024-01-19T22:06:02.000000
5755876.455125 503511.670050 -4275662.243337
4488.006821 -1424.643028 5879.944555
UTC=2024-01-19T22:08:02.000000
6247342.150865 324693.870809 -3538826.171186
3692.110259 -1549.520376 6384.879716
UTC=2024-01-19T22:10:02.000000
6639610.525373 133156.297501 -2747229.066888
2836.938624 -1636.187102 6791.416207
UTC=2024-01-19T22:12:02.000000
6926387.356006 -66369.782110 -1913084.238032
1936.292114 -1682.351718 7093.058291
UTC=2024-01-19T22:14:02.000000
7103084.952706 -268930.125039 -1049287.832972
1004.772069 -1686.597027 7284.939058
UTC=2024-01-19T22:16:02.000000
7166903.473006 -469454.821301 -169217.539532
57.532519 -1648.417326 7363.912692
UTC=2024-01-19T22:18:02.000000
7116881.862751 -662869.108505 713478.185209
-889.979029 -1568.239351 7328.621576
UTC=2024-01-19T22:20:02.000000
6953916.562975 -844205.428578 1585097.169720
-1822.297438 -1447.420791 7179.529827
UTC=2024-01-19T22:22:02.000000
6680747.313559 -1008713.919363 2432102.408511
-2724.213057 -1288.226636 6918.924273
UTC=2024-01-19T22:24:02.000000
6301909.520216 -1151968.830840 3241338.900991
-3581.052674 -1093.784294 6550.873191
UTC=2024-01-19T22:26:02.000000
5823654.515593 -1269968.252449 4000242.785254
-4378.930407 -868.018796 6081.145995
UTC=2024-01-19T22:28:02.000000
5253840.816184 -1359225.436396 4697039.744743
-5104.984821 -615.576359 5517.112822
UTC=2024-01-19T22:30:02.000000
4601797.816282 -1416849.488971 5320929.321726
-5747.595338 -341.723682 4867.610046
UTC=2024-01-19T22:32:02.000000
3878165.724320 -1440613.252810 5862251.865641
-6296.564108 -52.237669 4142.788210
UTC=2024-01-19T22:34:02.000000
3094715.031059 -1429007.754594 6312636.155936
-6743.274714 246.708642 3353.939767
UTC=2024-01-19T22:36:02.000000
2264149.102572 -1381282.381665 6665125.224382
-7080.812735 548.669886 2513.312451
UTC=2024-01-19T22:38:02.000000
1399894.026527 -1297470.009097 6914279.865470
-7304.061965 847.055040 1633.922012
UTC=2024-01-19T22:40:02.000000
515878.272158 -1178396.497848 7056258.702665
-7409.773567 1135.260941 729.348477
UTC=2024-01-19T22:42:02.000000
-373693.580365 -1025674.271744 7088873.543658
-7396.597550 1406.802733 -186.468744
UTC=2024-01-19T22:44:02.000000
-1254569.309109 -841680.493568 7011620.447569
-7265.088977 1655.440666 -1099.431262
UTC=2024-01-19T22:46:02.000000
-2112676.923776 -629520.023392 6825686.856604
-7017.691865 1875.307170 -1995.481357
UTC=2024-01-19T22:48:02.000000
-2934349.130153 -392973.432396 6533934.746271
-6658.698974 2061.027442 -2860.800495
UTC=2024-01-19T22:50:02.000000
-3706541.867425 -136430.963019 6140860.013677
-6194.192804 2207.833240 -3682.009152
UTC=2024-01-19T22:52:02.000000
-4417044.173788 135186.614313 5652527.560572
-5631.958826 2311.667652 -4446.370797
UTC=2024-01-19T22:54:02.000000
-5054675.743401 416519.193798 5076482.002400
-4981.367015 2369.279681 -5141.992451
UTC=2024-01-19T22:56:02.000000
-5609468.661008 701869.028436 4421634.948298
-4253.227481 2378.305790 -5758.015439
UTC=2024-01-19T22:58:02.000000
-6072829.954959 985311.419716 3698129.835146
-3459.614191 2337.336293 -6284.795841
UTC=2024-01-19T23:00:02.000000
-6437681.694861 1260812.238325 2917186.451216
-2613.670005 2245.963614 -6714.064636
UTC=2024-01-19T23:02:02.000000
-6698576.404432 1522350.015838 2090926.814485
-1729.387583 2104.808711 -7039.076060
UTC=2024-01-19T23:04:02.000000
-6851784.900321 1764039.896346 1232184.843243
-821.371612 1915.527045 -7254.729757
UTC=2024-01-19T23:06:02.000000
-6895354.444103 1980257.100738 354302.618190
95.420354 1680.792789 -7357.670167
UTC=2024-01-19T23:08:02.000000
-6829134.783523 2165756.819727 -529082.963664
1005.949390 1404.255350 -7346.345899
UTC=2024-01-19T23:10:02.000000
-6654771.792386 2315787.576189 -1404258.380710
1895.363187 1090.475495 -7221.031914
UTC=2024-01-19T23:12:02.000000
-6375669.411669 2426195.933526 -2257652.327425
2749.255727 744.844950 -6983.820097
UTC=2024-01-19T23:14:02.000000
-5996920.610466 2493520.391251 -3076051.795322
3553.925000 373.485395 -6638.579632
UTC=2024-01-19T23:16:02.000000
-5525208.255208 2515071.830791 -3846810.655885
4296.611628 -16.873131 -6190.872324
UTC=2024-01-19T23:18:02.000000
-4968679.314984 2488998.745681 -4558046.169675
4965.705358 -419.022594 -5647.838663
UTC=2024-01-19T23:20:02.000000
-4336795.931312 2414336.483829 -5198820.461149
5550.924376 -825.413448 -5018.061008
UTC=2024-01-19T23:22:02.000000
-3640166.886514 2291039.800626 -5759304.195696
6043.460801 -1228.295217 -4311.405311
UTC=2024-01-19T23:24:02.000000
-2890363.792254 2119998.503125 -6230920.750559
6436.092027 -1619.857965 -3538.856714
UTC=2024-01-19T23:26:02.000000
-2099725.099784 1903035.990753 -6606470.327601
6723.273984 -1992.375727 -2712.345972
UTC=2024-01-19T23:28:02.000000
-1281150.641674 1642890.649973 -6880231.774294
6901.199507 -2338.347327 -1844.554116
UTC=2024-01-19T23:30:02.000000
-447891.758657 1343180.865446 -7048041.483129
6967.820447 -2650.629231 -948.728856
UTC=2024-01-19T23:32:02.000000
386660.316969 1008354.419500 -7107350.216421
6922.851264 -2922.561619 -38.498735
UTC=2024-01-19T23:34:02.000000
1209185.344524 643623.230243 -7057258.377071
6767.759855 -3148.089420 872.301473
UTC=2024-01-19T23:36:02.000000
2006643.295429 254883.435152 -6898528.933098
6505.739182 -3321.882985 1769.831035
UTC=2024-01-19T23:38:02.000000
2766477.599373 -151378.092069 -6633576.569202
6141.643137 -3439.442627 2640.431961
UTC=2024-01-19T23:40:02.000000
3476810.345024 -568189.169124 -6266434.619603
5681.913976 -3497.195314 3470.817702
UTC=2024-01-19T23:42:02.000000
4126626.849875 -988208.749375 -5802699.013118
5134.478330 -3492.578755 4248.260560
UTC=2024-01-19T23:44:02.000000
4705947.299045 -1403852.681476 -5249450.680996
4508.637959 -3424.115696 4960.769633
UTC=2024-01-19T23:46:02.000000
5205983.924896 -1807427.784852 -4615155.645986
3814.932675 -3291.473753 5597.282019
UTC=2024-01-19T23:48:02.000000
5619279.928133 -2191271.549510 -3909542.846270
3064.977022 -3095.500966 6147.840776
UTC=2024-01-19T23:50:02.000000
5939827.805166 -2547894.992813 -3143461.185574
2271.279356 -2838.242354 6603.764303
UTC=2024-01-19T23:52:02.000000
6163164.582908 -2870126.149107 -2328716.873220
1447.037469 -2522.933246 6957.803776
UTC=2024-01-19T23:54:02.000000
6286441.243707 -3151251.164066 -1477893.166791
605.914678 -2153.965728 7204.277061
UTC=2024-01-19T23:56:02.000000
6308464.760977 -3385149.914442 -604155.629720
-238.192186 -1736.831963 7339.177974
UTC=2024-01-19T23:58:02.000000
6229711.490444 -3566423.349865 278954.368406
-1071.398221 -1278.041593 7360.259841
