UTC=2024-01-03T00:00:02.000000
-4182817.792108 3261295.693439 -4850624.552541
5044.598128 -1523.709290 -5379.408802
UTC=2024-01-03T00:02:02.000000
-3548722.012309 3048456.427921 -5457025.243977
5508.618400 -2020.364700 -4714.343676
UTC=2024-01-03T00:04:02.000000
-2864483.221307 2777368.704271 -5979179.356820
5879.346123 -2493.016451 -3977.121714
UTC=2024-01-03T00:06:02.000000
-2141612.746047 2451446.280122 -6409104.112684
6151.784161 -2932.838400 -3179.169782
UTC=2024-01-03T00:08:02.000000
-1392122.462172 2075136.460796 -6740241.412940
6322.591697 -3331.455661 -2332.772890
UTC=2024-01-03T00:10:02.000000
-628325.093181 1653857.475173 -6967549.411430
6390.096092 -3681.083457 -1450.887256
UTC=2024-01-03T00:12:02.000000
137365.934587 1193919.570440 -7087572.068089
6354.288210 -3974.660822 -546.954873
UTC=2024-01-03T00:14:02.000000
892634.544605 702430.903610 -7098486.490944
6216.795683 -4205.969762 365.275921
UTC=2024-01-03T00:16:02.000000
1625456.697906 187189.241049 -7000128.570569
5980.849110 -4369.753947 1271.941404
UTC=2024-01-03T00:18:02.000000
2324288.681223 -343439.813310 -6793994.814664
5651.209640 -4461.820775 2159.258901
UTC=2024-01-03T00:20:02.000000
2978245.925611 -880655.735935 -6483221.740731
5234.087874 -4479.128348 3013.709212
UTC=2024-01-03T00:22:02.000000
3577271.138011 -1415365.844212 -6072542.652081
4737.041362 -4419.859487 3822.229111
UTC=2024-01-03T00:24:02.000000
4112288.964438 -1938335.895161 -5568222.303624
4168.859361 -4283.482384 4572.387980
UTC=2024-01-03T00:26:02.000000
4575346.281755 -2440347.605759 -4977969.498178
3539.431080 -4070.800273 5252.581548
UTC=2024-01-03T00:28:02.000000
4959734.652716 -2912360.216736 -4310826.659927
2859.584096 -3783.969627 5852.216273
UTC=2024-01-03T00:30:02.000000
5260092.701186 -3345672.801545 -3577038.229203
2140.912426 -3426.495294 6361.879965
UTC=2024-01-03T00:32:02.000000
5472487.149171 -3732084.687625 -2787898.971443
1395.591061 -3003.203296 6773.506140
UTC=2024-01-03T00:34:02.000000
5594470.300988 -4064050.938615 -1955583.250582
636.168658 -2520.184535 7080.523809
UTC=2024-01-03T00:36:02.000000
5625111.925195 -4334829.410494 -1092958.015764
-124.648629 -1984.712449 7277.979982
UTC=2024-01-03T00:38:02.000000
5565004.808957 -4538616.396749 -213382.269986
-874.221131 -1405.133663 7362.640557
UTC=2024-01-03T00:40:02.000000
5416243.202678 -4670667.595185 669503.651386
-1600.202303 -790.733378 7333.060341
UTC=2024-01-03T00:42:02.000000
5182373.981653 -4727401.163177 1541995.322620
-2290.764824 -151.571822 7189.618754
UTC=2024-01-03T00:44:02.000000
4868321.481446 -4706480.007907 2390543.312551
-2934.812263 501.696952 6934.515541
UTC=2024-01-03T00:46:02.000000
4480288.045842 -4606871.553033 3201969.436921
-3522.171080 1158.017416 6571.729016
UTC=2024-01-03T00:48:02.000000
4025632.771741 -4428884.170338 3963676.273584
-4043.762857 1806.129293 6106.946137
UTC=2024-01-03T00:50:02.000000
3512730.726003 -4174179.557192 4663846.462963
-4491.756139 2434.772332 5547.461289
UTC=2024-01-03T00:52:02.000000
2950815.795647 -3845760.228349 5291627.851707
-4859.685361 3032.893163 4902.042233
UTC=2024-01-03T00:54:02.000000
2349811.382859 -3447933.036206 5837301.270567
-5142.536726 3589.837891 4180.778466
UTC=2024-01-03T00:56:02.000000
1720152.051740 -2986249.756845 6292429.252402
-5336.812827 4095.542478 3394.910923
UTC=2024-01-03T00:58:02.000000
1072599.490753 -2467425.790944 6649982.820818
-5440.560979 4540.704090 2556.642416
UTC=2024-01-03T01:00:02.000000
418056.767758 -1899239.255835 6904445.593277
-5453.376030 4916.939123 1678.946982
UTC=2024-01-03T01:02:02.000000
-232616.126148 -1290411.896785 7051894.428444
-5376.374636 5216.926815 775.372369
UTC=2024-01-03T01:04:02.000000
-868782.317372 -650473.538677 7090056.494564
-5212.149656 5434.540075 -140.158005
UTC=2024-01-03T01:06:02.000000
-1480201.540979 10387.956448 7018342.194273
-4964.706375 5564.955940 -1053.547243
UTC=2024-01-03T01:08:02.000000
-2057194.836621 681489.058064 6837853.775639
-4639.378756 5604.750314 -1950.728776
UTC=2024-01-03T01:10:02.000000
-2590798.023850 1351823.099629 6551369.496909
-4242.727542 5551.972432 -2817.869572
UTC=2024-01-03T01:12:02.000000
-3072901.930938 2010240.547476 6163303.509448
-3782.420979 5406.199448 -3641.570541
UTC=2024-01-03T01:14:02.000000
-3496377.504710 2645634.706565 5679642.008136
-3267.103173 5168.572653 -4409.063274
UTC=2024-01-03T01:16:02.000000
-3855184.246548 3247130.428590 5107855.488979
-2706.246347 4841.809006 -5108.410907
UTC=2024-01-03T01:18:02.000000
-4144459.883903 3804272.367951 4456787.418318
-2109.987188 4430.183550 -5728.697973
UTC=2024-01-03T01:20:02.000000
-4360589.675897 4307209.725038 3736520.798968
-1488.950719 3939.487551 -6260.210144
UTC=2024-01-03T01:22:02.000000
-4501253.846823 4746874.185944 2958223.786883
-854.062222 3376.956459 -6694.602979
UTC=2024-01-03T01:24:02.000000
-4565451.680737 5115147.218456 2133976.044651
-216.347222 2751.164095 -7025.051624
UTC=2024-01-03T01:26:02.000000
-4553501.621226 5405012.707874 1276578.850010
413.266513 2071.884958 -7246.371727
UTC=2024-01-03T01:28:02.000000
-4467017.857230 5610691.562732 399352.480557
1024.142877 1349.933531 -7355.110698
UTC=2024-01-03T01:30:02.000000
-4308863.821461 5727755.999644 -484075.920763
1606.129579 596.985045 -7349.616254
UTC=2024-01-03T01:32:02.000000
-4083082.604728 5753220.501129 -1359991.058336
2149.748273 -174.636441 -7230.073604
UTC=2024-01-03T01:34:02.000000
-3794805.625193 5685605.759784 -2214809.585402
2646.365382 -952.188539 -6998.490133
UTC=2024-01-03T01:36:02.000000
-3450142.109263 5524975.616032 -3035296.033566
3088.339849 -1722.733103 -6658.646844
UTC=2024-01-03T01:38:02.000000
-3056052.501113 5272946.305277 -3808771.349260
3469.143604 -2473.374339 -6216.019416
UTC=2024-01-03T01:40:02.000000
-2620209.030657 4932667.673612 -4523309.700091
3783.455337 -3191.484339 -5677.665341
UTC=2024-01-03T01:42:02.000000
-2150846.544162 4508778.084379 -5167920.283790
4027.227575 -3864.916210 -5052.085835
UTC=2024-01-03T01:44:02.000000
-1656607.303730 4007334.962065 -5732711.620450
4197.721808 -4482.197525 -4349.077294
UTC=2024-01-03T01:46:02.000000
-1146382.682241 3435722.410644 -6209037.722535
4293.525797 -5032.720279 -3579.572832
UTC=2024-01-03T01:48:02.000000
-629154.148594 2802536.813310 -6589623.754768
4314.546735 -5506.914616 -2755.460049
UTC=2024-01-03T01:50:02.000000
-113836.757878 2117453.276990 -6868669.058130
4261.976321 -5896.393315 -1889.389838
UTC=2024-01-03T01:52:02.000000
390871.789742 1391076.106882 -7041927.794866
4138.235305 -6194.077185 -994.594773
UTC=2024-01-03T01:54:02.000000
876634.853050 634774.984920 -7106767.629084
3946.908820 -6394.305795 -84.702266
UTC=2024-01-03T01:56:02.000000
1335611.882813 -139491.068970 -7062205.697229
3692.664447 -6492.932027 826.456032
UTC=2024-01-03T01:58:02.000000
1760582.422398 -919359.975966 -6908921.463685
3381.151672 -6487.394735 1725.037909
UTC=2024-01-03T02:00:02.000000
2145057.471692 -1692260.027915 -6649246.906676
3018.893860 -6376.768731 2597.374216
UTC=2024-01-03T02:02:02.000000
2483377.555508 -2445608.443417 -6287134.611273
2613.172221 -6161.798506 3430.154218
UTC=2024-01-03T02:04:02.000000
2770796.124242 -3167013.088445 -5828104.078245
2171.900266 -5844.920522 4210.604241
UTC=2024-01-03T02:06:02.000000
3003547.648884 -3844476.070423 -5279165.492135
1703.490439 -5430.264977 4926.687930
UTC=2024-01-03T02:08:02.000000
3178898.379022 -4466594.526707 -4648719.357605
1216.700717 -4923.608311 5567.298490
UTC=2024-01-03T02:10:02.000000
3295178.634946 -5022754.300161 -3946434.970659
720.482775 -4332.307750 6122.423058
UTC=2024-01-03T02:12:02.000000
3351797.011335 -5503315.124110 -3183109.306577
223.829818 -3665.221830 6583.308254
UTC=2024-01-03T02:14:02.000000
3349235.630321 -5899784.055704 -2370505.791826
-264.386575 -2932.589684 6942.625423
UTC=2024-01-03T02:16:02.000000
3289025.877401 -6204971.908613 -1521174.896853
-735.576627 -2145.874096 7194.606294
UTC=2024-01-03T02:18:02.000000
3173705.035561 -6413129.711598 -648259.762187
-1181.591790 -1317.583062 7335.159149
UTC=2024-01-03T02:20:02.000000
3006753.879583 -6520061.516893 234710.617291
-1594.880705 -461.053879 7361.955035
UTC=2024-01-03T02:22:02.000000
2792516.539563 -6523210.134704 1114035.776663
-1968.626451 409.775932 7274.470518
UTC=2024-01-03T02:24:02.000000
2536104.945117 -6421714.946845 1976062.218139
-2296.869256 1280.611495 7074.013328
UTC=2024-01-03T02:26:02.000000
2243289.139261 -6216438.794710 2807402.366801
-2574.616437 2137.067100 6763.699200
UTC=2024-01-03T02:28:02.000000
1920376.113909 -5909963.449598 3595147.919230
-2797.922777 2964.921151 6348.387724
UTC=2024-01-03T02:30:02.000000
1574080.382089 -5506555.093266 4327074.101667
-2963.949371 3750.362695 5834.594607
UTC=2024-01-03T02:32:02.000000
1211389.051933 -5012100.479872 4991831.697356
-3070.994621 4480.231369 5230.375339
UTC=2024-01-03T02:34:02.000000
839424.562744 -4434015.387461 5579123.892592
-3118.505601 5142.241047 4545.190090
UTC=2024-01-03T02:36:02.000000
465307.179522 -3781126.513175 6079865.195423
-3107.066356 5725.196114 3789.736775
UTC=2024-01-03T02:38:02.000000
96020.811718 -3063529.396965 6486318.786754
-3038.357445 6219.171674 2975.763935
UTC=2024-01-03T02:40:02.000000
-261715.330183 -2292426.761268 6792211.293613
-2915.098701 6615.662670 2115.882387
UTC=2024-01-03T02:42:02.000000
-601567.078017 -1479950.220321 6992824.939380
-2740.974250 6907.712637 1223.376461
UTC=2024-01-03T02:44:02.000000
-917695.943314 -638967.456354 7085066.893795
-2520.545563 7090.027957 312.010948
UTC=2024-01-03T02:46:02.000000
-1204858.524214 217123.030786 7067514.669376
-2259.151751 7159.067294 -604.174662
UTC=2024-01-03T02:48:02.000000
-1458493.189563 1074606.007139 6940436.680936
-1962.796620 7113.101088 -1511.072107
UTC=2024-01-03T02:50:02.000000
-1674792.579659 1919669.288111 6705788.307652
-1638.026952 6952.246904 -2394.707174
UTC=2024-01-03T02:52:02.000000
-1850761.192790 2738626.349339 6367183.708545
-1291.805034 6678.481615 -3241.441419
UTC=2024-01-03T02:54:02.000000
-1984257.266036 3518138.944936 5929843.393098
-931.374693 6295.628196 -4038.174303
UTC=2024-01-03T02:56:02.000000
-2074018.260613 4245436.370424 5400517.924252
-564.123069 5809.314383 -4772.536949
UTC=2024-01-03T02:58:02.000000
-2119669.844266 4908528.538062 4787388.510231
-197.442798 5226.908881 -5433.087179
UTC=2024-01-03T03:00:02.000000
-2121717.945788 5496409.164748 4099944.286796
161.411431 4557.420384 -6009.498347
UTC=2024-01-03T03:02:02.000000
-2081523.821517 5999244.951992 3348837.850133
505.461355 3811.364713 -6492.734219
UTC=2024-01-03T03:04:02.000000
-2001262.857257 6408546.781665 2545720.779756
828.138424 3000.599848 -6875.205300
UTC=2024-01-03T03:06:02.000000
-1883867.553788 6717319.764005 1703061.705884
1123.413770 2138.137307 -7150.904671
UTC=2024-01-03T03:08:02.000000
-1732955.399790 6920188.658032 833949.499698
1385.918434 1237.920977 -7315.517121
UTC=2024-01-03T03:10:02.000000
-1552743.385045 7013495.511949 -48114.644126
1611.044987 314.587308 -7366.496304
UTC=2024-01-03T03:12:02.000000
-1347951.363384 6995367.763442 -929432.783210
1795.033441 -616.787251 -7303.116532
UTC=2024-01-03T03:14:02.000000
-1123695.749962 6865754.477393 -1796330.489570
1935.044255 -1540.968515 -7126.493668
UTC=2024-01-03T03:16:02.000000
-885376.241698 6626427.823823 -2635375.851164
2029.200384 -2442.850112 -6839.543112
UTC=2024-01-03T03:18:02.000000
-638558.957159 6280952.148219 -3433591.235745
2076.606883 -3307.710185 -6446.907268
UTC=2024-01-03T03:20:02.000000
-388858.336383 5834623.143892 -4178655.358424
2077.351870 -4121.455116 -5954.866332
UTC=2024-01-03T03:22:02.000000
-141820.146623 5294378.106679 -4859093.164288
2032.486783 -4870.856337 -5371.221537
UTC=2024-01-03T03:24:02.000000
97191.987551 4668679.139922 -5464449.882836
1943.988095 -5543.761971 -4705.151389
UTC=2024-01-03T03:26:02.000000
323104.393428 3967372.382978 -5985447.012852
1814.700779 -6129.286754 -3967.053937
UTC=2024-01-03T03:28:02.000000
531233.209969 3201525.765709 -6414118.229396
1648.262784 -6617.977578 -3168.370100
UTC=2024-01-03T03:30:02.000000
717374.320252 2383248.935892 -6743923.398052
1449.016541 -7001.944631 -2321.397603
UTC=2024-01-03T03:32:02.000000
877882.211305 1525499.344966 -6969840.237329
1221.912697 -7274.962967 -1439.105982
UTC=2024-01-03T03:34:02.000000
1009736.606585 641877.210185 -7088433.928701
972.402843 -7432.556933 -534.951755
UTC=2024-01-03T03:36:02.000000
1110595.951134 -253588.210593 -7097904.176781
706.328326 -7472.059852 377.311194
UTC=2024-01-03T03:38:02.000000
1178837.094214 -1146658.155130 -6998109.277015
429.801044 -7392.649566 1283.826028
UTC=2024-01-03T03:40:02.000000
1213580.591712 -2023106.254579 -6790567.138868
149.084589 -7195.354392 2170.819257
UTC=2024-01-03T03:42:02.000000
1214701.850678 -2868940.235615 -6478434.636047
-129.523579 -6883.045957 3024.777716
UTC=2024-01-03T03:44:02.000000
1182827.841801 -3670622.338431 -6066465.417870
-399.816250 -6460.423135 3832.634638
UTC=2024-01-03T03:46:02.000000
1119318.768735 -4415285.852549 -5560944.277604
-655.799458 -5933.958121 4581.970337
UTC=2024-01-03T03:48:02.000000
1026235.572860 -5090942.801141 -4969598.340383
-891.807609 -5311.809001 5261.194445
UTC=2024-01-03T03:50:02.000000
906293.503124 -5686680.472992 -4301487.014313
-1102.620334 -4603.719895 5859.723147
UTC=2024-01-03T03:52:02.000000
762802.012296 -6192844.070527 -3566870.275207
-1283.571954 -3820.886020 6368.159547
UTC=2024-01-03T03:54:02.000000
599592.173266 -6601201.020680 -2777056.372960
-1430.649825 -2975.786346 6778.454548
UTC=2024-01-03T03:56:02.000000
420933.023103 -6905083.927819 -1944231.191732
-1540.580777 -2081.994188 7084.053671
UTC=2024-01-03T03:58:02.000000
231438.167556 -7099508.897737 -1081270.810706
-1610.906355 -1153.954678 7280.027323
UTC=2024-01-03T04:00:02.000000
35964.409978 -7181265.426830 -201540.346393
-1640.039570 -206.736668 7363.167804
UTC=2024-01-03T04:02:02.000000
-160495.288145 -7148975.712499 681316.824266
-1627.302746 744.227719 7332.053170
UTC=2024-01-03T04:04:02.000000
-352922.181840 -7003122.258795 1553595.738933
-1572.945168 1683.411113 7187.082605
UTC=2024-01-03T04:06:02.000000
-536383.043808 -6746042.662278 2401748.951149
-1478.140540 2595.469463 6930.479289
UTC=2024-01-03T04:08:02.000000
-706139.782957 -6381890.849850 3212603.612912
-1344.961054 3465.520988 6566.254127
UTC=2024-01-03T04:10:02.000000
-857754.558785 -5916565.201793 3973571.641636
-1176.329630 4279.415135 6100.124848
UTC=2024-01-03T04:12:02.000000
-987188.430690 -5357606.517419 4672848.075528
-975.960218 5023.966460 5539.407068
UTC=2024-01-03T04:14:02.000000
-1090891.572492 -4714068.872673 5299595.460940
-748.275349 5687.173110 4892.886627
UTC=2024-01-03T04:16:02.000000
-1165882.692633 -3996365.860847 5844111.581091
-498.311914 6258.409473 4170.672462
UTC=2024-01-03T04:18:02.000000
-1209816.590411 -3216094.637895 6297978.131527
-231.615368 6728.600949 3384.021981
UTC=2024-01-03T04:20:02.000000
-1221038.101945 -2385841.645222 6654186.782969
45.879178 7090.351076 2545.145313
UTC=2024-01-03T04:22:02.000000
-1198621.686010 -1518975.551115 6907242.329438
327.966327 7338.033862 1667.021068
UTC=2024-01-03T04:24:02.000000
-1142396.646256 -629429.676111 7053243.686500
608.291164 7467.876164 763.205268
UTC=2024-01-03T04:26:02.000000
-1052957.570191 268523.642601 7089940.796296
880.475600 7478.005447 -152.374562
UTC=2024-01-03T04:28:02.000000
-931659.234723 1160502.473426 7016767.285162
1138.249728 7368.469735 -1065.618197
UTC=2024-01-03T04:30:02.000000
-780595.856231 2032245.857205 6834848.882295
1375.580425 7141.233951 -1962.458444
UTC=2024-01-03T04:32:02.000000
-602565.241193 2869842.149955 6546987.162212
1586.794371 6800.147329 -2829.065557
UTC=2024-01-03T04:34:02.000000
-401018.542345 3659951.924199 6157619.011591
1766.694625 6350.886661 -3652.047569
UTC=2024-01-03T04:36:02.000000
-179996.388794 4390022.679663 5672751.922086
1910.671575 5800.873778 -4418.652832
UTC=2024-01-03T04:38:02.000000
55947.895552 5048491.827251 5099875.603377
2014.806280 5159.166374 -5116.960569
UTC=2024-01-03T04:40:02.000000
301836.852491 5624975.573447 4447850.603835
2075.962968 4436.326795 -5736.078391
UTC=2024-01-03T04:42:02.000000
552367.497794 6110438.741161 3726773.695861
2091.862669 3644.238362 -6266.317702
UTC=2024-01-03T04:44:02.000000
802018.008474 6497343.403764 2947825.182391
2061.148196 2795.946961 -6699.338988
UTC=2024-01-03T04:46:02.000000
1045161.821543 6779776.300768 2123095.143998
1983.435475 1905.435719 -7028.344178
UTC=2024-01-03T04:48:02.000000
1276185.384118 6953545.041867 1265391.697507
1859.327440 987.364973 -7248.179727
UTC=2024-01-03T04:50:02.000000
1489607.051303 7016244.704211 388037.739130
1690.417993 56.819802 -7355.432128
UTC=2024-01-03T04:52:02.000000
1680194.909745 6967292.594972 -495341.599967
1479.269523 -870.959203 -7348.484964
UTC=2024-01-03T04:54:02.000000
1843080.408167 6807930.698593 -1371036.431326
1229.366575 -1780.845732 -7227.542795
UTC=2024-01-03T04:56:02.000000
1973865.423503 6541196.123632 -2225470.358440
945.053011 -2658.090863 -6994.622001
UTC=2024-01-03T04:58:02.000000
2068720.646499 6171860.301285 -3045415.807842
631.449994 -3488.580088 -6653.510330
UTC=2024-01-03T05:00:02.000000
2124473.066205 5706338.056444 -3818202.471367
294.356952 -4259.077366 -6209.692533
UTC=2024-01-03T05:02:02.000000
2138680.687938 5152568.487524 -4531914.716003
-59.862164 -4957.448972 -5670.240608
UTC=2024-01-03T05:04:02.000000
2109692.795248 4519870.923857 -5175573.969813
-424.404781 -5572.853470 -5043.675653
UTC=2024-01-03T05:06:02.000000
2036694.837658 3818780.177430 -5739303.471475
-792.159129 -6095.897573 -4339.813561
UTC=2024-01-03T05:08:02.000000
1919737.547257 3060864.786081 -6214473.953694
-1155.838770 -6518.765748 -3569.601293
UTC=2024-01-03T05:10:02.000000
1759749.564937 2258531.243547 -6593828.568757
-1508.120848 -6835.320891 -2744.934015
UTC=2024-01-03T05:12:02.000000
1558533.868719 1424818.510526 -6871585.435983
-1841.777360 -7041.167198 -1878.469201
UTC=2024-01-03T05:14:02.000000
1318748.580786 573186.360778 -7043518.270166
-2149.806340 -7133.692414 -983.444779
UTC=2024-01-03T05:16:02.000000
1043871.837005 -282700.012522 -7107014.687742
-2425.564322 -7112.086264 -73.489487
UTC=2024-01-03T05:18:02.000000
738151.193256 -1129186.163283 -7061111.529098
-2662.891003 -6977.334312 837.570971
UTC=2024-01-03T05:20:02.000000
406538.742643 -1952841.929717 -6906507.051300
-2856.222584 -6732.181348 1735.901909
UTC=2024-01-03T05:22:02.000000
54612.968970 -2740669.709456 -6645551.504434
-3000.701638 -6381.084479 2607.834020
UTC=2024-01-03T05:24:02.000000
-311512.612984 -3480306.904728 -6282215.989819
-3092.284884 -5930.156974 3440.057011
UTC=2024-01-03T05:26:02.000000
-685292.618749 -4160219.104045 -5822037.463201
-3127.831402 -5387.070926 4219.813308
UTC=2024-01-03T05:28:02.000000
-1059862.941255 -4769880.726390 -5272041.706993
-3105.182928 -4760.948986 4935.077497
UTC=2024-01-03T05:30:02.000000
-1428162.998470 -5299941.615523 -4640644.270245
-3023.233283 -4062.234766 5574.743258
UTC=2024-01-03T05:32:02.000000
-1783065.225285 -5742376.323876 -3937529.177957
-2881.978895 -3302.534595 6128.805070
UTC=2024-01-03T05:34:02.000000
-2117509.341936 -6090612.901040 -3173506.546054
-2682.547864 -2494.435016 6588.527040
UTC=2024-01-03T05:36:02.000000
-2424638.867997 -6339638.643219 -2360350.887804
-2427.208375 -1651.302068 6946.596171
UTC=2024-01-03T05:38:02.000000
-2697937.307416 -6486080.692159 -1510621.886503
-2119.354131 -787.062273 7197.260815
UTC=2024-01-03T05:40:02.000000
-2931361.095657 -6528259.144030 -637469.772805
-1763.464909 84.036455 7336.447375
UTC=2024-01-03T05:42:02.000000
-3119466.223507 -6466210.419281 245571.516202
-1365.040213 947.679562 7361.845244
UTC=2024-01-03T05:44:02.000000
-3257525.384852 -6301679.902535 1124799.128204
-930.508839 1789.741069 7272.955265
UTC=2024-01-03T05:46:02.000000
-3341633.034858 -6038084.126347 1986560.006223
-467.117646 2596.536535 7071.106269
UTC=2024-01-03T05:48:02.000000
-3368795.832738 -5680442.870110 2817469.305837
17.200197 3355.069095 6759.432474
UTC=2024-01-03T05:50:02.000000
-3337006.318833 -5235282.910753 3604623.842811
513.971998 4053.254805 6342.815140
UTC=2024-01-03T05:52:02.000000
-3245298.308103 -4710515.993376 4335806.727049
1014.342623 4680.126996 5827.793974
UTC=2024-01-03T05:54:02.000000
-3093783.055809 -4115293.644848 4999679.578946
1509.237311 5226.017253 5222.449013
UTC=2024-01-03T05:56:02.000000
-2883665.620215 -3459841.987773 5585958.968547
1989.529432 5682.706496 4536.257053
UTC=2024-01-03T05:58:02.000000
-2617240.770518 -2755280.453367 6085574.301802
2446.211511 6043.541524 3779.926088
UTC=2024-01-03T06:00:02.000000
-2297868.904756 -2013428.694986 6490805.057484
2870.557100 6303.516711 2965.220080
UTC=2024-01-03T06:02:02.000000
-1929932.786817 -1246605.034419 6795396.742159
3254.279611 6459.335517 2104.776803
UTC=2024-01-03T06:04:02.000000
-1518775.454132 -467418.823914 6994653.535030
3589.684859 6509.445570 1211.899840
UTC=2024-01-03T06:06:02.000000
-1070621.061140 311438.416453 7085505.597851
3869.802663 6454.025591 300.354565
UTC=2024-01-03T06:08:02.000000
-592480.287203 1077399.398461 7066553.415228
4088.516344 6294.963208 -615.818817
UTC=2024-01-03T06:10:02.000000
-92040.362407 1818223.918413 6938088.512070
4240.685675 6035.812463 -1522.511019
UTC=2024-01-03T06:12:02.000000
422458.645352 2522194.846131 6702089.306590
4322.253392 5681.723025 -2405.751175
UTC=2024-01-03T06:14:02.000000
942359.289304 3178303.999007 6362192.246789
4330.333674 5239.343898 -3251.908858
UTC=2024-01-03T06:16:02.000000
1458731.831227 3776425.699648 5923639.144931
4263.285031 4716.714711 -4047.892018
UTC=2024-01-03T06:18:02.000000
1962527.123767 4307476.013042 5393200.601539
4120.766968 4123.134698 -4781.345240
UTC=2024-01-03T06:20:02.000000
2444735.323958 4763555.049386 4779075.909219
3903.779484 3469.011071 -5440.845381
UTC=2024-01-03T06:22:02.000000
2896547.602711 5138069.332571 4090769.699614
3614.671663 2765.678677 -6016.088463
UTC=2024-01-03T06:24:02.000000
3309517.370488 5425831.948342 3338947.849933
3257.129035 2025.215436 -6498.050640
UTC=2024-01-03T06:26:02.000000
3675719.305052 5623140.471021 2535273.842607
2836.145809 1260.247754 -6879.158995
UTC=2024-01-03T06:28:02.000000
3987902.199648 5727828.334588 1692225.154481
2357.946252 483.706154 -7153.436867
UTC=2024-01-03T06:30:02.000000
4239630.594794 5739287.755639 822896.125145
1829.885438 -291.395374 -7316.596236
UTC=2024-01-03T06:32:02.000000
4425413.856006 5658466.046349 -59210.425505
1260.332317 -1052.194987 -7366.128133
UTC=2024-01-03T06:34:02.000000
4540819.114422 5487832.677881 -940399.297631
658.521914 -1786.221886 -7301.337658
UTC=2024-01-03T06:36:02.000000
4582565.726453 5231319.347979 -1807001.216198
34.394262 -2481.612155 -7123.350991
UTC=2024-01-03T06:38:02.000000
4548599.174443 4894234.580871 -2645590.268895
-601.586297 -3127.315353 -6835.090750
UTC=2024-01-03T06:40:02.000000
4438142.618868 4483154.702268 -3443196.261033
-1238.622352 -3713.281611 -6441.216970
UTC=2024-01-03T06:42:02.000000
4251724.948578 4005793.568914 -4187507.806198
-1865.781735 -4230.626727 -5948.030432
UTC=2024-01-03T06:44:02.000000
3991185.468961 3470854.506539 -4867061.956425
-2472.187744 -4671.763271 -5363.349685
UTC=2024-01-03T06:46:02.000000
3659655.825457 2887868.114046 -5471418.191130
-3047.209827 -5030.505885 -4696.371041
UTC=2024-01-03T06:48:02.000000
3261519.271098 2267019.227989 -5991314.145591
-3580.647935 -5302.145961 -3957.505581
UTC=2024-01-03T06:50:02.000000
2802348.648981 1618966.690675 -6418800.919978
-4062.903328 -5483.497184 -3158.203239
UTC=2024-01-03T06:52:02.000000
2288824.534229 954659.439577 -6747356.670293
-4485.137209 -5572.910929 -2310.766771
UTC=2024-01-03T06:54:02.000000
1728635.589405 285152.480889 -6971977.727283
-4839.408580 -5570.264247 -1428.166413
UTC=2024-01-03T06:56:02.000000
1130362.999867 -378574.627682 -7089248.086261
-5118.805543 -5476.932316 -523.862563
UTC=2024-01-03T06:58:02.000000
503349.244016 -1025795.127654 -7097386.572135
-5317.569502 -5295.742576 388.392176
UTC=2024-01-03T07:00:02.000000
-142446.121971 -1646204.977428 -6996270.176916
-5431.189010 -5030.899206 1294.743966
UTC=2024-01-03T07:02:02.000000
-796601.377177 -2230083.139363 -6787435.630013
-5456.487181 -4687.901116 2181.414510
UTC=2024-01-03T07:04:02.000000
-1448397.575227 -2768441.695187 -6474058.951871
-5391.697304 -4273.450330 3034.893984
UTC=2024-01-03T07:06:02.000000
-2086990.916365 -3253163.296719 -6060911.599906
-5236.512049 -3795.333485 3842.131525
UTC=2024-01-03T07:08:02.000000
-2701590.171894 -3677123.839666 -5554294.701665
-4992.120274 -3262.296927 4590.713642
UTC=2024-01-03T07:10:02.000000
-3281637.809968 -4034299.702284 -4961951.403398
-4661.229575 -2683.911031 5269.052773
UTC=2024-01-03T07:12:02.000000
-3816991.965692 -4319857.228386 -4292956.219275
-4248.055366 -2070.410106 5866.576888
UTC=2024-01-03T07:14:02.000000
-4298105.266899 -4530222.209627 -3557582.768372
-3758.282512 -1432.521702 6373.900637
UTC=2024-01-03T07:16:02.000000
-4716197.766835 -4663128.401347 -2767151.471005
-3199.003485 -781.286376 6782.989301
UTC=2024-01-03T07:18:02.000000
-5063420.470519 -4717643.594129 -1933858.357123
-2578.623417 -127.864838 7087.306648
UTC=2024-01-03T07:20:02.000000
-5333005.710373 -4694172.239697 -1070587.564527
-1906.736100 516.658977 7281.939196
UTC=2024-01-03T07:22:02.000000
-5519400.927819 -4594434.352914 -190710.462010
-1193.972442 1141.475612 7363.693810
UTC=2024-01-03T07:24:02.000000
-5618382.830437 -4421420.888574 692125.312409
-451.824163 1736.244372 7331.168628
UTC=2024-01-03T07:26:02.000000
-5627148.739368 -4179325.999963 1564213.456549
307.559199 2291.283721 7184.790513
UTC=2024-01-03T07:28:02.000000
-5544382.446674 -3873457.104753 2412008.520156
1071.589888 2797.748443 6926.808993
UTC=2024-01-03T07:30:02.000000
-5370293.287042 -3510125.080447 3222342.371911
1827.468081 3247.782826 6561.253429
UTC=2024-01-03T07:32:02.000000
-5106627.866670 -3096517.558254 3982633.731498
2562.410651 3634.650012 6093.861304
UTC=2024-01-03T07:34:02.000000
-4756654.145560 -2640557.841859 4681087.370327
3263.883644 3952.841690 5531.975097
UTC=2024-01-03T07:36:02.000000
-4325118.009349 -2150752.519695 5306878.492115
3919.823643 4198.154183 4884.401101
UTC=2024-01-03T07:38:02.000000
-3818174.627470 -1636032.067266 5850319.310471
4518.838566 4367.731719 4161.257556
UTC=2024-01-03T07:40:02.000000
-3243296.251718 -1105587.479291 6303007.019453
5050.401140 4460.090849 3373.814103
UTC=2024-01-03T07:42:02.000000
-2609157.175298 -568705.128064 6657951.103960
5505.033682 4475.123323 2534.306222
UTC=2024-01-03T07:44:02.000000
-1925497.884803 -34603.208099 6909677.078864
5874.467979 4414.065383 1655.731272
UTC=2024-01-03T07:46:02.000000
-1202971.917566 487726.192300 7054305.884527
6151.774345 4279.438947 751.650593
UTC=2024-01-03T07:48:02.000000
-452978.339413 989667.610883 7089610.029385
6331.475074 4074.987254 -164.004308
UTC=2024-01-03T07:50:02.000000
312518.593120 1463123.997319 7015045.905692
6409.642569 3805.591834 -1077.133962
UTC=2024-01-03T07:52:02.000000
1081180.327474 1900647.464640 6831761.719892
6383.977427 3477.172315 -1973.675702
UTC=2024-01-03T07:54:02.000000
1840492.838773 2295556.882342 6542580.652150
6253.860954 3096.567361 -2839.809177
UTC=2024-01-03T07:56:02.000000
2577970.272288 2642040.538007 6151959.993119
6020.385019 2671.406977 -3662.151927
UTC=2024-01-03T07:58:02.000000
3281361.203182 2935243.104376 5665926.782173
5686.365068 2209.977157 -4427.957953
UTC=2024-01-03T08:00:02.000000
3938854.672558 3171335.527195 5091989.144444
5256.319583 1721.070701 -5125.321751
UTC=2024-01-03T08:02:02.000000
4539281.374515 3347566.393888 4439024.057676
4736.413858 1213.828436 -5743.362697
UTC=2024-01-03T08:04:02.000000
5072307.628596 3462294.065577 3717144.261923
4134.398407 697.579464 -6272.396451
UTC=2024-01-03T08:06:02.000000
5528619.886676 3514999.127008 2937543.182104
3459.499435 181.666689 -6704.123743
UTC=2024-01-03T08:08:02.000000
5900092.494235 3506275.207121 2112320.221328
2722.264274 -324.728570 -7031.764497
UTC=2024-01-03T08:10:02.000000
6179936.826958 3437799.873510 1254290.973293
1934.399112 -812.750212 -7250.181708
UTC=2024-01-03T08:12:02.000000
6362828.735455 3312285.515543 376783.756199
1108.569778 -1274.034604 -7355.980486
UTC=2024-01-03T08:14:02.000000
6445010.346448 3133410.685378 -506573.450296
258.176383 -1700.867636 -7347.567971
UTC=2024-01-03T08:16:02.000000
6424363.981251 2905733.450174 -1382070.933663
-602.885918 -2086.326594 -7225.175096
UTC=2024-01-03T08:18:02.000000
6300456.737626 2634589.364623 -2236135.482409
-1460.472878 -2424.392602 -6990.841848
UTC=2024-01-03T08:20:02.000000
6074555.655816 2325976.990354 -3055545.587432
-2300.439066 -2710.050712 -6648.380291
UTC=2024-01-03T08:22:02.000000
5749612.681023 1986432.252166 -3827639.682755
-3108.888659 -2939.370394 -6203.295118
UTC=2024-01-03T08:24:02.000000
5330220.166773 1622894.908902 -4540513.247148
-3872.417950 -3109.558613 -5662.678952
UTC=2024-01-03T08:26:02.000000
4822537.589799 1242570.222214 -5183201.215058
-4578.347523 -3218.984541 -5035.070490
UTC=2024-01-03T08:28:02.000000
4234192.515243 852789.515886 -5745842.129870
-5214.920186 -3267.176004 -4330.298720
UTC=2024-01-03T08:30:02.000000
3574158.774290 460872.228648 -6219823.361184
-5771.484794 -3254.797776 -3559.319983
UTC=2024-01-03T08:32:02.000000
2852613.515110 73991.865071 -6597905.818522
-6238.662572 -3183.608664 -2734.038920
UTC=2024-01-03T08:34:02.000000
2080776.152123 -300951.840149 -6874326.430788
-6608.481044 -3056.401204 -1867.120342
UTC=2024-01-03T08:36:02.000000
1270732.763165 -657452.581538 -7044878.426056
-6874.486441 -2876.926751 -971.807943
UTC=2024-01-03T08:38:02.000000
435247.451663 -989507.426095 -7106969.653557
-7031.847077 -2649.806944 -61.734874
UTC=2024-01-03T08:40:02.000000
-412436.764262 -1291715.082875 -7059657.465795
-7077.421560 -2380.429987 849.270796
UTC=2024-01-03T08:42:02.000000
-1258803.942557 -1559361.546552 -6903661.306187
-7009.810948 -2074.844251 1747.366332
UTC=2024-01-03T08:44:02.000000
-2090276.817106 -1788492.531735 -6641353.054170
-6829.395566 -1739.643076 2618.886631
UTC=2024-01-03T08:46:02.000000
-2893430.901378 -1975971.354577 -6276724.112677
-6538.339926 -1381.838457 3450.534978
UTC=2024-01-03T08:48:02.000000
-3655207.974929 -2119521.646945 -5815330.611950
-6140.582276 -1008.736434 4229.558935
UTC=2024-01-03T08:50:02.000000
-4363127.876599 -2217754.981710 -5264216.937383
-5641.811643 -627.807274 4943.939580
UTC=2024-01-03T08:52:02.000000
-5005495.143248 -2270182.305076 -4631816.090968
-5049.403690 -246.547175 5582.582421
UTC=2024-01-03T08:54:02.000000
-5571596.161902 -2277208.796706 -3927828.143888
-4372.330211 127.658940 6135.493050
UTC=2024-01-03T08:56:02.000000
-6051884.024539 -2240112.270003 -3163077.840170
-3621.041761 487.675227 6593.949394
UTC=2024-01-03T08:58:02.000000
-6438147.064182 -2161005.030352 -2349352.253771
-2807.313571 826.751543 6950.658789
UTC=2024-01-03T09:00:02.000000
-6723657.197611 -2042779.752641 -1499220.992795
-1944.064443 1138.652820 7199.892733
UTC=2024-01-03T09:02:02.000000
-6903294.833036 -1889040.318992 -625841.386179
-1045.146326 1417.779887 7337.600790
UTC=2024-01-03T09:04:02.000000
-6973647.019540 -1704018.823069 257248.168800
-125.110671 1659.278967 7361.493741
UTC=2024-01-03T09:06:02.000000
-6933076.294112 -1492480.274760 1136343.021968
801.046597 1859.135866 7271.095532
UTC=2024-01-03T09:08:02.000000
-6781757.977101 -1259617.252210 1997791.112946
1718.153547 2014.249100 7067.758067
UTC=2024-01-03T09:10:02.000000
-6521684.998124 -1010937.011081 2828211.346237
2611.133657 2122.482705 6754.638730
UTC=2024-01-03T09:12:02.000000
-6156640.385491 -752143.411478 3614707.213360
3465.272659 2182.699854 6336.645165
UTC=2024-01-03T09:14:02.000000
-5692137.811813 -489016.143006 4345071.961571
4266.484586 2194.772671 5820.347071
UTC=2024-01-03T09:16:02.000000
-5135331.166674 -227290.454802 5007980.577669
5001.555683 2159.565428 5213.847027
UTC=2024-01-03T09:18:02.000000
-4494896.992103 27460.083149 5593165.193415
5658.355942 2078.901535 4526.636939
UTC=2024-01-03T09:20:02.000000
-3780892.456474 269935.714851 6091572.654135
6226.037039 1955.510484 3769.442268
UTC=2024-01-03T09:22:02.000000
-3004590.593295 495215.030850 6495501.954959
6695.209210 1792.954988 2954.041801
UTC=2024-01-03T09:24:02.000000
-2178296.501653 698849.783240 6798719.302767
7058.082577 1595.542995 2093.079084
UTC=2024-01-03T09:26:02.000000
-1315147.955525 876948.683957 6996550.278442
7308.586521 1368.232369 1199.865308
UTC=2024-01-03T09:28:02.000000
-428903.721787 1026249.016589 7085947.527322
7442.453084 1116.522484 288.174128
UTC=2024-01-03T09:30:02.000000
466276.546041 1144174.683553 7065534.439857
7457.277220 846.337849 -627.955551
UTC=2024-01-03T09:32:02.000000
1356058.438034 1228880.062301 6935624.979082
7352.555956 563.908161 -1534.420272
UTC=2024-01-03T09:34:02.000000
2226162.097620 1279279.121617 6698219.207948
7129.701213 275.642096 -2417.255396
UTC=2024-01-03T09:36:02.000000
3062591.496936 1295059.186322 6356974.676199
6792.028292 -12.001130 -3262.833824
UTC=2024-01-03T09:38:02.000000
3851861.152440 1276679.261760 5917153.703663
6344.721752 -292.641016 -4058.071759
UTC=2024-01-03T09:40:02.000000
4581216.224147 1225352.881815 5385545.942700
5794.759713 -560.103514 -4790.628191
UTC=2024-01-03T09:42:02.000000
5238842.394547 1143015.856933 4770368.361584
5150.823689 -808.545171 -5449.086470
UTC=2024-01-03T09:44:02.000000
5814063.809539 1032279.356182 4081142.754486
4423.182728 -1032.572627 -6023.149003
UTC=2024-01-03T09:46:02.000000
6297524.102788 896369.210227 3328550.257914
3623.529071 -1227.352872 -6503.818706
UTC=2024-01-03T09:48:02.000000
6681345.776696 739052.250252 2524265.891019
2764.784650 -1388.718628 -6883.550348
UTC=2024-01-03T09:50:02.000000
6959265.625243 564551.035608 1680776.496905
1860.896320 -1513.254597 -7156.380874
UTC=2024-01-03T09:52:02.000000
7126743.556077 377449.148448 811183.473185
926.592286 -1598.369928 -7318.045544
UTC=2024-01-03T09:54:02.000000
7181040.994464 182588.757123 -71005.632137
-22.873019 -1642.353298 -7366.051259
UTC=2024-01-03T09:56:02.000000
7121267.856462 -15037.287811 -952093.176976
-971.993434 -1644.408800 -7299.726642
UTC=2024-01-03T09:58:02.000000
6948395.958493 -210396.312008 -1818410.573010
-1905.289334 -1604.669094 -7120.225661
UTC=2024-01-03T10:00:02.000000
6665239.262025 -398527.075939 -2656535.963922
-2807.582914 -1524.189441 -6830.498328
UTC=2024-01-03T10:02:02.000000
6276401.777080 -574649.065957 -3453506.267095
-3664.260790 -1404.920281 -6435.228174
UTC=2024-01-03T10:04:02.000000
5788194.629398 -734267.208851 -4197019.957971
-4461.524730 -1249.658756 -5940.739468
UTC=2024-01-03T10:06:02.000000
5208524.226026 -873269.578274 -4875626.778295
-5186.620387 -1061.980756 -5354.872455
UTC=2024-01-03T10:08:02.000000
4546754.965969 -988016.066381 -5478901.033132
-5828.032485 -846.159965 -4686.838115
UTC=2024-01-03T10:10:02.000000
3813549.987828 -1075416.872205 -5997596.822075
-6375.657746 -607.078589 -3947.060761
UTC=2024-01-03T10:12:02.000000
3020692.613284 -1132999.469105 -6423783.199095
-6820.951023 -350.123647 -3147.001454
UTC=2024-01-03T10:14:02.000000
2180892.427738 -1158962.273584 -6750957.585409
-7157.035717 -81.070984 -2298.974792
UTC=2024-01-03T10:16:02.000000
1307579.741585 -1152214.417297 -6974137.134707
-7378.788397 194.028600 -1415.963855
UTC=2024-01-03T10:18:02.000000
414691.357034 -1112401.837643 -7089927.765412
-7482.899342 468.966504 -511.433908
UTC=2024-01-03T10:20:02.000000
-483549.551857 -1039918.720116 -7096570.623174
-7467.908559 737.500640 400.858575
UTC=2024-01-03T10:22:02.000000
-1372856.172319 -935904.389418 -6993965.816190
-7334.216603 993.474227 1307.051258
UTC=2024-01-03T10:24:02.000000
-2239101.296584 -802225.694486 -6783673.733986
-7084.079270 1230.938995 2193.368085
UTC=2024-01-03T10:26:02.000000
-3068537.887717 -641444.878780 -6468893.028437
-6721.567938 1444.272236 3046.310968
UTC=2024-01-03T10:28:02.000000
-3848013.732204 -456773.737749 -6054416.760181
-6252.516773 1628.289335 3852.833913
UTC=2024-01-03T10:30:02.000000
-4565179.489695 -252014.427846 -5546566.872225
-5684.458000 1778.353395 4600.535077
UTC=2024-01-03T10:32:02.000000
-5208686.301456 -31487.591444 -4953105.314864
-5026.514540 1890.475409 5277.845460
UTC=2024-01-03T10:34:02.000000
-5768369.524714 200050.885767 -4283123.620186
-4289.278900 1961.405448 5874.204189
UTC=2024-01-03T10:36:02.000000
-6235416.493128 437503.770528 -3546911.046722
-3484.662615 1988.716462 6380.239455
UTC=2024-01-03T10:38:02.000000
-6602513.961255 675535.249202 -2755801.872525
-2625.712430 1970.869205 6787.931903
UTC=2024-01-03T10:40:02.000000
-6863972.100120 908680.712546 -1922004.020605
-1726.401357 1907.262598 7090.762662
UTC=2024-01-03T10:42:02.000000
-7015822.186222 1131461.227799 -1058411.357175
-801.402542 1798.262502 7283.838514
UTC=2024-01-03T10:44:02.000000
-7055885.573080 1338500.312825 -178401.713205
134.169167 1645.209444 7364.000590
UTC=2024-01-03T10:46:02.000000
-6983810.145373 1524640.132453 704375.026775
1065.029914 1450.403366 7329.879550
UTC=2024-01-03T10:48:02.000000
-6801074.954861 1685054.920533 1576213.652453
1975.988822 1217.071414 7181.926221
UTC=2024-01-03T10:50:02.000000
-6510962.795006 1815359.101297 2423572.548101
2852.219651 949.311692 6922.413180
UTC=2024-01-03T10:52:02.000000
-6118500.355994 1911707.321727 3233290.386847
3679.527102 652.015063 6555.396519
UTC=2024-01-03T10:54:02.000000
-5630367.203361 1970883.924445 3992795.982026
4444.598769 330.768234 6086.639905
UTC=2024-01-03T10:56:02.000000
-5054775.991669 1990379.994178 4690306.845454
5135.230545 -8.255654 5523.504189
UTC=2024-01-03T10:58:02.000000
-4401327.438748 1968456.587575 5315013.047353
5740.522243 -358.417783 4874.813836
UTC=2024-01-03T11:00:02.000000
-3680843.609920 1904192.970284 5857243.953351
6251.043827 -712.742072 4150.706615
UTC=2024-01-03T11:02:02.000000
-2905182.678641 1797519.095715 6308616.141339
6658.979336 -1064.049199 3362.468977
UTC=2024-01-03T11:04:02.000000
-2087037.842710 1649231.639581 6662160.107347
6958.243377 -1405.097055 2522.346714
UTC=2024-01-03T11:06:02.000000
-1239724.766401 1460993.024276 6912423.438548
7144.556531 -1728.721540 1643.345169
UTC=2024-01-03T11:08:02.000000
-376962.143369 1235313.890840 7055549.875757
7215.485216 -2027.972162 739.029104
UTC=2024-01-03T11:10:02.000000
487351.045495 975519.430676 7089334.839914
7170.460029 -2296.245533 -176.671091
UTC=2024-01-03T11:12:02.000000
1339359.325555 685699.995172 7013257.284336
7010.772497 -2527.413095 -1089.660745
UTC=2024-01-03T11:14:02.000000
2165472.465237 370646.732481 6828487.300918
6739.544775 -2715.943354 -1985.882218
UTC=2024-01-03T11:16:02.000000
2952582.224677 35772.942602 6537869.737352
6361.677906 -2857.017215 -2851.513858
UTC=2024-01-03T11:18:02.000000
3688271.703484 -312977.902401 6145883.615774
5883.777938 -2946.634181 -3673.175901
UTC=2024-01-03T11:20:02.000000
4361013.863956 -669236.141539 5658576.847088
5314.050374 -2981.706382 -4438.132744
UTC=2024-01-03T11:22:02.000000
4960356.004085 -1026320.443311 5083477.240643
4662.172274 -2960.139138 -5134.486908
UTC=2024-01-03T11:24:02.000000
5477087.582023 -1377360.910845 4429480.449930
3939.141760 -2880.893159 -5751.369785
UTC=2024-01-03T11:26:02.000000
5903388.392118 -1715428.618840 3706715.552985
3157.101868 -2744.030208 -6279.122188
UTC=2024-01-03T11:28:02.000000
6232954.133259 -2033669.460887 2926389.622295
2329.138508 -2550.737411 -6709.463018
UTC=2024-01-03T11:30:02.000000
6461096.190539 -2325439.420932 2100613.414341
1469.055039 -2303.326994 -7035.634016
UTC=2024-01-03T11:32:02.000000
6584813.565680 -2584438.330742 1242211.206474
591.134859 -2005.211699 -7252.519648
UTC=2024-01-03T11:34:02.000000
6602835.578717 -2804839.395027 364517.484317
-290.110874 -1660.858275 -7356.745626
UTC=2024-01-03T11:36:02.000000
6515633.447728 -2981411.452448 -518835.953947
-1160.204040 -1275.712855 -7346.738115
UTC=2024-01-03T11:38:02.000000
6325400.864394 -3109631.000135 -1394138.168364
-2004.959367 -856.106060 -7222.753831
UTC=2024-01-03T11:40:02.000000
6036003.134356 -3185781.529246 -2247818.332202
-2810.742404 -409.136058 -6986.865043
UTC=2024-01-03T11:42:02.000000
5652897.011918 -3207037.803593 -3066660.916459
-3564.700774 57.463802 -6642.911154
UTC=2024-01-03T11:44:02.000000
5183023.659555 -3171533.579615 -3838013.430739
-4254.980998 535.468127 -6196.420571
UTC=2024-01-03T11:46:02.000000
4634677.099181 -3078411.728624 -4549982.850789
-4870.918515 1016.309544 -5654.503377
UTC=2024-01-03T11:48:02.000000
4017351.209316 -2927855.735613 -5191617.834901
-5403.205935 1491.239187 -5025.718995
UTC=2024-01-03T11:50:02.000000
3341568.568063 -2721101.736161 -5753073.105257
-5844.023665 1951.487944 -4319.914262
UTC=2024-01-03T11:52:02.000000
2618696.175740 -2460431.739664 -6225753.811241
-6187.130201 2388.418297 -3548.055250
UTC=2024-01-03T11:54:02.000000
1860751.772373 -2149148.904226 -6602439.927775
-6427.932251 2793.674295 -2722.060904
UTC=2024-01-03T11:56:02.000000
1080202.658545 -1791534.505500 -6877389.651087
-6563.535739 3159.334403 -1854.615981
UTC=2024-01-03T11:58:02.000000
289760.734428 -1392787.497863 -7046419.406191
-6592.757610 3478.046615 -958.974891
UTC=2024-01-03T12:00:02.000000
-497822.349814 -958948.551593 -7106960.968392
-6516.114537 3743.155123 -48.774060
UTC=2024-01-03T12:02:02.000000
-1269957.353894 -496809.298137 -7058096.118682
-6335.790616 3948.819010 862.153140
UTC=2024-01-03T12:04:02.000000
-2014415.006931 -13807.653145 -6900569.004043
-6055.590976 4090.125513 1759.966779
UTC=2024-01-03T12:06:02.000000
-2719516.251467 482089.525796 -6636775.364216
-5680.866481 4163.186694 2631.010678
UTC=2024-01-03T12:08:02.000000
-3374312.454238 982514.701098 -6270729.649193
-5218.424610 4165.226177 3461.992627
UTC=2024-01-03T12:10:02.000000
-3968754.424717 1478837.624941 -5808010.321887
-4676.430600 4094.652606 4240.169498
UTC=2024-01-03T12:12:02.000000
-4493848.291129 1962311.200794 -5255682.645042
-4064.285496 3951.119165 4953.535367
UTC=2024-01-03T12:14:02.000000
-4941795.397944 2424223.813633 -4622198.929999
-3392.482452 3735.568923 5591.010840
UTC=2024-01-03T12:16:02.000000
-5306113.396547 2856055.153610 -3917276.207855
-2672.437109 3450.247260 6142.624536
UTC=2024-01-03T12:18:02.000000
-5581736.202567 3249632.240762 -3151753.470043
-1916.307488 3098.695238 6599.675228
UTC=2024-01-03T12:20:02.000000
-5765091.491336 3597283.576368 -2337429.698310
-1136.796242 2685.722799 6954.889493
UTC=2024-01-03T12:22:02.000000
-5854153.117227 3891988.186757 -1486884.001119
-346.933756 2217.349746 7202.559737
UTC=2024-01-03T12:24:02.000000
-5848466.963031 4127515.831108 -613280.588700
440.148765 1700.718500 7338.658062
UTC=2024-01-03T12:26:02.000000
-5749149.140962 4298555.330900 269838.005676
1211.450401 1143.984111 7360.919156
UTC=2024-01-03T12:28:02.000000
-5558856.224508 4400828.064505 1148766.238557
1954.338057 556.174699 7268.896903
UTC=2024-01-03T12:30:02.000000
-5281727.018544 4431183.095667 2009854.800288
2656.777658 -52.971016 7063.973180
UTC=2024-01-03T12:32:02.000000
-4923297.783115 4387672.137152 2839728.743581
3307.545929 -673.176905 6749.331556
UTC=2024-01-03T12:34:02.000000
-4490393.176136 4269603.234789 3625500.677705
3896.424036 -1293.812722 6329.902827
UTC=2024-01-03T12:36:02.000000
-3990995.058816 4077571.366150 4354975.339507
4414.369920 -1904.092752 5812.273233
UTC=2024-01-03T12:38:02.000000
-3434092.607158 3813465.425184 5016841.241706
4853.658597 -2493.269358 5204.564897
UTC=2024-01-03T12:40:02.000000
-2829516.911767 3480452.056706 5600846.771963
5208.000116 -3050.826564 4516.294076
UTC=2024-01-03T12:42:02.000000
-2187763.398179 3082936.500267 6097957.721919
5472.623689 -3566.667428 3758.205826
UTC=2024-01-03T12:44:02.000000
-1519805.948124 2626501.550068 6500494.091184
5644.332649 -4031.292109 2942.093904
UTC=2024-01-03T12:46:02.000000
-836906.311969 2117825.702282 6802244.236583
5721.525523 -4435.964292 2080.603742
UTC=2024-01-03T12:48:02.000000
-150423.266628 1564582.730789 6998555.610159
5704.184576 -4772.856345 1187.044615
UTC=2024-01-03T12:50:02.000000
528376.452513 975324.099399 7086402.886125
5593.855756 -5035.189428 275.192771
UTC=2024-01-03T12:52:02.000000
1188503.035194 359345.757567 7064431.634623
5393.598096 -5217.352833 -640.912893
UTC=2024-01-03T12:54:02.000000
1819421.114840 -273458.500749 6932977.971642
5107.913664 -5315.010042 -1547.168587
UTC=2024-01-03T12:56:02.000000
2411217.872612 -912755.745588 6694064.269788
4742.659844 -5325.192494 -2429.608221
UTC=2024-01-03T12:58:02.000000
2954759.491590 -1547942.474585 6351370.383901
4304.944071 -5246.369304 -3274.606329
UTC=2024-01-03T13:00:02.000000
3441834.091106 -2168320.583618 5910180.669261
3803.002092 -5078.501934 -4069.081387
UTC=2024-01-03T13:02:02.000000
3865278.621533 -2763278.354711 5377306.473341
3246.053424 -4823.071001 -4800.697031
UTC=2024-01-03T13:04:02.000000
4219087.624128 -3322473.326611 4760985.309843
2644.144402 -4483.082976 -5458.051940
UTC=2024-01-03T13:06:02.000000
4498502.298195 -3836014.548913 4070757.312201
2007.976480 -4063.050624 -6030.867565
UTC=2024-01-03T13:08:02.000000
4700078.076528 -4294640.609584 3317319.863170
1348.720144 -3568.942624 -6510.162602
UTC=2024-01-03T13:10:02.000000
4821729.233235 -4689889.809272 2512362.253028
677.818414 -3008.102575 -6888.411633
UTC=2024-01-03T13:12:02.000000
4862749.177224 -5014258.686527 1668382.571985
6.778925 -2389.136654 -7159.679794
UTC=2024-01-03T13:14:02.000000
4823805.690605 -5261345.557230 798490.246441
-653.034543 -1721.776587 -7319.728656
UTC=2024-01-03T13:16:02.000000
4706911.154042 -5425975.910089 -83802.466392
-1290.609324 -1016.713565 -7366.092042
UTC=2024-01-03T13:18:02.000000
4515368.772438 -5504306.595249 -964795.939653
-1895.475805 -285.414093 -7298.119117
UTC=2024-01-03T13:20:02.000000
4253695.894578 -5493906.808840 -1830822.345165
-2457.899144 460.085693 -7116.988355
UTC=2024-01-03T13:22:02.000000
3927525.340536 -5393813.355900 -2668463.477256
-2969.048500 1207.398010 -6825.674014
UTC=2024-01-03T13:24:02.000000
3543488.020906 -5204559.571866 -3464762.988642
-3421.142901 1944.006275 -6428.886360
UTC=2024-01-03T13:26:02.000000
3109079.238248 -4928177.377151 -4207429.242792
-3807.574883 2657.486743 -5932.975452
UTC=2024-01-03T13:28:02.000000
2632511.865441 -4568173.098150 -4885025.089377
-4123.006049 3335.726115 -5345.810010
UTC=2024-01-03T13:30:02.000000
2122559.836759 -4129477.380637 -5487141.315849
-4363.431468 3967.132351 -4676.626393
UTC=2024-01-03T13:32:02.000000
1588395.977388 -3618371.229067 -6004550.881113
-4526.211300 4540.820576 -3935.863797
UTC=2024-01-03T13:34:02.000000
1039427.268160 -3042390.822514 -6429343.317102
-4610.083232 5046.784075 -3134.997082
UTC=2024-01-03T13:36:02.000000
485129.895635 -2410212.267500 -6755038.350717
-4615.152164 5476.056760 -2286.356735
UTC=2024-01-03T13:38:02.000000
-65112.804329 -1731517.855175 -6976677.145551
-4542.852289 5820.856605 -1402.937521
UTC=2024-01-03T13:40:02.000000
-602166.483938 -1016846.617876 -7090890.614577
-4395.888168 6074.704988 -498.209433
UTC=2024-01-03T13:42:02.000000
-1117294.087306 -277431.633637 -7095945.271050
-4178.164428 6232.528821 414.068908
UTC=2024-01-03T13:44:02.000000
-1602295.088471 474973.932033 -6991766.445044
-3894.703093 6290.745495 1320.040891
UTC=2024-01-03T13:46:02.000000
-2049633.628042 1228279.890563 -6779938.828801
-3551.541730 6247.331108 2205.937814
UTC=2024-01-03T13:48:02.000000
-2452553.654093 1970249.388836 -6463684.771893
-3155.620403 6101.871343 3058.264734
UTC=2024-01-03T13:50:02.000000
-2805180.272262 2688694.115522 -6047820.490972
-2714.664412 5855.594483 3863.983293
UTC=2024-01-03T13:52:02.000000
-3102606.170714 3371672.607056 -5538689.929593
-2237.052089 5511.386214 4610.700922
UTC=2024-01-03T13:54:02.000000
-3340961.756163 4007688.665639 -4944076.030205
-1731.676347 5073.778114 5286.858682
UTC=2024-01-03T13:56:02.000000
-3517467.836542 4585886.808386 -4273089.298277
-1207.790643 4548.907572 5881.920165
UTC=2024-01-03T13:58:02.000000
-3630468.996450 5096240.813934 -3536034.393268
-674.843005 3944.443020 6386.546482
UTC=2024-01-03T14:00:02.000000
-3679446.991930 5529731.578543 -2744257.116942
-142.311794 3269.483379 6792.748419
UTC=2024-01-03T14:02:02.000000
-3665014.712005 5878511.791972 -1909973.672118
380.457524 2534.436551 7094.032163
UTC=2024-01-03T14:04:02.000000
-3588889.865135 6136054.010148 -1046083.135102
884.425866 1750.862992 7285.530231
UTC=2024-01-03T14:06:02.000000
-3453847.992396 6297277.477711 -165966.009157
1361.027530 931.279112 7364.098002
UTC=2024-01-03T14:08:02.000000
-3263656.736794 6358650.665194 716726.461955
1802.318246 88.954168 7328.379094
UTC=2024-01-03T14:10:02.000000
-3022991.978293 6318267.994231 1588290.230250
2201.130481 -762.324148 7178.852700
UTC=2024-01-03T14:12:02.000000
-2737336.083804 6175896.701178 2435188.676321
2551.210151 -1608.506531 6917.824814
UTC=2024-01-03T14:14:02.000000
-2412861.786720 5932992.791594 3244269.161745
2847.320348 -2435.537749 6549.378042
UTC=2024-01-03T14:16:02.000000
-2056305.120918 5592686.968605 4002971.777851
3085.321109 -3229.601922 6079.293908
UTC=2024-01-03T14:18:02.000000
-1674830.110253 5159741.355026 4699527.370464
3262.226879 -3977.364212 5514.950657
UTC=2024-01-03T14:20:02.000000
-1275887.839591 4640477.774184 5323141.661689
3376.243573 -4666.202230 4865.194090
UTC=2024-01-03T14:22:02.000000
-867072.535208 4042679.048387 5864162.046153
3426.777487 -5284.421882 4140.178010
UTC=2024-01-03T14:24:02.000000
-455978.676217 3375465.953340 6314224.451383
3414.413782 -5821.449097 3351.195286
UTC=2024-01-03T14:26:02.000000
-50061.466616 2649152.134756 6666379.031318
3340.880231 -6268.002377 2510.491006
UTC=2024-01-03T14:28:02.000000
343496.913761 1875080.305334 6915193.003308
3208.988820 -6616.235016 1631.073368
UTC=2024-01-03T14:30:02.000000
717913.239115 1065442.045868 7056830.550654
3022.562759 -6859.865187 726.515448
UTC=2024-01-03T14:32:02.000000
1066919.199508 233083.937784 7089108.212325
2786.344534 -6994.271354 -189.249271
UTC=2024-01-03T14:34:02.000000
1384865.678119 -608696.330430 7011526.539967
2505.893556 -7016.569098 -1102.119908
UTC=2024-01-03T14:36:02.000000
1666814.089092 -1446362.467309 6825278.024335
2187.472785 -6925.673282 -1998.033709
UTC=2024-01-03T14:38:02.000000
1908613.486793 -2266357.445014 6533230.169990
1837.925494 -6722.327078 -2863.169461
UTC=2024-01-03T14:40:02.000000
2106962.444320 -3055323.777700 6139884.374763
1464.544447 -6409.111938 -3684.151321
UTC=2024-01-03T14:42:02.000000
2259454.701340 -3800323.109915 5651310.188577
1074.932552 -5990.425619 -4448.253016
UTC=2024-01-03T14:44:02.000000
2364607.753748 -4489051.226616 5075055.477589
676.858887 -5472.428160 -5143.593286
UTC=2024-01-03T14:46:02.000000
2421874.297824 -5110045.177160 4420033.981111
278.117876 -4862.966390 -5759.319606
UTC=2024-01-03T14:48:02.000000
2431636.702564 -5652879.828588 3696390.728062
-113.615904 -4171.469431 -6285.793033
UTC=2024-01-03T14:50:02.000000
2395183.398451 -6108349.482649 2915346.170054
-490.940570 -3408.805783 -6714.754558
UTC=2024-01-03T14:52:02.000000
2314667.618939 -6468630.424279 2089021.638370
-846.867052 -2587.107677 -7039.470751
UTC=2024-01-03T14:54:02.000000
2193049.991096 -6727420.586859 1230249.033278
-1174.948779 -1719.569534 -7254.848915
UTC=2024-01-03T14:56:02.000000
2034025.930491 -6880054.341964 352368.197086
-1469.405825 -820.232570 -7357.529712
UTC=2024-01-03T14:58:02.000000
1841938.962921 -6923589.920290 -530985.475504
-1725.232985 96.255323 -7345.956686
UTC=2024-01-03T15:00:02.000000
1621681.713315 -6856866.212848 -1406100.151832
-1938.299232 1014.912644 -7220.412531
UTC=2024-01-03T15:02:02.000000
1378586.287247 -6680526.070284 -2259407.119163
-2105.420428 1920.697182 -6982.993857
UTC=2024-01-03T15:04:02.000000
1118307.576782 -6397007.910558 -3077696.204607
-2224.406146 2798.771772 -6637.569501
UTC=2024-01-03T15:06:02.000000
846702.735707 -6010504.988123 -3848323.664239
-2294.077853 3634.766411 -6189.694627
UTC=2024-01-03T15:08:02.000000
569709.182091 -5526894.953187 -4559408.359054
-2314.275762 4415.017749 -5646.503972
UTC=2024-01-03T15:10:02.000000
293223.136605 -4953641.190718 -5200013.350372
-2285.841148 5126.795283 -5016.574728
UTC=2024-01-03T15:12:02.000000
22981.723536 -4299668.745025 -5760309.941456
-2210.576295 5758.500189 -4309.774113
UTC=2024-01-03T15:14:02.000000
-235549.106297 -3575217.527823 -6231722.580011
-2091.187420 6299.844256 -3537.090975
UTC=2024-01-03T15:16:02.000000
-477278.756927 -2791675.823265 -6607052.684792
-1931.210884 6741.998758 -2710.455808
UTC=2024-01-03T15:18:02.000000
-697586.581735 -1961397.473560 -6880580.617410
-1734.927488 7077.718089 -1842.555710
UTC=2024-01-03T15:20:02.000000
-892405.482500 -1097505.890448 -7048145.235490
-1507.265347 7301.435937 -946.647961
UTC=2024-01-03T15:22:02.000000
-1058293.339378 -213687.688830 -7107201.176705
-1253.694351 7409.343083 -36.372556
UTC=2024-01-03T15:24:02.000000
-1192491.324991 676021.418490 -7056853.081724
-980.113722 7399.435704 874.441571
UTC=2024-01-03T15:26:02.000000
-1292968.467445 1557455.077342 -6897867.330732
-692.735314 7271.544729 1771.958697
UTC=2024-01-03T15:28:02.000000
-1358451.948792 2416537.351796 -6632661.516721
-397.962900 7027.345090 2642.524639
UTC=2024-01-03T15:30:02.000000
-1388442.843701 3239503.600350 -6265271.899337
-102.270669 6670.348288 3472.847283
UTC=2024-01-03T15:32:02.000000
-1383217.169222 4013119.363987 -5801298.285692
187.921075 6205.870268 4250.191590
UTC=2024-01-03T15:34:02.000000
-1343811.887098 4724893.365727 -5247826.045164
466.370273 5640.970300 4962.563730
UTC=2024-01-03T15:36:02.000000
-1271996.318954 5363282.093904 -4613325.944224
727.133079 4984.368278 5598.899152
UTC=2024-01-03T15:38:02.000000
-1170229.163209 5917882.255046 -3907531.532499
964.683297 4246.325305 6149.245169
UTC=2024-01-03T15:40:02.000000
-1041601.494077 6379607.008913 -3141295.583371
1174.025563 3438.494252 6604.926762
UTC=2024-01-03T15:42:02.000000
-889766.762898 6740842.951698 -2326427.636219
1350.798779 2573.749039 6958.697723
UTC=2024-01-03T15:44:02.000000
-718859.023055 6995584.758699 -1475513.889223
1491.367977 1665.979656 7204.880562
UTC=2024-01-03T15:46:02.000000
-533400.995290 7139543.454900 -601722.261059
1592.902579 729.862983 7339.473275
UTC=2024-01-03T15:48:02.000000
-338203.492107 7170226.298841 281404.016631
1653.440433 -219.383906 7360.234706
UTC=2024-01-03T15:50:02.000000
-138258.484005 7086985.666881 1160161.389176
1671.929531 -1166.272581 7266.740428
UTC=2024-01-03T15:52:02.000000
61371.485297 6891034.564103 2020905.367386
1648.246874 -2095.328992 7060.397370
UTC=2024-01-03T15:54:02.000000
255664.852093 6585427.999224 2850268.678685
1583.196579 -2991.371463 6744.410381
UTC=2024-01-03T15:56:02.000000
439751.172852 6175012.242127 3635373.641287
1478.488180 -3839.770054 6323.722781
UTC=2024-01-03T15:58:02.000000
609017.790984 5666343.675879 4364035.897812
1336.701112 -4626.691280 5804.931829
UTC=2024-01-03T16:00:02.000000
759210.823795 5067578.509862 5024957.471414
1161.222812 -5339.351151 5196.190698
UTC=2024-01-03T16:02:02.000000
886527.365523 4388332.160861 5607903.148019
956.168713 -5966.239572 4507.027648
UTC=2024-01-03T16:04:02.000000
987697.968279 3639517.307475 6103855.733206
726.298778 -6497.273824 3748.190347
UTC=2024-01-03T16:06:02.000000
1060057.766588 2833162.628510 6505152.608527
476.910359 -6923.960617 2931.476081
UTC=2024-01-03T16:08:02.000000
1101604.189521 1982214.283137 6805600.278946
213.725584 -7239.519893 2069.541196
UTC=2024-01-03T16:10:02.000000
1111041.013424 1100324.226099 7000565.824171
-57.225394 -7438.982307 1175.704695
UTC=2024-01-03T16:12:02.000000
1087807.978779 201628.893617 7087044.069955
-329.727301 -7519.249133 263.743891
UTC=2024-01-03T16:14:02.000000
1032095.515151 -699477.515689 7063701.152978
-597.505181 -7479.129450 -652.295031
UTC=2024-01-03T16:16:02.000000
944844.239262 -1588573.803306 6930894.714408
-854.352058 -7319.364494 -1558.302272
UTC=2024-01-03T16:18:02.000000
827729.177786 -2451443.048743 6690669.041785
-1094.255633 -7042.613914 -2440.310147
UTC=2024-01-03T16:20:02.000000
683128.942722 -3274301.110583 6346725.737803
-1311.522574 -6653.422811 -3284.700568
UTC=2024-01-03T16:22:02.000000
514080.174609 -4044018.799167 5904368.909337
-1500.897372 -6158.145877 -4078.415678
UTC=2024-01-03T16:24:02.000000
324218.575218 -4748333.225573 5370426.738138
-1657.668699 -5564.850004 -4809.142524
UTC=2024-01-03T16:26:02.000000
117707.420314 -5376046.885341 4753151.138640
-1777.771603 -4883.205506 -5465.495970
UTC=2024-01-03T16:28:02.000000
-100845.917310 -5917212.426778 4062094.955282
-1857.884870 -4124.350860 -6037.211536
UTC=2024-01-03T16:30:02.000000
-326484.380708 -6363298.220107 3307966.442465
-1895.513704 -3300.710675 -6515.323941
UTC=2024-01-03T16:32:02.000000
-554004.360654 -6707330.672768 2502463.827384
-1889.052555 -2425.790733 -6892.323859
UTC=2024-01-03T16:34:02.000000
-778065.189239 -6944010.221209 1658092.463599
-1837.828558 -1513.947440 -7162.286740
UTC=2024-01-03T16:36:02.000000
-993303.012440 -7069799.560497 787967.985321
-1742.131839 -580.152825 -7320.984855
UTC=2024-01-03T16:38:02.000000
-1194446.938623 -7082981.195699 -94393.125820
-1603.219378 360.282345 -7365.974427
UTC=2024-01-03T16:40:02.000000
-1376433.856109 -6983681.330624 -975290.175010
-1423.291917 1291.986253 -7296.632346
UTC=2024-01-03T16:42:02.000000
-1534519.422645 -6773860.823694 -1841057.229693
-1205.453329 2199.797784 -7114.158730
UTC=2024-01-03T16:44:02.000000
-1664383.155666 -6457274.008659 -2678280.484632
-953.652950 3069.030070 -6821.548524
UTC=2024-01-03T16:46:02.000000
-1762225.477358 -6039396.338406 -3474010.451955
-672.608755 3885.726525 -6423.532531
UTC=2024-01-03T16:48:02.000000
-1824854.404006 -5527322.105433 -4215964.867395
-367.712037 4636.900912 -5926.481368
UTC=2024-01-03T16:50:02.000000
-1849759.873551 -4929635.058594 -4892718.044948
-44.917912 5310.747140 -5338.277423
UTC=2024-01-03T16:52:02.000000
-1835174.454290 -4256255.923201 -5493873.651724
289.371678 5896.815345 -4668.168843
UTC=2024-01-03T16:54:02.000000
-1780119.574075 -3518270.478558 -6010219.205022
628.432253 6386.160298 -3926.610799
UTC=2024-01-03T16:56:02.000000
-1684436.496716 -2727741.418153 -6433860.754666
965.346283 6771.463586 -3125.093812
UTC=2024-01-03T16:58:02.000000
-1548801.565056 -1897507.224372 -6758336.047895
1293.135121 7047.125986 -2275.957045
UTC=2024-01-03T17:00:02.000000
-1374725.781540 -1040972.143697 -6978704.988436
1604.887610 7209.324800 -1392.199598
UTC=2024-01-03T17:02:02.000000
-1164539.095284 -171890.727577 -7091617.606256
1893.887042 7256.047900 -487.292933
UTC=2024-01-03T17:04:02.000000
-921359.387290 695850.113315 -7095359.426823
2153.738896 7187.100367 425.006844
UTC=2024-01-03T17:06:02.000000
-649046.468332 1548448.632043 -6989874.609200
2378.491584 7004.093606 1330.843553
UTC=2024-01-03T17:08:02.000000
-352142.107390 2372403.277105 -6776766.603368
2562.749120 6710.412009 2216.448449
UTC=2024-01-03T17:10:02.000000
-35796.664140 3154722.723697 -6459276.877688
2701.782966 6311.166092 3068.321342
UTC=2024-01-03T17:12:02.000000
294317.509147 3883129.169442 -6042241.086303
2791.638234 5813.122589 3873.425940
UTC=2024-01-03T17:14:02.000000
632104.439377 4546251.118046 -5532021.802467
2829.223227 5224.601519 4619.379592
UTC=2024-01-03T17:16:02.000000
971152.960001 5133803.072502 -4936419.318381
2812.388946 4555.362380 5294.634010
UTC=2024-01-03T17:18:02.000000
1304854.053217 5636750.199460 -4264560.275250
2739.996735 3816.463576 5888.662509
UTC=2024-01-03T17:20:02.000000
1626525.201407 6047454.087611 -3526764.359227
2611.966513 3020.090022 6392.135172
UTC=2024-01-03T17:22:02.000000
1929539.317217 6359796.716600 -2734391.026878
2429.305472 2179.363536 6797.078244
UTC=2024-01-03T17:24:02.000000
2207455.959977 6569280.456386 -1899667.724661
2194.116718 1308.131461 7097.022248
UTC=2024-01-03T17:26:02.000000
2454152.166207 6673101.219884 -1035501.461345
1909.583605 420.731117 7287.129668
UTC=2024-01-03T17:28:02.000000
2663949.820388 6670192.202455 -155276.812746
1579.927913 -468.263028 7364.291695
UTC=2024-01-03T17:30:02.000000
2831736.568086 6561236.826378 727355.540379
1210.344435 -1344.298081 7327.189297
UTC=2024-01-03T17:32:02.000000
2953077.570651 6348650.757813 1598695.571733
806.914133 -2193.098493 7176.321368
UTC=2024-01-03T17:34:02.000000
3024315.619115 6036533.455321 2445212.204407
376.497263 -3000.917935 6914.001208
UTC=2024-01-03T17:36:02.000000
3042657.423618 5630590.050771 3253759.107555
-73.389596 -3754.780897 6544.319167
UTC=2024-01-03T17:38:02.000000
3006244.204498 5138025.029996 4011783.989437
-534.711902 -4442.708935 6073.070460
UTC=2024-01-03T17:40:02.000000
2914204.897917 4567410.365049 4707527.454788
-999.069622 -5053.922115 5507.656787
UTC=2024-01-03T17:42:02.000000
2766689.863275 3928530.124538 5330208.049563
-1457.866667 -5579.025764 4856.947173
UTC=2024-01-03T17:44:02.000000
2564885.006232 3232205.828877 5870188.113767
-1902.464632 -6010.142300 4131.108762
UTC=2024-01-03T17:46:02.000000
2311007.825943 2490108.053060 6319119.797348
-2324.334809 -6341.013859 3341.443642
UTC=2024-01-03T17:48:02.000000
2008284.699989 1714556.751287 6670070.931454
-2715.217964 -6567.087924 2500.212279
UTC=2024-01-03T17:50:02.000000
1660909.191379 918313.025396 6917628.014547
-3067.278125 -6685.569131 1620.431133
UTC=2024-01-03T17:52:02.000000
1273982.657087 114367.347542 7057974.850562
-3373.243866 -6695.429376 715.673744
UTC=2024-01-03T17:54:02.000000
853438.503627 -684272.270631 7088948.203911
-3626.541287 -6597.404125 -200.116152
UTC=2024-01-03T17:56:02.000000
405950.632155 -1464791.137832 7010069.984586
-3821.423195 -6393.972629 -1112.832171
UTC=2024-01-03T17:58:02.000000
-61172.889834 -2214773.976276 6822554.252780
-3953.085763 -6089.301889 -2008.412286
UTC=2024-01-03T18:00:02.000000
-540109.308063 -2922403.191109 6529289.422357
-4017.769745 -5689.171248 -2873.048219
UTC=2024-01-03T18:02:02.000000
-1022651.457293 -3576646.183017 6134795.274867
-4012.839228 -5200.864480 -3693.390652
UTC=2024-01-03T18:04:02.000000
-1500346.728795 -4167428.645736 5645156.801915
-3936.850919 -4633.049084 -4456.732288
UTC=2024-01-03T18:06:02.000000
-1964644.150247 -4685792.999878 5067935.995898
-3789.617729 -3995.646304 -5151.196516
UTC=2024-01-03T18:08:02.000000
-2407047.764750 -5124039.817338 4412060.286832
-3572.247718 -3299.675535 -5765.935255
UTC=2024-01-03T18:10:02.000000
-2819272.891017 -5475848.742516 3687687.573697
-3287.152761 -2557.068465 -6291.319355
UTC=2024-01-03T18:12:02.000000
-3193401.513989 -5736375.462459 2906049.588448
-2938.026327 -1780.457897 -6719.105675
UTC=2024-01-03T18:14:02.000000
-3522033.597824 -5902322.796205 2079277.044031
-2529.798704 -982.959839 -7042.576174
UTC=2024-01-03T18:16:02.000000
-3798431.679914 -5971985.160884 1220209.139976
-2068.568882 -177.945732 -7256.658973
UTC=2024-01-03T18:18:02.000000
-4016655.644444 -5945264.953128 342190.119164
-1561.508856 621.196196 -7358.021157
UTC=2024-01-03T18:20:02.000000
-4171684.537290 -5823660.254858 -541143.349282
-1016.744228 1401.298954 -7345.129811
UTC=2024-01-03T18:22:02.000000
-4259522.659142 -5610224.013216 -1416080.342885
-443.211253 2149.654534 -7218.281964
UTC=2024-01-03T18:24:02.000000
-4277287.244402 -5309495.037539 -2269055.043957
149.505782 2854.243384 -6979.593902
UTC=2024-01-03T18:26:02.000000
-4223275.762663 -4927402.562037 -3086862.501740
751.351018 3503.944416 -6632.952746
UTC=2024-01-03T18:28:02.000000
-4097011.410888 -4471147.076650 -3856866.455464
1351.982704 4088.719371 -6183.933001
UTC=2024-01-03T18:30:02.000000
-3899266.226273 -3949060.806644 -4567195.354430
1940.959386 4599.767578 -5639.684830
UTC=2024-01-03T18:32:02.000000
-3632061.999841 -3370451.311904 -5206923.696790
2507.923942 5029.653394 -5008.801690
UTC=2024-01-03T18:34:02.000000
-3298649.219076 -2745431.375720 -5766236.124056
3042.784630 5372.405712 -4301.164988
UTC=2024-01-03T18:36:02.000000
-2903464.867318 -2084739.011886 -6236571.937106
3535.885922 5623.583782 -3527.775971
UTC=2024-01-03T18:38:02.000000
-2452070.186622 -1399551.115623 -6610749.065432
3978.172717 5780.318555 -2700.579737
UTC=2024-01-03T18:40:02.000000
-1951069.241959 -701293.770511 -6883065.940717
4361.343533 5841.325383 -1832.273778
UTC=2024-01-03T18:42:02.000000
-1408010.308598 -1452.869571 -7049380.156493
4677.983612 5806.886956 -936.115056
UTC=2024-01-03T18:44:02.000000
-831272.255700 688611.743046 -7107164.601093
4921.684222 5678.814141 -25.739021
UTC=2024-01-03T18:46:02.000000
-229936.823376 1357846.890613 -7055541.968915
5087.157062 5460.397139 885.025723
UTC=2024-01-03T18:48:02.000000
386351.595900 1995679.333687 -6895296.550614
5170.327598 5156.331560 1782.342972
UTC=2024-01-03T18:50:02.000000
1007537.164671 2592179.790412 -6628864.577742
5168.428253 4772.639866 2652.549708
UTC=2024-01-03T18:52:02.000000
1623314.079105 3138216.245725 -6260301.379428
5080.069161 4316.568616 3482.356241
UTC=2024-01-03T18:54:02.000000
2223294.865726 3625593.762159 -5795225.188206
4905.286315 3796.467189 4259.034886
UTC=2024-01-03T18:56:02.000000
2797183.618042 4047178.722095 -5240738.657491
4645.573159 3221.652071 4970.603220
UTC=2024-01-03T18:58:02.000000
3334951.753135 4397006.425618 -4605328.463734
4303.891904 2602.263099 5606.007425
UTC=2024-01-03T19:00:02.000000
3827013.772020 4670370.198212 -3898742.907748
3884.660492 1949.098450 6155.303415
UTC=2024-01-03T19:02:02.000000
4264399.869915 4863889.701415 -3131848.460252
3393.713904 1273.434330 6609.827196
UTC=2024-01-03T19:04:02.000000
4638921.962745 4975556.675426 -2316466.384730
2838.230246 586.829049 6962.353038
UTC=2024-01-03T19:06:02.000000
4943329.043740 5004756.910699 -1465192.254160
2226.631980 -99.074498 7207.222251
UTC=2024-01-03T19:08:02.000000
5171449.415190 4952268.057704 -591200.626906
1568.460016 -772.757645 7340.460784
UTC=2024-01-03T19:10:02.000000
5318315.271198 4820231.999300 291962.235713
874.209610 -1423.035367 7359.857101
UTC=2024-01-03T19:12:02.000000
5380266.734130 4612102.976297 1170592.687747
155.154272 -2039.251989 7265.004551
UTC=2024-01-03T19:14:02.000000
5355034.113464 4332572.623670 2031047.570051
-576.843049 -2611.471182 7057.318629
UTC=2024-01-03T19:16:02.000000
5241796.028492 3987472.640449 2859962.433968
-1309.544914 -3130.657014 6740.022887
UTC=2024-01-03T19:18:02.000000
5041210.587838 3583656.998362 3644465.282668
-2030.568021 -3588.831099 6318.087945
UTC=2024-01-03T19:20:02.000000
4755419.504162 3128866.988157 4372380.910186
-2727.605934 -3979.203227 5798.138136
UTC=2024-01-03T19:22:02.000000
4388025.871135 2631582.083849 5032422.104091
-3388.643059 -4296.274217 5188.327238
UTC=2024-01-03T19:24:02.000000
3944046.478639 2100860.598797 5614365.380244
-4002.171146 -4535.906669 4498.205216
UTC=2024-01-03T19:26:02.000000
3429838.219291 1546172.973063 6109208.426471
-4557.393427 -4695.374778 3738.544659
UTC=2024-01-03T19:28:02.000000
2853002.012912 977230.885824 6509305.904004
-5044.401916 -4773.384262 2921.157453
UTC=2024-01-03T19:30:02.000000
2222266.198600 403816.090836 6808482.701361
-5454.339382 -4770.056323 2058.704724
UTC=2024-01-03T19:32:02.000000
1547351.613858 -164387.450236 7002124.875635
-5779.545072 -4686.893456 1164.513714
UTC=2024-01-03T19:34:02.000000
838819.704604 -717956.813862 7087247.944358
-6013.690901 -4526.734669 252.379854
UTC=2024-01-03T19:36:02.000000
107905.602147 -1247886.541986 7062540.357766
-6151.892956 -4293.684433 -663.644243
UTC=2024-01-03T19:38:02.000000
-633660.710357 -1745735.175123 6928382.170488
-6190.801226 -3993.022299 -1569.452414
UTC=2024-01-03T19:40:02.000000
-1373842.790617 -2203760.055924 6686838.904567
-6128.666586 -3631.095539 -2451.094238
UTC=2024-01-03T19:42:02.000000
-2100492.349147 -2615037.994025 6341630.888055
-5965.379206 -3215.193233 -3294.970417
UTC=2024-01-03T19:44:02.000000
-2801547.890672 -2973570.717201 5898080.195131
-5702.500749 -2753.420835 -4088.016501
UTC=2024-01-03T19:46:02.000000
-3465236.731774 -3274374.883504 5363034.320640
-5343.282757 -2254.562840 -4817.909609
UTC=2024-01-03T19:48:02.000000
-4080276.461111 -3513553.961374 4744764.427499
-4892.635830 -1727.920530 -5473.276993
UTC=2024-01-03T19:50:02.000000
-4636070.419992 -3688350.213684 4052840.267605
-4357.066548 -1183.144131 -6043.877133
UTC=2024-01-03T19:52:02.000000
-5122894.305742 -3797176.237453 3297984.295981
-3744.590926 -630.059945 -6520.766079
UTC=2024-01-03T19:54:02.000000
-5532070.909620 -3839625.679168 2491906.747451
-3064.623965 -78.496825 -6896.449841
UTC=2024-01-03T19:56:02.000000
-5856129.722516 -3816462.886453 1647122.879593
-2327.834564 461.893019 -7165.026756
UTC=2024-01-03T19:58:02.000000
-6088946.889974 -3729590.746389 776755.023382
-1545.966520 981.815806 -7322.295532
UTC=2024-01-03T20:00:02.000000
-6225862.404313 -3581997.269867 -105676.238131
-731.638347 1472.507113 -7365.829930
UTC=2024-01-03T20:02:02.000000
-6263772.062111 -3377682.493598 -986468.160453
101.876873 1925.890065 -7295.025719
UTC=2024-01-03T20:04:02.000000
-6201191.619927 -3121566.892344 -1851955.620240
940.895180 2334.724211 -7111.111638
UTC=2024-01-03T20:06:02.000000
-6038291.005146 -2819383.241604 -2688729.181496
1771.571455 2692.729742 -6817.111120
UTC=2024-01-03T20:08:02.000000
-5776899.166174 -2477555.277382 -3483846.782663
2580.141157 2994.685132 -6417.777536
UTC=2024-01-03T20:10:02.000000
-5420479.821508 -2103065.869688 -4225035.968960
3353.161895 3236.503558 -5919.498922
UTC=2024-01-03T20:12:02.000000
-4974078.991316 -1703317.645584 -4900882.907781
4077.741206 3415.281810 -5330.175723
UTC=2024-01-03T20:14:02.000000
-4444245.958298 -1285989.224316 -5501005.584497
4741.752160 3529.325783 -4659.078724
UTC=2024-01-03T20:16:02.000000
-3838929.244322 -858889.765826 -6016208.467819
5334.031785 3578.151625 -3916.682684
UTC=2024-01-03T20:18:02.000000
-3167350.384786 -429815.015831 -6438616.401944
5844.552995 3562.460959 -3114.489093
UTC=2024-01-03T20:20:02.000000
-2439858.396432 -6407.587571 -6761786.895129
6264.574903 3484.094833 -2264.843575
UTC=2024-01-03T20:22:02.000000
-1667767.368869 403975.983173 -6980800.238063
6586.773364 3345.967848 -1380.748184
UTC=2024-01-03T20:24:02.000000
-863180.103989 794389.492505 -7092326.945751
6805.342675 3151.991204 -475.674321
UTC=2024-01-03T20:26:02.000000
-38800.546383 1158411.648263 -7094672.948272
6916.082080 2906.985646 436.624292
UTC=2024-01-03T20:28:02.000000
792262.842935 1490248.958882 -6987802.534111
6916.460870 2616.576397 1342.289905
UTC=2024-01-03T20:30:02.000000
1616701.398089 1784826.116044 -6773340.139890
6805.681522 2287.089740 2227.545719
UTC=2024-01-03T20:32:02.000000
2421216.213895 2037863.105727 -6454548.444683
6584.706633 1925.433472 3078.895299
UTC=2024-01-03T20:34:02.000000
3192730.044368 2245937.396553 -6036283.394710
6256.266165 1538.968994 3883.313435
UTC=2024-01-03T20:36:02.000000
3918598.120607 2406530.334472 -5524926.428801
5824.833620 1135.377478 4628.429185
UTC=2024-01-03T20:38:02.000000
4586815.601987 2518057.549134 -4928295.263298
5296.593262 722.526320 5302.707366
UTC=2024-01-03T20:40:02.000000
5186219.219295 2579882.845616 -4255532.163817
4679.372207 308.326664 5895.637968
UTC=2024-01-03T20:42:02.000000
5706678.439910 2592314.734387 -3516970.317126
3982.535907 -99.411526 6397.909417
UTC=2024-01-03T20:44:02.000000
6139272.671288 2556585.713851 -2723980.629727
3216.862662 -493.121749 6801.563356
UTC=2024-01-03T20:46:02.000000
6476452.007344 2474814.597772 -1888799.994754
2394.388008 -865.622393 7100.149632
UTC=2024-01-03T20:48:02.000000
6712176.397437 2349951.926240 -1024342.512283
1528.206933 -1210.255030 7288.848667
UTC=2024-01-03T20:50:02.000000
6842030.303782 2185709.478119 -143997.883058
632.261460 -1521.011268 7364.568683
UTC=2024-01-03T20:52:02.000000
6863309.650938 1986475.061297 738580.490316
-278.909684 -1792.650146 7326.011878
UTC=2024-01-03T20:54:02.000000
6775078.387165 1757214.671000 1609692.026344
-1190.417506 -2020.789774 7173.692789
UTC=2024-01-03T20:56:02.000000
6578195.432491 1503364.490716 2455807.427440
-2087.282173 -2201.988508 6909.949711
UTC=2024-01-03T20:58:02.000000
6275308.688639 1230714.077516 3263785.399368
-2954.711082 -2333.805502 6538.899779
UTC=2024-01-03T21:00:02.000000
5870816.955550 945284.149207 4021081.873183
-3778.359230 -2414.833091 6066.365481
UTC=2024-01-03T21:02:02.000000
5370800.583720 653201.583069 4715948.396289
-4544.585299 -2444.708739 5499.762140
UTC=2024-01-03T21:04:02.000000
4782923.497410 360574.787478 5337615.384594
-5240.674427 -2424.099497 4847.967629
UTC=2024-01-03T21:06:02.000000
4116308.720623 73371.598715 5876459.112734
-5855.058335 -2354.674406 4121.172848
UTC=2024-01-03T21:08:02.000000
3381389.012872 -202697.803620 6324148.417176
-6377.503895 -2239.046720 3330.698484
UTC=2024-01-03T21:10:02.000000
2589737.388827 -462289.838223 6673769.284806
-6799.263430 -2080.700923 2488.812924
UTC=2024-01-03T21:12:02.000000
1753880.708902 -700527.319163 6919927.533018
-7113.207980 -1883.910712 1608.546704
UTC=2024-01-03T21:14:02.000000
887098.275265 -913088.572422 7058828.599312
-7313.943062 -1653.643967 703.494764
UTC=2024-01-03T21:16:02.000000
3208.428694 -1096284.273552 7088332.606734
-7397.889222 -1395.452898 -212.393885
UTC=2024-01-03T21:18:02.000000
-883652.532562 -1247120.665904 7007984.686939
-7363.333567 -1115.358298 -1125.018720
UTC=2024-01-03T21:20:02.000000
-1759256.279154 -1363348.471234 6819020.953449
-7210.457460 -819.725930 -2020.330916
UTC=2024-01-03T21:22:02.000000
-2609510.054246 -1443496.467464 6524350.328117
-6941.337345 -515.135833 -2884.531042
UTC=2024-01-03T21:24:02.000000
-3420683.332834 -1486889.461874 6128513.288834
-6559.931387 -208.254108 -3704.258210
UTC=2024-01-03T21:26:02.000000
-4179632.001431 -1493651.036398 5637617.006877
-6072.044852 94.293761 -4466.797409
UTC=2024-01-03T21:28:02.000000
-4874015.611453 -1464690.889731 5059245.454438
-5485.251700 386.053516 -5160.282796
UTC=2024-01-03T21:30:02.000000
-5492503.526861 -1401676.366951 4402345.876893
-4808.787203 660.873269 -5773.890468
UTC=2024-01-03T21:32:02.000000
-6024966.044468 -1306988.600831 3677092.828845
-4053.405466 913.028813 -6298.016931
UTC=2024-01-03T21:34:02.000000
-6462646.844737 -1183664.128708 2894732.183127
-3231.213076 1137.339070 -6724.434794
UTC=2024-01-03T21:36:02.000000
-6798314.521236 -1035323.365077 2067407.292711
-2355.485680 1329.270652 -7046.437799
UTC=2024-01-03T21:38:02.000000
-7026389.854888 -866087.067336 1207968.064363
-1440.442487 1485.032282 -7258.975266
UTC=2024-01-03T21:40:02.000000
-7143043.858138 -680482.448599 329766.452360
-500.992030 1601.652524 -7358.742423
UTC=2024-01-03T21:42:02.000000
-7146264.859953 -483341.043091 -553556.815813
447.530360 1677.038979 -7344.238262
UTC=2024-01-03T21:44:02.000000
-7035893.332395 -279690.633958 -1428290.574895
1389.638090 1710.018187 -7215.790580
UTC=2024-01-03T21:46:02.000000
-6813623.285230 -74643.747479 -2280871.940582
2309.969247 1700.351723 -6975.536684
UTC=2024-01-03T21:48:02.000000
-6482971.763418 126714.435209 -3098101.140256
3193.546286 1648.732149 -6627.383603
UTC=2024-01-03T21:50:02.000000
-6049216.389297 319436.842345 -3867350.048333
4026.048042 1556.763359 -6176.934177
UTC=2024-01-03T21:52:02.000000
-5519301.619327 498821.416443 -4576758.733907
4794.052436 1426.915791 -5631.367728
UTC=2024-01-03T21:54:02.000000
-4901717.728605 660511.501620 -5215416.717932
5485.252313 1262.464245 -4999.304443
UTC=2024-01-03T21:56:02.000000
-4206355.312714 800587.898926 -5773526.582523
6088.644931 1067.410397 -4290.647915
UTC=2024-01-03T21:58:02.000000
-3444338.893576 915650.595951 -6242547.948750
6594.692194 846.389210 -3516.415621
UTC=2024-01-03T22:00:02.000000
-2627843.055854 1002888.710795 -6615320.251334
6995.449261 604.567309 -2688.556756
UTC=2024-01-03T22:02:02.000000
-1769895.013742 1060138.034917 -6886163.884468
7284.667072 347.537892 -1819.774203
UTC=2024-01-03T22:04:02.000000
-884165.919992 1085925.453391 -7050959.104684
7457.871645 81.206079 -923.330218
UTC=2024-01-03T22:06:02.000000
15244.988177 1079499.237299 -7107201.818452
7512.407827 -188.329674 -12.859938
UTC=2024-01-03T22:08:02.000000
914030.389925 1040845.183440 -7054037.785341
7447.467630 -454.895664 897.802499
UTC=2024-01-03T22:10:02.000000
1797898.242478 970688.428000 -6892275.563891
7264.114664 -712.363567 1794.812588
UTC=2024-01-03T22:12:02.000000
2652795.664437 870480.698399 -6624375.627073
6965.266501 -954.771632 2664.513828
UTC=2024-01-03T22:14:02.000000
3465129.474401 742373.296227 -6254416.449178
6555.658478 -1176.441660 3493.628628
UTC=2024-01-03T22:16:02.000000
4221980.569677 589175.994931 -5788037.779196
6041.778028 -1372.096374 4269.442821
UTC=2024-01-03T22:18:02.000000
4911309.611351 414302.319265 -5232362.195545
5431.785480 -1536.967712 4979.987561
UTC=2024-01-03T22:20:02.000000
5522151.880374 221702.294789 -4595894.470723
4735.410480 -1666.898952 5614.226812
UTC=2024-01-03T22:22:02.000000
6044797.438524 15783.221254 -3888398.557292
3963.810398 -1758.440292 6162.238835
UTC=2024-01-03T22:24:02.000000
6470952.719216 -198680.176147 -3120753.892655
3129.404991 -1808.930369 6615.380112
UTC=2024-01-03T22:26:02.000000
6793881.112049 -416644.655408 -2304792.677470
2245.689996 -1816.565515 6966.440375
UTC=2024-01-03T22:28:02.000000
7008519.107711 -632904.616245 -1453119.136393
1327.015165 -1780.449944 7209.783467
UTC=2024-01-03T22:30:02.000000
7111564.289607 -842203.041740 -578913.871464
388.340650 -1700.626164 7341.454663
UTC=2024-01-03T22:32:02.000000
7101533.366450 -1039345.041524 304272.923841
-555.018471 -1578.087525 7359.260144
UTC=2024-01-03T22:34:02.000000
6978788.682786 -1219311.638259 1182736.265141
-1487.663134 -1414.769161 7262.818914
UTC=2024-01-03T22:36:02.000000
6745531.856217 -1377371.176040 2042834.915723
-2394.382400 -1213.517825 7053.574656
UTC=2024-01-03T22:38:02.000000
6405764.733577 -1509185.696970 2871209.807094
-3260.430248 -978.037139 6734.779045
UTC=2024-01-03T22:40:02.000000
5965217.529269 -1610909.478503 3654997.341787
-4071.787128 -712.814568 6311.425034
UTC=2024-01-03T22:42:02.000000
5431247.180492 -1679278.167913 4382033.192781
-4815.399740 -423.036078 5790.156557
UTC=2024-01-03T22:44:02.000000
4812707.906916 -1711686.363029 5041043.419152
-5479.400298 -114.478975 5179.147004
UTC=2024-01-03T22:46:02.000000
4119797.453838 -1706251.536688 5621819.641883
-6053.293755 206.605995 4487.957725
UTC=2024-01-03T22:48:02.000000
3363882.133653 -1661863.619826 6115376.198098
-6528.124816 533.616227 3727.376153
UTC=2024-01-03T22:50:02.000000
2557303.789376 -1578219.487887 6514086.177918
-6896.607532 859.727294 2909.229739
UTC=2024-01-03T22:52:02.000000
1713173.528226 -1455841.689010 6811795.186860
-7153.221680 1178.024478 2046.201653
UTC=2024-01-03T22:54:02.000000
845155.018453 -1296081.160307 7003912.391020
-7294.287742 1481.639099 1151.634013
UTC=2024-01-03T22:56:02.000000
-32759.063328 -1101103.520656 7087477.257363
-7318.005257 1763.883781 239.322399
UTC=2024-01-03T22:58:02.000000
-906473.300229 -873859.514327 7061201.819239
-7224.461803 2018.381527 -676.686020
UTC=2024-01-03T23:00:02.000000
-1762015.485655 -618040.190908 6925488.942461
-7015.619382 2239.192073 -1582.291168
UTC=2024-01-03T23:02:02.000000
-2585759.591966 -338017.059270 6682426.634049
-6695.277439 2420.934083 -2463.540413
UTC=2024-01-03T23:04:02.000000
-3364643.003264 -38768.155845 6335758.482443
-6269.015521 2558.898366 -3306.826954
UTC=2024-01-03T23:06:02.000000
-4086375.545923 274208.928027 5890830.007384
-5744.112430 2649.151244 -4099.092645
UTC=2024-01-03T23:08:02.000000
-4739637.107824 594995.812900 5354510.594183
-5129.435903 2688.627548 -4828.031111
UTC=2024-01-03T23:10:02.000000
-5314260.284034 917362.415465 4735091.605900
-4435.305415 2675.209635 -5482.280917
UTC=2024-01-03T23:12:02.000000
-5801395.009741 1234884.703369 4042161.566952
-3673.326527 2607.791458 -6051.614282
UTC=2024-01-03T23:14:02.000000
-6193651.533273 1541068.878560 3286459.828657
-2856.199337 2486.322206 -6527.105079
UTC=2024-01-03T23:16:02.000000
-6485219.487409 1829479.657688 2479710.967354
-1997.509989 2311.829645 -6901.283468
UTC=2024-01-03T23:18:02.000000
-6671960.600499 2093869.918264 1634441.761145
-1111.501112 2086.420680 -7168.269725
UTC=2024-01-03T23:20:02.000000
-6751472.802766 2328309.248143 763783.355743
-212.823083 1813.261140 -7323.887401
UTC=2024-01-03T23:22:02.000000
-6723123.216478 2527308.318038 -118738.174943
683.732049 1496.526141 -7365.739967
UTC=2024-01-03T23:24:02.000000
-6588049.343743 2685935.886509 -999418.138001
1563.494141 1141.328580 -7293.250963
UTC=2024-01-03T23:26:02.000000
-6349128.717738 2799926.122768 -1864592.286623
2412.175017 753.629436 -7107.669329
UTC=2024-01-03T23:28:02.000000
-6010917.868896 2865774.112320 -2700854.808589
3216.122109 340.129649 -6812.046369
UTC=2024-01-03T23:30:02.000000
-5579561.205164 2880817.009937 -3495271.018960
3962.560746 -91.860190 -6411.168160
UTC=2024-01-03T23:32:02.000000
-5062672.794876 2843298.854653 -4235579.771410
4639.804279 -534.559491 -5911.455467
UTC=2024-01-03T23:34:02.000000
-4469194.467345 2752418.325063 -4910382.315690
5237.438281 -979.863233 -5320.837781
UTC=2024-01-03T23:36:02.000000
-3809233.608706 2608358.615222 -5509314.581839
5746.473705 -1419.492733 -4648.603494
UTC=2024-01-03T23:38:02.000000
-3093884.837979 2412299.372648 -6023200.471691
6159.462118 -1845.143779 -3905.236684
UTC=2024-01-03T23:40:02.000000
-2335039.474375 2166410.847242 -6444185.549948
6470.588234 -2248.635561 -3102.252036
UTC=2024-01-03T23:42:02.000000
-1545184.969407 1873830.092761 -6765849.613808
6675.739092 -2622.059599 -2252.005436
UTC=2024-01-03T23:44:02.000000
-737198.890558 1538619.948063 -6983296.083979
6772.528119 -2957.916759 -1367.505128
UTC=2024-01-03T23:46:02.000000
75858.927147 1165711.953639 -7093219.339011
6760.302923 -3249.248865 -462.226968
UTC=2024-01-03T23:48:02.000000
880953.612689 760834.138642 -7093949.910316
6640.129724 -3489.759270 450.063997
UTC=2024-01-03T23:50:02.000000
1665280.537981 330424.324244 -6985478.192102
6414.772976 -3673.934650 1355.503005
UTC=2024-01-03T23:52:02.000000
2416465.737091 -118470.603481 -6769454.299758
6088.633741 -3797.153587 2240.323389
UTC=2024-01-03T23:54:02.000000
3122758.002666 -578307.444667 -6449165.388840
5667.677634 -3855.781129 3091.039596
UTC=2024-01-03T23:56:02.000000
3773211.246895 -1041170.364693 -6029490.262726
5159.338740 -3847.253990 3894.640663
UTC=2024-01-03T23:58:02.000000
4357853.989714 -1498903.751246 -5516831.752436
4572.408262 -3770.150953 4638.766846
