UTC=2024-01-24T00:00:02.000000
5527638.449718 -3666922.036225 2749021.115097
-3290.195979 150.428859 6789.547757
UTC=2024-01-24T00:02:02.000000
5091574.929995 -3616964.464370 3540312.803819
-3966.615229 683.093092 6381.560955
UTC=2024-01-24T00:04:02.000000
4578474.797405 -3502954.370230 4276632.741898
-4572.477279 1216.384575 5874.551054
UTC=2024-01-24T00:06:02.000000
3997376.521239 -3325389.932026 4946560.316769
-5098.484279 1740.732268 5276.469706
UTC=2024-01-24T00:08:02.000000
3358349.050575 -3085919.027128 5539715.542972
-5536.780873 2246.576117 4596.681713
UTC=2024-01-24T00:10:02.000000
2672311.966211 -2787327.180104 6046918.726155
-5881.060616 2724.543743 3845.799361
UTC=2024-01-24T00:12:02.000000
1950844.424946 -2433504.993135 6460329.795647
-6126.648386 3165.616792 3035.506458
UTC=2024-01-24T00:14:02.000000
1205986.054271 -2029395.997265 6773565.587594
-6270.550612 3561.290861 2178.369225
UTC=2024-01-24T00:16:02.000000
450033.540856 -1580925.717597 6981794.115311
-6311.477806 3903.728411 1287.640837
UTC=2024-01-24T00:18:02.000000
-304663.663532 -1094913.072273 7081804.954076
-6249.836645 4185.899794 377.060929
UTC=2024-01-24T00:20:02.000000
-1045905.213672 -578965.522423 7072055.564154
-6087.698391 4401.712349 -539.345396
UTC=2024-01-24T00:22:02.000000
-1761836.731204 -41359.572219 6952693.595435
-5828.747814 4546.126736 -1447.467220
UTC=2024-01-24T00:24:02.000000
-2441139.267002 509092.002368 6725554.979512
-5478.210021 4615.260189 -2333.311071
UTC=2024-01-24T00:26:02.000000
-3073208.762493 1063184.301239 6394137.673607
-5042.757381 4606.472998 -3183.203797
UTC=2024-01-24T00:28:02.000000
-3648323.101229 1611473.778022 5963551.211304
-4530.396514 4518.437602 -3983.991884
UTC=2024-01-24T00:30:02.000000
-4157794.625082 2144439.013530 5440442.439085
-3950.338288 4351.190991 -4723.240037
UTC=2024-01-24T00:32:02.000000
-4594105.744397 2652646.662646 4832897.447056
-3312.845740 4106.167174 -5389.429033
UTC=2024-01-24T00:34:02.000000
-4951024.922723 3126919.550969 4150320.015378
-2629.059084 3786.199666 -5972.146914
UTC=2024-01-24T00:36:02.000000
-5223700.561181 3558503.503414 3403288.297121
-1910.804395 3395.499566 -6462.259891
UTC=2024-01-24T00:38:02.000000
-5408731.238711 3939230.176483 2603391.930485
-1170.390316 2939.609762 -6852.068138
UTC=2024-01-24T00:40:02.000000
-5504210.895233 4261672.756778 1763051.422704
-420.394166 2425.331211 -7135.445717
UTC=2024-01-24T00:42:02.000000
-5509747.572608 4519290.867771 895321.945087
326.565193 1860.616262 -7307.957563
UTC=2024-01-24T00:44:02.000000
-5426454.445293 4706560.701189 13685.361274
1058.058083 1254.431334 -7366.936234
UTC=2024-01-24T00:46:02.000000
-5256914.065661 4819087.894611 -868164.898521
1762.061016 616.607266 -7311.529815
UTC=2024-01-24T00:48:02.000000
-5005116.375076 4853701.081272 -1736543.320779
2427.177488 -42.334515 -7142.721735
UTC=2024-01-24T00:50:02.000000
-4676370.868871 4808523.096912 -2577991.390230
3042.842764 -711.379414 -6863.303782
UTC=2024-01-24T00:52:02.000000
-4277195.888874 4683017.992334 -3379491.137661
3599.502664 -1379.222207 -6477.813576
UTC=2024-01-24T00:54:02.000000
-3815187.670796 4478013.641519 -4128669.177922
4088.769547 -2034.471803 -5992.437426
UTC=2024-01-24T00:56:02.000000
-3298872.704612 4195699.952344 -4813987.259836
4503.544816 -2665.851866 -5414.885464
UTC=2024-01-24T00:58:02.000000
-2737547.321738 3839603.391677 -5424916.547528
4838.108042 -3262.393110 -4754.245946
UTC=2024-01-24T01:00:02.000000
-2141108.406650 3414539.318638 -5952093.997284
5088.180095 -3813.613738 -4020.834393
UTC=2024-01-24T01:02:02.000000
-1519877.507488 2926542.600911 -6387459.660737
5250.966929 -4309.699374 -3226.023226
UTC=2024-01-24T01:04:02.000000
-884421.649614 2382777.531754 -6724372.340848
5325.170415 -4741.665507 -2382.053949
UTC=2024-01-24T01:06:02.000000
-245374.645269 1791429.746429 -6957702.579870
5310.971043 -5101.496641 -1501.850352
UTC=2024-01-24T01:08:02.000000
386738.272531 1161582.019642 -7083903.497179
5209.989990 -5382.275911 -598.834155
UTC=2024-01-24T01:10:02.000000
1001670.430803 503075.604628 -7101059.590397
5025.240135 -5578.297138 313.257734
UTC=2024-01-24T01:12:02.000000
1589616.974771 -173641.509786 -7008913.015457
4761.058060 -5685.170208 1220.567735
UTC=2024-01-24T01:14:02.000000
2141368.240154 -857677.636183 -6808866.419816
4423.010714 -5699.901765 2109.308854
UTC=2024-01-24T01:16:02.000000
2648451.528144 -1537869.032742 -6503963.568099
4017.796692 -5620.960902 2965.947902
UTC=2024-01-24T01:18:02.000000
3103260.147922 -2202958.418873 -6098847.525493
3553.130152 -5448.325785 3777.392249
UTC=2024-01-24T01:20:02.000000
3499167.993527 -2841778.430970 -5599697.272765
3037.619563 -5183.523100 4531.167978
UTC=2024-01-24T01:22:02.000000
3830628.749096 -3443438.828579 -5014141.407966
2480.626174 -4829.643172 5215.622274
UTC=2024-01-24T01:24:02.000000
4093256.353276 -3997512.784512 -4351148.291129
1892.099018 -4391.312817 5820.106240
UTC=2024-01-24T01:26:02.000000
4283885.825139 -4494218.792490 -3620895.764485
1282.413218 -3874.652261 6335.138276
UTC=2024-01-24T01:28:02.000000
4400614.304629 -4924596.240173 -2834621.120558
662.199341 -3287.208860 6752.569365
UTC=2024-01-24T01:30:02.000000
4442820.747847 -5280671.062747 -2004451.887425
42.158210 -2637.858952 7065.735107
UTC=2024-01-24T01:32:02.000000
4411162.651013 -5555607.641528 -1143219.590072
-567.133874 -1936.674956 7269.585690
UTC=2024-01-24T01:34:02.000000
4307549.764738 -5743842.803583 -264259.675653
-1155.414120 -1194.762988 7360.786889
UTC=2024-01-24T01:36:02.000000
4135095.056049 -5841198.928024 618798.848055
-1712.922079 -424.076775 7337.788478
UTC=2024-01-24T01:38:02.000000
3898043.833858 -5844973.511006 1492250.013274
-2230.574024 362.788682 7200.862425
UTC=2024-01-24T01:40:02.000000
3601682.448388 -5754002.487220 2342530.220209
-2700.130076 1152.826994 6952.105313
UTC=2024-01-24T01:42:02.000000
3252227.949260 -5568695.656820 3156434.830654
-3114.339839 1932.851456 6595.393968
UTC=2024-01-24T01:44:02.000000
2856702.058105 -5291044.364311 3921328.029847
-3467.060361 2689.729794 6136.317655
UTC=2024-01-24T01:46:02.000000
2422792.436420 -4924600.789030 4625342.510598
-3753.349150 3410.618322 5582.076911
UTC=2024-01-24T01:48:02.000000
1958704.153626 -4474429.651246 5257565.491844
-3969.534250 4083.188780 4941.355716
UTC=2024-01-24T01:50:02.000000
1473004.623585 -3947033.471575 5808207.836842
-4113.253750 4695.840616 4224.172033
UTC=2024-01-24T01:52:02.000000
974464.892654 -3350252.931338 6268754.175060
-4183.476248 5237.903473 3441.705454
UTC=2024-01-24T01:54:02.000000
471900.522098 -2693144.548531 6632090.788205
-4180.486565 5699.810489 2606.105947
UTC=2024-01-24T01:56:02.000000
-25984.291923 -1985838.898416 6892610.710692
-4105.847850 6073.251466 1730.303791
UTC=2024-01-24T01:58:02.000000
-510746.849576 -1239381.686333 7046295.869968
-3962.344757 6351.305654 827.818892
UTC=2024-01-24T02:00:02.000000
-974348.419487 -465559.542202 7090776.144455
-3753.911882 6528.563279 -87.437322
UTC=2024-01-24T02:02:02.000000
-1409287.101912 323287.218995 7025363.953250
-3485.545995 6601.219697 -1001.368166
UTC=2024-01-24T02:04:02.000000
-1808719.179650 1114461.713250 6851064.182114
-3163.201281 6567.146716 -1899.896462
UTC=2024-01-24T02:06:02.000000
-2166567.107722 1895114.785027 6570559.665923
-2793.672814 6425.940891 -2769.167298
UTC=2024-01-24T02:08:02.000000
-2477612.830160 2652453.794806 6188172.431504
-2384.467930 6178.950311 -3595.748918
UTC=2024-01-24T02:10:02.000000
-2737575.023429 3373953.262550 5709800.949067
-1943.667878 5829.277433 -4366.831987
UTC=2024-01-24T02:12:02.000000
-2943169.426459 4047564.158652 5142833.752386
-1479.784687 5381.755010 -5070.423833
UTC=2024-01-24T02:14:02.000000
-3092151.391336 4661918.853582 4496039.752761
-1001.606462 4842.895556 -5695.542318
UTC=2024-01-24T02:16:02.000000
-3183339.359307 5206528.007735 3779435.910403
-518.036120 4220.808359 -6232.398468
UTC=2024-01-24T02:18:02.000000
-3216618.750138 5671965.534162 3004133.627092
-37.925876 3525.082329 -6672.567297
UTC=2024-01-24T02:20:02.000000
-3192925.968951 6050037.388650 2182166.000663
430.086871 2766.635266 -7009.134543
UTC=2024-01-24T02:22:02.000000
-3114212.995507 6333930.709466 1326298.989755
877.739951 1957.537913 -7236.818081
UTC=2024-01-24T02:24:02.000000
-2983392.945890 6518340.512295 449829.553268
1297.301367 1110.815470 -7352.064316
UTC=2024-01-24T02:26:02.000000
-2804267.803123 6599570.914875 -433626.278761
1681.710996 240.221633 -7353.117508
UTC=2024-01-24T02:28:02.000000
-2581440.044720 6575608.088680 -1310351.625761
2024.707855 -640.005272 -7240.056553
UTC=2024-01-24T02:30:02.000000
-2320209.508383 6446162.582778 -2166749.478790
2320.948689 -1515.410702 -7014.795085
UTC=2024-01-24T02:32:02.000000
-2026457.422938 6212678.915183 -2989559.592972
2566.098532 -2371.590900 -6681.018580
UTC=2024-01-24T02:34:02.000000
-1706521.767231 5878314.997822 -3766066.256094
2756.887564 -3194.433204 -6244.103173
UTC=2024-01-24T02:36:02.000000
-1367067.044348 5447892.588468 -4484295.531419
2891.148013 -3970.359856 -5711.015537
UTC=2024-01-24T02:38:02.000000
-1014950.932648 4927819.232493 -5133198.196850
2967.828303 -4686.553475 -5090.176840
UTC=2024-01-24T02:40:02.000000
-657090.633574 4325984.856341 -5702815.596339
2986.985256 -5331.157948 -4391.316949
UTC=2024-01-24T02:42:02.000000
-300331.225558 3651634.810774 -6184427.183282
2949.757923 -5893.469286 -3625.312086
UTC=2024-01-24T02:44:02.000000
48681.490130 2915221.271973 -6570677.234391
2858.318309 -6364.102865 -2804.001243
UTC=2024-01-24T02:46:02.000000
383620.896447 2128236.657737 -6855678.943934
2715.801451 -6735.125000 -1939.996821
UTC=2024-01-24T02:48:02.000000
698590.413009 1303032.835900 -7035096.428711
2526.225401 -7000.163254 -1046.504536
UTC=2024-01-24T02:50:02.000000
988224.050129 452627.796200 -7106204.561148
2294.398867 -7154.501081 -137.132729
UTC=2024-01-24T02:52:02.000000
1247775.212360 -409497.454091 -7067925.971861
2025.818324 -7195.148682 774.296370
UTC=2024-01-24T02:54:02.000000
1473192.505089 -1269609.203039 -6920845.043371
1726.554540 -7120.888975 1673.940608
UTC=2024-01-24T02:56:02.000000
1661181.661191 -2113935.228363 -6667199.255694
1403.136157 -6932.299789 2548.120539
UTC=2024-01-24T02:58:02.000000
1809253.386610 -2928880.817776 -6310848.827788
1062.429980 -6631.762211 3383.500030
UTC=2024-01-24T03:00:02.000000
1915756.338255 -3701245.116849 -5857224.557907
711.513574 -6223.457394 4167.271252
UTC=2024-01-24T03:02:02.000000
1979894.592289 -4418435.379799 -5313252.400040
357.544135 -5713.328192 4887.356036
UTC=2024-01-24T03:04:02.000000
2001729.209421 -5068673.796245 -4687254.653370
7.625614 -5108.999982 5532.588181
UTC=2024-01-24T03:06:02.000000
1982163.966805 -5641194.216143 -3988830.382350
-331.322824 -4419.691986 6092.883590
UTC=2024-01-24T03:08:02.000000
1922915.158873 -6126426.662019 -3228715.080878
-652.700437 -3656.097679 6559.413836
UTC=2024-01-24T03:10:02.000000
1826465.620086 -6516165.154532 -2418620.323893
-950.352949 -2830.228406 6924.764516
UTC=2024-01-24T03:12:02.000000
1696003.899180 -6803714.850855 -1571055.375108
-1218.691799 -1955.224148 7183.076005
UTC=2024-01-24T03:14:02.000000
1535349.675385 -6984015.038753 -699133.763590
-1452.804270 -1045.144565 7330.154513
UTC=2024-01-24T03:16:02.000000
1348866.679246 -7053735.383088 183632.603655
-1648.550037 -114.724993 7363.565166
UTC=2024-01-24T03:18:02.000000
1141365.071557 -7011341.465488 1063547.386988
-1802.641373 820.878648 7282.674772
UTC=2024-01-24T03:20:02.000000
917995.083121 -6857129.822933 1926947.963307
-1912.706178 1746.353694 7088.680187
UTC=2024-01-24T03:22:02.000000
684134.688494 -6593229.734866 2760424.494954
-1977.326279 2646.513197 6784.590779
UTC=2024-01-24T03:24:02.000000
445273.465286 -6223571.684271 3551034.267704
-1996.061803 3506.568817 6375.169638
UTC=2024-01-24T03:26:02.000000
206895.088399 -5753823.903583 4286506.823569
-1969.448216 4312.387004 5866.840532
UTC=2024-01-24T03:28:02.000000
-25638.316924 -5191299.408040 4955436.693285
-1898.970237 5050.727544 5267.575749
UTC=2024-01-24T03:30:02.000000
-247197.658634 -4544834.998663 5547461.116165
-1787.017585 5709.469154 4586.755497
UTC=2024-01-24T03:32:02.000000
-452991.709729 -3824645.003312 6053419.546026
-1636.819788 6277.805842 3835.009096
UTC=2024-01-24T03:34:02.000000
-638663.370715 -3042152.534213 6465492.940751
-1452.368510 6746.423197 3024.032573
UTC=2024-01-24T03:36:02.000000
-800375.703932 -2209802.165441 6777319.902562
-1238.324999 7107.629872 2166.392423
UTC=2024-01-24T03:38:02.000000
-934886.165915 -1340858.719613 6984090.032417
-999.916751 7355.463498 1275.341515
UTC=2024-01-24T03:40:02.000000
-1039608.063904 -449193.923820 7082614.893045
-742.828447 7485.785018 364.625656
UTC=2024-01-24T03:42:02.000000
-1112658.453739 450936.489947 7071374.738039
-473.083857 7496.340664 -551.723701
UTC=2024-01-24T03:44:02.000000
-1152891.279002 1345121.221396 6950540.579275
-196.919458 7386.795080 -1459.592760
UTC=2024-01-24T03:46:02.000000
-1159915.270960 2219024.339216 6721971.797764
79.342541 7158.738820 -2344.989668
UTC=2024-01-24T03:48:02.000000
-1134096.642641 3058615.543469 6389189.332236
349.420562 6815.669944 -3194.247207
UTC=2024-01-24T03:50:02.000000
-1076546.712905 3850396.743871 5957324.649379
607.198890 6362.951116 -3994.224376
UTC=2024-01-24T03:52:02.000000
-989094.367543 4581621.705186 5433044.578640
846.854274 5807.736204 -4732.504590
UTC=2024-01-24T03:54:02.000000
-874243.860347 5240505.499413 4824452.934192
1062.972809 5158.875324 -5397.587299
UTC=2024-01-24T03:56:02.000000
-735118.753570 5816420.676315 4140968.801440
1250.665743 4426.782919 -5979.082928
UTC=2024-01-24T03:58:02.000000
-575392.528986 6300074.920108 3393183.157128
1405.671169 3623.270133 -6467.873018
UTC=2024-01-24T04:00:02.000000
-399208.136965 6683669.155254 2592697.032241
1524.441922 2761.381516 -6856.272653
UTC=2024-01-24T04:02:02.000000
-211086.755601 6961032.211097 1751939.375859
1604.234270 1855.161411 -7138.187130
UTC=2024-01-24T04:04:02.000000
-15827.426489 7127725.877707 883970.165932
1643.168983 919.407500 -7309.209334
UTC=2024-01-24T04:06:02.000000
181599.325553 7181120.213673 2272.865057
1640.272965 -30.583634 -7366.699094
UTC=2024-01-24T04:08:02.000000
376161.905824 7120437.349869 -879461.058392
1595.503355 -979.288249 -7309.835871
UTC=2024-01-24T04:10:02.000000
562879.290036 6946761.530547 -1747551.546210
1509.742823 -1911.241427 -7139.627613
UTC=2024-01-24T04:12:02.000000
736930.752254 6663015.690113 -2588547.766127
1384.775423 -2811.307171 -6858.879324
UTC=2024-01-24T04:14:02.000000
893761.956702 6273906.332505 -3389440.508710
1223.249156 -3664.937745 -6472.134185
UTC=2024-01-24T04:16:02.000000
1029185.411091 5785837.927589 -4137865.772688
1028.618933 -4458.421434 -5985.585109
UTC=2024-01-24T04:18:02.000000
1139472.958299 5206798.660689 -4822295.863613
805.071695 -5179.110541 -5406.955385
UTC=2024-01-24T04:20:02.000000
1221438.397181 4546220.438565 -5432214.539106
557.437043 -5815.621343 -4745.353231
UTC=2024-01-24T04:22:02.000000
1272508.554928 3814816.893727 -5958273.638574
291.084465 -6358.000777 -4011.111277
UTC=2024-01-24T04:24:02.000000
1290781.460575 3024402.943675 -6392429.954929
11.812158 -6797.869084 -3215.615741
UTC=2024-01-24T04:26:02.000000
1275070.806968 2187698.969480 -6728060.399240
-274.270252 -7128.529431 -2371.117392
UTC=2024-01-24T04:28:02.000000
1224936.175581 1318124.240200 -6960054.672147
-560.860850 -7345.041508 -1490.549218
UTC=2024-01-24T04:30:02.000000
1140698.820958 429582.371548 -7084886.251175
-841.587617 -7444.281024 -587.342305
UTC=2024-01-24T04:32:02.000000
1023442.666201 -463758.778701 -7100660.623720
-1110.132290 -7424.971675 324.766038
UTC=2024-01-24T04:34:02.000000
875000.370969 -1347689.509547 -7007140.450204
-1360.354120 -7287.690338 1231.925616
UTC=2024-01-24T04:36:02.000000
697925.022633 -2208179.487227 -6805747.909032
-1586.405740 -7034.844583 2120.357331
UTC=2024-01-24T04:38:02.000000
495448.043424 -3031595.629426 -6499545.754575
-1782.848655 -6670.643058 2976.527298
UTC=2024-01-24T04:40:02.000000
271423.040381 -3804915.936909 -6093196.337549
-1944.769911 -6201.049886 3787.343915
UTC=2024-01-24T04:42:02.000000
30256.560571 -4515935.090884 -5592896.718567
-2067.882800 -5633.696181 4540.350011
UTC=2024-01-24T04:44:02.000000
-223172.865105 -5153458.535660 -5006291.808355
-2148.623522 -4977.778394 5223.902487
UTC=2024-01-24T04:46:02.000000
-483606.924961 -5707483.065580 -4342365.647959
-2184.239692 -4243.932425 5827.356010
UTC=2024-01-24T04:48:02.000000
-745509.434907 -6169360.473339 -3611310.898864
-2172.863314 -3444.076983 6341.240803
UTC=2024-01-24T04:50:02.000000
-1003176.051161 -6531940.661571 -2824377.872893
-2113.567940 -2591.229506 6757.424586
UTC=2024-01-24T04:52:02.000000
-1250849.852489 -6789691.504581 -1993705.088416
-2006.408714 -1699.302921 7069.260092
UTC=2024-01-24T04:54:02.000000
-1482840.460192 -6938792.729307 -1132132.891326
-1852.440708 -782.874299 7271.716870
UTC=2024-01-24T04:56:02.000000
-1693644.046292 -6977200.620140 -253003.103690
-1653.715773 143.067243 7361.481552
UTC=2024-01-24T04:58:02.000000
-1878061.712452 -6904681.761098 630051.440028
-1413.258469 1063.383524 7337.025964
UTC=2024-01-24T05:00:02.000000
-2031313.677577 -6722814.850403 1503323.614877
-1135.019782 1963.055869 7198.643367
UTC=2024-01-24T05:02:02.000000
-2149146.491905 -6434960.183471 2353251.031685
-823.807522 2827.454211 6948.449963
UTC=2024-01-24T05:04:02.000000
-2227930.622966 -6046197.155429 3166632.997038
-485.195806 3642.599595 6590.348448
UTC=2024-01-24T05:06:02.000000
-2264746.090157 -5563231.217082 3930840.810730
-125.417202 4395.408850 6129.954338
UTC=2024-01-24T05:08:02.000000
-2257454.335190 -4994272.922538 4634017.306099
248.758010 5073.914425 5574.491215
UTC=2024-01-24T05:10:02.000000
-2204755.152556 -4348892.279348 5265262.329694
630.149365 5667.456334 4932.663371
UTC=2024-01-24T05:12:02.000000
-2106227.782221 -3637851.280025 5814801.901751
1011.304138 6166.855319 4214.508500
UTC=2024-01-24T05:14:02.000000
-1962354.732031 -2872917.465242 6274137.684744
1384.645192 6564.549891 3431.218793
UTC=2024-01-24T05:16:02.000000
-1774527.972129 -2066663.830909 6636174.513079
1742.615533 6854.690900 2594.957911
UTC=2024-01-24T05:18:02.000000
-1545038.110168 -1232258.725822 6895325.960137
2077.818046 7033.216452 1718.675720
UTC=2024-01-24T05:20:02.000000
-1277046.915120 -383247.928818 7047596.562193
2383.152848 7097.902155 815.903045
UTC=2024-01-24T05:22:02.000000
-974543.694747 466666.528679 7090639.309830
2651.949597 7048.367754 -99.447876
UTC=2024-01-24T05:24:02.000000
-642285.759791 1303847.472838 7023789.939525
2878.100451 6886.072110 -1013.277825
UTC=2024-01-24T05:26:02.000000
-285723.311829 2114941.693885 6848076.914707
3056.184782 6614.281248 -1911.508345
UTC=2024-01-24T05:28:02.000000
89089.912178 2887093.434473 6566206.535469
3181.582072 6238.007353 -2780.287992
UTC=2024-01-24T05:30:02.000000
475598.741569 3608149.042570 6182523.672795
3250.571113 5763.925097 -3606.191689
UTC=2024-01-24T05:32:02.000000
866859.899585 4266850.566762 5702948.569560
3260.418526 5200.268197 -4376.421752
UTC=2024-01-24T05:34:02.000000
1255665.226080 4853015.236075 5134889.746891
3209.454199 4556.699684 -5079.003444
UTC=2024-01-24T05:36:02.000000
1634672.871553 5357698.124260 4487133.566492
3097.127361 3844.158274 -5702.979026
UTC=2024-01-24T05:38:02.000000
1996543.926155 5773334.383749 3769711.672370
2924.043476 3074.676568 -6238.577432
UTC=2024-01-24T05:40:02.000000
2334082.857654 6093859.668890 2993748.605435
2691.986824 2261.196725 -6677.386061
UTC=2024-01-24T05:42:02.000000
2640378.192585 6314806.094052 2171288.446594
2403.903777 1417.343941 -7012.513860
UTC=2024-01-24T05:44:02.000000
2908940.366494 6433369.549069 1315104.740725
2063.871179 557.180625 -7238.712917
UTC=2024-01-24T05:46:02.000000
3133833.590178 6448446.981982 438497.431781
1677.029228 -305.046403 -7352.469610
UTC=2024-01-24T05:48:02.000000
3309798.723029 6360643.546669 -444919.017058
1249.500178 -1155.155833 -7352.063481
UTC=2024-01-24T05:50:02.000000
3432365.141182 6172249.492629 -1321432.961528
788.283924 -1979.286213 -7237.596729
UTC=2024-01-24T05:52:02.000000
3497948.608795 5887187.041826 -2177454.099866
301.131720 -2764.138540 -7010.985967
UTC=2024-01-24T05:54:02.000000
3503933.181251 5510928.881974 -2999729.303551
-203.594661 -3497.208676 -6675.924733
UTC=2024-01-24T05:56:02.000000
3448735.083440 5050389.577174 -3775551.680540
-717.081591 -4167.003380 -6237.807445
UTC=2024-01-24T05:58:02.000000
3331847.061697 4513792.808634 -4492958.209189
-1230.227784 -4763.224565 -5703.616848
UTC=2024-01-24T06:00:02.000000
3153863.049612 3910518.652606 -5140912.724999
-1733.809458 -5276.920737 -5081.794749
UTC=2024-01-24T06:02:02.000000
2916482.891226 3250934.004379 -5709472.121485
-2218.645364 -5700.615096 -4382.089883
UTC=2024-01-24T06:04:02.000000
2622497.566390 2546209.547537 -6189933.200060
-2675.758184 -6028.401071 -3615.389613
UTC=2024-01-24T06:06:02.000000
2275755.121500 1808127.208450 -6574958.631395
-3096.532906 -6256.006107 -2793.539960
UTC=2024-01-24T06:08:02.000000
1881108.383421 1048881.787046 -6858680.688398
-3472.861042 -6380.824337 -1929.157283
UTC=2024-01-24T06:10:02.000000
1444346.011611 280880.389673 -7036782.716146
-3797.276514 -6401.922495 -1035.446681
UTC=2024-01-24T06:12:02.000000
972107.257310 -483457.805609 -7106558.913040
-4063.090883 -6320.029852 -126.018286
UTC=2024-01-24T06:14:02.000000
471781.218249 -1231899.329148 -7066951.013043
-4264.512938 -6137.503244 785.311756
UTC=2024-01-24T06:16:02.000000
-48606.996753 -1952588.079471 -6918561.727518
-4396.750166 -5858.263908 1684.705839
UTC=2024-01-24T06:18:02.000000
-580522.058425 -2634228.995996 -6663646.826968
-4456.107726 -5487.730079 2558.481443
UTC=2024-01-24T06:20:02.000000
-1115055.556520 -3266263.035715 -6306084.836318
-4440.074365 -5032.732884 3393.308569
UTC=2024-01-24T06:22:02.000000
-1643071.991736 -3839029.942879 -5851323.311431
-4347.386473 -4501.401338 4176.396079
UTC=2024-01-24T06:24:02.000000
-2155361.888694 -4343916.844913 -5306303.465129
-4178.082726 -3903.041738 4895.671640
UTC=2024-01-24T06:26:02.000000
-2642800.573519 -4773491.437231 -4679362.637477
-3933.542198 -3247.998107 5539.970632
UTC=2024-01-24T06:28:02.000000
-3096509.977040 -5121616.672007 -3980114.160482
-3616.495173 -2547.484469 6099.220375
UTC=2024-01-24T06:30:02.000000
-3508020.063097 -5383544.323832 -3219306.153775
-3231.007678 -1813.402673 6564.607117
UTC=2024-01-24T06:32:02.000000
-3869427.145272 -5555985.986966 -2408661.019370
-2782.444478 -1058.147145 6928.731486
UTC=2024-01-24T06:34:02.000000
-4173546.105007 -5637159.645704 -1560697.130217
-2277.403400 -294.393815 7185.748227
UTC=2024-01-24T06:36:02.000000
-4414052.875040 -5626810.259392 -688535.093961
-1723.618969 465.121149 7331.482325
UTC=2024-01-24T06:38:02.000000
-4585613.661902 -5526203.428889 194308.147811
-1129.838638 1207.827673 7363.514792
UTC=2024-01-24T06:40:02.000000
-4683997.954143 -5338091.920269 1074133.601832
-505.676768 1921.547187 7281.237001
UTC=2024-01-24T06:42:02.000000
-4706172.595738 -5066655.253943 1937279.066561
138.555335 2594.715407 7085.870400
UTC=2024-01-24T06:44:02.000000
-4650374.286995 -4717413.346125 2770337.752879
792.036519 3216.589176 6780.443576
UTC=2024-01-24T06:46:02.000000
-4516159.186286 -4297116.688411 3560372.092625
1443.629939 3777.431025 6369.736557
UTC=2024-01-24T06:48:02.000000
-4304428.761227 -3813615.693488 4295119.143288
2082.084963 4268.671859 5860.196663
UTC=2024-01-24T06:50:02.000000
-4017431.001329 -3275711.773781 4963183.959158
2696.244439 4683.051562 5259.819984
UTC=2024-01-24T06:52:02.000000
-3658737.206055 -2692993.678841 5554216.652147
3275.242080 5014.721783 4578.002491
UTC=2024-01-24T06:54:02.000000
-3233195.754626 -2075663.627934 6059071.037255
3808.690318 5259.316071 3825.382867
UTC=2024-01-24T06:56:02.000000
-2746863.710552 -1434356.353161 6469943.758662
4286.861638 5413.999135 3013.673165
UTC=2024-01-24T06:58:02.000000
-2206917.146172 -779953.437549 6780491.936908
4700.861449 5477.493967 2155.469307
UTC=2024-01-24T07:00:02.000000
-1621541.467184 -123396.512802 6985926.814232
5042.785614 5450.071022 1264.041816
UTC=2024-01-24T07:02:02.000000
-999804.786567 524495.917317 7083082.536632
5305.846260 5333.504532 353.137954
UTC=2024-01-24T07:04:02.000000
-351516.732666 1153206.204366 7070462.069808
5484.492417 5131.025037 -563.209596
UTC=2024-01-24T07:06:02.000000
312926.639903 1752688.324400 6948259.189379
5574.517493 4847.248764 -1470.887526
UTC=2024-01-24T07:08:02.000000
982709.667614 2313528.812895 6718355.732404
5573.147392 4488.084392 -2355.909680
UTC=2024-01-24T07:10:02.000000
1646773.051455 2827095.098642 6384294.069565
5479.104515 4060.618255 -3204.619205
UTC=2024-01-24T07:12:02.000000
2293996.319149 3285669.543883 5951225.878243
5292.653140 3572.991525 -4003.883906
UTC=2024-01-24T07:14:02.000000
2913384.769260 3682567.970562 5425837.317001
5015.628330 3034.262895 -4741.294976
UTC=2024-01-24T07:16:02.000000
3494258.356803 4012240.466322 4816249.965260
4651.435305 2454.249229 -5405.370825
UTC=2024-01-24T07:18:02.000000
4026437.979404 4270351.829855 4131898.503713
4205.010357 1843.350901 -5985.734029
UTC=2024-01-24T07:20:02.000000
4500426.789303 4453841.708024 3383388.506741
3682.780869 1212.384975 -6473.278804
UTC=2024-01-24T07:22:02.000000
4907584.623056 4560962.656652 2582332.459476
3092.574770 572.380718 -6860.353939
UTC=2024-01-24T07:24:02.000000
5240288.159503 4591293.638081 1741167.683325
2443.492235 -65.615836 -7140.882409
UTC=2024-01-24T07:26:02.000000
5492075.868904 4545730.148931 872960.416089
1745.769417 -690.742818 -7310.476782
UTC=2024-01-24T07:28:02.000000
5657773.943316 4426450.040360 -8802.473814
1010.599807 -1292.522188 -7366.524988
UTC=2024-01-24T07:30:02.000000
5733599.170367 4236855.813858 -890429.489191
249.932226 -1861.051842 -7308.231760
UTC=2024-01-24T07:32:02.000000
5717237.117982 3981494.842200 -1758243.170139
-523.738597 -2387.180865 -7136.625331
UTC=2024-01-24T07:34:02.000000
5607894.296007 3665959.424933 -2598797.765387
-1297.596580 -2862.669327 -6854.531671
UTC=2024-01-24T07:36:02.000000
5406322.986238 3296769.192225 -3399091.577508
-2058.732731 -3280.321634 -6466.513085
UTC=2024-01-24T07:38:02.000000
5114818.853558 2881239.041597 -4146770.307103
-2794.370560 -3634.095356 -5978.780826
UTC=2024-01-24T07:40:02.000000
4737191.410013 2427335.115715 -4830318.338112
-3492.093366 -3919.192361 -5399.078393
UTC=2024-01-24T07:42:02.000000
4278707.922266 1943521.564954 -5439233.611158
-4140.054703 -4132.116505 -4736.528889
UTC=2024-01-24T07:44:02.000000
3746013.345171 1438602.632428 -5964183.754878
-4727.170722 -4270.698086 -4001.476543
UTC=2024-01-24T07:46:02.000000
3147027.904709 921563.089859 -6397142.507567
-5243.299569 -4334.096821 -3205.315928
UTC=2024-01-24T07:48:02.000000
2490824.190557 401409.648156 -6731504.673283
-5679.400992 -4322.781506 -2360.305257
UTC=2024-01-24T07:50:02.000000
1787486.817617 -112983.646864 -6962178.576041
-6027.668552 -4238.485988 -1479.381569
UTC=2024-01-24T07:52:02.000000
1047957.101990 -613023.986700 -7085656.796110
-6281.650937 -4084.153305 -575.981364
UTC=2024-01-24T07:54:02.000000
283863.511359 -1090540.611588 -7100064.425560
-6436.361521 -3863.859603 336.157041
UTC=2024-01-24T07:56:02.000000
-492658.753431 -1537915.181951 -7005183.744139
-6488.352888 -3582.719636 1243.181548
UTC=2024-01-24T07:58:02.000000
-1269156.600497 -1948200.578283 -6802457.196046
-6435.784837 -3246.788844 2131.306229
UTC=2024-01-24T08:00:02.000000
-2033055.113976 -2315227.363172 -6494967.854844
-6278.472502 -2862.952954 2987.005705
UTC=2024-01-24T08:02:02.000000
-2771857.627809 -2633695.888445 -6087396.810549
-6017.906902 -2438.801419 3797.201334
UTC=2024-01-24T08:04:02.000000
-3473347.430031 -2899253.134995 -5585958.922440
-5657.263722 -1982.500479 4549.439460
UTC=2024-01-24T08:06:02.000000
-4125789.662555 -3108553.888484 -4998316.466185
-5201.393150 -1502.656263 5232.082919
UTC=2024-01-24T08:08:02.000000
-4718129.619578 -3259304.474836 -4333469.711349
-4656.770152 -1008.162444 5834.498279
UTC=2024-01-24T08:10:02.000000
-5240183.507408 -3350287.961283 -3601626.104649
-4031.420686 -508.044914 6347.227696
UTC=2024-01-24T08:12:02.000000
-5682818.755183 -3381370.493520 -2814049.165324
-3334.819301 -11.302001 6762.154338
UTC=2024-01-24T08:14:02.000000
-6038119.976694 -3353488.170524 -1982888.364781
-2577.751994 473.259423 7072.652191
UTC=2024-01-24T08:16:02.000000
-6299536.553985 -3268614.350773 -1120992.526238
-1772.149439 937.184919 7273.710255
UTC=2024-01-24T08:18:02.000000
-6462008.735732 -3129707.896935 -241709.656029
-930.893829 1372.529638 7362.033969
UTC=2024-01-24T08:20:02.000000
-6522068.968406 -2940643.061351 641323.440382
-67.602204 1772.005186 7336.114038
UTC=2024-01-24T08:22:02.000000
-6477916.020045 -2706122.540257 1514398.246277
803.612673 2129.114005 7196.268396
UTC=2024-01-24T08:24:02.000000
-6329458.973058 -2431575.194086 2363954.183763
1668.402020 2438.269088 6944.640157
UTC=2024-01-24T08:26:02.000000
-6078329.806904 -2123040.419406 3176796.325454
2512.440176 2694.895026 6585.170573
UTC=2024-01-24T08:28:02.000000
-5727867.162820 -1787043.890819 3940303.251080
3321.653107 2895.474279 6123.465996
UTC=2024-01-24T08:30:02.000000
-5283068.110679 -1430464.670554 4642627.660842
4082.515017 3037.640043 5566.797716
UTC=2024-01-24T08:32:02.000000
-4750509.854179 -1060397.285884 5272883.319585
4782.251606 3120.168977 4923.888964
UTC=2024-01-24T08:34:02.000000
-4138246.702115 -684014.187931 5821311.763302
5409.052675 3142.983885 4204.787789
UTC=2024-01-24T08:36:02.000000
-3455682.246501 -308429.180289 6279431.767201
5952.272591 3107.134344 3420.703525
UTC=2024-01-24T08:38:02.000000
-2713418.652032 59435.367454 6640167.533176
6402.607746 3014.751388 2583.818119
UTC=2024-01-24T08:40:02.000000
-1923086.561720 412974.254069 6897953.643328
6752.242111 2868.977210 1707.090253
UTC=2024-01-24T08:42:02.000000
-1097159.215057 746016.105686 7048816.549849
6994.966358 2673.886348 804.058885
UTC=2024-01-24T08:44:02.000000
-248753.712511 1052929.914300 7090432.116599
7126.272805 2434.393478 -111.358082
UTC=2024-01-24T08:46:02.000000
608577.815076 1328719.580650 7022159.083025
7143.429147 2156.147434 -1025.064040
UTC=2024-01-24T08:48:02.000000
1461064.631826 1569105.242376 6845048.371508
7045.530920 1845.416487 -1922.987007
UTC=2024-01-24T08:50:02.000000
2294938.510417 1770590.095512 6561827.830464
6833.526281 1508.961649 -2791.283379
UTC=2024-01-24T08:52:02.000000
3096656.376337 1930511.698203 6176862.993284
6510.218892 1153.905929 -3616.535017
UTC=2024-01-24T08:54:02.000000
3853122.114620 2047077.303547 5696093.822760
6080.247266 787.597760 -4385.954323
UTC=2024-01-24T08:56:02.000000
4551903.360637 2119382.502782 5126947.027858
5550.023150 417.471534 -5087.580281
UTC=2024-01-24T08:58:02.000000
5181439.751537 2147413.340839 4478226.038151
4927.654520 50.910629 -5710.458967
UTC=2024-01-24T09:00:02.000000
5731240.936202 2132031.658428 3759978.788540
4222.845381 -304.896465 -6244.836257
UTC=2024-01-24T09:02:02.000000
6192068.668298 2074943.010179 2983342.523288
3446.729329 -643.098551 -6682.333824
UTC=2024-01-24T09:04:02.000000
6556098.049262 1978648.381237 2160370.967883
2611.700553 -957.310999 -7016.078778
UTC=2024-01-24T09:06:02.000000
6817057.333242 1846380.578516 1303845.276897
1731.212305 -1241.741859 -7240.840029
UTC=2024-01-24T09:08:02.000000
6970340.808007 1682026.125172 427070.953871
819.538539 -1491.304557 -7353.121459
UTC=2024-01-24T09:10:02.000000
7013092.694442 1490034.920697 -456334.366340
-108.472520 -1701.710813 -7351.226188
UTC=2024-01-24T09:12:02.000000
6944259.903820 1275319.352083 -1332659.028357
-1037.669656 -1869.553046 -7235.283638
UTC=2024-01-24T09:14:02.000000
6764612.486176 1043144.683764 -2188315.826133
-1952.861778 -1992.365632 -7007.235172
UTC=2024-01-24T09:16:02.000000
6476732.373262 799013.639815 -3010057.672245
-2839.087932 -2068.660300 -6670.798277
UTC=2024-01-24T09:18:02.000000
6084969.691008 548548.206133 -3785186.351993
-3681.881155 -2097.938013 -6231.388006
UTC=2024-01-24T09:20:02.000000
5595368.496436 297371.133331 -4501750.202587
-4467.516811 -2080.682237 -5696.011332
UTC=2024-01-24T09:22:02.000000
5015563.688095 50989.540074 -5148727.069241
-5183.240451 -2018.329903 -5073.127824
UTC=2024-01-24T09:24:02.000000
4354652.653780 -185316.651788 -5716189.427294
-5817.462020 -1913.220849 -4372.495870
UTC=2024-01-24T09:26:02.000000
3623044.980815 -406599.305225 -6195450.725422
-6359.929017 -1768.533375 -3605.012179
UTC=2024-01-24T09:28:02.000000
2832292.418597 -608338.181399 -6579191.537074
-6801.881436 -1588.206196 -2782.533582
UTC=2024-01-24T09:30:02.000000
1994902.277477 -786526.645627 -6861563.203939
-7136.169411 -1376.844432 -1917.685059
UTC=2024-01-24T09:32:02.000000
1124138.667669 -937745.761024 -7038269.138983
-7357.344059 -1139.620933 -1023.679554
UTC=2024-01-24T09:34:02.000000
233813.464147 -1059225.945578 -7106624.259373
-7461.735395 -882.165836 -114.129847
UTC=2024-01-24T09:36:02.000000
-661930.157515 -1148894.858219 -7065591.305252
-7447.496694 -610.450868 797.143810
UTC=2024-01-24T09:38:02.000000
-1548838.226920 -1205411.530555 -6915794.806988
-7314.631990 -330.673844 1696.296550
UTC=2024-01-24T09:40:02.000000
-2412768.824508 -1228186.163867 -6659512.463586
-7065.002886 -49.135819 2569.653168
UTC=2024-01-24T09:42:02.000000
-3239913.633967 -1217385.143713 -6300643.313027
-6702.301543 227.881227 3403.895607
UTC=2024-01-24T09:44:02.000000
-4017015.534600 -1173921.622324 -5844654.534084
-6232.016842 494.233041 4186.236927
UTC=2024-01-24T09:46:02.000000
-4731581.348365 -1099431.719055 -5298506.158278
-5661.378749 744.034688 4904.615897
UTC=2024-01-24T09:48:02.000000
-5372085.263150 -996236.291434 -4670552.648440
-4999.262352 971.777659 5547.882827
UTC=2024-01-24T09:50:02.000000
-5928159.504971 -867289.064450 -3970422.928414
-4256.072031 1172.440825 6105.975612
UTC=2024-01-24T09:52:02.000000
-6390769.552611 -716111.693725 -3208879.396855
-3443.596889 1341.596972 6570.093327
UTC=2024-01-24T09:54:02.000000
-6752369.739490 -546716.607871 -2397656.879066
-2574.829589 1475.508337 6932.854119
UTC=2024-01-24T09:56:02.000000
-7007035.651504 -363519.315465 -1549284.017990
-1663.763234 1571.207263 7188.430642
UTC=2024-01-24T09:58:02.000000
-7150570.880004 -171241.616950 -676889.267689
-725.162630 1626.567201 7332.672481
UTC=2024-01-24T10:00:02.000000
-7180583.730741 25192.644266 206006.067318
225.703614 1640.353632 7363.191578
UTC=2024-01-24T10:02:02.000000
-7096531.829655 220766.471219 1085701.993685
1173.325438 1612.251487 7279.403730
UTC=2024-01-24T10:04:02.000000
-6899735.028340 410480.727550 1948537.957388
2102.222467 1542.873137 7082.551129
UTC=2024-01-24T10:06:02.000000
-6593355.084315 589464.919169 2781111.407205
2997.222689 1433.746745 6775.685660
UTC=2024-01-24T10:08:02.000000
-6182342.219076 753085.386880 3570492.089574
3843.735103 1287.284152 6363.614958
UTC=2024-01-24T10:10:02.000000
-5673349.702370 897048.324029 4304427.574753
4628.007098 1106.727191 5852.810232
UTC=2024-01-24T10:12:02.000000
-5074619.161842 1017495.249871 4971535.933179
5337.355578 896.076139 5251.286751
UTC=2024-01-24T10:14:02.000000
-4395839.530088 1111088.925117 5561482.568325
5960.373243 660.002531 4568.458994
UTC=2024-01-24T10:16:02.000000
-3647983.195462 1175088.106701 6065138.751713
6487.104237 403.750626 3814.983266
UTC=2024-01-24T10:18:02.000000
-2843122.297728 1207409.714750 6474720.469004
6909.198468 133.026482 3002.584817
UTC=2024-01-24T10:20:02.000000
-1994228.182282 1206677.378751 6783905.464453
7220.038070 -146.117276 2143.867643
UTC=2024-01-24T10:22:02.000000
-1114957.652985 1172255.621009 6987926.427062
7414.827819 -427.406379 1252.109320
UTC=2024-01-24T10:24:02.000000
-219430.838192 1104268.852864 7083639.770652
7490.647921 -704.471365 341.061971
UTC=2024-01-24T10:26:02.000000
677996.076728 1003605.137501 7069570.848370
7446.487768 -970.975360 -575.244141
UTC=2024-01-24T10:28:02.000000
1562960.831029 871904.730117 6945935.269931
7283.256184 -1220.739617 -1482.702123
UTC=2024-01-24T10:30:02.000000
2421324.682760 711533.563022 6714635.963960
7003.764775 -1447.868891 -2367.330209
UTC=2024-01-24T10:32:02.000000
3239398.635493 525541.905696 6379236.200209
6612.689893 -1646.872734 -3215.471678
UTC=2024-01-24T10:34:02.000000
4004163.662072 317608.732154 5944908.181722
6116.506900 -1812.781867 -4014.001833
UTC=2024-01-24T10:36:02.000000
4703480.915194 91972.575396 5418357.260535
5523.392168 -1941.257322 -4750.525173
UTC=2024-01-24T10:38:02.000000
5326288.887839 -146650.241993 4807722.839335
4843.102914 -2028.690388 -5413.568059
UTC=2024-01-24T10:40:02.000000
5862784.590038 -393158.515798 4122456.457695
4086.830195 -2072.287834 -5992.765444
UTC=2024-01-24T10:42:02.000000
6304585.373265 -642168.337027 3373178.090171
3267.023576 -2070.142049 -6479.036976
UTC=2024-01-24T10:44:02.000000
6644867.873609 -888122.924848 2571512.088244
2397.184619 -2021.286708 -6864.748715
UTC=2024-01-24T10:46:02.000000
6878480.363707 -1125407.787462 1729905.131773
1491.631923 -1925.730437 -7143.848357
UTC=2024-01-24T10:48:02.000000
7002026.268694 -1348468.819264 861429.995773
565.258338 -1784.471770 -7311.969168
UTC=2024-01-24T10:50:02.000000
7013917.892971 -1551930.951704 -20422.088797
-366.726229 -1599.493355 -7366.516440
UTC=2024-01-24T10:52:02.000000
6914397.588117 -1730714.589031 -901957.644190
-1289.078024 -1373.729132 -7306.716889
UTC=2024-01-24T10:54:02.000000
6705525.522646 -1880146.696028 -1769499.949537
-2186.787854 -1111.011333 -7133.622641
UTC=2024-01-24T10:56:02.000000
6391135.429774 -1996064.518598 -2609607.122095
-3045.349707 -815.998394 -6850.087373
UTC=2024-01-24T10:58:02.000000
5976758.878999 -2074909.400213 -3409284.679553
-3851.012232 -494.083752 -6460.700826
UTC=2024-01-24T11:00:02.000000
5469520.820121 -2113808.752640 -4156188.533107
-4591.006187 -151.289585 -5971.695454
UTC=2024-01-24T11:02:02.000000
4878009.315250 -2110644.540733 -4838815.312517
-5253.747768 205.850551 -5390.829352
UTC=2024-01-24T11:04:02.000000
4212122.148995 -2064107.250519 -5446677.205288
-5829.020177 570.416367 -4727.244426
UTC=2024-01-24T11:06:02.000000
3482893.469219 -1973734.388310 -5970458.177605
-6308.121779 935.233760 -3991.299232
UTC=2024-01-24T11:08:02.000000
2702305.232092 -1839932.773259 -6402149.495619
-6683.972414 1293.010935 -3194.395079
UTC=2024-01-24T11:10:02.000000
1883087.446756 -1663984.539081 -6735164.646037
-6951.198308 1636.473765 -2348.804614
UTC=2024-01-24T11:12:02.000000
1038509.151071 -1448036.880035 -6964432.555529
-7106.196131 1958.500446 -1467.479256
UTC=2024-01-24T11:14:02.000000
182164.201901 -1195076.099367 -7086467.509708
-7147.158473 2252.248971 -563.859788
UTC=2024-01-24T11:16:02.000000
-672244.851577 -908886.361581 -7099416.656792
-7074.079587 2511.283988 348.311837
UTC=2024-01-24T11:18:02.000000
-1511122.116481 -593993.684038 -7003085.017856
-6888.739540 2729.696926 1255.177387
UTC=2024-01-24T11:20:02.000000
-2321190.877624 -255595.516967 -6798937.918219
-6594.669035 2902.224234 2142.956007
UTC=2024-01-24T11:22:02.000000
-3089699.946954 100523.001141 -6490080.280793
-6197.083732 3024.351435 2998.131611
UTC=2024-01-24T11:24:02.000000
-3804621.382173 468084.911867 -6081214.264867
-5702.809482 3092.411853 3807.630119
UTC=2024-01-24T11:26:02.000000
-4454838.582080 840428.568974 -5578574.798239
-5120.190550 3103.673824 4559.012063
UTC=2024-01-24T11:28:02.000000
-5030321.212488 1210624.357454 -4989842.295426
-4458.966269 3056.414928 5240.654257
UTC=2024-01-24T11:30:02.000000
-5522284.741600 1571599.977927 -4324033.830748
-3730.134438 2949.988795 5841.934487
UTC=2024-01-24T11:32:02.000000
-5923331.266582 1916272.223170 -3591371.925127
-2945.777300 2784.864327 6353.411765
UTC=2024-01-24T11:34:02.000000
-6227568.499766 2237682.073364 -2803133.077967
-2118.873198 2562.644073 6766.986937
UTC=2024-01-24T11:36:02.000000
-6430704.907783 2529130.917577 -1971477.670825
-1263.086215 2286.063761 7076.050836
UTC=2024-01-24T11:38:02.000000
-6530118.403445 2784315.337745 -1109263.250436
-392.536604 1958.967794 7275.612733
UTC=2024-01-24T11:40:02.000000
-6524896.518113 2997457.307722 -229843.893826
478.443927 1586.257546 7362.402510
UTC=2024-01-24T11:42:02.000000
-6415846.480405 3163426.652057 653140.908729
1335.569155 1173.814395 7334.942017
UTC=2024-01-24T11:44:02.000000
-6205474.157605 3277852.982668 1525983.562608
2164.856926 728.402234 7193.576710
UTC=2024-01-24T11:46:02.000000
-5897932.485794 3337224.627199 2375127.444872
2952.879351 257.546992 6940.473783
UTC=2024-01-24T11:48:02.000000
-5498940.610442 3338971.932390 3187383.429658
3686.998101 -230.600610 6579.582090
UTC=2024-01-24T11:50:02.000000
-5015675.886047 3281533.308038 3950139.973779
4355.583581 -727.417167 6116.564645
UTC=2024-01-24T11:52:02.000000
-4456640.639518 3164402.170533 4651562.722328
4948.212468 -1223.969758 5558.690649
UTC=2024-01-24T11:54:02.000000
-3831507.405886 2988154.319307 5280779.396028
5455.828715 -1711.178986 4914.702579
UTC=2024-01-24T11:56:02.000000
-3150946.501177 2754455.652123 5828048.039300
5870.880188 -2179.983449 4194.670371
UTC=2024-01-24T11:58:02.000000
-2426438.487561 2466049.955298 6284906.223513
6187.429809 -2621.507819 3409.818986
UTC=2024-01-24T12:00:02.000000
-1670075.660198 2126726.692166 6644298.559331
6401.229453 -3027.225957 2572.342038
UTC=2024-01-24T12:02:02.000000
-894356.472846 1741269.764172 6900680.991468
6509.760536 -3389.114602 1695.201319
UTC=2024-01-24T12:04:02.000000
-111977.520788 1315388.466497 7050101.346612
6512.239652 -3699.797210 791.934969
UTC=2024-01-24T12:06:02.000000
664374.525031 855631.682312 7090256.815264
6409.612299 -3952.678631 -123.539799
UTC=2024-01-24T12:08:02.000000
1422228.555374 369286.624209 7020527.220178
6204.517672 -4142.068116 -1037.129737
UTC=2024-01-24T12:10:02.000000
2149529.014720 -135736.553774 6841984.161308
5901.231279 -4263.292086 -1934.765040
UTC=2024-01-24T12:12:02.000000
2834827.831021 -651033.083383 6557376.170570
5505.587925 -4312.796138 -2802.600699
UTC=2024-01-24T12:14:02.000000
3467465.927374 -1167843.036211 6171089.444398
5024.884707 -4288.227824 -3627.221119
UTC=2024-01-24T12:16:02.000000
4037741.714321 -1677199.874486 5689084.125476
4467.760108 -4188.506155 -4395.843645
UTC=2024-01-24T12:18:02.000000
4537063.432857 -2170086.039737 5118806.323049
3844.047089 -4013.867358 -5096.516072
UTC=2024-01-24T12:20:02.000000
4958083.092551 -2637592.750531 4469077.374133
3164.614681 -3765.891317 -5718.300864
UTC=2024-01-24T12:22:02.000000
5294810.400111 -3071081.860958 3749960.968363
2441.190301 -3447.506999 -6251.460195
UTC=2024-01-24T12:24:02.000000
5542703.805473 -3462346.443065 2972608.554087
1686.156407 -3062.965280 -6687.629455
UTC=2024-01-24T12:26:02.000000
5698735.931331 -3803766.385357 2149085.560683
912.329409 -2617.784787 -7019.961614
UTC=2024-01-24T12:28:02.000000
5761432.230670 -4088456.210966 1292181.957643
132.735686 -2118.675766 -7243.247106
UTC=2024-01-24T12:30:02.000000
5730882.269182 -4310401.811603 415209.458028
-639.622070 -1573.429731 -7354.012275
UTC=2024-01-24T12:32:02.000000
5608722.939207 -4464582.545345 -468210.632166
-1391.996081 -990.790110 -7350.579642
UTC=2024-01-24T12:34:02.000000
5398093.957773 -4547076.406175 -1344365.370225
-2112.124812 -380.295654 -7233.100530
UTC=2024-01-24T12:36:02.000000
5103566.330599 -4555145.188019 -2199669.320610
-2788.450132 247.892077 -7003.544474
UTC=2024-01-24T12:38:02.000000
4731045.668256 -4487298.221243 -3020880.389623
-3410.317960 883.173637 -6665.653683
UTC=2024-01-24T12:40:02.000000
4287652.929781 -4343333.532545 -3795308.256677
-3968.154241 1514.703108 -6224.867017
UTC=2024-01-24T12:42:02.000000
3781585.432452 -4124355.563796 -4511011.762227
-4453.616190 2131.585061 -5688.211139
UTC=2024-01-24T12:44:02.000000
3221961.551362 -3832769.565480 -5156981.710494
-4859.713722 2723.066754 -5064.167974
UTC=2024-01-24T12:46:02.000000
2618652.574347 -3472253.155006 -5723306.249541
-5180.900336 3278.724739 -4362.516575
UTC=2024-01-24T12:48:02.000000
1982105.909043 -3047706.384968 -6201316.373037
-5413.127126 3788.635721 -3594.164375
UTC=2024-01-24T12:50:02.000000
1323163.219117 -2565181.986541 -6583711.414330
-5553.876715 4243.539047 -2770.980890
UTC=2024-01-24T12:52:02.000000
652875.530980 -2031796.083263 -6864663.587458
-5602.176302 4634.997564 -1905.611612
UTC=2024-01-24T12:54:02.000000
-17681.151479 -1455620.839438 -7039899.238534
-5558.576739 4955.535370 -1011.281200
UTC=2024-01-24T12:56:02.000000
-677586.246650 -845561.784163 -7106756.974649
-5425.108700 5198.757900 -101.605258
UTC=2024-01-24T12:58:02.000000
-1316248.863827 -211221.482113 -7064223.580907
-5205.226427 5359.459742 809.593252
UTC=2024-01-24T13:00:02.000000
-1923574.571376 437249.098646 -6912947.474824
-4903.735640 5433.720554 1708.475404
UTC=2024-01-24T13:02:02.000000
-2490122.026229 1089309.650944 -6655229.358481
-4526.698464 5418.983903 2581.372503
UTC=2024-01-24T13:04:02.000000
-3007247.473983 1734198.236143 -6294990.783263
-4081.327668 5314.121400 3414.969694
UTC=2024-01-24T13:06:02.000000
-3467236.044003 2361105.663741 -5837720.710067
-3575.871587 5119.481046 4196.489059
UTC=2024-01-24T13:08:02.000000
-3863418.409741 2959354.800974 -5290399.830966
-3019.484740 4836.918944 4913.878503
UTC=2024-01-24T13:10:02.000000
-4190270.861626 3518582.098905 -4661401.895501
-2422.079580 4469.803669 5556.003886
UTC=2024-01-24T13:12:02.000000
-4443496.290396 4028917.942649 -3960372.604739
-1794.157672 4022.992990 6112.828570
UTC=2024-01-24T13:14:02.000000
-4620084.280636 4481162.767837 -3198087.974197
-1146.633004 3502.786635 6575.577261
UTC=2024-01-24T13:16:02.000000
-4718349.821272 4866955.780899 -2386293.430902
-490.649794 2916.848362 6936.893355
UTC=2024-01-24T13:18:02.000000
-4737949.350937 5178932.448134 -1537525.235253
162.610659 2274.099488 7190.973533
UTC=2024-01-24T13:20:02.000000
-4679873.592410 5410867.875515 -664916.864304
802.125128 1584.588201 7333.685786
UTC=2024-01-24T13:22:02.000000
-4546416.221448 5557802.341700 218007.435854
1417.235249 859.320879 7362.659849
UTC=2024-01-24T13:24:02.000000
-4341118.538087 5616145.013673 1097546.967030
1997.835065 110.075420 7277.332012
UTC=2024-01-24T13:26:02.000000
-4068692.183575 5583754.531369 1960043.475347
2534.555784 -650.806491 7078.973554
UTC=2024-01-24T13:28:02.000000
-3734920.099715 5459992.976943 2792100.349628
3018.938124 -1410.646742 6770.666613
UTC=2024-01-24T13:30:02.000000
-3346538.228929 5245752.573262 3580796.520444
3443.579620 -2156.659271 6357.241297
UTC=2024-01-24T13:32:02.000000
-2911101.557421 4943455.084290 4313890.999954
3802.249374 -2876.174935 5845.185947
UTC=2024-01-24T13:34:02.000000
-2436837.614230 4557024.275762 4980015.399096
4089.982688 -3556.867029 5242.533638
UTC=2024-01-24T13:36:02.000000
-1932490.347404 4091831.624126 5568850.986332
4303.146037 -4186.968926 4558.720403
UTC=2024-01-24T13:38:02.000000
-1407157.704814 3554616.700634 6071287.422291
4439.476941 -4755.478221 3804.420579
UTC=2024-01-24T13:40:02.000000
-870126.335508 2953384.131091 6479560.592667
4498.091950 -5252.342729 2991.366132
UTC=2024-01-24T13:42:02.000000
-330706.971627 2297279.422774 6787368.162115
4479.467795 -5668.624541 2132.156233
UTC=2024-01-24T13:44:02.000000
201926.674705 1596446.606018 6989962.430100
4385.404553 -5996.643654 1240.070616
UTC=2024-01-24T13:46:02.000000
718893.723050 861868.991338 7084219.980981
4218.971086 -6230.111271 328.865891
UTC=2024-01-24T13:48:02.000000
1211753.810924 105195.896557 7068686.642729
3984.426202 -6364.231649 -587.426178
UTC=2024-01-24T13:50:02.000000
1672644.506999 -661441.996108 6943598.826668
3687.126873 -6395.792043 -1494.694416
UTC=2024-01-24T13:52:02.000000
2094406.849815 -1425627.183768 6710880.706897
3333.421440 -6323.233624 -2378.955303
UTC=2024-01-24T13:54:02.000000
2470697.231416 -2174856.558318 6374116.775858
2930.530254 -6146.694895 -3226.553506
UTC=2024-01-24T13:56:02.000000
2796084.332607 -2896746.864291 5938500.222246
2486.414493 -5868.035993 -4024.367235
UTC=2024-01-24T13:58:02.000000
3066129.352678 -3579241.172039 5410756.756374
2009.629549 -5490.832495 -4760.008913
UTC=2024-01-24T14:00:02.000000
3277448.126584 -4210813.026179 4799044.918470
1509.171732 -5020.342370 -5422.016693
UTC=2024-01-24T14:02:02.000000
3427754.661419 -4780665.155077 4112833.776470
994.319868 -4463.448433 -6000.041893
UTC=2024-01-24T14:04:02.000000
3515884.799081 -5278919.098178 3362758.425393
474.463732 -3828.562725 -6485.026260
UTC=2024-01-24T14:06:02.000000
3541799.306923 -5696791.632006 2560455.714380
-41.066520 -3125.504272 -6869.357392
UTC=2024-01-24T14:08:02.000000
3506566.235091 -6026754.598092 1718382.227099
-543.175211 -2365.343239 -7147.005597
UTC=2024-01-24T14:10:02.000000
3412322.617086 -6262674.156320 849617.637198
-1023.168445 -1560.214547 -7313.630843
UTC=2024-01-24T14:12:02.000000
3262216.848522 -6399926.367402 -32342.745359
-1472.909176 -723.114513 -7366.656249
UTC=2024-01-24T14:14:02.000000
3060332.846004 -6435487.769501 -913803.207742
-1884.967531 132.319710 -7305.326298
UTC=2024-01-24T14:16:02.000000
2811596.533597 -6367996.919110 -1781087.418519
-2252.760463 992.066971 -7130.715268
UTC=2024-01-24T14:18:02.000000
2521667.459359 -6197785.800672 -2620756.188767
-2570.660210 1841.965296 -6845.695483
UTC=2024-01-24T14:20:02.000000
2196818.457961 -5926881.687294 -3419820.556733
-2834.088165 2667.965061 -6454.885946
UTC=2024-01-24T14:22:02.000000
1843805.065007 -5558978.196760 -4165945.781810
-3039.585447 3456.384637 -5964.551193
UTC=2024-01-24T14:24:02.000000
1469729.044834 -5099376.892462 -4847641.329456
-3184.844282 4194.143265 -5382.474417
UTC=2024-01-24T14:26:02.000000
1081899.270340 -4554902.373026 -5454434.699063
-3268.720907 4868.971428 -4717.814673
UTC=2024-01-24T14:28:02.000000
687692.356719 -3933793.059351 -5977027.226859
-3291.226947 5469.606253 -3980.949007
UTC=2024-01-24T14:30:02.000000
294415.569852 -3245569.617878 -6407429.876445
-3253.499750 5985.966794 -3183.297390
UTC=2024-01-24T14:32:02.000000
-90825.389352 -2500883.905245 -6739077.511721
-3157.751367 6409.304086 -2337.141005
UTC=2024-01-24T14:34:02.000000
-461251.414772 -1711351.202908 -6966921.134128
-3007.200239 6732.329296 -1455.436314
UTC=2024-01-24T14:36:02.000000
-810525.883352 -889368.498334 -7087497.716313
-2805.987788 6949.318951 -551.628775
UTC=2024-01-24T14:38:02.000000
-1132859.919533 -47921.219818 -7098977.548325
-2559.085581 7056.201379 360.537629
UTC=2024-01-24T14:40:02.000000
-1423105.968979 799618.760534 -7001188.500617
-2272.192600 7050.615578 1267.211033
UTC=2024-01-24T14:42:02.000000
-1676838.356149 1639701.236729 -6795618.025185
-1951.621415 6931.956750 2154.615182
UTC=2024-01-24T14:44:02.000000
-1890419.722146 2458809.993392 -6485392.804239
-1604.178147 6701.397948 3009.235314
UTC=2024-01-24T14:46:02.000000
-2061053.039202 3243676.805576 -6075236.557051
-1237.041032 6361.899378 3818.001583
UTC=2024-01-24T14:48:02.000000
-2186818.376570 3981495.013502 -5571404.973759
-857.627806 5918.187566 4568.481430
UTC=2024-01-24T14:50:02.000000
-2266693.722153 4660129.100433 -4981598.254076
-473.463882 5376.712767 5249.063980
UTC=2024-01-24T14:52:02.000000
-2300559.714947 5268317.514445 -4314851.082166
-92.044459 4745.575210 5849.149515
UTC=2024-01-24T14:54:02.000000
-2289187.531819 5795864.362075 -3581400.579965
279.306818 4034.414805 6359.324394
UTC=2024-01-24T14:56:02.000000
-2234209.930771 6233816.330559 -2792534.544646
633.576456 3254.277692 6771.515969
UTC=2024-01-24T14:58:02.000000
-2138076.094426 6574622.308487 -1960421.536225
964.192232 2417.457966 7079.141971
UTC=2024-01-24T15:00:02.000000
-2003991.040854 6812271.504447 -1097923.890004
1265.149589 1537.297541 7277.239367
UTC=2024-01-24T15:02:02.000000
-1835840.456624 6942406.215847 -218397.762950
1531.126646 627.969830 7362.554412
UTC=2024-01-24T15:04:02.000000
-1638102.463322 6962408.116049 664516.809921
1757.587470 -295.750787 7333.621986
UTC=2024-01-24T15:06:02.000000
-1415747.845493 6871454.259521 1537114.088218
1940.870269 -1218.764216 7190.814716
UTC=2024-01-24T15:08:02.000000
-1174130.805446 6670539.015005 2385842.836470
2078.255794 -2125.927252 6936.328944
UTC=2024-01-24T15:10:02.000000
-918873.087480 6362463.254800 3197522.482156
2168.009106 -3002.317835 6574.136210
UTC=2024-01-24T15:12:02.000000
-655744.474652 5951792.378977 3959552.096160
2209.399397 -3833.491092 6109.911299
UTC=2024-01-24T15:14:02.000000
-390542.250211 5444784.259942 4660109.391500
2202.697403 -4605.725770 5550.941031
UTC=2024-01-24T15:16:02.000000
-128971.722571 4849286.927974 5288337.152843
2149.161288 -5306.281205 4905.993918
UTC=2024-01-24T15:18:02.000000
123469.947748 4174608.289204 5834510.242629
2050.991770 -5923.593814 4185.143475
UTC=2024-01-24T15:20:02.000000
361603.040484 3431364.495023 6290183.347485
1911.267495 -6447.455289 3399.618981
UTC=2024-01-24T15:22:02.000000
580666.188841 2631306.629986 6648318.599362
1733.868084 -6869.181398 2561.615385
UTC=2024-01-24T15:24:02.000000
776407.157252 1787130.095589 6903389.903431
1523.383473 -7181.737817 1684.102539
UTC=2024-01-24T15:26:02.000000
945162.070695 912269.823781 7051464.171286
1285.011726 -7379.848340 780.626085
UTC=2024-01-24T15:28:02.000000
1083921.768837 20684.757567 7090258.143529
1024.447636 -7460.064926 -134.894654
UTC=2024-01-24T15:30:02.000000
1190384.397078 -873364.838190 7019171.776813
747.764512 -7420.822485 -1048.358458
UTC=2024-01-24T15:32:02.000000
1262993.438368 -1755545.789215 6839297.669663
461.290366 -7262.472734 -1945.690863
UTC=2024-01-24T15:34:02.000000
1300960.659531 -2611682.254145 6553405.600893
171.480648 -6987.285236 -2813.047024
UTC=2024-01-24T15:36:02.000000
1304273.652670 -3427984.945864 6165902.587972
-115.212034 -6599.426392 -3637.019621
UTC=2024-01-24T15:38:02.000000
1273687.564014 -4191275.515965 5682767.909683
-392.468296 -6104.899038 -4404.844469
UTC=2024-01-24T15:40:02.000000
1210701.795472 -4889201.909245 5111464.509785
-654.223676 -5511.456593 -5104.588119
UTC=2024-01-24T15:42:02.000000
1117522.094534 -5510442.635366 4460828.421086
-894.790209 -4828.503325 -5725.330381
UTC=2024-01-24T15:44:02.000000
997008.243793 -6044897.381712 3740935.839053
-1108.974311 -4066.961629 -6257.352876
UTC=2024-01-24T15:46:02.000000
852608.133627 -6483858.920823 2962948.409727
-1292.184979 -3239.095388 -6692.308822
UTC=2024-01-24T15:48:02.000000
688279.384178 -6820162.283441 2138939.877290
-1440.533428 -2358.309926 -7023.365427
UTC=2024-01-24T15:50:02.000000
508399.915801 -7048308.587327 1281706.916016
-1550.915060 -1438.929521 -7245.324595
UTC=2024-01-24T15:52:02.000000
317669.824449 -7164561.217971 404566.790933
-1621.075537 -495.958821 -7354.723809
UTC=2024-01-24T15:54:02.000000
121005.952599 -7167011.328062 -478855.851687
-1649.662713 455.192347 -7349.910393
UTC=2024-01-24T15:56:02.000000
-76567.949238 -7055609.217113 -1354847.912057
-1636.248931 1398.994688 -7231.062615
UTC=2024-01-24T15:58:02.000000
-270032.518646 -6832162.103710 -2209826.811891
-1581.333789 2320.073415 -7000.172193
UTC=2024-01-24T16:00:02.000000
-454483.263805 -6500299.699523 -3030555.739975
-1486.328109 3203.472190 -6661.000868
UTC=2024-01-24T16:02:02.000000
-625238.054423 -6065408.364589 -3804352.010893
-1353.519679 4034.912171 -6219.007356
UTC=2024-01-24T16:04:02.000000
-777939.268673 -5534534.877686 -4519284.596569
-1186.018350 4801.037611 -5681.239316
UTC=2024-01-24T16:06:02.000000
-908648.223807 -4916262.423355 -5164356.622403
-987.683388 5489.630011 -5056.193921
UTC=2024-01-24T16:08:02.000000
-1013930.092460 -4220562.855778 -5729670.347996
-763.037606 6089.792297 -4353.666456
UTC=2024-01-24T16:10:02.000000
-1090927.700676 -3458628.288284 -6206573.090271
-517.168477 6592.107887 -3584.583757
UTC=2024-01-24T16:12:02.000000
-1137422.941023 -2642685.327652 -6587782.452711
-255.621291 6988.771459 -2760.826551
UTC=2024-01-24T16:14:02.000000
-1151884.985275 -1785795.326699 -6867489.587224
15.713808 7273.689704 -1895.041734
UTC=2024-01-24T16:16:02.000000
-1133504.708132 -901644.485354 -7041439.906682
290.718138 7442.551903 -1000.455942
UTC=2024-01-24T16:18:02.000000
-1082214.950376 -4326.701774 -7106991.433781
563.164958 7492.879927 -90.687178
UTC=2024-01-24T16:20:02.000000
-998696.052725 891877.809127 -7063150.263108
826.842796 7424.047770 820.445009
UTC=2024-01-24T16:22:02.000000
-884366.849534 1772725.121806 -6910583.823476
1075.674611 7237.285564 1719.103029
UTC=2024-01-24T16:24:02.000000
-741361.478802 2624229.395573 -6651611.744313
1303.835381 6935.659765 2591.617533
UTC=2024-01-24T16:26:02.000000
-572492.045938 3432881.382363 -6290174.798110
1505.869981 6524.040077 3424.670730
UTC=2024-01-24T16:28:02.000000
-381197.373903 4185861.530334 -5831781.052566
1676.806875 6009.038230 4205.491091
UTC=2024-01-24T16:30:02.000000
-171478.503385 4871243.739069 -5283429.082884
1812.263866 5398.917487 4922.038314
UTC=2024-01-24T16:32:02.000000
52177.864514 5478187.422467 -4653509.221271
1908.544372 4703.485999 5563.188049
UTC=2024-01-24T16:34:02.000000
284887.047179 5997114.815301 -3951682.561766
1962.725662 3933.956575 6118.914778
UTC=2024-01-24T16:36:02.000000
521463.874846 6419869.598480 -3188738.810966
1972.733487 3102.776999 6580.460447
UTC=2024-01-24T16:38:02.000000
756528.213364 6739853.849515 -2376434.835793
1937.401202 2223.438873 6940.488600
UTC=2024-01-24T16:40:02.000000
984616.574758 6952140.500839 -1527315.498520
1856.511568 1310.259518 7193.223814
UTC=2024-01-24T16:42:02.000000
1200297.546300 7053558.076002 -654519.194241
1730.818332 378.139521 7334.565919
UTC=2024-01-24T16:44:02.000000
1398288.589064 7042745.215936 228428.585707
1562.047041 -557.698112 7362.174922
UTC=2024-01-24T16:46:02.000000
1573571.376374 6920173.031830 1107829.758503
1352.869298 -1481.980396 7275.518837
UTC=2024-01-24T16:48:02.000000
1721502.710855 6688135.022832 1970031.606944
1106.856769 -2379.651206 7075.885358
UTC=2024-01-24T16:50:02.000000
1837918.942425 6350705.190576 2801644.358467
828.418078 -3236.135259 6766.362988
UTC=2024-01-24T16:52:02.000000
1919231.680262 5913664.965679 3589754.474929
522.716968 -4037.592001 6351.790081
UTC=2024-01-24T16:54:02.000000
1962512.485121 5384400.232328 4322130.086041
195.570778 -4771.160417 5838.671534
UTC=2024-01-24T16:56:02.000000
1965564.611346 4771770.340374 4987414.207656
-146.663184 -5425.179145 5235.063570
UTC=2024-01-24T16:58:02.000000
1926980.083985 4085951.776870 5575302.268272
-497.218602 -5989.385446 4550.419465
UTC=2024-01-24T17:00:02.000000
1846180.949287 3338261.579314 6076699.151485
-849.048976 -6455.053569 3795.417630
UTC=2024-01-24T17:02:02.000000
1723445.038248 2540965.363142 6483856.649636
-1194.961339 -6815.119471 2981.798641
UTC=2024-01-24T17:04:02.000000
1559915.085910 1707071.441791 6790489.807361
-1527.756563 -7064.283089 2122.176499
UTC=2024-01-24T17:06:02.000000
1357591.188433 850114.808798 6991869.644209
-1840.367403 -7199.073812 1229.835778
UTC=2024-01-24T17:08:02.000000
1119306.858518 -16064.235056 7084891.523475
-2125.992632 -7217.875828 318.533013
UTC=2024-01-24T17:10:02.000000
848689.220974 -877543.483232 7068120.624307
-2378.228694 -7120.942260 -597.691125
UTC=2024-01-24T17:12:02.000000
550103.471048 -1720543.100521 6941813.554212
-2591.198828 -6910.387441 -1504.722108
UTC=2024-01-24T17:14:02.000000
228582.291627 -2531646.598592 6707914.834400
-2759.674512 -6590.144633 -2388.576533
UTC=2024-01-24T17:16:02.000000
-110258.708890 -3298015.643393 6370028.584525
-2879.185853 -6165.902421 -3235.614245
UTC=2024-01-24T17:18:02.000000
-460317.793271 -4007594.752124 5933364.802592
-2946.115339 -5645.000678 -4032.741608
UTC=2024-01-24T17:20:02.000000
-815114.560567 -4649302.594415 5404662.874853
-2957.782960 -5036.315914 -4767.592295
UTC=2024-01-24T17:22:02.000000
-1167907.261278 -5213209.183074 4792093.352092
-2912.525406 -4350.138451 -5428.712633
UTC=2024-01-24T17:24:02.000000
-1511818.712132 -5690696.581988 4105136.418934
-2809.756214 -3598.015359 -6005.761722
UTC=2024-01-24T17:26:02.000000
-1839967.778410 -6074598.217572 3354437.208645
-2650.000183 -2792.554098 -6489.692263
UTC=2024-01-24T17:28:02.000000
-2145603.823717 -6359313.293492 2551641.162441
-2434.908196 -1947.206656 -6872.903407
UTC=2024-01-24T17:30:02.000000
-2422241.608454 -6540894.565616 1709212.153878
-2167.248730 -1076.040239 -7149.376947
UTC=2024-01-24T17:32:02.000000
-2663793.372870 -6617107.439919 840235.526547
-1850.869653 -193.489760 -7314.788798
UTC=2024-01-24T17:34:02.000000
-2864694.987931 -6587458.805526 -41790.176408
-1490.638426 685.898206 -7366.586699
UTC=2024-01-24T17:36:02.000000
-3020023.589384 -6453194.859973 -923168.866871
-1092.359956 1547.724985 -7304.035171
UTC=2024-01-24T17:38:02.000000
-3125604.143657 -6217267.860125 -1790225.893308
-662.674534 2377.997286 -7128.225577
UTC=2024-01-24T17:40:02.000000
-3178102.623361 -5884272.500642 -2629526.060175
-208.937040 3163.374429 -6842.050471
UTC=2024-01-24T17:42:02.000000
-3175103.627210 -5460353.483823 -3428086.557125
260.921389 3891.401008 -6450.143925
UTC=2024-01-24T17:44:02.000000
-3115170.536724 -4953086.404619 -4173580.438266
738.544595 4550.716340 -5958.783832
UTC=2024-01-24T17:46:02.000000
-2997887.220434 -4371335.530860 -4854526.558748
1215.306549 5131.229738 -5375.766627
UTC=2024-01-24T17:48:02.000000
-2823881.064976 -3725092.383865 -5460463.417655
1682.467297 5624.266407 -4710.264657
UTC=2024-01-24T17:50:02.000000
-2594827.309182 -3025298.479913 -5982104.852087
2131.328528 6022.684997 -3972.666833
UTC=2024-01-24T17:52:02.000000
-2313434.697761 -2283655.769443 -6411475.823208
2553.389404 6320.965086 -3174.406843
UTC=2024-01-24T17:54:02.000000
-1983412.555326 -1512428.290589 -6742026.901330
2940.498899 6515.266322 -2327.779261
UTC=2024-01-24T17:56:02.000000
-1609420.305809 -724238.590915 -6968726.046957
3284.995333 6603.456059 -1445.747562
UTC=2024-01-24T17:58:02.000000
-1197000.886762 68137.449096 -7088127.482982
3579.836192 6585.109030 -541.754988
UTC=2024-01-24T18:00:02.000000
-752498.919827 851974.275370 -7098418.332051
3818.723177 6461.484639 370.456735
UTC=2024-01-24T18:02:02.000000
-282964.274301 1614796.880423 -6999443.266548
3996.218194 6235.490918 1277.035855
UTC=2024-01-24T18:04:02.000000
203957.271916 2344575.140478 -6792706.533388
4107.844284 5911.624105 2164.203346
UTC=2024-01-24T18:06:02.000000
700145.536830 3029910.499087 -6481352.430878
4150.188110 5495.900728 3018.436937
UTC=2024-01-24T18:08:02.000000
1197138.842311 3660212.940862 -6070122.517872
4120.982733 4995.761412 3826.670556
UTC=2024-01-24T18:10:02.000000
1686275.444717 4225864.843131 -5565289.596029
4019.170662 4419.951470 4576.479104
UTC=2024-01-24T18:12:02.000000
2158841.984395 4718369.933037 -4974569.959478
3844.956254 3778.391826 5256.260649
UTC=2024-01-24T18:14:02.000000
2606226.995786 5130485.593910 -4307013.340011
3599.836275 3082.028181 5855.424186
UTC=2024-01-24T18:16:02.000000
3020076.549125 5456335.384000 -3572870.891682
3286.605610 2342.653825 6364.564101
UTC=2024-01-24T18:18:02.000000
3392449.450188 5691499.588367 -2783443.268697
2909.344112 1572.721274 6775.621173
UTC=2024-01-24T18:20:02.000000
3715969.245584 5833081.881095 -1950909.775245
2473.374431 785.131200 7082.033139
UTC=2024-01-24T18:22:02.000000
3983969.286566 5879749.898254 -1088141.035810
1985.189794 -6.988490 7278.859528
UTC=2024-01-24T18:24:02.000000
4190627.521873 5831748.716315 -208498.038248
1452.355022 -790.514336 7362.881784
UTC=2024-01-24T18:26:02.000000
4331087.968260 5690886.174269 674378.771044
883.383918 -1552.563146 7332.669112
UTC=2024-01-24T18:28:02.000000
4401565.962773 5460489.951081 1546786.189392
287.591592 -2280.725023 7188.607647
UTC=2024-01-24T18:30:02.000000
4399434.691272 5145337.895020 2395176.183516
-325.066421 -2963.273528 6932.895784
UTC=2024-01-24T18:32:02.000000
4323291.805822 4751563.567739 3206372.513249
-944.171283 -3589.376923 6569.523836
UTC=2024-01-24T18:34:02.000000
4173002.847195 4286536.587628 3967781.257980
-1559.041852 -4149.293144 6104.189201
UTC=2024-01-24T18:36:02.000000
3949721.650504 3758722.478445 4667589.391775
-2158.918963 -4634.523238 5544.190798
UTC=2024-01-24T18:38:02.000000
3655888.053066 3177525.572678 5294949.997967
-2733.163113 -5037.939239 4898.310117
UTC=2024-01-24T18:40:02.000000
3295201.152256 2553117.446570 5840151.070797
-3271.457181 -5353.896905 4176.648603
UTC=2024-01-24T18:42:02.000000
2872570.212262 1896254.725843 6294762.788005
-3763.976266 -5578.297472 3390.447450
UTC=2024-01-24T18:44:02.000000
2394045.400802 1218090.856349 6651764.109141
-4201.558940 -5708.631277 2551.912983
UTC=2024-01-24T18:46:02.000000
1866728.282614 529984.486944 6905646.758792
-4575.868414 -5743.985953 1674.019103
UTC=2024-01-24T18:48:02.000000
1298664.122183 -156691.154676 7052495.870915
-4879.535950 -5685.027047 770.317522
UTC=2024-01-24T18:50:02.000000
698717.677849 -830736.152335 7090047.758745
-5106.293360 -5533.971622 -145.258663
UTC=2024-01-24T18:52:02.000000
76433.872468 -1481307.067792 7017723.022145
-5251.090752 -5294.531588 -1058.605278
UTC=2024-01-24T18:54:02.000000
-558114.586306 -2098091.678341 6836634.793637
-5310.196786 -4971.834108 -1955.652539
UTC=2024-01-24T18:56:02.000000
-1194490.363542 -2671473.031358 6549571.994226
-5281.276024 -4572.320745 -2822.574922
UTC=2024-01-24T18:58:02.000000
-1822062.264423 -3192679.971090 6160958.138025
-5163.440958 -4103.625958 -3645.984860
UTC=2024-01-24T19:00:02.000000
-2430181.971722 -3653922.881032 5676787.764225
-4957.301347 -3574.452624 -4413.118801
UTC=2024-01-24T19:02:02.000000
-3008365.954163 -4048513.584000 5104539.556913
-4664.996728 -2994.429129 -5112.038852
UTC=2024-01-24T19:04:02.000000
-3546479.148662 -4370966.491355 4453064.989902
-4290.190553 -2373.940335 -5731.835375
UTC=2024-01-24T19:06:02.000000
-4034915.537413 -4617078.503494 3732453.845054
-3838.027663 -1723.945251 -6262.808067
UTC=2024-01-24T19:08:02.000000
-4464772.114537 -4783986.554120 2953879.264395
-3315.067268 -1055.786589 -6696.625978
UTC=2024-01-24T19:10:02.000000
-4828013.625448 -4870201.968835 2129424.635621
-2729.195697 -380.994239 -7026.473075
UTC=2024-01-24T19:12:02.000000
-5117624.911781 -4875620.407657 1271893.810938
-2089.505107 288.924919 -7247.175855
UTC=2024-01-24T19:14:02.000000
-5327746.832807 -4801506.496369 394608.130338
-1406.143523 942.695956 -7355.296119
UTC=2024-01-24T19:16:02.000000
-5453792.844674 -4650453.715041 -488805.950063
-690.142124 1569.479619 -7349.194780
UTC=2024-01-24T19:18:02.000000
-5492543.473694 -4426320.289027 -1364634.998468
46.780203 2159.068080 -7229.063819
UTC=2024-01-24T19:20:02.000000
-5442216.073692 -4134142.108327 -2219298.332129
792.432330 2702.070937 -6996.918446
UTC=2024-01-24T19:22:02.000000
-5302508.088429 -3780024.674387 -3039564.051105
1534.374144 3190.075692 -6656.545115
UTC=2024-01-24T19:24:02.000000
-5074613.698389 -3371017.568613 -3812757.015224
2260.136635 3615.780453 -6213.420977
UTC=2024-01-24T19:26:02.000000
-4761214.239458 -2914974.430455 -4526955.576909
2957.438936 3973.102087 -5674.607472
UTC=2024-01-24T19:28:02.000000
-4366442.723111 -2420401.486638 -5171174.042854
3614.402008 4257.258427 -5048.618059
UTC=2024-01-24T19:30:02.000000
-3895823.477096 -1896298.014522 -5735527.841781
4219.748229 4464.820755 -4345.264512
UTC=2024-01-24T19:32:02.000000
-3356188.777371 -1351992.025354 -6211379.350407
4762.985424 4593.741180 -3575.488221
UTC=2024-01-24T19:34:02.000000
-2755574.351811 -796974.310699 -6591462.761101
5234.575001 4643.352365 -2751.180974
UTC=2024-01-24T19:36:02.000000
-2103095.646167 -240734.065365 -6869986.991398
5626.083976 4614.342018 -1884.997755
UTC=2024-01-24T19:38:02.000000
-1408807.184940 307401.017192 -7042715.676192
5930.312690 4508.704176 -990.163991
UTC=2024-01-24T19:40:02.000000
-683548.127830 838417.767494 -7107024.692508
6141.401171 4329.676240 -80.295374
UTC=2024-01-24T19:42:02.000000
61224.585277 1343762.523531 -7061937.840831
6254.927018 4081.664182 830.790493
UTC=2024-01-24T19:44:02.000000
813613.395736 1815475.694350 -6908140.188919
6267.982075 3770.148066 1729.251540
UTC=2024-01-24T19:46:02.000000
1561466.536972 2246315.079704 -6647969.979094
6179.247387 3401.586110 2601.411812
UTC=2024-01-24T19:48:02.000000
2292571.346668 2629866.296087 -6285386.709756
5989.032276 2983.296992 3433.956822
UTC=2024-01-24T19:50:02.000000
2994851.274570 2960638.485240 -5825916.396323
5699.296581 2523.330851 4214.124707
UTC=2024-01-24T19:52:02.000000
3656563.725974 3234143.754783 -5276574.281156
5313.645305 2030.331302 4929.885594
UTC=2024-01-24T19:54:02.000000
4266496.777521 3446960.100069 -4645766.152717
4837.312322 1513.394172 5570.125494
UTC=2024-01-24T19:56:02.000000
4814161.890888 3596776.265544 -3943167.264096
4277.109203 981.908985 6124.830375
UTC=2024-01-24T19:58:02.000000
5289978.471854 3682417.078208 -3179579.832785
3641.339150 445.393229 6585.258309
UTC=2024-01-24T20:00:02.000000
5685446.204608 3703848.955211 -2366771.203780
2939.683487 -86.671614 6944.090115
UTC=2024-01-24T20:02:02.000000
5993302.477591 3662165.352927 -1517294.499545
2183.062450 -605.012584 7195.570349
UTC=2024-01-24T20:04:02.000000
6207660.719424 3559551.323478 -644293.972174
1383.458592 -1100.736894 7335.617807
UTC=2024-01-24T20:06:02.000000
6324126.320507 3399228.090437 238701.060764
553.720830 -1565.494807 7361.907682
UTC=2024-01-24T20:08:02.000000
6339887.584822 3185378.350135 1117990.477196
-292.656873 -1991.636072 7273.923421
UTC=2024-01-24T20:10:02.000000
6253778.787504 2923054.011379 1979921.543273
-1141.776204 -2372.344690 7072.970897
UTC=2024-01-24T20:12:02.000000
6066314.103161 2618068.863529 2811106.902457
-1979.578572 -2701.757723 6762.162125
UTC=2024-01-24T20:14:02.000000
5779691.585183 2276877.756184 3598638.606124
-2792.101118 -2975.068481 6346.362564
UTC=2024-01-24T20:16:02.000000
5397766.401975 1906445.183131 4330293.337098
-3565.729256 -3188.599834 5832.099663
UTC=2024-01-24T20:18:02.000000
4925994.520583 1514106.509877 4994724.672124
-4287.434720 -3339.853303 5227.437162
UTC=2024-01-24T20:20:02.000000
4371349.471547 1107425.082676 5581639.200540
-4944.989256 -3427.529657 4541.839637
UTC=2024-01-24T20:22:02.000000
3742213.071470 694047.981478 6081955.661232
-5527.184703 -3451.530514 3786.013719
UTC=2024-01-24T20:24:02.000000
3048241.493385 281563.330589 6487942.362574
-6024.016199 -3412.929448 2971.713393
UTC=2024-01-24T20:26:02.000000
2300211.890427 -122637.357590 6793331.746431
-6426.829634 -3313.920550 2111.557364
UTC=2024-01-24T20:28:02.000000
1509851.800644 -511490.091397 6993413.183836
-6728.461465 -3157.756777 1218.843715
UTC=2024-01-24T20:30:02.000000
689652.646473 -878380.963637 7085102.607092
-6923.362095 -2948.671917 307.348111
UTC=2024-01-24T20:32:02.000000
-147329.604733 -1217258.148204 7066987.104622
-7007.684194 -2691.782929 -608.886117
UTC=2024-01-24T20:34:02.000000
-987682.828633 -1522731.531433 6939344.874149
-6979.348241 -2392.982481 -1515.751773
UTC=2024-01-24T20:36:02.000000
-1817853.530226 -1790158.663274 6704140.482367
-6838.081513 -2058.817441 -2399.283493
UTC=2024-01-24T20:38:02.000000
-2624364.631969 -2015715.379779 6364996.134054
-6585.431550 -1696.357242 -3245.849883
UTC=2024-01-24T20:40:02.000000
-3394034.348581 -2196450.830813 5927140.500851
-6224.773152 -1313.066505 -4042.341262
UTC=2024-01-24T20:42:02.000000
-4114194.776165 -2330326.904669 5397333.400091
-5761.287255 -916.668669 -4776.384417
UTC=2024-01-24T20:44:02.000000
-4772904.703831 -2416240.485133 4783765.153850
-5201.891393 -514.998878 -5436.542219
UTC=2024-01-24T20:46:02.000000
-5359152.650795 -2454027.840518 4095933.006887
-4555.144557 -115.852964 -6012.499449
UTC=2024-01-24T20:48:02.000000
-5863046.522182 -2444450.890602 3344496.281306
-3831.121377 273.161604 -6495.229791
UTC=2024-01-24T20:50:02.000000
-6275986.754349 -2389166.031140 2541112.448117
-3041.262311 644.767181 -6877.147932
UTC=2024-01-24T20:52:02.000000
-6590819.975356 -2290676.435825 1698255.687192
-2198.198034 992.151208 -7152.250344
UTC=2024-01-24T20:54:02.000000
-6801969.134205 -2152268.009572 829019.422805
-1315.529510 1309.102494 -7316.235155
UTC=2024-01-24T20:56:02.000000
-6905535.567368 -1977929.899479 -53092.409297
-407.589797 1590.129775 -7366.572300
UTC=2024-01-24T20:58:02.000000
-6899372.103481 -1772261.754634 -934381.249708
510.807488 1830.564997 -7302.553369
UTC=2024-01-24T21:00:02.000000
-6783124.486399 -1540369.787233 -1801173.373960
1424.638795 2026.645346 -7125.298225
UTC=2024-01-24T21:02:02.000000
-6558240.517065 -1287754.298426 -2640037.743862
2318.937578 2175.573534 -6837.723960
UTC=2024-01-24T21:04:02.000000
-6227947.445871 -1020191.337260 -3437998.312928
3179.056019 2275.555992 -6444.484166
UTC=2024-01-24T21:06:02.000000
-5797198.394331 -743610.866827 -4182737.199355
3990.918414 2325.822397 -5951.876483
UTC=2024-01-24T21:08:02.000000
-5272589.283951 -463973.969215 -4862784.904028
4741.258580 2326.621744 -5367.720488
UTC=2024-01-24T21:10:02.000000
-4662248.463280 -187152.006681 -5467694.424188
5417.836229 2279.193697 -4701.212677
UTC=2024-01-24T21:12:02.000000
-3975701.776052 81189.559263 -5988196.910410
6009.630247 2185.721039 -3962.763321
UTC=2024-01-24T21:14:02.000000
-3223716.122022 335700.627249 -6416336.574036
6507.001666 2049.264682 -3163.816027
UTC=2024-01-24T21:16:02.000000
-2418125.487290 571447.113656 -6745583.790496
6901.824592 1873.682648 -2316.667061
UTC=2024-01-24T21:18:02.000000
-1571642.396074 784001.137361 -6970926.686752
7187.600089 1663.537848 -1434.284381
UTC=2024-01-24T21:20:02.000000
-697657.171037 969519.806330 -7088940.158703
7359.541944 1423.999922 -530.114227
UTC=2024-01-24T21:22:02.000000
189971.288002 1124811.549437 -7097831.980423
7414.634437 1160.735576 382.104824
UTC=2024-01-24T21:24:02.000000
1077130.618993 1247388.917650 -6997467.497525
7351.677062 879.794648 1288.514056
UTC=2024-01-24T21:26:02.000000
1949675.384279 1335507.708359 -6789372.731870
7171.321073 587.494680 2175.328900
UTC=2024-01-24T21:28:02.000000
2793649.284033 1388191.742667 -6476713.589483
6876.066084 290.297970 3029.033707
UTC=2024-01-24T21:30:02.000000
3595505.854250 1405242.762252 -6064252.032326
6470.235342 -5.313606 3836.574909
UTC=2024-01-24T21:32:02.000000
4342324.295302 1387235.266024 -5558279.752672
5959.924739 -292.962968 4585.539969
UTC=2024-01-24T21:34:02.000000
5022018.652843 1335496.627902 -4966530.331880
5352.939312 -566.499413 5264.341629
UTC=2024-01-24T21:36:02.000000
5623537.344572 1252072.678307 -4298068.819399
4658.693535 -820.119505 5862.406299
UTC=2024-01-24T21:38:02.000000
6137048.597551 1139678.918482 -3563159.600330
3888.079166 -1048.484428 6370.346208
UTC=2024-01-24T21:40:02.000000
6554108.598046 1001638.122927 -2773114.410117
3053.309172 -1246.829032 6780.118948
UTC=2024-01-24T21:42:02.000000
6867809.391220 841805.517304 -1940121.772643
2167.734650 -1411.059874 7085.177914
UTC=2024-01-24T21:44:02.000000
7072902.603266 664482.724987 -1077059.392506
1245.624852 -1537.844204 7280.602185
UTC=2024-01-24T21:46:02.000000
7165895.091749 474321.984416 -197292.983891
301.922274 -1624.680995 7363.192420
UTC=2024-01-24T21:48:02.000000
7145114.433453 276223.184035 685534.388021
-648.013128 -1669.951217 7331.533497
UTC=2024-01-24T21:50:02.000000
7010743.231621 75225.534521 1557718.886639
-1588.670337 -1672.956531 7186.031187
UTC=2024-01-24T21:52:02.000000
6764820.521764 -123603.939190 2405714.938750
-2504.667006 -1633.931637 6928.914763
UTC=2024-01-24T21:54:02.000000
6411209.462860 -315282.060978 3216352.060367
-3381.028434 -1554.036927 6564.196130
UTC=2024-01-24T21:56:02.000000
5955532.383639 -495019.164563 3977044.500515
-4203.452705 -1435.329377 6097.592897
UTC=2024-01-24T21:58:02.000000
5405075.504393 -658323.609462 4675989.782734
-4958.548122 -1280.710631 5536.424456
UTC=2024-01-24T22:00:02.000000
4768665.769661 -801099.764429 5302353.839202
-5634.065176 -1093.866347 4889.486660
UTC=2024-01-24T22:02:02.000000
4056521.207678 -919736.932171 5846438.738559
-6219.098616 -879.177171 4166.891043
UTC=2024-01-24T22:04:02.000000
3280079.544407 -1011187.034387 6299830.393510
-6704.251063 -641.623288 3379.894869
UTC=2024-01-24T22:06:02.000000
2451808.483601 -1073030.416427 6655525.215415
-7081.773694 -386.679640 2540.717355
UTC=2024-01-24T22:08:02.000000
1585001.133132 -1103528.467554 6908034.321165
-7345.676141 -120.202749 1662.352890
UTC=2024-01-24T22:10:02.000000
693559.200790 -1101662.228470 7053464.622505
-7491.816947 151.690767 758.368365
UTC=2024-01-24T22:12:02.000000
-208232.174417 -1067156.039985 7089575.008433
-7517.952771 422.749964 -157.303818
UTC=2024-01-24T22:14:02.000000
-1105933.828861 -1000486.183355 7015808.114083
-7423.761781 686.714352 -1070.566993
UTC=2024-01-24T22:16:02.000000
-1985183.388356 -902874.405575 6833298.037119
-7210.843566 937.441518 -1967.360320
UTC=2024-01-24T22:18:02.000000
-2831924.562322 -776266.132286 6544854.066248
-6882.694091 1169.032985 -2833.857135
UTC=2024-01-24T22:20:02.000000
-3632632.355004 -623293.886547 6154920.872000
-6444.663665 1375.955378 -3656.661469
UTC=2024-01-24T22:22:02.000000
-4374531.750571 -447226.536150 5669514.550145
-5903.887089 1553.155080 -4423.012763
UTC=2024-01-24T22:24:02.000000
-5045806.011127 -251905.031211 5096134.230155
-5269.180837 1696.168590 -5120.987755
UTC=2024-01-24T22:26:02.000000
-5635790.649381 -41665.527080 4443649.900064
-4550.908126 1801.221715 -5739.692951
UTC=2024-01-24T22:28:02.000000
-6135149.545528 178748.773443 3722167.885061
-3760.814929 1865.318008 -6269.444485
UTC=2024-01-24T22:30:02.000000
-6536029.777739 404285.505052 2942876.018570
-2911.843273 1886.312446 -6701.926840
UTC=2024-01-24T22:32:02.000000
-6832192.901852 629689.014118 2117870.248646
-2017.920813 1862.969711 -7030.343731
UTC=2024-01-24T22:34:02.000000
-7019119.090787 849611.846500 1259964.579536
-1093.722645 1794.999362 -7249.542273
UTC=2024-01-24T22:36:02.000000
-7094081.658634 1058729.337587 382487.724752
-154.414808 1683.072943 -7356.110451
UTC=2024-01-24T22:38:02.000000
-7056189.678911 1251855.045607 -500929.956353
784.619253 1528.819863 -7348.440207
UTC=2024-01-24T22:40:02.000000
-6906397.326456 1424054.189664 -1376574.718316
1708.057046 1334.798302 -7226.750068
UTC=2024-01-24T22:42:02.000000
-6647480.465111 1570752.390840 -2230868.048827
2600.902419 1104.448124 -6993.071251
UTC=2024-01-24T22:44:02.000000
-6283981.895339 1687838.007795 -3050582.408724
3448.747481 842.028951 -6651.213808
UTC=2024-01-24T22:46:02.000000
-5822124.905243 1771755.275906 -3823050.493757
4238.032437 552.529217 -6206.687287
UTC=2024-01-24T22:48:02.000000
-5269697.734330 1819585.737836 -4536362.331484
4956.269044 241.564745 -5666.583347
UTC=2024-01-24T22:50:02.000000
-4635913.047002 1829116.966910 -5179547.227511
5592.235618 -84.732699 -5039.440539
UTC=2024-01-24T22:52:02.000000
-3931245.684088 1798897.268001 -5742738.142477
6136.141789 -419.836599 -4335.087157
UTC=2024-01-24T22:54:02.000000
-3167252.794259 1728275.550102 -6217316.544558
6579.759147 -756.951669 -3564.475368
UTC=2024-01-24T22:56:02.000000
-2356379.747101 1617425.752075 -6596036.970425
6916.528627 -1089.144165 -2739.507310
UTC=2024-01-24T22:58:02.000000
-1511754.553777 1467355.738128 -6873129.737598
7141.641816 -1409.470930 -1872.844187
UTC=2024-01-24T23:00:02.000000
-646975.098941 1279900.550470 -7044380.507770
7252.080739 -1711.110260 -977.717012
UTC=2024-01-24T23:02:02.000000
224107.126975 1057700.294262 -7107187.640939
7246.637460 -1987.486219 -67.742642
UTC=2024-01-24T23:04:02.000000
1087604.419599 804163.392055 -7060597.996103
7125.917834 -2232.390104 843.250000
UTC=2024-01-24T23:06:02.000000
1929810.526297 523415.082607 -6905320.941033
6892.334592 -2440.103721 1741.416026
UTC=2024-01-24T23:08:02.000000
2737414.733127 220231.632638 -6643718.402349
6550.058406 -2605.512440 2613.087869
UTC=2024-01-24T23:10:02.000000
3497709.443056 -100038.375270 -6279772.444258
6104.958136 -2724.209887 3444.963363
UTC=2024-01-24T23:12:02.000000
4198788.761310 -431565.161683 -5819029.945463
5564.509851 -2792.597460 4224.294290
UTC=2024-01-24T23:14:02.000000
4829735.313639 -768139.847259 -5268525.507109
4937.695417 -2807.969446 4939.063666
UTC=2024-01-24T23:16:02.000000
5380793.979155 -1103286.431672 -4636682.442794
4234.879721 -2768.590719 5578.175254
UTC=2024-01-24T23:18:02.000000
5843528.588611 -1430381.878926 -3933191.233044
3467.652530 -2673.754114 6131.634464
UTC=2024-01-24T23:20:02.000000
6210958.480366 -1742782.136027 -3168867.143580
2648.650915 -2523.821816 6590.716827
UTC=2024-01-24T23:22:02.000000
6477672.318041 -2033951.956488 -2355488.282250
1791.357746 -2320.246882 6948.124135
UTC=2024-01-24T23:24:02.000000
6639916.324261 -2297595.922972 -1505615.972566
909.876946 -2065.570733 7198.121607
UTC=2024-01-24T23:26:02.000000
6695654.517383 -2527787.638509 -632400.302170
18.693807 -1763.396111 7336.647500
UTC=2024-01-24T23:28:02.000000
6644599.527988 -2719094.434532 250625.976695
-867.576388 -1418.338937 7361.397377
UTC=2024-01-24T23:30:02.000000
6488212.706673 -2866694.728126 1129761.784093
-1734.446431 -1035.953625 7271.876192
UTC=2024-01-24T23:32:02.000000
6229673.185252 -2966485.127847 1991356.387548
-2567.818147 -622.638192 7069.418115
UTC=2024-01-24T23:34:02.000000
5873815.606037 -3015174.950440 2822027.850414
-3354.237770 -185.519116 6757.161576
UTC=2024-01-24T23:36:02.000000
5427038.639687 -3010365.802316 3608876.568265
-4081.131044 267.682837 6339.994971
UTC=2024-01-24T23:38:02.000000
4897186.085382 -2950614.056496 4339689.839817
-4737.018431 728.800063 5824.459547
UTC=2024-01-24T23:40:02.000000
4293404.626161 -2835475.657735 5003133.494255
-5311.693923 1189.365656 5218.636921
UTC=2024-01-24T23:42:02.000000
3625980.572627 -2665532.732882 5588929.002307
-5796.396237 1640.771186 4532.012701
UTC=2024-01-24T23:44:02.000000
2906158.140786 -2442400.576430 6088011.739562
-6183.938789 2074.432510 3775.303541
UTC=2024-01-24T23:46:02.000000
2145944.766328 -2168715.291890 6492668.131696
-6468.801571 2481.945795 2960.280080
UTC=2024-01-24T23:48:02.000000
1357906.772196 -1848102.997851 6796650.961644
-6647.198358 2855.239754 2099.578997
UTC=2024-01-24T23:50:02.000000
554958.737970 -1485130.942447 6995271.607880
-6717.114892 3186.724515 1206.506408
UTC=2024-01-24T23:52:02.000000
-249849.781043 -1085241.198937 7085468.235806
-6678.314500 3469.432151 294.835928
UTC=2024-01-24T23:54:02.000000
-1043546.619114 -654668.117756 7065849.814870
-6532.318353 3697.146524 -621.392619
UTC=2024-01-24T23:56:02.000000
-1813445.697871 -200340.809923 6936716.145750
-6282.365080 3864.524097 -1528.072203
UTC=2024-01-24T23:58:02.000000
-2547349.582861 270228.317996 6700053.774657
-5933.347821 3967.203875 -2411.230841
