UTC=2024-01-28T00:00:02.000000
4710251.730949 -3446344.343912 4178639.790221
-4511.260796 1070.072373 5950.248227
UTC=2024-01-28T00:02:02.000000
4135307.557318 -3286784.457740 4858386.525616
-5057.284059 1587.413739 5364.210975
UTC=2024-01-28T00:04:02.000000
3499984.932179 -3065996.522327 5462725.536831
-5516.324161 2088.972854 4695.093776
UTC=2024-01-28T00:06:02.000000
2815138.369552 -2786434.713529 5982302.392931
-5881.703237 2565.448566 3953.347142
UTC=2024-01-28T00:08:02.000000
2092326.897353 -2451652.664019 6409084.364678
-6148.369893 3007.844847 3150.518525
UTC=2024-01-28T00:10:02.000000
1343615.060243 -2066257.191230 6736480.863759
-6312.957085 3407.630745 2299.064392
UTC=2024-01-28T00:12:02.000000
581368.805987 -1635843.201319 6959440.961085
-6373.810998 3756.894044 1412.155892
UTC=2024-01-28T00:14:02.000000
-181950.315702 -1166910.746244 7074527.092800
-6330.989482 4048.484049 503.478080
UTC=2024-01-28T00:16:02.000000
-933989.188612 -666765.620701 7079964.689342
-6186.235512 4276.142971 -412.971083
UTC=2024-01-28T00:18:02.000000
-1662702.701274 -143405.025441 6975667.758511
-5942.930311 4434.624325 -1323.080115
UTC=2024-01-28T00:20:02.000000
-2356546.488837 394610.365015 6763240.333226
-5606.025107 4519.799687 -2212.827097
UTC=2024-01-28T00:22:02.000000
-3004660.200203 938296.149518 6445953.576126
-5181.952341 4528.749022 -3068.482391
UTC=2024-01-28T00:24:02.000000
-3597038.861850 1478393.765932 6028698.633439
-4678.516315 4459.833866 -3876.808841
UTC=2024-01-28T00:26:02.000000
-4124690.110886 2005527.850004 5517915.631057
-4104.766714 4312.753999 -4625.260397
UTC=2024-01-28T00:28:02.000000
-4579774.971141 2510369.330201 4921498.859992
-3470.850372 4088.585524 -5302.179965
UTC=2024-01-28T00:30:02.000000
-4955729.427667 2983801.498827 4248678.379603
-2787.839104 3789.790836 -5896.992744
UTC=2024-01-28T00:32:02.000000
-5247364.116638 3417085.599857 3509879.517770
-2067.539518 3420.202302 -6400.379723
UTC=2024-01-28T00:34:02.000000
-5450940.531720 3802023.131067 2716562.572436
-1322.291129 2984.983095 -6804.435278
UTC=2024-01-28T00:36:02.000000
-5564222.271032 4131111.885850 1881044.549414
-564.752883 2490.561408 -7102.809155
UTC=2024-01-28T00:38:02.000000
-5586499.899133 4397692.173707 1016304.931903
192.323516 1944.531810 -7290.827905
UTC=2024-01-28T00:40:02.000000
-5518587.974762 4596079.249637 135779.017502
936.328145 1355.525426 -7365.577848
UTC=2024-01-28T00:42:02.000000
-5362794.704849 4721679.152275 -746856.390620
1655.013249 733.065259 -7325.954810
UTC=2024-01-28T00:44:02.000000
-5122865.180953 4771085.988404 -1617902.009499
2336.715493 87.399800 -7172.689085
UTC=2024-01-28T00:46:02.000000
-4803898.280750 4742157.754692 -2463855.544617
2970.568166 -570.688210 -6908.326226
UTC=2024-01-28T00:48:02.000000
-4412239.728185 4634068.423238 -3271626.247805
3546.686434 -1230.081636 -6537.167497
UTC=2024-01-28T00:50:02.000000
-3955354.214384 4447336.027810 -4028740.471782
4056.330225 -1879.530495 -6065.178267
UTC=2024-01-28T00:52:02.000000
-3441679.890213 4183826.581556 -4723534.258862
4492.034530 -2507.851234 -5499.866138
UTC=2024-01-28T00:54:02.000000
-2880469.117714 3846734.389900 -5345330.020436
4847.707022 -3104.120027 -4850.137550
UTC=2024-01-28T00:56:02.000000
-2281619.554132 3440540.064420 -5884595.357136
5118.695531 -3657.852208 -4126.147140
UTC=2024-01-28T00:58:02.000000
-1655498.008246 2970947.004249 -6333083.123336
5301.838914 -4159.181971 -3339.131251
UTC=2024-01-28T01:00:02.000000
-1012760.095344 2444796.971120 -6683950.164379
5395.485077 -4599.027980 -2501.221462
UTC=2024-01-28T01:02:02.000000
-364169.631048 1869967.267211 -6931853.389623
5399.479042 -4969.234943 -1625.256879
UTC=2024-01-28T01:04:02.000000
279579.272098 1255251.597584 -7073023.658921
5315.130099 -5262.705530 -724.599876
UTC=2024-01-28T01:06:02.000000
908035.138313 610226.104256 -7105317.599250
5145.165008 -5473.514741 187.046194
UTC=2024-01-28T01:08:02.000000
1511155.859975 -54897.881961 -7028247.148808
4893.666664 -5597.018027 1095.829444
UTC=2024-01-28T01:10:02.000000
2079466.215868 -729432.951673 -6842985.611858
4565.984158 -5629.937352 1987.943054
UTC=2024-01-28T01:12:02.000000
2604204.022931 -1402383.793151 -6552351.339520
4168.635859 -5570.429848 2849.807659
UTC=2024-01-28T01:14:02.000000
3077453.957604 -2062622.762148 -6160769.042912
3709.197075 -5418.139418 3668.259961
UTC=2024-01-28T01:16:02.000000
3492267.085509 -2699070.728695 -5674209.332139
3196.179121 -5174.237739 4430.729136
UTC=2024-01-28T01:18:02.000000
3842765.392679 -3300882.256595 -5100105.818207
2638.893334 -4841.448047 5125.436806
UTC=2024-01-28T01:20:02.000000
4124228.026139 -3857630.955721 -4447248.399549
2047.286755 -4424.025515 5741.584918
UTC=2024-01-28T01:22:02.000000
4333157.781742 -4359491.068715 -3725655.703341
1431.779434 -3927.718100 6269.520008
UTC=2024-01-28T01:24:02.000000
4467327.834309 -4797413.380429 -2946427.795334
803.094653 -3359.707454 6700.898905
UTC=2024-01-28T01:26:02.000000
4525807.187704 -5163292.034937 -2121579.495441
172.074368 -2728.517072 7028.842869
UTC=2024-01-28T01:28:02.000000
4508963.200193 -5450118.565127 -1263856.400229
-450.516950 -2043.889363 7248.071175
UTC=2024-01-28T01:30:02.000000
4418440.664999 -5652118.986866 -386536.502510
-1054.185180 -1316.628697 7355.006459
UTC=2024-01-28T01:32:02.000000
4257117.814824 -5764870.684838 496778.978299
-1628.898400 -558.421758 7347.848020
UTC=2024-01-28T01:34:02.000000
4029039.927048 -5785396.494767 1372381.554297
-2165.266846 218.362786 7226.613885
UTC=2024-01-28T01:36:02.000000
3739331.882655 -5712233.229740 2226674.714746
-2654.714898 1000.899338 6993.149250
UTC=2024-01-28T01:38:02.000000
3394090.959205 -5545472.737632 3046391.171885
-3089.634236 1776.133800 6651.087138
UTC=2024-01-28T01:40:02.000000
3000263.041959 -5286775.546299 3818803.872692
-3463.508985 2531.015485 6205.785191
UTC=2024-01-28T01:42:02.000000
2565505.188813 -4939356.261323 4531927.392157
-3771.016573 3252.731646 5664.227824
UTC=2024-01-28T01:44:02.000000
2098037.594992 -4507941.420921 5174706.047575
-4008.104673 3928.933527 5034.902874
UTC=2024-01-28T01:46:02.000000
1606488.052850 -3998700.802632 5737185.503820
-4172.038087 4547.950241 4327.653087
UTC=2024-01-28T01:48:02.000000
1099732.081455 -3419153.752784 6210665.698565
-4261.425399 5098.992510 3553.509150
UTC=2024-01-28T01:50:02.000000
586731.700167 -2778052.388533 6587831.962381
-4276.212655 5572.330610 2724.498719
UTC=2024-01-28T01:52:02.000000
76376.664663 -2085244.922300 6862863.304685
-4217.651015 5959.450704 1853.456536
UTC=2024-01-28T01:54:02.000000
-422669.146698 -1351521.388601 7031517.711644
-4088.243964 6253.190926 953.832862
UTC=2024-01-28T01:56:02.000000
-902114.142877 -588443.805195 7091194.447157
-3891.679984 6447.866000 39.497754
UTC=2024-01-28T01:58:02.000000
-1354176.308485 191837.271095 7040972.049930
-3632.748377 6539.366597 -875.465124
UTC=2024-01-28T02:00:02.000000
-1771709.435616 976776.634645 6881621.656512
-3317.238273 6525.235397 -1776.963478
UTC=2024-01-28T02:02:02.000000
-2148316.328263 1753636.099012 6615595.839393
-2951.824227 6404.720390 -2651.099430
UTC=2024-01-28T02:04:02.000000
-2478447.608571 2509691.240312 6246993.167535
-2543.939821 6178.806484 -3484.370796
UTC=2024-01-28T02:06:02.000000
-2757484.653572 3232440.635194 5781498.767683
-2101.640545 5850.224559 -4263.870332
UTC=2024-01-28T02:08:02.000000
-2981805.701815 3909814.492947 5226301.154414
-1633.461057 5423.432747 -4977.481036
UTC=2024-01-28T02:10:02.000000
-3148834.289798 4530379.621676 4589985.732257
-1148.261504 4904.572746 -5614.070267
UTC=2024-01-28T02:12:02.000000
-3257068.610220 5083537.189078 3882405.504238
-655.065440 4301.393708 -6163.673856
UTC=2024-01-28T02:14:02.000000
-3306091.175052 5559709.445090 3114530.327116
-162.893074 3623.143188 -6617.669123
UTC=2024-01-28T02:16:02.000000
-3296558.325997 5950511.190748 2298276.618402
319.406037 2880.423031 -6968.925713
UTC=2024-01-28T02:18:02.000000
-3230169.937781 6248902.268675 1446320.523729
783.316392 2085.018485 -7211.930222
UTC=2024-01-28T02:20:02.000000
-3109619.693898 6449318.302797 571897.732628
1220.815674 1249.706614 -7342.885249
UTC=2024-01-28T02:22:02.000000
-2938526.913944 6547776.800853 -311407.251651
1624.522303 388.036159 -7359.784104
UTC=2024-01-28T02:24:02.000000
-2721351.569992 6541955.473209 -1189878.726840
1987.828224 -485.912850 -7262.451219
UTC=2024-01-28T02:26:02.000000
-2463293.913746 6431240.559173 -2049890.396699
2305.023286 -1357.791060 -7052.548852
UTC=2024-01-28T02:28:02.000000
-2170180.310175 6216742.758475 -2878123.208373
2571.395633 -2213.248733 -6733.522075
UTC=2024-01-28T02:30:02.000000
-1848339.316430 5901282.701878 -3661774.466773
2783.296068 -3038.176568 -6310.518265
UTC=2024-01-28T02:32:02.000000
-1504471.352104 5489347.545558 -4388756.714564
2938.181701 -3818.949170 -5790.291506
UTC=2024-01-28T02:34:02.000000
-1145514.424884 4987018.812478 -5047882.855399
3034.636928 -4542.654411 -5181.069691
UTC=2024-01-28T02:36:02.000000
-778508.799109 4401874.518919 -5629034.348996
3072.371275 -5197.295790 -4492.409584
UTC=2024-01-28T02:38:02.000000
-410462.992761 3742867.605448 -6123311.382625
3052.199209 -5771.985327 -3735.038084
UTC=2024-01-28T02:40:02.000000
-48223.512735 3020182.293648 -6523162.619889
2975.997224 -6257.115859 -2920.671285
UTC=2024-01-28T02:42:02.000000
301648.842580 2245071.737184 -6822492.449103
2846.638396 -6644.498836 -2061.824114
UTC=2024-01-28T02:44:02.000000
632994.019541 1429680.945768 -7016745.967533
2667.915160 -6927.476953 -1171.630111
UTC=2024-01-28T02:46:02.000000
940157.860987 586856.783688 -7102971.989592
2444.450755 -7101.023968 -263.652125
UTC=2024-01-28T02:48:02.000000
1218085.878958 -270052.405136 -7079863.194970
2181.598851 -7161.819540 648.306519
UTC=2024-01-28T02:50:02.000000
1462404.327585 -1127404.991901 -6947773.374092
1885.332177 -7108.301708 1550.395964
UTC=2024-01-28T02:52:02.000000
1669487.529314 -1971478.795532 -6708711.845115
1562.126510 -6940.693176 2428.903950
UTC=2024-01-28T02:54:02.000000
1836511.202386 -2788686.106452 -6366316.098107
1218.842140 -6661.013274 3270.436651
UTC=2024-01-28T02:56:02.000000
1961491.054683 -3565789.419410 -5925802.699746
862.597226 -6273.078456 4062.101505
UTC=2024-01-28T02:58:02.000000
2043305.937984 -4290115.898821 -5393895.284935
500.636989 -5782.474044 4791.707280
UTC=2024-01-28T03:00:02.000000
2081705.015333 -4949765.462127 -4778728.821711
140.199115 -5196.480078 5447.951444
UTC=2024-01-28T03:02:02.000000
2077298.884250 -5533809.100690 -4089732.823708
-211.619074 -4523.985714 6020.589515
UTC=2024-01-28T03:04:02.000000
2031534.649975 -6032475.698263 -3337493.945405
-547.995590 -3775.377929 6500.608717
UTC=2024-01-28T03:06:02.000000
1946654.928150 -6437323.132603 -2533598.355419
-862.515312 -2962.392357 6880.388651
UTC=2024-01-28T03:08:02.000000
1825641.450082 -6741389.547865 -1690455.762309
-1149.294751 -2097.930808 7153.845994
UTC=2024-01-28T03:10:02.000000
1672144.334328 -6939320.998357 -821107.863744
-1403.095570 -1195.855376 7316.548405
UTC=2024-01-28T03:12:02.000000
1490398.388388 -7027473.136375 60975.980110
-1619.427408 -270.752883 7365.813461
UTC=2024-01-28T03:14:02.000000
1285127.947528 -7003982.504973 942111.988198
-1794.634859 662.322020 7300.755190
UTC=2024-01-28T03:16:02.000000
1061442.276929 -6868807.702088 1808619.577208
-1925.967631 1588.103242 7122.316329
UTC=2024-01-28T03:18:02.000000
824723.997790 -6623737.649280 2647040.749430
-2011.626248 2491.397816 6833.257411
UTC=2024-01-28T03:20:02.000000
580512.964451 -6272366.429278 3444355.281995
-2050.793173 3357.357450 6438.102417
UTC=2024-01-28T03:22:02.000000
334387.808998 -5820036.145097 4188187.382680
-2043.638045 4171.738078 5943.050872
UTC=2024-01-28T03:24:02.000000
91848.466578 -5273749.848010 4867000.326126
-1991.298226 4921.140718 5355.867857
UTC=2024-01-28T03:26:02.000000
-141797.930786 -4642056.166486 5470276.503147
-1895.841529 5593.240884 4685.748059
UTC=2024-01-28T03:28:02.000000
-361545.290348 -3934908.041486 5988679.586351
-1760.206202 6176.989607 3943.157872
UTC=2024-01-28T03:30:02.000000
-562788.752452 -3163498.542089 6414196.798025
-1588.127852 6662.794514 3139.657560
UTC=2024-01-28T03:32:02.000000
-741415.241150 -2340077.234642 6740258.344363
-1384.051429 7042.659231 2287.704566
UTC=2024-01-28T03:34:02.000000
-893882.659299 -1477751.982575 6961833.857703
-1153.030812 7310.292652 1400.468105
UTC=2024-01-28T03:36:02.000000
-1017286.579971 -590278.242052 7075506.547390
-900.621685 7461.207428 491.638465
UTC=2024-01-28T03:38:02.000000
-1109413.665427 308161.940752 7079523.398145
-632.766258 7492.789388 -424.779683
UTC=2024-01-28T03:40:02.000000
-1168780.599462 1203187.221610 6973820.609757
-355.668186 7404.335660 -1334.671322
UTC=2024-01-28T03:42:02.000000
-1194657.845785 2080447.389297 6760024.583509
-75.665698 7197.067911 -2224.015314
UTC=2024-01-28T03:44:02.000000
-1187078.190011 2925853.797600 6441428.474090
200.895142 6874.119579 -3079.087281
UTC=2024-01-28T03:46:02.000000
-1146830.135848 3725806.769730 6022944.490490
467.786216 6440.498394 -3886.661175
UTC=2024-01-28T03:48:02.000000
-1075436.060165 4467416.804231 5511032.031099
719.025486 5903.019261 -4634.208628
UTC=2024-01-28T03:50:02.000000
-975115.387781 5138716.218684 4913602.485988
948.996727 5270.214096 -5310.090570
UTC=2024-01-28T03:52:02.000000
-848733.674727 5728858.284501 4239900.755294
1152.567136 4552.208625 -5903.752765
UTC=2024-01-28T03:54:02.000000
-699737.882634 6228298.776867 3500364.573098
1325.195013 3760.558021 -6405.892803
UTC=2024-01-28T03:56:02.000000
-532080.023276 6628957.977565 2706465.222064
1463.020187 2908.086392 -6808.617234
UTC=2024-01-28T03:58:02.000000
-350129.661926 6924360.460666 1870528.132148
1562.957962 2008.665394 -7105.604904
UTC=2024-01-28T04:00:02.000000
-158576.411554 7109745.885613 1005537.708560
1622.768097 1076.967971 -7292.209508
UTC=2024-01-28T04:02:02.000000
37674.421820 7182150.230978 124931.147611
1641.102665 128.216566 -7365.542153
UTC=2024-01-28T04:04:02.000000
233610.993973 7140455.902361 -757616.095999
1617.537448 -822.084128 -7324.528074
UTC=2024-01-28T04:06:02.000000
424226.377392 6985408.435258 -1628409.582868
1552.576807 -1758.434269 -7169.923861
UTC=2024-01-28T04:08:02.000000
604629.004290 6719599.252226 -2473954.270350
1447.634967 -2665.613012 -6904.289046
UTC=2024-01-28T04:10:02.000000
770150.130355 6347416.496290 -3281167.782173
1305.004846 -3528.938468 -6531.930381
UTC=2024-01-28T04:12:02.000000
916446.482107 5874965.226942 -4037585.348441
1127.807981 -4334.517828 -6058.817948
UTC=2024-01-28T04:14:02.000000
1039595.725390 5309958.556410 -4731552.796885
919.925677 -5069.479666 -5492.470027
UTC=2024-01-28T04:16:02.000000
1136182.738463 4661582.459454 -5352404.061744
685.915013 -5722.179380 -4841.811241
UTC=2024-01-28T04:18:02.000000
1203374.959755 3940337.834028 -5890620.487389
430.910782 -6282.372408 -4117.013282
UTC=2024-01-28T04:20:02.000000
1238985.280672 3157863.468028 -6337970.502810
160.517253 -6741.361310 -3329.326218
UTC=2024-01-28T04:22:02.000000
1241521.590599 2326742.917108 -6687627.924841
-119.306130 -7092.113279 -2490.891177
UTC=2024-01-28T04:24:02.000000
1210222.325876 1460299.743371 -6934267.671772
-402.362748 -7329.339022 -1614.555895
UTC=2024-01-28T04:26:02.000000
1145077.734183 572384.340777 -7074139.783594
-682.339468 -7449.556370 -713.692817
UTC=2024-01-28T04:28:02.000000
1046836.500567 -322845.488797 -7105120.867096
-952.929472 -7451.128222 197.992726
UTC=2024-01-28T04:30:02.000000
916997.508469 -1211146.946736 -7026742.498742
-1207.956546 -7334.274164 1106.655594
UTC=2024-01-28T04:32:02.000000
757787.070353 -2078414.188138 -6840196.665171
-1441.492165 -7101.052704 1998.497163
UTC=2024-01-28T04:34:02.000000
572122.319835 -2910897.299222 -6548319.706109
-1647.970710 -6755.333112 2859.939288
UTC=2024-01-28T04:36:02.000000
363560.538583 -3695417.641280 -6155554.635328
-1822.307812 -6302.757349 3677.816774
UTC=2024-01-28T04:38:02.000000
136234.965363 -4419575.989746 -5667889.545386
-1960.004745 -5750.657794 4439.573786
UTC=2024-01-28T04:40:02.000000
-105221.354972 -5071949.558162 -5092773.724699
-2057.246497 -5107.958432 5133.443164
UTC=2024-01-28T04:42:02.000000
-355763.290318 -5642276.080406 -4439012.029499
-2110.994200 -4385.054777 5748.629805
UTC=2024-01-28T04:44:02.000000
-610031.572057 -6121621.657731 -3716637.379245
-2119.062743 -3593.662940 6275.490076
UTC=2024-01-28T04:46:02.000000
-862459.132866 -6502528.672518 -2936762.522760
-2080.183063 -2746.639677 6705.696253
UTC=2024-01-28T04:48:02.000000
-1107383.977449 -6779140.886989 -2111413.090464
-1994.048156 -1857.782897 7032.385528
UTC=2024-01-28T04:50:02.000000
-1339166.365979 -6947303.091671 -1253343.440073
-1861.338283 -941.604714 7250.295501
UTC=2024-01-28T04:52:02.000000
-1552307.716114 -7004631.935179 -375838.007022
-1683.724728 -13.081154 7355.868754
UTC=2024-01-28T04:54:02.000000
-1741568.711998 -6950555.960337 507497.967084
-1463.852762 912.609828 7347.325270
UTC=2024-01-28T04:56:02.000000
-1902084.107167 -6786323.795215 1382954.484394
-1205.303212 1820.356578 7224.703285
UTC=2024-01-28T04:58:02.000000
-2029471.493789 -6514979.947261 2236935.756434
-912.530358 2695.384311 6989.866153
UTC=2024-01-28T05:00:02.000000
-2119931.313383 -6141308.353356 3056177.760187
-590.778531 3523.520685 6646.471493
UTC=2024-01-28T05:02:02.000000
-2170335.725072 -5671744.882951 3827959.770373
-245.980414 4291.445540 6199.902361
UTC=2024-01-28T05:04:02.000000
-2178304.362605 -5114261.277349 4540305.652946
115.358935 4986.916550 5657.166242
UTC=2024-01-28T05:06:02.000000
-2142265.666348 -4478223.686781 5182171.438470
486.285525 5598.966546 5026.769682
UTC=2024-01-28T05:08:02.000000
-2061502.919058 -3774228.869129 5743616.907589
859.529378 6118.080933 4318.575572
UTC=2024-01-28T05:10:02.000000
-1936183.528822 -3013920.544698 6215958.089402
1227.649515 6536.344988 3543.627438
UTC=2024-01-28T05:12:02.000000
-1767370.852377 -2209791.000852 6591897.836236
1583.177920 6847.544985 2713.965018
UTC=2024-01-28T05:14:02.000000
-1557019.083540 -1374972.149310 6865634.396672
1918.758250 7047.246332 1842.440513
UTC=2024-01-28T05:16:02.000000
-1307951.613636 -523018.172899 7032947.069044
2227.282714 7132.851922 942.517158
UTC=2024-01-28T05:18:02.000000
-1023823.215539 332316.187761 7091257.110992
2502.024759 7103.616089 28.066011
UTC=2024-01-28T05:20:02.000000
-709066.313041 1177297.756694 7039665.236600
2736.772185 6960.642677 -886.826781
UTC=2024-01-28T05:22:02.000000
-368821.524704 1998435.686488 6878965.045998
2925.954039 6706.859669 -1788.067135
UTC=2024-01-28T05:24:02.000000
-8853.686170 2782697.324497 6611631.567117
3064.755974 6346.963989 -2661.759608
UTC=2024-01-28T05:26:02.000000
364545.231595 3517715.858005 6241785.311727
3149.222689 5887.341696 -3494.407783
UTC=2024-01-28T05:28:02.000000
744664.782523 4191987.398582 5775132.396409
3176.349363 5335.969793 -4273.114987
UTC=2024-01-28T05:30:02.000000
1124495.032598 4795054.546072 5218880.694537
3144.161391 4702.290364 -4985.780712
UTC=2024-01-28T05:32:02.000000
1496854.111730 5317673.648916 4581632.621577
3051.776005 3997.062637 -5621.295356
UTC=2024-01-28T05:34:02.000000
1854521.792281 5751962.230155 3873255.401774
2899.442684 3232.183301 -6169.714143
UTC=2024-01-28T05:36:02.000000
2190377.430450 6091524.738575 3104731.577563
2688.574392 2420.505614 -6622.424591
UTC=2024-01-28T05:38:02.000000
2497539.388876 6331554.480771 2287988.366102
2421.737637 1575.617009 -6972.317571
UTC=2024-01-28T05:40:02.000000
2769502.108250 6468907.215874 1435709.649725
2102.627659 711.596011 -7213.910791
UTC=2024-01-28T05:42:02.000000
3000268.390232 6502144.830273 561134.450815
1736.009986 -157.242838 -7343.446628
UTC=2024-01-28T05:44:02.000000
3184473.380218 6431548.562521 -322153.946549
1327.644284 -1016.600007 -7358.953372
UTC=2024-01-28T05:46:02.000000
3317498.367908 6259101.981790 -1200444.732729
884.188282 -1852.445633 -7260.279930
UTC=2024-01-28T05:48:02.000000
3395571.521306 5988443.578165 -2060118.178879
413.077677 -2651.267196 -7049.092224
UTC=2024-01-28T05:50:02.000000
3415853.335185 5624790.529125 -2887862.005639
-77.608377 -3400.304427 -6728.840159
UTC=2024-01-28T05:52:02.000000
3376504.850530 5174834.884487 -3670881.659282
-579.299979 -4087.771491 -6304.687560
UTC=2024-01-28T05:54:02.000000
3276736.860414 4646614.700839 -4397099.796938
-1083.097937 -4703.049426 -5783.403676
UTC=2024-01-28T05:56:02.000000
3116839.730212 4049364.314653 -5055341.402075
-1579.936175 -5236.843725 -5173.235482
UTC=2024-01-28T05:58:02.000000
2898193.559367 3393347.078803 -5635502.416588
-2060.745049 -5681.318344 -4483.758647
UTC=2024-01-28T06:00:02.000000
2623259.063343 2689673.865126 -6128699.360964
-2516.610789 -6030.198497 -3725.711729
UTC=2024-01-28T06:02:02.000000
2295549.279560 1950111.155464 -6527398.284659
-2938.934118 -6278.841426 -2910.817522
UTC=2024-01-28T06:04:02.000000
1919582.933947 1186882.510981 -6825521.626656
-3319.575805 -6424.275737 -2051.595205
UTC=2024-01-28T06:06:02.000000
1500821.048922 412467.096465 -7018532.744211
-3650.992807 -6465.212873 -1161.177663
UTC=2024-01-28T06:08:02.000000
1045587.232567 -360602.011763 -7103498.727086
-3926.374063 -6402.040827 -253.129284
UTC=2024-01-28T06:10:02.000000
560972.212411 -1119937.680278 -7079130.400070
-4139.763783 -6236.796127 658.751897
UTC=2024-01-28T06:12:02.000000
54724.863188 -1853493.194634 -6945798.886246
-4286.165261 -5973.104814 1560.621844
UTC=2024-01-28T06:14:02.000000
-464868.878533 -2549749.017332 -6705530.628272
-4361.640875 -5616.116355 2438.765882
UTC=2024-01-28T06:16:02.000000
-989118.785231 -3197891.280147 -6361980.417832
-4363.402982 -5172.426174 3279.793443
UTC=2024-01-28T06:18:02.000000
-1509072.555601 -3787978.804073 -5920380.840496
-4289.881675 -4649.964069 4070.828060
UTC=2024-01-28T06:20:02.000000
-2015665.524044 -4311096.151431 -5387469.907909
-4140.782818 -4057.875397 4799.686342
UTC=2024-01-28T06:22:02.000000
-2499876.532246 -4759491.648517 -4771396.691743
-3917.131112 -3406.385953 5455.065830
UTC=2024-01-28T06:24:02.000000
-2952887.566227 -5126697.466530 -4081604.327197
-3621.288070 -2706.638114 6026.731004
UTC=2024-01-28T06:26:02.000000
-3366243.840310 -5407628.851403 -3328691.641521
-3256.942624 -1970.509737 6505.682786
UTC=2024-01-28T06:28:02.000000
-3732011.466786 -5598660.936875 -2524255.277560
-2829.080355 -1210.420749 6884.315215
UTC=2024-01-28T06:30:02.000000
-4042929.899268 -5697681.346947 -1680713.785153
-2343.925876 -439.123301 7156.557939
UTC=2024-01-28T06:32:02.000000
-4292555.611204 -5704116.856334 -811115.865834
-1808.854285 330.519938 7317.996534
UTC=2024-01-28T06:34:02.000000
-4475393.395521 -5618932.988373 71064.088087
-1232.274301 1085.764051 7365.962859
UTC=2024-01-28T06:36:02.000000
-4587012.245662 -5444606.181025 952139.343012
-623.488860 1814.209852 7299.593289
UTC=2024-01-28T06:38:02.000000
-4624143.149390 -5185068.705894 1818429.276655
7.467564 2504.029863 7119.854087
UTC=2024-01-28T06:40:02.000000
-4584756.058982 -4845627.052247 2656478.348994
650.011241 3144.181496 6829.524199
UTC=2024-01-28T06:42:02.000000
-4468114.457552 -4432856.096688 3453270.813752
1293.199330 3724.597542 6433.143558
UTC=2024-01-28T06:44:02.000000
-4274806.656287 -3954471.707953 4196437.512798
1925.927941 4236.355106 5936.932997
UTC=2024-01-28T06:46:02.000000
-4006752.862406 -3419184.321614 4874451.197145
2537.136815 4671.823280 5348.681263
UTC=2024-01-28T06:48:02.000000
-3667187.939690 -2836536.744514 5476806.100966
3116.007034 5024.775275 4677.598796
UTC=2024-01-28T06:50:02.000000
-3260621.117920 -2216730.778173 5994179.242632
3652.148951 5290.465322 3934.161321
UTC=2024-01-28T06:52:02.000000
-2792773.530575 -1570446.057966 6418572.343335
4135.783435 5465.682908 3129.942332
UTC=2024-01-28T06:54:02.000000
-2270494.468571 -908653.533006 6743432.623605
4557.915213 5548.786575 2277.427306
UTC=2024-01-28T06:56:02.000000
-1701657.412785 -242426.814777 6963749.995117
4910.494373 5539.702564 1389.806296
UTC=2024-01-28T06:58:02.000000
-1095038.511805 417243.765139 7076129.164976
5186.546094 5439.885123 480.771575
UTC=2024-01-28T07:00:02.000000
-460180.330397 1059631.900206 7078838.707056
5380.291908 5252.272037 -435.671193
UTC=2024-01-28T07:02:02.000000
192758.622084 1674449.700968 6971836.481312
5487.261353 4981.219501 -1345.407111
UTC=2024-01-28T07:04:02.000000
853166.577321 2252012.829924 6756770.347629
5504.384300 4632.413656 -2234.419403
UTC=2024-01-28T07:06:02.000000
1510150.942445 2783393.561571 6436954.018094
5430.060061 4212.758894 -3088.993402
UTC=2024-01-28T07:08:02.000000
2152717.764152 3260559.798154 6017319.067717
5264.206870 3730.257024 -3895.912097
UTC=2024-01-28T07:10:02.000000
2769956.163227 3676498.878577 5504343.383716
5008.295168 3193.872906 -4642.653998
UTC=2024-01-28T07:12:02.000000
3351225.459428 4025324.067124 4905955.521503
4665.355640 2613.378854 -5317.596720
UTC=2024-01-28T07:14:02.000000
3886340.759307 4302360.950889 4231415.375042
4239.946639 1999.179061 -5910.200543
UTC=2024-01-28T07:16:02.000000
4365753.826996 4504213.222086 3491174.635005
3738.114826 1362.142513 -6411.171598
UTC=2024-01-28T07:18:02.000000
4780728.195597 4628806.975838 2696716.034367
3167.322649 713.403714 -6812.648049
UTC=2024-01-28T07:20:02.000000
5123501.250652 4675410.125821 1860373.200358
2536.318969 64.160554 -7108.327885
UTC=2024-01-28T07:22:02.000000
5387431.325658 4644628.259034 995136.708629
1855.012836 -574.525228 -7293.582490
UTC=2024-01-28T07:24:02.000000
5567127.149169 4538375.936746 114447.326834
1134.303526 -1191.932450 -7365.549484
UTC=2024-01-28T07:26:02.000000
5658554.911292 4359823.913628 -768019.289250
385.882393 -1777.877525 -7323.180272
UTC=2024-01-28T07:28:02.000000
5659121.099911 4113323.619964 -1638571.085664
-377.972021 -2322.894958 -7167.249835
UTC=2024-01-28T07:30:02.000000
5567729.971101 3804310.851917 -2483717.610871
-1144.613103 -2818.403464 -6900.336600
UTC=2024-01-28T07:32:02.000000
5384814.110400 3439190.903319 -3290383.346354
-1901.253035 -3256.847201 -6526.765625
UTC=2024-01-28T07:34:02.000000
5112337.882176 3025208.375544 -4046112.463433
-2635.187227 -3631.810904 -6052.524042
UTC=2024-01-28T07:36:02.000000
4753773.957283 2570304.347280 -4739261.935327
-3334.019269 -3938.116695 -5485.149417
UTC=2024-01-28T07:38:02.000000
4314053.318397 2082963.386175 -5359178.915994
-3985.873639 -4171.891646 -4833.581073
UTC=2024-01-28T07:40:02.000000
3799491.008469 1572054.850040 -5896359.540259
-4579.589674 -4330.598927 -4108.002222
UTC=2024-01-28T07:42:02.000000
3217689.326522 1046671.810795 -6342588.168785
-5104.902870 -4413.046474 -3319.670857
UTC=2024-01-28T07:44:02.000000
2577420.227715 515970.255694 -6691055.426804
-5552.608241 -4419.373041 -2480.734939
UTC=2024-01-28T07:46:02.000000
1888489.786223 -10988.435202 -6936453.741649
-5914.696339 -4351.008747 -1604.046277
UTC=2024-01-28T07:48:02.000000
1161587.384132 -525389.417654 -7075051.066480
-6184.475469 -4210.622786 -702.981806
UTC=2024-01-28T07:50:02.000000
408120.395136 -1018809.119369 -7104742.443365
-6356.686849 -4002.053018 208.751378
UTC=2024-01-28T07:52:02.000000
-359962.773678 -1483350.066039 -7025077.859326
-6427.583740 -3730.213943 1117.307639
UTC=2024-01-28T07:54:02.000000
-1130358.358447 -1911764.318872 -6837268.227483
-6395.001567 -3401.000304 2008.881250
UTC=2024-01-28T07:56:02.000000
-1890600.647410 -2297564.902238 -6544169.143493
-6258.412175 -3021.180546 2869.899364
UTC=2024-01-28T07:58:02.000000
-2628260.118961 -2635123.269168 -6150241.445615
-6018.949481 -2598.271949 3687.210713
UTC=2024-01-28T08:00:02.000000
-3331143.670088 -2919751.532853 -5661489.963179
-5679.421287 -2140.413685 4448.263459
UTC=2024-01-28T08:02:02.000000
-3987495.568798 -3147769.186423 -5085380.387561
-5244.305858 -1656.232322 5141.294555
UTC=2024-01-28T08:04:02.000000
-4586195.770126 -3316552.621952 -4430733.037765
-4719.709829 -1154.690194 5755.519736
UTC=2024-01-28T08:06:02.000000
-5116951.412254 -3424566.050639 -3707594.947946
-4113.299803 -644.929090 6281.306389
UTC=2024-01-28T08:08:02.000000
-5570478.633595 -3471373.473839 -2927091.573560
-3434.207187 -136.109803 6710.340319
UTC=2024-01-28T08:10:02.000000
-5938670.944664 -3457631.061002 -2101259.231715
-2692.898870 362.753513 7035.778449
UTC=2024-01-28T08:12:02.000000
-6214750.065050 -3385059.617504 -1242860.616975
-1901.016191 842.957953 7252.376711
UTC=2024-01-28T08:14:02.000000
-6393396.006359 -3256397.589717 -365186.384386
-1071.188876 1296.272320 7356.595003
UTC=2024-01-28T08:16:02.000000
-6470853.135818 -3075335.171177 518154.033155
-216.823290 1715.089458 7346.670383
UTC=2024-01-28T08:18:02.000000
-6445009.673914 -2846430.934303 1393448.789306
648.130752 2092.566022 7222.663829
UTC=2024-01-28T08:20:02.000000
-6315447.653663 -2575012.385072 2247103.282448
1509.436331 2422.749331 6986.464988
UTC=2024-01-28T08:22:02.000000
-6083461.979983 -2267062.640448 3065857.485112
2352.823187 2700.679739 6641.751374
UTC=2024-01-28T08:24:02.000000
-5752049.675986 -1929096.392594 3836997.125612
3164.236436 2922.469445 6193.929930
UTC=2024-01-28T08:26:02.000000
-5325868.228020 -1568027.332819 4548555.826806
3930.098488 3085.363939 5650.036982
UTC=2024-01-28T08:28:02.000000
-4811164.064956 -1191030.149198 5189502.407391
4637.540408 3187.769645 5018.598966
UTC=2024-01-28T08:30:02.000000
-4215674.905866 -805400.948865 5749911.069226
5274.610228 3229.255456 4309.487884
UTC=2024-01-28T08:32:02.000000
-3548507.561865 -418418.403740 6221113.574531
5830.474574 3210.539233 3533.762008
UTC=2024-01-28T08:34:02.000000
-2819992.445106 -37207.850877 6595830.636375
6295.601428 3133.449891 2703.479889
UTC=2024-01-28T08:36:02.000000
-2041517.990120 331388.344386 6868280.174048
6661.911525 3000.862192 1831.503740
UTC=2024-01-28T08:38:02.000000
-1225348.721178 680931.722264 7034262.045662
6922.901349 2816.620032 931.303899
UTC=2024-01-28T08:40:02.000000
-384429.928098 1005498.950399 7091218.993991
7073.743086 2585.448730 16.757998
UTC=2024-01-28T08:42:02.000000
467818.331814 1299781.502956 7038273.491363
7111.363046 2312.851768 -898.049526
UTC=2024-01-28T08:44:02.000000
1317715.396482 1559172.401332 6876240.453979
7034.499203 2004.998417 -1799.030090
UTC=2024-01-28T08:46:02.000000
2151539.543203 1779838.728811 6607615.394613
6843.731969 1668.598818 -2672.295773
UTC=2024-01-28T08:48:02.000000
2955749.674195 1958778.723966 6236538.460038
6541.491245 1310.773524 -3504.356644
UTC=2024-01-28T08:50:02.000000
3717206.772055 2093862.989809 5768734.611424
6132.043089 938.917978 -4282.323947
UTC=2024-01-28T08:52:02.000000
4423391.361566 2183859.019475 5211429.268841
5621.435432 560.561765 -4994.109954
UTC=2024-01-28T08:54:02.000000
5062612.948942 2228439.008807 4573241.242604
5017.423585 183.230499 -5628.609248
UTC=2024-01-28T08:56:02.000000
5624209.754548 2228170.847095 3864053.728064
4329.378736 -185.698126 -6175.887447
UTC=2024-01-28T08:58:02.000000
6098734.086602 2184491.433771 3094862.180004
3568.133209 -539.141612 -6627.366513
UTC=2024-01-28T09:00:02.000000
6478117.123517 2099663.208248 2277603.559201
2745.809402 -870.445031 -6975.954907
UTC=2024-01-28T09:02:02.000000
6755812.966107 1976715.037292 1424969.611068
1875.629908 -1173.510962 -7216.185586
UTC=2024-01-28T09:04:02.000000
6926916.774232 1819367.907949 550205.398726
971.683122 -1442.919509 -7344.316424
UTC=2024-01-28T09:06:02.000000
6988254.170244 1631947.567711 -333101.888539
48.679366 -1674.026688 -7358.397206
UTC=2024-01-28T09:08:02.000000
6938440.007431 1419285.993799 -1211240.525594
-878.316616 -1863.052832 -7258.303164
UTC=2024-01-28T09:10:02.000000
6777905.006459 1186613.293221 -2070592.843666
-1794.147795 -2007.151524 -7045.723692
UTC=2024-01-28T09:12:02.000000
6508890.982686 939442.833444 -2897851.474364
-2683.832620 -2104.453358 -6724.132652
UTC=2024-01-28T09:14:02.000000
6135413.490531 683452.618830 -3680229.436499
-3532.832703 -2154.085186 -6298.714184
UTC=2024-01-28T09:16:02.000000
5663193.600847 424365.583217 -4405659.520917
-4327.302038 -2156.169695 -5776.260846
UTC=2024-01-28T09:18:02.000000
5099560.580938 167831.157061 -5062979.534728
-5054.319323 -2111.803607 -5165.038790
UTC=2024-01-28T09:20:02.000000
4453328.670269 -80689.149667 -5642099.999195
-5702.087286 -2023.013178 -4474.634576
UTC=2024-01-28T09:22:02.000000
3734651.422436 -316029.780152 -6134153.131203
-6260.109179 -1892.693713 -3715.795813
UTC=2024-01-28T09:24:02.000000
2954855.910879 -533421.187123 -6531621.929476
-6719.347817 -1724.536411 -2900.256695
UTC=2024-01-28T09:26:02.000000
2126259.600126 -728580.080835 -6828447.044528
-7072.350939 -1522.938456 -2040.545650
UTC=2024-01-28T09:28:02.000000
1261974.393887 -897788.375290 -7020111.094430
-7313.345128 -1292.906230 -1149.804090
UTC=2024-01-28T09:30:02.000000
375700.006093 -1037960.033059 -7103701.239644
-7438.318782 -1039.948262 -241.600488
UTC=2024-01-28T09:32:02.000000
-518490.881869 -1146694.377338 -7077948.724515
-7445.072974 -769.959869 670.263422
UTC=2024-01-28T09:34:02.000000
-1406372.018973 -1222315.702973 -6943245.894145
-7333.251770 -489.108956 1571.935182
UTC=2024-01-28T09:36:02.000000
-2273785.866499 -1263898.739278 -6701640.837625
-7104.355692 -203.714189 2449.704329
UTC=2024-01-28T09:38:02.000000
-3106865.430543 -1271279.324672 -6356808.743146
-6761.720760 79.878233 3290.192872
UTC=2024-01-28T09:40:02.000000
-3892252.501096 -1245050.521173 -5914001.590003
-6310.485783 355.413902 4080.528639
UTC=2024-01-28T09:42:02.000000
-4617311.573088 -1186544.332823 -5379976.135150
-5757.545117 616.852130 4808.537270
UTC=2024-01-28T09:44:02.000000
-5270335.431629 -1097798.793715 -4762898.654792
-5111.458802 858.485739 5462.931022
UTC=2024-01-28T09:46:02.000000
-5840738.534308 -981511.088525 -4072227.915293
-4382.341028 1075.054643 6033.485329
UTC=2024-01-28T09:48:02.000000
-6319235.586930 -840977.296235 -3318577.109047
-3581.722354 1261.855119 6511.212892
UTC=2024-01-28T09:50:02.000000
-6698001.362684 -680019.463866 -2513555.493931
-2722.374949 1414.840342 6888.524857
UTC=2024-01-28T09:52:02.000000
-6970807.863228 -502901.482266 -1669592.054189
-1818.112377 1530.706216 7159.369298
UTC=2024-01-28T09:54:02.000000
-7133136.322805 -314235.360333 -799743.579927
-883.567983 1606.966800 7319.354407
UTC=2024-01-28T09:56:02.000000
-7182260.122441 -118879.195870 82510.719378
66.068033 1642.014225 7365.842199
UTC=2024-01-28T09:58:02.000000
-7117295.617384 78170.456067 963482.666201
1015.312646 1635.152730 7297.993891
UTC=2024-01-28T10:00:02.000000
-6939221.375028 271889.124431 1829492.864721
1948.658553 1586.613706 7116.796334
UTC=2024-01-28T10:02:02.000000
-6650864.313687 457335.606919 2667089.504631
2850.853347 1497.551262 6825.050584
UTC=2024-01-28T10:04:02.000000
-6256852.625548 629761.443380 3463263.504100
3707.173271 1370.017697 6427.323265
UTC=2024-01-28T10:06:02.000000
-5763536.432024 784716.115623 4205655.557370
4503.684755 1206.916941 5929.859766
UTC=2024-01-28T10:08:02.000000
-5178878.588382 918145.479791 4882750.821738
5227.480025 1011.938979 5340.467891
UTC=2024-01-28T10:10:02.000000
-4512318.554513 1026481.345425 5484058.174562
5866.889296 789.478304 4668.376198
UTC=2024-01-28T10:12:02.000000
-3774612.760481 1106720.489767 6000271.376262
6411.661206 544.539846 3924.077602
UTC=2024-01-28T10:14:02.000000
-2977654.568316 1156491.601574 6423410.788328
6853.122499 282.631801 3119.159068
UTC=2024-01-28T10:16:02.000000
-2134276.745581 1174108.930536 6746943.568390
7184.309537 9.652924 2266.114271
UTC=2024-01-28T10:18:02.000000
-1258039.926796 1158611.991463 6965880.356392
7400.067542 -268.228962 1378.139696
UTC=2024-01-28T10:20:02.000000
-363011.724804 1109790.279301 7076847.427095
7497.109333 -544.702869 468.933605
UTC=2024-01-28T10:22:02.000000
536459.848395 1028192.854459 7078135.185840
7474.053554 -813.441618 -447.499865
UTC=2024-01-28T10:24:02.000000
1425976.295652 915122.721982 6969722.856455
7331.440620 -1068.227478 -1357.051645
UTC=2024-01-28T10:26:02.000000
2291318.864242 772616.154505 6753278.922965
7071.721819 -1303.077906 -2245.709939
UTC=2024-01-28T10:28:02.000000
3118676.007437 603407.071815 6432137.479405
6699.225640 -1512.368103 -3099.759867
UTC=2024-01-28T10:30:02.000000
3894865.513273 410876.954053 6011250.278008
6220.099303 -1690.949283 -3905.989978
UTC=2024-01-28T10:32:02.000000
4607547.399626 198990.988260 5497114.234754
5642.215552 -1834.259978 -4651.891141
UTC=2024-01-28T10:34:02.000000
5245424.317487 -27778.771770 4897675.572523
4975.057636 -1938.430100 -5325.849202
UTC=2024-01-28T10:36:02.000000
5798426.637144 -264541.908590 4222211.067686
4229.578206 -2000.370550 -5917.333153
UTC=2024-01-28T10:38:02.000000
6257878.817784 -506087.933907 3481187.268290
3418.028617 -2017.847461 -6417.073175
UTC=2024-01-28T10:40:02.000000
6616643.517043 -746992.795686 2686099.137651
2553.758015 -1989.543831 -6817.224713
UTC=2024-01-28T10:42:02.000000
6869239.669374 -981731.559011 1849290.283674
1650.981523 -1915.100596 -7111.508291
UTC=2024-01-28T10:44:02.000000
7011931.934214 -1204794.847525 983758.500908
724.538756 -1795.137811 -7295.316608
UTC=2024-01-28T10:46:02.000000
7042790.613364 -1410806.557850 102949.593974
-210.360132 -1631.255200 -7365.803445
UTC=2024-01-28T10:48:02.000000
6961719.472214 -1594640.337907 -779457.933374
-1138.415727 -1426.009050 -7321.941114
UTC=2024-01-28T10:50:02.000000
6770449.814957 -1751531.687142 -1649771.813780
-2044.512133 -1182.865093 -7164.527644
UTC=2024-01-28T10:52:02.000000
6472502.419156 -1877183.458934 -2494504.426369
-2913.985716 -906.134050 -6896.168818
UTC=2024-01-28T10:54:02.000000
6073117.609969 -1967862.335684 -3300586.416638
-3732.881604 -600.886988 -6521.217352
UTC=2024-01-28T10:56:02.000000
5579156.008616 -2020484.199109 -4055571.234918
-4488.186499 -272.854763 -6045.683400
UTC=2024-01-28T10:58:02.000000
4998972.808702 -2032686.597198 -4747827.382946
-5168.036984 71.685222 -5477.120053
UTC=2024-01-28T11:00:02.000000
4342268.402476 -2002887.182195 -5366715.543679
-5761.905582 426.029352 -4824.485430
UTC=2024-01-28T11:02:02.000000
3619918.291753 -1930327.199000 -5902747.598296
-6260.757178 783.176869 -4097.979059
UTC=2024-01-28T11:04:02.000000
2843786.745721 -1815099.099244 -6347725.097278
-6657.163414 1135.964249 -3308.867037
UTC=2024-01-28T11:06:02.000000
2026528.599081 -1658158.008577 -6694856.981995
-6945.390509 1477.199461 -2469.310825
UTC=2024-01-28T11:08:02.000000
1181381.300914 -1461317.094471 -6938855.966944
-7121.470419 1799.795704 -1592.178474
UTC=2024-01-28T11:10:02.000000
321950.831350 -1227227.244610 -7076011.662128
-7183.232428 2096.898937 -690.853115
UTC=2024-01-28T11:12:02.000000
-538004.893876 -959341.458825 -7104241.233489
-7130.314473 2362.015368 220.954384
UTC=2024-01-28T11:14:02.000000
-1384792.462780 -661864.355493 -7023117.514469
-6964.150952 2589.131949 1129.390986
UTC=2024-01-28T11:16:02.000000
-2204997.106038 -339687.219221 -6833874.683218
-6687.943851 2772.836379 2020.653514
UTC=2024-01-28T11:18:02.000000
-2985691.425617 1690.613768 -6539390.717253
-6306.602042 2908.423728 2881.178628
UTC=2024-01-28T11:20:02.000000
-3714635.846135 356252.709706 -6144147.987688
-5826.668260 2991.996966 3697.819562
UTC=2024-01-28T11:22:02.000000
-4380469.887685 717568.099241 -5654172.025008
-5256.233809 3020.558045 4458.036810
UTC=2024-01-28T11:24:02.000000
-4972890.982054 1078903.864654 -5076947.283656
-4604.818338 2992.084760 5150.083129
UTC=2024-01-28T11:26:02.000000
-5482818.213739 1433346.579494 -4421311.407589
-3883.238482 2905.601444 5763.184728
UTC=2024-01-28T11:28:02.000000
-5902538.185711 1773931.031934 -3697327.148352
-3103.439261 2761.225980 6287.725266
UTC=2024-01-28T11:30:02.000000
-6225829.355305 2093773.027952 -2916133.593293
-2278.307478 2560.193357 6715.408545
UTC=2024-01-28T11:32:02.000000
-6448062.858145 2386203.978263 -2089778.553520
-1421.464593 2304.861253 7039.408796
UTC=2024-01-28T11:34:02.000000
-6566277.220844 2644904.868327 -1231034.036536
-547.039549 1998.693128 7254.502089
UTC=2024-01-28T11:36:02.000000
-6579224.755727 2864036.552111 -353197.333279
330.575136 1646.213755 7357.172908
UTC=2024-01-28T11:38:02.000000
-6487387.918205 3038363.183159 530118.881184
1196.980075 1252.939871 7345.689890
UTC=2024-01-28T11:40:02.000000
-6292964.435833 3163366.020959 1405203.230221
2038.029427 825.289910 7220.142518
UTC=2024-01-28T11:42:02.000000
-5999821.639970 3235345.132192 2258464.694278
2840.084181 370.471170 6982.444830
UTC=2024-01-28T11:44:02.000000
-5613420.977384 3251506.224654 3076649.796866
3590.252730 -103.652366 6636.299986
UTC=2024-01-28T11:46:02.000000
-5140714.842792 3210030.896876 3847053.811473
4276.614107 -588.705870 6187.137261
UTC=2024-01-28T11:48:02.000000
-4590017.493820 3110128.402237 4557722.141598
4888.422768 -1075.963252 5642.009225
UTC=2024-01-28T11:50:02.000000
-3970853.532274 2952068.218950 5197637.418970
5416.277078 -1556.507105 5009.460954
UTC=2024-01-28T11:52:02.000000
-3293787.977498 2737193.275310 5756890.146109
5852.260517 -2021.391039 4299.386446
UTC=2024-01-28T11:54:02.000000
-2570240.575200 2467913.568311 6226830.793070
6190.060875 -2461.804942 3522.860811
UTC=2024-01-28T11:56:02.000000
-1812288.086256 2147679.914394 6600200.466144
6425.051283 -2869.238383 2691.954708
UTC=2024-01-28T11:58:02.000000
-1032458.671725 1780938.626277 6871238.600015
6554.339598 -3235.635031 1819.535610
UTC=2024-01-28T12:00:02.000000
-243522.867599 1373068.254107 7035766.736591
6576.778948 -3553.537493 919.073205
UTC=2024-01-28T12:02:02.000000
541715.890628 930299.431614 7091249.252437
6492.965779 -3816.223537 4.444629
UTC=2024-01-28T12:04:02.000000
1310629.041639 459619.039749 7036830.045827
6305.211024 -4017.831228 -910.268835
UTC=2024-01-28T12:06:02.000000
2050965.657673 -31340.017304 6873345.015532
6017.487205 -4153.473823 -1810.981674
UTC=2024-01-28T12:08:02.000000
2751047.673178 -534422.256844 6603310.573760
5635.355818 -4219.344796 -2683.804664
UTC=2024-01-28T12:10:02.000000
3399955.227414 -1041084.681677 6230887.813111
5165.874800 -4212.805031 -3515.249735
UTC=2024-01-28T12:12:02.000000
3987699.522926 -1542541.366550 5761822.171178
4617.482320 -4132.455932 -4292.433296
UTC=2024-01-28T12:14:02.000000
4505380.097527 -2029915.730630 5203358.779661
3999.853638 -3978.191597 -5003.275807
UTC=2024-01-28T12:16:02.000000
4945323.970773 -2494397.653397 4564134.796534
3323.744571 -3751.229508 -5636.686947
UTC=2024-01-28T12:18:02.000000
5301205.139744 -2927403.259103 3854049.614128
2600.817704 -3454.122587 -6182.750584
UTC=2024-01-28T12:20:02.000000
5568141.608130 -3320734.356343 3084113.167229
1843.441653 -3090.740083 -6632.901386
UTC=2024-01-28T12:22:02.000000
5742766.988126 -3666733.774790 2266274.596327
1064.470549 -2666.220048 -6980.073191
UTC=2024-01-28T12:24:02.000000
5823275.328145 -3958433.716528 1413234.872678
277.019976 -2186.900475 -7218.820990
UTC=2024-01-28T12:26:02.000000
5809438.584354 -4189694.064960 538245.677253
-505.767410 -1660.217888 -7345.425192
UTC=2024-01-28T12:28:02.000000
5702595.690973 -4355326.804495 -345101.748820
-1270.956155 -1094.582782 -7357.954921
UTC=2024-01-28T12:30:02.000000
5505613.706393 -4451204.419236 -1223093.972153
-2006.051969 -499.231937 -7256.306997
UTC=2024-01-28T12:32:02.000000
5222821.336028 -4474348.985607 -2082114.679808
-2699.224028 115.940099 -7042.199680
UTC=2024-01-28T12:34:02.000000
4859916.721290 -4423000.468776 -2908861.210825
-3339.511653 740.560481 -6719.132254
UTC=2024-01-28T12:36:02.000000
4423851.881106 -4296662.955827 -3690554.210367
-3917.006265 1363.965540 -6292.312965
UTC=2024-01-28T12:38:02.000000
3922696.628340 -4096127.875437 -4415136.784824
-4423.010291 1975.395279 -5768.554465
UTC=2024-01-28T12:40:02.000000
3365485.304892 -3823474.104971 -5071459.460638
-4850.164985 2564.183981 -5156.144401
UTC=2024-01-28T12:42:02.000000
2762049.851476 -3482045.357943 -5649448.176892
-5192.549216 3119.946840 -4464.690927
UTC=2024-01-28T12:44:02.000000
2122843.228459 -3076405.987030 -6140252.617728
-5445.741286 3632.751999 -3704.953692
UTC=2024-01-28T12:46:02.000000
1458757.083258 -2612276.902067 -6536374.461104
-5606.856864 4093.282521 -2888.678226
UTC=2024-01-28T12:48:02.000000
780935.770103 -2096451.990943 -6831775.023566
-5674.569113 4492.998442 -2028.413617
UTC=2024-01-28T12:50:02.000000
100589.977218 -1536696.106299 -7021959.817070
-5649.094485 4824.278324 -1137.315033
UTC=2024-01-28T12:52:02.000000
-571186.328891 -941627.387078 -7104039.830971
-5532.153675 5080.541629 -228.954278
UTC=2024-01-28T12:54:02.000000
-1223593.261057 -320585.626183 -7076770.504217
-5326.917914 5256.358916 682.863597
UTC=2024-01-28T12:56:02.000000
-1846295.304456 316511.985851 -6940568.393822
-5037.942065 5347.551410 1584.290626
UTC=2024-01-28T12:58:02.000000
-2429582.056147 959326.009010 -6697504.948050
-4671.073240 5351.273064 2461.623707
UTC=2024-01-28T13:00:02.000000
-2964517.160264 1597258.951828 -6351278.138362
-4233.347188 5266.078877 3301.487880
UTC=2024-01-28T13:02:02.000000
-3443074.299215 2219626.632728 -5907162.093210
-3732.875692 5091.976728 4091.019343
UTC=2024-01-28T13:04:02.000000
-3858258.892470 2815834.952257 -5371934.592409
-3178.720158 4830.464331 4818.053108
UTC=2024-01-28T13:06:02.000000
-4204213.556541 3375559.621893 -4753781.618906
-2580.746310 4484.540166 5471.315839
UTC=2024-01-28T13:08:02.000000
-4476304.795420 3888925.474406 -4062179.285337
-1949.457416 4058.686232 6040.607396
UTC=2024-01-28T13:10:02.000000
-4671188.932311 4346682.290786 -3307755.023221
-1295.817794 3558.827546 6516.966086
UTC=2024-01-28T13:12:02.000000
-4786856.671132 4740374.114365 -2502129.330815
-631.070976 2992.262009 6892.828162
UTC=2024-01-28T13:14:02.000000
-4822654.949259 5062498.178882 -1657739.451168
33.455024 2367.559975 7162.165815
UTC=2024-01-28T13:16:02.000000
-4779285.383317 5306650.472007 -787647.735024
686.543689 1694.440375 7320.607060
UTC=2024-01-28T13:18:02.000000
-4658778.520157 5467654.459555 94663.207701
1317.298195 983.612244 7365.531968
UTC=2024-01-28T13:20:02.000000
-4464443.400829 5541668.843149 975504.084314
1915.336671 246.590256 7296.122057
UTC=2024-01-28T13:22:02.000000
-4200794.764191 5526272.702591 1841197.310897
2470.978381 -504.504382 7113.392910
UTC=2024-01-28T13:24:02.000000
-3873457.836868 5420524.800080 2678296.535036
2975.423550 -1257.168506 6820.176198
UTC=2024-01-28T13:26:02.000000
-3489053.097071 5224995.988928 3473801.501777
3420.907725 -1998.741644 6421.062649
UTC=2024-01-28T13:28:02.000000
-3055064.365880 4941774.574390 4215364.120373
3800.824482 -2716.630240 5922.315014
UTC=2024-01-28T13:30:02.000000
-2579693.579114 4574444.920290 4891482.878227
4109.826734 -3398.531052 5331.759138
UTC=2024-01-28T13:32:02.000000
-2071704.960879 4128039.351610 5491682.294115
4343.899789 -4032.649958 4658.644889
UTC=2024-01-28T13:34:02.000000
-1540262.082876 3608964.593152 6006674.386355
4500.408006 -4607.907341 3913.485069
UTC=2024-01-28T13:36:02.000000
-994761.111842 3024904.555535 6428499.553973
4578.110565 -5114.126450 3107.875989
UTC=2024-01-28T13:38:02.000000
-444663.920290 2384701.606772 6750645.304769
4577.148697 -5542.201840 2254.307608
UTC=2024-01-28T13:40:02.000000
100665.860077 1698219.248292 6968142.208346
4499.012346 -5884.244139 1365.976732
UTC=2024-01-28T13:42:02.000000
632122.041066 976187.706372 7077636.948571
4346.491762 -6133.717736 456.586579
UTC=2024-01-28T13:44:02.000000
1141007.639633 230034.815208 7077440.695849
4123.602975 -6285.547448 -459.857249
UTC=2024-01-28T13:46:02.000000
1619176.775058 -528294.849584 6967553.701318
3835.499158 -6336.210854 -1369.242040
UTC=2024-01-28T13:48:02.000000
2059165.097042 -1286531.195347 6749665.931032
3488.367297 -6283.815147 -2257.553592
UTC=2024-01-28T13:50:02.000000
2454306.895798 -2032277.219255 6427132.987697
3089.310902 -6128.144831 -3111.078282
UTC=2024-01-28T13:52:02.000000
2798837.539341 -2753212.385285 6004927.916486
2646.221554 -5870.692202 -3916.607140
UTC=2024-01-28T13:54:02.000000
3087979.494122 -3437297.804922 5489568.393539
2167.634081 -5514.657078 -4661.637989
UTC=2024-01-28T13:56:02.000000
3318010.335240 -4072979.846529 4889020.260759
1662.573106 -5064.920437 -5334.568334
UTC=2024-01-28T13:58:02.000000
3486312.158542 -4649389.016419 4212578.329234
1140.395267 -4527.992846 -5924.882667
UTC=2024-01-28T14:00:02.000000
3591401.202227 -5156530.705867 3470724.870858
610.617095 -3911.927362 -6423.333161
UTC=2024-01-28T14:02:02.000000
3632936.659386 -5585463.526299 2674967.926690
82.742435 -3226.203087 -6822.096959
UTC=2024-01-28T14:04:02.000000
3611708.594499 -5928461.908920 1837661.602302
-433.914164 -2481.577184 -7114.916695
UTC=2024-01-28T14:06:02.000000
3529604.801800 -6179159.032224 971811.217896
-930.399688 -1689.905640 -7297.212378
UTC=2024-01-28T14:08:02.000000
3389557.648784 -6332666.639538 90867.031157
-1398.283157 -863.941751 -7366.158566
UTC=2024-01-28T14:10:02.000000
3195472.283892 -6385670.333250 -791489.959366
-1829.808307 -17.124110 -7320.743980
UTC=2024-01-28T14:12:02.000000
2952136.588830 -6336496.874389 -1661567.548878
-2218.041417 836.675804 -7161.789952
UTC=2024-01-28T14:14:02.000000
2665115.219499 -6185151.375241 -2505880.592476
-2556.987206 1683.396881 -6891.920587
UTC=2024-01-28T14:16:02.000000
2340630.989938 -5933325.250115 -3311364.858214
-2841.687297 2509.037838 -6515.515873
UTC=2024-01-28T14:18:02.000000
1985435.283301 -5584373.721688 -4065582.662520
-3068.300652 3299.911553 -6038.618904
UTC=2024-01-28T14:20:02.000000
1606671.186053 -5143263.603559 -4756915.054388
-3234.144447 4042.882565 -5468.809907
UTC=2024-01-28T14:22:02.000000
1211733.236858 -4616494.143536 -5374737.965307
-3337.711872 4725.579670 -4815.065389
UTC=2024-01-28T14:24:02.000000
808126.267333 -4011993.351156 -5909580.598629
-3378.669421 5336.593108 -4087.602674
UTC=2024-01-28T14:26:02.000000
403325.790484 -3338991.643750 -6353264.108062
-3357.833425 5865.653519 -3297.706992
UTC=2024-01-28T14:28:02.000000
4642.555767 -2607875.525653 -6699018.901966
-3277.124346 6303.786039 -2457.550288
UTC=2024-01-28T14:30:02.000000
-380906.272642 -1830024.066934 -6941579.987298
-3139.502740 6643.442880 -1580.005947
UTC=2024-01-28T14:32:02.000000
-746717.271490 -1017630.888799 -7077259.915348
-2948.889335 6878.612627 -678.462108
UTC=2024-01-28T14:34:02.000000
-1086710.641125 -183514.143737 -7103999.291411
-2710.074790 7004.911053 233.367461
UTC=2024-01-28T14:36:02.000000
-1395428.728881 659082.882241 -7021394.250939
-2428.619859 7019.645415 1141.635346
UTC=2024-01-28T14:38:02.000000
-1668121.842526 1496697.732911 -6830701.515948
-2110.743654 6921.863033 2032.543620
UTC=2024-01-28T14:40:02.000000
-1900820.117172 2315859.562716 -6534821.166874
-1763.204202 6712.378881 2892.530927
UTC=2024-01-28T14:42:02.000000
-2090391.008562 3103302.038596 -6138257.489829
-1393.178107 6393.787888 3708.453830
UTC=2024-01-28T14:44:02.000000
-2234581.731156 3846176.537438 -5647057.164113
-1008.128859 5970.451640 4467.780178
UTC=2024-01-28T14:46:02.000000
-2332045.700358 4532262.011650 -5068724.898205
-615.674247 5448.460364 5158.773058
UTC=2024-01-28T14:48:02.000000
-2382352.877077 5150168.855506 -4412116.588671
-223.448503 4835.566868 5770.680756
UTC=2024-01-28T14:50:02.000000
-2385983.161334 5689532.534560 -3687310.222639
161.040769 4141.082882 6293.914655
UTC=2024-01-28T14:52:02.000000
-2344302.679906 6141193.094672 -2905456.741970
530.553839 3375.750363 6720.205688
UTC=2024-01-28T14:54:02.000000
-2259523.486704 6497358.096342 -2078612.697186
878.253599 2551.590951 7042.754380
UTC=2024-01-28T14:56:02.000000
-2134647.390036 6751745.005527 -1219555.450738
1197.835858 1681.712684 7256.365516
UTC=2024-01-28T14:58:02.000000
-1973394.645084 6899698.720561 -341584.741656
1483.649515 780.095766 7357.541535
UTC=2024-01-28T15:00:02.000000
-1780118.989663 6938283.092734 541685.867105
1730.804753 -138.630911 7344.562738
UTC=2024-01-28T15:02:02.000000
-1559710.407141 6866343.144356 1416546.313514
1935.268654 -1059.458384 7217.544823
UTC=2024-01-28T15:04:02.000000
-1317487.463089 6684533.491289 2269410.449557
2093.941673 -1967.281230 6978.431946
UTC=2024-01-28T15:06:02.000000
-1059082.055796 6395313.856407 3087033.003069
2204.707171 -2847.163064 6630.951843
UTC=2024-01-28T15:08:02.000000
-790319.678700 6002913.310323 3856719.759455
2266.458054 -3684.593297 6180.547374
UTC=2024-01-28T15:10:02.000000
-517097.776585 5513264.279171 4566528.096872
2279.101278 -4465.734389 5634.286563
UTC=2024-01-28T15:12:02.000000
-245264.467498 4933906.477273 5205455.426558
2243.549508 -5177.678001 5000.741763
UTC=2024-01-28T15:14:02.000000
19500.381830 4273862.016131 5763609.208544
2161.684931 -5808.653821 4289.813793
UTC=2024-01-28T15:16:02.000000
271797.917664 3543488.495511 6232357.255485
2036.298334 -6348.206171 3512.581711
UTC=2024-01-28T15:18:02.000000
506615.213445 2754310.227438 6604458.487134
1871.017546 -6787.370117 2681.118047
UTC=2024-01-28T15:20:02.000000
719420.609021 1918831.272509 6874170.466828
1670.220476 -7118.801864 1808.296561
UTC=2024-01-28T15:22:02.000000
906247.924020 1050333.837786 7037333.959497
1438.936344 -7336.892513 907.595752
UTC=2024-01-28T15:24:02.000000
1063768.134288 162665.078105 7091433.164631
1182.736463 -7437.845082 -7.105043
UTC=2024-01-28T15:26:02.000000
1189347.529923 -729983.778980 7035632.290767
907.618036 -7419.731437 -921.717324
UTC=2024-01-28T15:28:02.000000
1281091.505830 -1613304.547483 6870788.455586
619.881479 -7282.533593 -1822.149919
UTC=2024-01-28T15:30:02.000000
1337873.368338 -2473101.856968 6599439.624324
326.003590 -7028.149520 -2694.513225
UTC=2024-01-28T15:32:02.000000
1359347.774250 -3295522.491911 6225768.142687
32.507844 -6660.378597 -3525.325575
UTC=2024-01-28T15:34:02.000000
1345948.323056 -4067280.839567 5755539.260258
-254.168101 -6184.869513 -4301.720443
UTC=2024-01-28T15:36:02.000000
1298869.794936 -4775876.056137 5196015.665099
-527.796078 -5609.038186 -5011.637366
UTC=2024-01-28T15:38:02.000000
1220035.609256 -5409798.541884 4555849.891360
-782.480644 -4941.972049 -5644.003486
UTC=2024-01-28T15:40:02.000000
1112050.617212 -5958723.506002 3844954.532293
-1012.779719 -4194.305751 -6188.922053
UTC=2024-01-28T15:42:02.000000
978139.842201 -6413686.796644 3074350.339377
-1213.817058 -3378.050690 -6637.846868
UTC=2024-01-28T15:44:02.000000
822074.280401 -6767238.535024 2255995.240606
-1381.385929 -2506.399363 -6983.726806
UTC=2024-01-28T15:46:02.000000
648084.982126 -7013572.066026 1402597.255632
-1512.038368 -1593.508031 -7221.130231
UTC=2024-01-28T15:48:02.000000
460767.673683 -7148625.625140 527413.841734
-1603.155655 -654.261168 -7346.347441
UTC=2024-01-28T15:50:02.000000
264979.425646 -7170154.109762 -355959.948044
-1653.008670 295.995927 -7357.471143
UTC=2024-01-28T15:52:02.000000
65729.753058 -7077767.079330 -1233810.032189
-1660.788784 1241.744597 -7254.425426
UTC=2024-01-28T15:54:02.000000
-131930.584028 -6872932.877479 -2092522.582812
-1626.617189 2167.568690 -7038.952260
UTC=2024-01-28T15:56:02.000000
-323020.772449 -6558950.360145 -2918799.971106
-1551.535458 3058.419565 -6714.570954
UTC=2024-01-28T15:58:02.000000
-502738.941428 -6140889.123665 -3699870.269056
-1437.478169 3899.876164 -6286.509702
UTC=2024-01-28T16:00:02.000000
-666566.659828 -5625499.099488 -4423686.524516
-1287.225024 4678.393951 -5761.602935
UTC=2024-01-28T16:02:02.000000
-810366.495863 -5021091.734909 -5079111.560804
-1104.333906 5381.525636 -5148.154851
UTC=2024-01-28T16:04:02.000000
-930470.681171 -4337396.783153 -5656085.465241
-893.059991 5998.109814 -4455.789656
UTC=2024-01-28T16:06:02.000000
-1023759.227082 -3585397.824011 -6145774.272027
-658.261050 6518.435737 -3695.286928
UTC=2024-01-28T16:08:02.000000
-1087726.078322 -2777149.764385 -6540698.118849
-405.293681 6934.379224 -2878.405289
UTC=2024-01-28T16:10:02.000000
-1120532.408630 -1925581.679404 -6834837.623955
-139.902863 7239.509922 -2017.695855
UTC=2024-01-28T16:12:02.000000
-1121046.362115 -1044288.756944 -7023717.719437
131.892857 7429.167091 -1126.315294
UTC=2024-01-28T16:14:02.000000
-1088868.822659 -147316.418914 -7104469.153606
403.920105 7500.514874 -217.838573
UTC=2024-01-28T16:16:02.000000
-1024344.598275 751060.553452 -7075867.139512
669.973762 7452.568125 693.932382
UTC=2024-01-28T16:18:02.000000
-928559.030781 1636560.613539 -6938347.658724
923.936498 7286.199676 1595.151320
UTC=2024-01-28T16:20:02.000000
-803320.374154 2495117.852661 -6694001.453438
1159.896754 7004.126144 2472.115243
UTC=2024-01-28T16:22:02.000000
-651127.986355 3313101.563260 -6346546.010652
1372.267252 6610.878256 3311.446186
UTC=2024-01-28T16:24:02.000000
-475126.476996 4077531.068701 -5901274.981703
1555.900029 6112.746849 4100.285255
UTC=2024-01-28T16:26:02.000000
-279046.342410 4776281.959981 -5364984.529058
1706.195360 5517.696747 4826.479447
UTC=2024-01-28T16:28:02.000000
-67132.182614 5398281.108650 -4745877.666705
1819.200598 4835.265127 5478.765588
UTC=2024-01-28T16:30:02.000000
155940.551491 5933687.649906 -4053446.335429
1891.701965 4076.427426 6046.954536
UTC=2024-01-28T16:32:02.000000
385159.136421 6374055.950501 -3298332.097622
1921.304036 3253.432493 6522.102093
UTC=2024-01-28T16:34:02.000000
615275.795885 6712477.399660 -2492167.286148
1906.494114 2379.615475 6896.664707
UTC=2024-01-28T16:36:02.000000
840916.677739 6943698.265227 -1647398.215539
1846.690110 1469.184593 7164.641511
UTC=2024-01-28T16:38:02.000000
1056695.442191 7064210.327017 -777092.690872
1742.268976 536.981952 7321.692475
UTC=2024-01-28T16:40:02.000000
1257329.040349 7072311.659809 105264.935402
1594.574840 -401.774136 7365.227547
UTC=2024-01-28T16:42:02.000000
1437753.042874 6968135.495330 985987.430060
1405.902067 -1331.761758 7294.460979
UTC=2024-01-28T16:44:02.000000
1593233.426998 6753646.399000 1851402.465931
1179.455082 -2237.824719 7110.427072
UTC=2024-01-28T16:46:02.000000
1719472.561228 6432604.495241 2688070.490477
919.291663 -3105.237262 6815.965751
UTC=2024-01-28T16:48:02.000000
1812707.324990 6010498.261176 3482998.835161
630.248489 -3919.960963 6415.675361
UTC=2024-01-28T16:50:02.000000
1869797.051035 5494447.073264 4223848.494288
317.846003 -4668.892978 5915.834964
UTC=2024-01-28T16:52:02.000000
1888299.269290 4893075.150069 4899129.216988
-11.818950 -5340.090955 5324.291952
UTC=2024-01-28T16:54:02.000000
1866531.425401 4216359.634986 5498379.616920
-352.200088 -5922.979468 4650.316620
UTC=2024-01-28T16:56:02.000000
1803617.091622 3475457.060819 6012327.145635
-696.428663 -6408.498172 3904.426110
UTC=2024-01-28T16:58:02.000000
1699517.033116 2682513.935245 6433028.220947
-1037.443300 -6789.228708 3098.224048
UTC=2024-01-28T17:00:02.000000
1555043.976013 1850462.830347 6753987.702970
-1368.128795 -7059.503662 2244.214939
UTC=2024-01-28T17:02:02.000000
1371860.867321 992807.467969 6970255.033052
-1681.452937 -7215.480188 1355.602939
UTC=2024-01-28T17:04:02.000000
1152462.774255 123401.442392 7078495.967754
-1970.601111 -7255.172515 446.090489
UTC=2024-01-28T17:06:02.000000
900142.909285 -743775.541979 7077041.150109
-2229.107580 -7178.467579 -470.308719
UTC=2024-01-28T17:08:02.000000
618942.899908 -1594842.846364 6965911.233371
-2450.985583 -6987.125557 -1379.477313
UTC=2024-01-28T17:10:02.000000
313587.851963 -2416241.652806 6746816.814988
-2630.850460 -6684.742365 -2267.400607
UTC=2024-01-28T17:12:02.000000
-10592.843368 -3194952.123445 6423133.682116
-2764.033230 -6276.692680 -3120.376571
UTC=2024-01-28T17:14:02.000000
-347757.403610 -3918701.373793 5999852.524213
-2846.678123 -5770.032156 -3925.223856
UTC=2024-01-28T17:16:02.000000
-691654.569531 -4576158.405250 5483505.410606
-2875.830231 -5173.384045 -4669.464054
UTC=2024-01-28T17:18:02.000000
-1035736.640452 -5157115.152929 4882070.588681
-2849.516991 -4496.819534 -5341.504510
UTC=2024-01-28T17:20:02.000000
-1373281.650013 -5652651.759019 4204854.305243
-2766.815207 -3751.708535 -5930.837899
UTC=2024-01-28T17:22:02.000000
-1697521.922342 -6055281.219089 3462349.151290
-2627.891337 -2950.527698 -6428.227348
UTC=2024-01-28T17:24:02.000000
-2001776.280069 -6359069.525958 2666072.010183
-2434.022359 -2106.647181 -6825.862145
UTC=2024-01-28T17:26:02.000000
-2279583.530137 -6559729.491314 1828384.526586
-2187.595469 -1234.104316 -7117.495777
UTC=2024-01-28T17:28:02.000000
-2524834.191338 -6654686.150900 962298.024890
-1892.077888 -347.356636 -7298.563170
UTC=2024-01-28T17:30:02.000000
-2731897.072603 -6643111.885918 81266.504126
-1551.963334 538.974252 -7366.262533
UTC=2024-01-28T17:32:02.000000
-2895738.176875 -6525930.469775 -801028.258706
-1172.697051 1410.363575 -7319.604728
UTC=2024-01-28T17:34:02.000000
-3012029.368038 -6305789.843471 -1670895.463556
-760.580672 2252.642794 -7159.427961
UTC=2024-01-28T17:36:02.000000
-3077244.474109 -5987004.194112 -2514853.662881
-322.658107 3052.250316 -6888.376991
UTC=2024-01-28T17:38:02.000000
-3088740.609622 -5575466.759496 -3319844.634295
133.416567 3796.468485 -6510.848666
UTC=2024-01-28T17:40:02.000000
-3044822.710704 -5078535.289607 -4073438.459331
599.525523 4473.639857 -6032.899424
UTC=2024-01-28T17:42:02.000000
-2944790.080537 -4504893.508903 -4764025.533935
1067.239289 5073.349896 -5462.122666
UTC=2024-01-28T17:44:02.000000
-2788964.588354 -3864392.584063 -5380992.743390
1527.970197 5586.578843 -4807.508297
UTC=2024-01-28T17:46:02.000000
-2578700.439284 -3167876.025566 -5914881.776087
1973.125925 6005.825621 -4079.285792
UTC=2024-01-28T17:48:02.000000
-2316375.485150 -2426991.477957 -6357527.777913
2394.263809 6325.202319 -3288.753999
UTC=2024-01-28T17:50:02.000000
-2005364.051218 -1653992.923987 -6702176.877447
2783.243295 6540.499689 -2448.098848
UTC=2024-01-28T17:52:02.000000
-1649992.107085 -861536.875309 -6943581.155013
3132.366611 6649.221293 -1570.201805
UTC=2024-01-28T17:54:02.000000
-1255476.208900 -62476.218484 -7078070.699848
3434.509640 6650.589336 -668.450264
UTC=2024-01-28T17:56:02.000000
-827847.080836 730345.085866 -7103603.282657
3683.247821 6545.526086 243.445011
UTC=2024-01-28T17:58:02.000000
-373858.404796 1504294.285608 -7019792.127262
3872.974802 6336.622357 1151.636257
UTC=2024-01-28T18:00:02.000000
99117.646287 2247146.884624 -6827911.006813
3999.005379 6028.081122 2042.324417
UTC=2024-01-28T18:02:02.000000
583207.108808 2947276.333829 -6530877.742984
4057.678738 5625.652989 2901.939948
UTC=2024-01-28T18:04:02.000000
1070162.777944 3593834.673072 -6133214.786139
4046.447242 5136.546157 3717.341791
UTC=2024-01-28T18:06:02.000000
1551501.870866 4176920.616612 -5640986.315405
3963.942609 4569.309941 4476.005069
UTC=2024-01-28T18:08:02.000000
2018651.085846 4687733.024445 -5061713.538756
3810.032543 3933.708542 5166.201858
UTC=2024-01-28T18:10:02.000000
2463097.365808 5118708.179920 -4404267.798557
3585.857414 3240.574625 5777.189190
UTC=2024-01-28T18:12:02.000000
2876541.537248 5463637.750271 -3678741.487964
3293.841746 2501.634723 6299.386665
UTC=2024-01-28T18:14:02.000000
3251052.146140 5717764.962209 -2896298.828281
2937.686682 1729.322646 6724.537709
UTC=2024-01-28T18:16:02.000000
3579216.947783 5877857.250919 -2069007.604235
2522.336158 936.571503 7045.863033
UTC=2024-01-28T18:18:02.000000
3854288.434708 5942252.937268 -1209653.950127
2053.912180 136.592187 7258.189168
UTC=2024-01-28T18:20:02.000000
4070319.960998 5910880.772694 -331543.076413
1539.622919 -657.358582 7358.052829
UTC=2024-01-28T18:22:02.000000
4222289.353562 5785251.208306 551710.492468
987.646888 -1432.215442 7343.771139
UTC=2024-01-28T18:24:02.000000
4306207.219228 5568419.190044 1426399.075697
406.993384 -2175.340897 7215.476767
UTC=2024-01-28T18:26:02.000000
4319207.290774 5264919.457255 2278939.863760
-192.654809 -2874.742973 6975.116251
UTC=2024-01-28T18:28:02.000000
4259617.355580 4880676.715582 3096091.796910
-801.110798 -3519.284870 6626.433410
UTC=2024-01-28T18:30:02.000000
4127007.961155 4422890.114003 3865167.451177
-1407.880958 -4098.891835 6174.893798
UTC=2024-01-28T18:32:02.000000
3922218.168815 3899896.053712 4574233.328668
-2002.347224 -4604.709403 5627.579730
UTC=2024-01-28T18:34:02.000000
3647359.078644 3321013.361880 5212297.159015
-2573.961490 -5029.238827 4993.074997
UTC=2024-01-28T18:36:02.000000
3305793.108667 2696373.268318 5769479.326431
-3112.447960 -5366.456234 4281.308721
UTC=2024-01-28T18:38:02.000000
2902090.792405 2036737.577486 6237163.149654
-3607.974301 -5611.884098 3503.373083
UTC=2024-01-28T18:40:02.000000
2441967.468172 1353310.141624 6608124.409536
-4051.321803 -5762.639299 2671.352386
UTC=2024-01-28T18:42:02.000000
1932199.582821 657544.024573 6876638.694461
-4434.049541 -5817.450637 1798.126054
UTC=2024-01-28T18:44:02.000000
1380522.483847 -39051.168448 7038565.189834
-4748.639830 -5776.643309 897.176768
UTC=2024-01-28T18:46:02.000000
795511.517838 -725099.526465 7091407.664963
-4988.632062 -5642.115681 -17.602419
UTC=2024-01-28T18:48:02.000000
186447.706848 -1389545.097965 7034351.146993
-5148.744183 -5417.290506 -932.118286
UTC=2024-01-28T18:50:02.000000
-436830.073758 -2021830.382706 6868273.615154
-5224.976639 -5107.038806 -1832.282821
UTC=2024-01-28T18:52:02.000000
-1064084.248248 -2612064.663756 6595732.788332
-5214.695440 -4717.584365 -2704.223283
UTC=2024-01-28T18:54:02.000000
-1684845.971989 -3151179.336964 6220928.160000
-5116.688213 -4256.384593 -3534.480157
UTC=2024-01-28T18:56:02.000000
-2288588.768983 -3631068.556131 5749640.428746
-4931.215159 -3732.006938 -4310.191518
UTC=2024-01-28T18:58:02.000000
-2864907.798023 -4044714.363672 5189147.960728
-4660.047475 -3153.990193 -5019.292152
UTC=2024-01-28T19:00:02.000000
-3403701.845949 -4386293.614501 4548118.912495
-4306.471237 -2532.679500 -5650.717188
UTC=2024-01-28T19:02:02.000000
-3895353.288083 -4651263.887392 3836479.830492
-3875.252075 -1879.044220 -6194.587374
UTC=2024-01-28T19:04:02.000000
-4330902.184977 -4836427.041324 3065263.328996
-3372.573655 -1204.487232 -6642.372675
UTC=2024-01-28T19:06:02.000000
-4702211.775789 -4939969.507182 2246437.345245
-2805.956431 -520.648164 -6987.038333
UTC=2024-01-28T19:08:02.000000
-5002122.526631 -4961478.209894 1392717.530872
-2184.145256 160.806925 -7223.176371
UTC=2024-01-28T19:10:02.000000
-5224590.689929 -4901930.942754 517365.864002
-1516.965978 828.397756 -7347.102975
UTC=2024-01-28T19:12:02.000000
-5364808.300138 -4763661.605795 -366020.614606
-815.159471 1471.036939 -7356.926349
UTC=2024-01-28T19:14:02.000000
-5419301.851572 -4550300.968418 -1243727.365103
-90.192432 2078.230063 -7252.583311
UTC=2024-01-28T19:16:02.000000
-5386006.975240 -4266693.924008 -2102142.134196
645.952522 2640.266784 -7035.837732
UTC=2024-01-28T19:18:02.000000
-5264317.147401 -3918794.947778 -2927971.831086
1380.997355 3148.389806 -6710.234253
UTC=2024-01-28T19:20:02.000000
-5055105.993926 -3513545.118743 -3708451.826297
2102.587142 3594.934373 -6281.020865
UTC=2024-01-28T19:22:02.000000
-4760723.557036 -3058733.861861 -4431544.415016
2798.505608 3973.443189 -5755.045935
UTC=2024-01-28T19:24:02.000000
-4384966.820076 -2562848.395397 -5086123.443566
3456.888218 4278.756201 -5140.629793
UTC=2024-01-28T19:26:02.000000
-3933025.276004 -2034914.192250 -5662142.002696
4066.423164 4507.070139 -4447.413025
UTC=2024-01-28T19:28:02.000000
-3411403.325231 -1484329.901212 -6150781.024831
4616.536771 4655.972165 -3686.190128
UTC=2024-01-28T19:30:02.000000
-2827821.331305 -920699.817800 -6544577.155066
5097.563847 4724.446482 -2868.731561
UTC=2024-01-28T19:32:02.000000
-2191097.128568 -353667.165065 -6837528.789591
5500.902722 4712.854793 -2007.597552
UTC=2024-01-28T19:34:02.000000
-1511010.172720 207248.831054 -7025179.273417
5819.147548 4622.892834 -1115.945031
UTC=2024-01-28T19:36:02.000000
-798151.416836 752809.462232 -7104677.424422
6046.196894 4457.529778 -207.345784
UTC=2024-01-28T19:38:02.000000
-63760.517400 1274205.377996 -7074816.357494
6177.355579 4220.938489 704.399540
UTC=2024-01-28T19:40:02.000000
680447.810410 1763195.567458 -6936049.799867
6209.413877 3918.403005 1605.442590
UTC=2024-01-28T19:42:02.000000
1422466.830898 2212235.228690 -6690487.128850
6140.726014 3556.225659 2482.072059
UTC=2024-01-28T19:44:02.000000
2150188.561892 2614591.245967 -6341864.776718
5971.255687 3141.612276 3320.912323
UTC=2024-01-28T19:46:02.000000
2851598.748208 2964443.216199 -5895494.687682
5702.603558 2682.546066 4109.113174
UTC=2024-01-28T19:48:02.000000
3514973.439093 3256968.403037 -5358190.058290
5338.006373 2187.649112 4834.532468
UTC=2024-01-28T19:50:02.000000
4129074.836067 3488410.189520 -4738169.702576
4882.325814 1666.043133 5485.917282
UTC=2024-01-28T19:52:02.000000
4683344.005177 3656128.722790 -4044940.090794
4342.004791 1127.192084 6053.089347
UTC=2024-01-28T19:54:02.000000
5168086.383634 3758632.064370 -3289155.793331
3724.990219 580.735688 6527.119720
UTC=2024-01-28T19:56:02.000000
5574645.882109 3795587.246154 -2482460.120147
3040.623585 36.322779 6900.482547
UTC=2024-01-28T19:58:02.000000
5895564.693877 3767811.142219 -1637308.134813
2299.509681 -496.561244 7167.196912
UTC=2024-01-28T20:00:02.000000
6124725.054631 3677240.225798 -766773.920958
1513.347218 -1008.770170 7322.942912
UTC=2024-01-28T20:02:02.000000
6257469.238923 3526879.820858 115654.064212
694.738097 -1491.663451 7365.146521
UTC=2024-01-28T20:04:02.000000
6290695.364682 3320733.660540 996286.288054
-143.026837 -1937.267290 7293.037052
UTC=2024-01-28T20:06:02.000000
6222925.982224 3063715.037886 1861450.123652
-986.205090 -2338.418116 7107.667056
UTC=2024-01-28T20:08:02.000000
6054347.746715 2761542.016347 2697708.095019
-1820.844651 -2688.886283 6811.898808
UTC=2024-01-28T20:10:02.000000
5786821.593347 2420618.565257 3492072.715412
-2633.035896 -2983.486132 6410.358362
UTC=2024-01-28T20:12:02.000000
5423862.338048 2047904.041927 4232213.241223
-3409.165041 -3218.158076 5909.348359
UTC=2024-01-28T20:14:02.000000
4970588.571660 1650774.448235 4906649.977873
-4136.154095 -3390.024777 5316.726955
UTC=2024-01-28T20:16:02.000000
4433645.383930 1236878.627393 5504932.675190
-4801.675014 -3497.418878 4641.772005
UTC=2024-01-28T20:18:02.000000
3821101.119128 813992.404591 6017802.319187
-5394.371055 -3539.890795 3895.029264
UTC=2024-01-28T20:20:02.000000
3142318.869854 389873.348202 6437331.805291
-5904.047204 -3518.188118 3088.118794
UTC=2024-01-28T20:22:02.000000
2407807.834093 -27880.195419 6757043.553406
-6321.820765 -3434.208146 2233.549880
UTC=2024-01-28T20:24:02.000000
1629057.241207 -431963.730066 6972005.369839
-6640.263245 -3290.940226 1344.537899
UTC=2024-01-28T20:26:02.000000
818353.990341 -815493.421041 7078903.446318
-6853.528156 -3092.392289 434.805507
UTC=2024-01-28T20:28:02.000000
-11413.312837 -1172122.901632 7076090.506661
-6957.446324 -2843.497226 -481.628445
UTC=2024-01-28T20:30:02.000000
-846959.983830 -1496148.045954 6963609.174655
-6949.595736 -2550.007799 -1390.652319
UTC=2024-01-28T20:32:02.000000
-1674817.944297 -1782598.408576 6743190.673954
-6829.346777 -2218.378136 -2278.268398
UTC=2024-01-28T20:34:02.000000
-2481552.075358 -2027313.582290 6418229.283805
-6597.879959 -1855.632738 -3130.787627
UTC=2024-01-28T20:36:02.000000
-3253977.987316 -2227003.902674 5993734.253558
-6258.195093 -1469.238547 -3935.015171
UTC=2024-01-28T20:38:02.000000
-3979380.182415 -2379295.679331 5476258.073984
-5815.100383 -1066.970766 -4678.462128
UTC=2024-01-28T20:40:02.000000
-4645725.609551 -2482759.363570 4873799.179706
-5275.149228 -656.765109 -5349.549806
UTC=2024-01-28T20:42:02.000000
-5241868.096858 -2536919.761848 4195681.448331
-4646.551836 -246.566009 -5937.796450
UTC=2024-01-28T20:44:02.000000
-5757740.228445 -2542247.911564 3452412.167669
-3939.055409 155.825157 -6433.986997
UTC=2024-01-28T20:46:02.000000
-6184529.418281 -2500135.140794 2655520.659421
-3163.800398 542.895127 -6830.327249
UTC=2024-01-28T20:48:02.000000
-6514835.169365 -2412850.167682 1817379.153631
-2333.150460 907.556964 -7120.585892
UTC=2024-01-28T20:50:02.000000
-6742803.762963 -2283479.534426 951007.383481
-1460.482174 1243.290305 -7300.219630
UTC=2024-01-28T20:52:02.000000
-6864235.541403 -2115851.835023 69865.063759
-559.948009 1544.266963 -7366.448529
UTC=2024-01-28T20:54:02.000000
-6876663.651663 -1914448.004275 -812363.103758
353.768331 1805.459883 -7318.309445
UTC=2024-01-28T20:56:02.000000
-6779401.675441 -1684299.531905 -1681986.769966
1265.721498 2022.733163 -7156.669670
UTC=2024-01-28T20:58:02.000000
-6573558.990996 -1430877.254173 -2525528.304498
2160.971085 2192.909730 -6884.200088
UTC=2024-01-28T21:00:02.000000
-6262024.392464 -1159973.354639 -3329936.072188
3024.843664 2313.816780 -6505.317824
UTC=2024-01-28T21:02:02.000000
-5849418.701935 -877579.096181 -4082789.040376
3843.186846 2384.311615 -6026.098382
UTC=2024-01-28T21:04:02.000000
-5342017.709902 -589760.781282 -4772488.971962
4602.608763 2404.284894 -5454.157709
UTC=2024-01-28T21:06:02.000000
-4747647.455967 -302536.766683 -5388436.957051
5290.698543 2374.639384 -4798.510020
UTC=2024-01-28T21:08:02.000000
-4075554.449209 -21758.393678 -5921191.761405
5896.223489 2297.247610 -4069.407155
UTC=2024-01-28T21:10:02.000000
-3336253.823801 247003.013622 -6362607.730661
6409.297737 2174.892474 -3278.159811
UTC=2024-01-28T21:12:02.000000
-2541359.269264 498560.931203 -6705950.926790
6821.518425 2011.190345 -2436.956119
UTC=2024-01-28T21:14:02.000000
-1703397.900726 728208.361255 -6945993.700568
7126.082996 1810.501452 -1558.681702
UTC=2024-01-28T21:16:02.000000
-835612.347155 931801.434834 -7079086.921585
7317.881186 1577.834436 -656.727435
UTC=2024-01-28T21:18:02.000000
48246.340952 1105830.944853 -7103209.223861
7393.558097 1318.739557 255.198538
UTC=2024-01-28T21:20:02.000000
934132.139425 1247480.527393 -7017994.539930
7351.560398 1039.195151 1163.244223
UTC=2024-01-28T21:22:02.000000
1807923.039380 1354671.252076 -6824738.418075
7192.179017 745.493794 2053.602713
UTC=2024-01-28T21:24:02.000000
2655642.816865 1426092.056076 -6526380.532605
6917.551621 444.120069 2912.709787
UTC=2024-01-28T21:26:02.000000
3463681.875674 1461215.311521 -6127464.098654
6531.644628 141.625383 3727.436473
UTC=2024-01-28T21:28:02.000000
4219013.941756 1460297.258192 -5634072.549768
6040.205402 -155.497706 4485.270440
UTC=2024-01-28T21:30:02.000000
4909406.516302 1424363.576630 -5053744.768105
5450.704249 -440.938127 5174.498063
UTC=2024-01-28T21:32:02.000000
5523622.526089 1355180.264670 -4395367.834028
4772.242394 -708.688836 5784.393854
UTC=2024-01-28T21:34:02.000000
6051608.669959 1255209.877785 -3669047.790473
4015.425101 -953.167026 6305.395008
UTC=2024-01-28T21:36:02.000000
6484667.102714 1127553.760548 -2885960.352034
3192.210968 -1169.327053 6729.262321
UTC=2024-01-28T21:38:02.000000
6815607.540948 975881.335599 -2058182.878504
2315.734974 -1352.762849 7049.232167
UTC=2024-01-28T21:40:02.000000
7038875.969364 804347.645012 -1198508.979765
1400.094910 -1499.801635 7260.150287
UTC=2024-01-28T21:42:02.000000
7150655.935335 617500.419158 -320248.999762
460.110661 -1607.582512 7358.572909
UTC=2024-01-28T21:44:02.000000
7148939.941693 420179.091471 562979.622690
-488.931237 -1674.112745 7342.833811
UTC=2024-01-28T21:46:02.000000
7033569.871791 217407.826988 1437468.241814
-1431.539610 -1698.312518 7213.083705
UTC=2024-01-28T21:48:02.000000
6806244.944204 14284.362932 2289635.950873
-2352.297314 -1680.036540 6971.299174
UTC=2024-01-28T21:50:02.000000
6470495.867888 -184132.201999 3106247.049469
-3236.141894 -1620.072724 6621.247335
UTC=2024-01-28T21:52:02.000000
6031626.203957 -372932.478492 3874621.940210
-4068.632416 -1520.122275 6168.414704
UTC=2024-01-28T21:54:02.000000
5496622.739656 -547463.660786 4582837.446890
-4836.193477 -1382.751962 5619.903879
UTC=2024-01-28T21:56:02.000000
4874037.855769 -703430.332393 5219913.941891
-5526.346064 -1211.340580 4984.314624
UTC=2024-01-28T21:58:02.000000
4173844.829167 -836987.266950 5775985.831556
-6127.918990 -1009.997077 4271.586138
UTC=2024-01-28T22:00:02.000000
3407270.452077 -944821.462181 6242452.069354
-6631.217365 -783.467247 3492.826855
UTC=2024-01-28T22:02:02.000000
2586608.840337 -1024222.674879 6612105.856565
-7028.168979 -537.033308 2660.133839
UTC=2024-01-28T22:04:02.000000
1725019.623425 -1073141.199466 6879241.978127
-7312.438687 -276.403197 1786.405539
UTC=2024-01-28T22:06:02.000000
836313.390765 -1090231.970960 7039741.279464
-7479.525460 -7.592316 885.142603
UTC=2024-01-28T22:08:02.000000
-65272.194938 -1074883.963556 7091130.342344
-7526.818949 263.201483 -29.760516
UTC=2024-01-28T22:10:02.000000
-965301.215914 -1027234.632495 7032616.618383
-7453.628081 529.722169 -944.217267
UTC=2024-01-28T22:12:02.000000
-1849370.358573 -948169.319846 6865099.467011
-7261.186222 785.782545 -1844.149227
UTC=2024-01-28T22:14:02.000000
-2703338.895578 -839305.312072 6591157.169919
-6952.631190 1025.391367 -2715.685302
UTC=2024-01-28T22:16:02.000000
-3513555.089869 -702960.950392 6215010.381171
-6532.967424 1242.875757 -3545.356988
UTC=2024-01-28T22:18:02.000000
-4267076.777653 -542110.361214 5742461.603029
-6009.003156 1432.997761 -4320.302795
UTC=2024-01-28T22:20:02.000000
-4951882.351374 -360324.466912 5180810.166868
-5389.253962 1591.067043 -5028.470649
UTC=2024-01-28T22:22:02.000000
-5557068.170462 -161698.958410 4538743.267041
-4683.813255 1713.044038 -5658.812661
UTC=2024-01-28T22:24:02.000000
-6073028.752027 49229.461814 3826204.424905
-3904.194198 1795.632488 -6201.466965
UTC=2024-01-28T22:26:02.000000
-6491616.226684 267577.133001 3054241.299643
-3063.145849 1836.358004 -6647.918660
UTC=2024-01-28T22:28:02.000000
-6806276.763278 488216.105685 2234834.847742
-2174.449194 1833.632619 -6991.152033
UTC=2024-01-28T22:30:02.000000
-7012160.478877 705883.272999 1380711.348926
-1252.681792 1786.796867 -7225.779676
UTC=2024-01-28T22:32:02.000000
-7106202.021971 915293.355492 505140.678648
-312.964208 1696.143133 -7348.143431
UTC=2024-01-28T22:34:02.000000
-7087169.580278 1111253.569047 -378275.652468
629.311403 1562.919267 -7356.382531
UTC=2024-01-28T22:36:02.000000
-6955680.713817 1288777.279266 -1255822.342052
1558.760642 1389.307695 -7250.462407
UTC=2024-01-28T22:38:02.000000
-6714185.099587 1443193.801263 -2113889.116988
2460.275715 1178.383920 -7032.164020
UTC=2024-01-28T22:40:02.000000
-6366915.840427 1570252.494009 -2939186.927021
3319.285295 934.062179 -6705.053331
UTC=2024-01-28T22:42:02.000000
-5919808.999834 1666218.723426 -3718958.500605
4122.020052 661.012452 -6274.410499
UTC=2024-01-28T22:44:02.000000
-5380393.154276 1727958.771521 -4441177.382032
4855.742719 364.563403 -5747.114964
UTC=2024-01-28T22:46:02.000000
-4757653.316711 1753012.624690 -5094732.095997
5508.948047 50.595947 -5131.513200
UTC=2024-01-28T22:48:02.000000
-4061872.421430 1739653.270481 -5669593.133793
6071.534744 -274.574287 -4437.264211
UTC=2024-01-28T22:50:02.000000
-3304454.351919 1686931.531524 -6156960.563682
6534.942175 -604.320107 -3675.174089
UTC=2024-01-28T22:52:02.000000
-2497732.113143 1594705.751753 -6549391.441308
6892.262433 -931.831332 -2857.023416
UTC=2024-01-28T22:54:02.000000
-1654763.914745 1463656.144666 -6840905.666508
7138.328412 -1250.241772 -1995.379517
UTC=2024-01-28T22:56:02.000000
-789121.049920 1295283.698081 -7027068.744150
7269.761028 -1552.759636 -1103.404695
UTC=2024-01-28T22:58:02.000000
85328.311750 1091893.652404 -7105052.174323
7284.993403 -1832.792665 -194.672384
UTC=2024-01-28T23:00:02.000000
954636.961888 856564.313987 -7073672.140533
7184.276523 -2084.069182 717.007814
UTC=2024-01-28T23:02:02.000000
1804997.112529 593101.158339 -6933406.777501
6969.679459 -2300.761725 1617.781124
UTC=2024-01-28T23:04:02.000000
2622956.286296 305976.445808 -6686389.512005
6645.046166 -2477.602773 2493.944558
UTC=2024-01-28T23:06:02.000000
3395627.095218 255.653723 -6336379.763689
6215.939730 -2609.990579 3332.133607
UTC=2024-01-28T23:08:02.000000
4110888.731504 -318488.699881 -5888710.794913
5689.557032 -2694.092062 4119.512387
UTC=2024-01-28T23:10:02.000000
4757577.079646 -644274.664285 -5350215.577054
5074.629169 -2726.930564 4843.951301
UTC=2024-01-28T23:12:02.000000
5325662.211866 -970818.627019 -4729130.941482
4381.305370 -2706.467273 5494.214608
UTC=2024-01-28T23:14:02.000000
5806409.621628 -1291651.801525 -4034979.077833
3620.999282 -2631.663798 6060.144256
UTC=2024-01-28T23:16:02.000000
6192521.721864 -1600243.243034 -3278427.976208
2806.215001 -2502.528868 6532.829261
UTC=2024-01-28T23:18:02.000000
6478257.074888 -1890127.366817 -2471132.134668
1950.349441 -2320.145986 6904.763833
UTC=2024-01-28T23:20:02.000000
6659524.500781 -2155033.470586 -1625555.282994
1067.471117 -2086.678287 7169.987996
UTC=2024-01-28T23:22:02.000000
6733949.431376 -2389014.300988 -754777.781462
172.081102 -1805.348311 7324.201229
UTC=2024-01-28T23:24:02.000000
6700910.948026 -2586570.944329 127708.036503
-721.136979 -1480.397147 7364.850228
UTC=2024-01-28T23:26:02.000000
6561548.148001 -2742771.328287 1008211.314098
-1597.576485 -1117.017657 7291.186216
UTC=2024-01-28T23:28:02.000000
6318735.271885 -2853359.286904 1873060.975089
-2442.969166 -721.266013 7104.288710
UTC=2024-01-28T23:30:02.000000
5977025.349582 -2914851.908777 2708824.503014
-3243.644550 -299.953900 6807.047523
UTC=2024-01-28T23:32:02.000000
5542564.036946 -2924622.740313 3502522.409091
-3986.769058 139.479113 6404.112497
UTC=2024-01-28T23:34:02.000000
5022975.392403 -2880968.606083 4241834.407783
-4660.569554 589.108686 5901.801901
UTC=2024-01-28T23:36:02.000000
4427223.365575 -2783159.107219 4915292.898901
-5254.516853 1040.670600 5307.989888
UTC=2024-01-28T23:38:02.000000
3765451.991513 -2631468.410343 5512462.267636
-5759.500162 1485.713061 4631.976774
UTC=2024-01-28T23:40:02.000000
3048806.116668 -2427187.955078 6024100.106173
-6167.968882 1915.760361 3884.319143
UTC=2024-01-28T23:42:02.000000
2289238.082088 -2172619.846155 6442297.311394
-6474.029810 2322.469077 3076.652404
UTC=2024-01-28T23:44:02.000000
1499304.126829 -1871051.895417 6760596.516741
-6673.520880 2697.779251 2221.504856
UTC=2024-01-28T23:46:02.000000
691953.692332 -1526714.638947 6974087.625071
-6764.055910 3034.063243 1332.102483
UTC=2024-01-28T23:48:02.000000
-119684.770467 -1144720.847829 7079479.386446
-6745.037050 3324.267594 422.166652
UTC=2024-01-28T23:50:02.000000
-922517.768626 -730988.613353 7075146.762543
-6617.640313 3562.044645 -494.287340
UTC=2024-01-28T23:52:02.000000
-1703697.650976 -292149.265813 6961154.255830
-6384.779594 3741.874771 -1403.149161
UTC=2024-01-28T23:54:02.000000
-2450827.934613 164558.920970 6739255.190775
-6051.048829 3859.179401 -2290.415575
UTC=2024-01-28T23:56:02.000000
-3152160.371550 631409.736474 6412866.791155
-5622.643012 3910.420199 -3142.392053
UTC=2024-01-28T23:58:02.000000
-3796781.230345 1100319.056148 5987021.035391
-5107.257436 3893.183013 -3945.893761
