UTC=2024-02-03T00:00:02.000000
-3016334.394025 2772982.277940 -5906345.630302
5867.659932 -2328.743954 -4092.690378
UTC=2024-02-03T00:02:02.000000
-2293528.119363 2466759.985416 -6350663.959813
6162.395471 -2769.258098 -3303.187710
UTC=2024-02-03T00:04:02.000000
-1541435.775495 2109894.030603 -6697096.263132
6355.279506 -3171.447942 -2463.347733
UTC=2024-02-03T00:06:02.000000
-772419.380298 1707460.235638 -6940367.754488
6444.261202 -3527.466648 -1586.033487
UTC=2024-02-03T00:08:02.000000
1013.641041 1265436.739721 -7076779.958868
6428.965996 -3830.144297 -684.621807
UTC=2024-02-03T00:10:02.000000
766410.321811 790615.348609 -7104261.243964
6310.671874 -4073.109039 227.178501
UTC=2024-02-03T00:12:02.000000
1511568.953356 290498.641874 -7022395.857311
6092.281321 -4250.906267 1135.512211
UTC=2024-02-03T00:14:02.000000
2224730.463021 -226816.747279 -6832429.379569
5778.255719 -4359.105407 2026.576927
UTC=2024-02-03T00:16:02.000000
2894760.708514 -752768.441797 -6537251.439257
5374.535969 -4394.389148 2886.805056
UTC=2024-02-03T00:18:02.000000
3511322.611208 -1278466.849867 -6141356.037713
4888.446401 -4354.632364 3703.056374
UTC=2024-02-03T00:20:02.000000
4065035.233637 -1794842.016064 -5650779.457563
4328.579882 -4238.964682 4462.795679
UTC=2024-02-03T00:22:02.000000
4547618.835455 -2292797.750874 -5073016.462251
3704.672628 -4047.826093 5154.283129
UTC=2024-02-03T00:24:02.000000
4952022.819752 -2763370.679384 -4416913.408248
3027.446501 -3782.992221 5766.761580
UTC=2024-02-03T00:26:02.000000
5272533.881037 -3197890.823382 -3692539.896582
2308.438673 -3447.575875 6290.628813
UTC=2024-02-03T00:28:02.000000
5504863.030804 -3588141.068704 -2911040.184624
1559.818439 -3046.006491 6717.603124
UTC=2024-02-03T00:30:02.000000
5646209.391612 -3926512.578287 -2084465.313669
794.182390 -2583.981912 7040.876574
UTC=2024-02-03T00:32:02.000000
5695298.469904 -4206152.700248 -1225588.461352
24.337467 -2068.393159 7255.240815
UTC=2024-02-03T00:34:02.000000
5652394.079680 -4421102.394272 -347706.397743
-736.922968 -1507.223231 7357.192490
UTC=2024-02-03T00:36:02.000000
5519283.050178 -4566419.866936 535569.829574
-1477.046955 -909.420114 7345.007401
UTC=2024-02-03T00:38:02.000000
5299232.403976 -4638287.377846 1410531.367093
-2183.954144 -284.742114 7218.783125
UTC=2024-02-03T00:40:02.000000
4996919.582388 -4634098.084857 2263590.689395
-2846.252852 356.418265 6980.441317
UTC=2024-02-03T00:42:02.000000
4618337.642675 -4552520.883771 3081498.632339
-3453.439067 1003.222970 6633.690807
UTC=2024-02-03T00:44:02.000000
4170677.898041 -4393542.359020 3851555.164948
-3996.073930 1644.581198 6183.961755
UTC=2024-02-03T00:46:02.000000
3662192.358509 -4158485.201789 4561810.559558
-4465.942623 2269.349542 5638.310417
UTC=2024-02-03T00:48:02.000000
3102038.705174 -3850002.107445 5201253.097046
-4856.183648 2866.538478 5005.289761
UTC=2024-02-03T00:50:02.000000
2500112.047687 -3472045.559494 5759979.706556
-5161.381367 3425.505672 4294.798795
UTC=2024-02-03T00:52:02.000000
1866866.914560 -3029814.788685 6229347.854885
-5377.637607 3936.145603 3517.917013
UTC=2024-02-03T00:54:02.000000
1213132.508048 -2529680.634835 6602105.919484
-5502.608971 4389.064159 2686.715387
UTC=2024-02-03T00:56:02.000000
549925.418887 -1979090.532324 6872500.877457
-5535.515505 4775.738173 1814.067032
UTC=2024-02-03T00:58:02.000000
-111737.213330 -1386455.020105 7036362.672856
-5477.122364 5088.662134 913.448994
UTC=2024-02-03T01:00:02.000000
-761020.792781 -761017.478548 7091164.917629
-5329.698536 5321.481845 -1.255106
UTC=2024-02-03T01:02:02.000000
-1387450.349215 -112708.913668 7036061.523598
-5096.957520 5469.108766 -915.957350
UTC=2024-02-03T01:04:02.000000
-1981079.386939 548010.023257 6871899.044107
-4783.978603 5527.818916 -1816.569087
UTC=2024-02-03T01:06:02.000000
-2532648.029890 1210317.738316 6601204.536322
-4397.108539 5495.332119 -2689.204525
UTC=2024-02-03T01:08:02.000000
-3033728.363083 1863208.710966 6228149.063917
-3943.845816 5370.871394 -3520.382343
UTC=2024-02-03T01:10:02.000000
-3476854.977866 2495676.507915 5758487.355213
-3432.711254 5155.203871 -4297.222451
UTC=2024-02-03T01:12:02.000000
-3855639.169068 3096900.496015 5199473.629822
-2873.103203 4850.659565 -5007.646950
UTC=2024-02-03T01:14:02.000000
-4164864.623655 3656432.955238 4559753.604094
-2275.135188 4461.119774 -5640.572856
UTC=2024-02-03T01:16:02.000000
-4400562.903189 4164383.360240 3849234.174925
-1649.461271 3991.981537 -6186.092933
UTC=2024-02-03T01:18:02.000000
-4560067.171496 4611596.705801 3078931.982868
-1007.088446 3450.093174 -6635.646072
UTC=2024-02-03T01:20:02.000000
-4642042.613288 4989822.196202 2260802.447189
-359.176097 2843.657625 -6982.170370
UTC=2024-02-03T01:22:02.000000
-4646492.607400 5291868.312713 1407552.003354
283.165171 2182.102188 -7220.229443
UTC=2024-02-03T01:24:02.000000
-4574740.972513 5511740.548334 532437.004388
909.071088 1475.922417 -7346.107790
UTC=2024-02-03T01:26:02.000000
-4429390.754572 5644759.428174 -350947.207437
1508.118030 736.509413 -7357.881116
UTC=2024-02-03T01:28:02.000000
-4214259.627074 5687656.253973 -1228884.260675
2070.517640 -24.052243 -7255.460475
UTC=2024-02-03T01:30:02.000000
-3934292.676201 5638642.546999 -2087757.108566
2587.295725 -793.214029 -7040.584034
UTC=2024-02-03T01:32:02.000000
-3595455.258780 5497452.651358 -2914264.714858
3050.445445 -1558.181523 -6716.771986
UTC=2024-02-03T01:34:02.000000
-3204608.893021 5265359.218728 -3695632.014492
3453.057093 -2306.150323 -6289.254103
UTC=2024-02-03T01:36:02.000000
-2769373.244570 4945160.623422 -4419808.656346
3789.419190 -3024.532387 -5764.859192
UTC=2024-02-03T01:38:02.000000
-2297977.564690 4541142.068342 -5075653.145079
4055.093215 -3701.169642 -5151.881310
UTC=2024-02-03T01:40:02.000000
-1799105.120108 4059012.123368 -5653099.715082
4246.955798 -4324.528843 -4459.930881
UTC=2024-02-03T01:42:02.000000
-1281733.837482 3505816.330486 -6143307.204131
4363.221507 -4883.891653 -3699.779490
UTC=2024-02-03T01:44:02.000000
-754975.491493 2889828.570050 -6538787.847319
4403.442672 -5369.531616 -2883.180769
UTC=2024-02-03T01:46:02.000000
-227916.587428 2220422.762186 -6833513.660261
4368.481077 -5772.863484 -2022.679219
UTC=2024-02-03T01:48:02.000000
290535.855360 1507928.162607 -7023000.282789
4260.456662 -6086.570878 -1131.427412
UTC=2024-02-03T01:50:02.000000
791801.659073 763470.036548 -7104368.943247
4082.685866 -6304.720590 -223.001060
UTC=2024-02-03T01:52:02.000000
1267766.694802 -1202.289146 -7076385.862846
3839.605020 -6422.860259 688.790926
UTC=2024-02-03T01:54:02.000000
1710911.606164 -773898.162817 -6939478.618886
3536.673250 -6438.097212 1590.100237
UTC=2024-02-03T01:56:02.000000
2114428.170497 -1542176.133138 -6695729.685536
3180.265791 -6349.152244 2467.223747
UTC=2024-02-03T01:58:02.000000
2472322.596091 -2293540.105105 -6348847.925924
2777.560907 -6156.398323 3306.788904
UTC=2024-02-03T02:00:02.000000
2779504.410320 -3015639.094151 -5904118.175518
2336.415013 -5861.885068 4095.931899
UTC=2024-02-03T02:02:02.000000
3031860.213778 -3696469.414936 -5368328.734136
1865.232647 -5469.349243 4822.493606
UTC=2024-02-03T02:04:02.000000
3226310.484720 -4324575.321988 -4749674.675937
1372.814318 -4984.176663 5475.216814
UTC=2024-02-03T02:06:02.000000
3360847.791229 -4889243.226812 -4057639.423315
868.202631 -4413.340002 6043.913012
UTC=2024-02-03T02:08:02.000000
3434556.805555 -5380687.907879 -3302856.745422
360.530714 -3765.325095 6519.626288
UTC=2024-02-03T02:10:02.000000
3447615.470461 -5790228.043307 -2496952.736606
-141.141410 -3050.021823 6894.800500
UTC=2024-02-03T02:12:02.000000
3401276.301648 -6110445.853953 -1652369.007846
-627.990968 -2278.572543 7163.420595
UTC=2024-02-03T02:14:02.000000
3297828.253809 -6335327.393170 -782170.552716
-1091.593822 -1463.201020 7321.130426
UTC=2024-02-03T02:16:02.000000
3140539.190257 -6460380.263349 100159.322034
-1524.085126 -617.005110 7365.325991
UTC=2024-02-03T02:18:02.000000
2933579.823375 -6482724.888686 980932.510089
-1918.304193 246.270105 7295.203487
UTC=2024-02-03T02:20:02.000000
2681931.511041 -6401158.327290 1846474.025615
-2267.921847 1112.468337 7111.788415
UTC=2024-02-03T02:22:02.000000
2391279.223589 -6216187.853945 2683341.308669
-2567.558124 1967.286075 6817.921557
UTC=2024-02-03T02:24:02.000000
2067891.937036 -5930033.159563 3478538.740720
-2812.871937 2796.528265 6418.199114
UTC=2024-02-03T02:26:02.000000
1718493.867575 -5546598.533443 4219723.508531
-3000.626351 3586.353972 5918.889138
UTC=2024-02-03T02:28:02.000000
1350129.236487 -5071415.731643 4895399.855887
-3128.728854 4323.518859 5327.819963
UTC=2024-02-03T02:30:02.000000
970023.852992 -4511558.759688 5495098.461042
-3196.247434 4995.599892 4654.247206
UTC=2024-02-03T02:32:02.000000
585445.649108 -3875532.061699 6009538.501973
-3203.408647 5591.214442 3908.693418
UTC=2024-02-03T02:34:02.000000
203567.470345 -3173133.989266 6430768.551644
-3151.563400 6100.207769 3102.761187
UTC=2024-02-03T02:36:02.000000
-168664.894257 -2415299.992397 6752284.894286
-3043.134737 6513.806847 2248.945081
UTC=2024-02-03T02:38:02.000000
-524657.283091 -1613928.625932 6969127.228367
-2881.547220 6824.753489 1360.442586
UTC=2024-02-03T02:40:02.000000
-858282.497878 -781692.591841 7077951.595041
-2671.143915 7027.422027 450.962357
UTC=2024-02-03T02:42:02.000000
-1163984.836007 68163.259760 7077079.568374
-2417.089720 7117.915468 -465.480184
UTC=2024-02-03T02:44:02.000000
-1436872.293212 922033.540398 6966522.611289
-2125.261828 7094.130734 -1374.769723
UTC=2024-02-03T02:46:02.000000
-1672794.867374 1766170.305360 6747981.834302
-1802.129329 6955.799700 -2262.894484
UTC=2024-02-03T02:48:02.000000
-1868408.095410 2586904.521217 6424823.453322
-1454.627039 6704.506750 -3116.148177
UTC=2024-02-03T02:50:02.000000
-2021220.993540 3370868.243071 6002029.991530
-1090.022041 6343.682084 -3921.332386
UTC=2024-02-03T02:52:02.000000
-2129627.628383 4105214.212723 5486127.452692
-715.775057 5878.565928 -4665.952304
UTC=2024-02-03T02:54:02.000000
-2192922.090670 4777829.912055 4885089.355618
-339.402138 5316.151394 -5338.410689
UTC=2024-02-03T02:56:02.000000
-2211296.476404 5377542.658060 4208217.374872
31.670136 4665.091009 -5928.199185
UTC=2024-02-03T02:58:02.000000
-2185821.594282 5894311.545737 3465999.947703
390.246311 3935.571287 -6426.075475
UTC=2024-02-03T03:00:02.000000
-2118410.960793 6319402.227749 2669950.490125
729.499255 3139.153046 -6824.223292
UTC=2024-02-03T03:02:02.000000
-2011768.570992 6645541.128935 1832427.838359
1043.103257 2288.588741 -7116.390228
UTC=2024-02-03T03:04:02.000000
-1869321.071298 6867045.871687 966441.403879
1325.359572 1397.607917 -7298.001827
UTC=2024-02-03T03:06:02.000000
-1695135.809143 6979928.539107 85444.622075
1571.305095 480.681306 -7366.243428
UTC=2024-02-03T03:08:02.000000
-1493826.937782 6981969.744496 -796879.727205
1776.803802 -447.228850 -7320.114584
UTC=2024-02-03T03:10:02.000000
-1270451.193358 6872761.562556 -1666839.330331
1938.627140 -1370.943004 -7160.457433
UTC=2024-02-03T03:12:02.000000
-1030395.511109 6653715.980649 -2510952.117714
2054.506284 -2275.354444 -6889.923569
UTC=2024-02-03T03:14:02.000000
-779260.088790 6328040.346646 -3316159.308634
2123.158555 -3145.688813 -6512.902979
UTC=2024-02-03T03:16:02.000000
-522739.408819 5900682.755577 -4070028.966038
2144.294817 -3967.748271 -6035.437273
UTC=2024-02-03T03:18:02.000000
-266503.589911 5378248.432612 -4760947.842843
2118.606341 -4728.150452 -5465.107967
UTC=2024-02-03T03:20:02.000000
-16082.499949 4768888.617676 -5378297.874137
2047.732561 -5414.544319 -4810.895195
UTC=2024-02-03T03:22:02.000000
223245.195664 4082165.061011 -5912614.878983
1934.210719 -6015.803279 -4083.022910
UTC=2024-02-03T03:24:02.000000
446555.765289 3328892.508826 -6355727.558415
1781.405974 -6522.196584 -3292.784765
UTC=2024-02-03T03:26:02.000000
649374.761382 2520962.592504 -6700874.767650
1593.426264 -6925.526895 -2452.358493
UTC=2024-02-03T03:28:02.000000
827760.649849 1671153.194966 -6942800.439974
1375.029269 -7219.236559 -1574.620612
UTC=2024-02-03T03:30:02.000000
978376.635367 792926.203806 -7077826.468778
1131.518096 -7398.496390 -672.962490
UTC=2024-02-03T03:32:02.000000
1098549.557401 -99784.051428 -7103903.136997
868.631622 -7460.270520 238.898790
UTC=2024-02-03T03:34:02.000000
1186315.243400 -992788.805623 -7020636.687124
592.427275 -7403.358443 1147.113727
UTC=2024-02-03T03:36:02.000000
1240449.552644 -1871866.017705 -6829293.746721
309.161871 -7228.406327 2037.888852
UTC=2024-02-03T03:38:02.000000
1260485.246273 -2722981.823276 -6532783.901287
25.173976 -6937.902901 2897.664301
UTC=2024-02-03T03:40:02.000000
1246714.537285 -3532511.036959 -6135620.878681
-253.238785 -6536.167426 3713.296332
UTC=2024-02-03T03:42:02.000000
1200176.574291 -4287454.704979 -5643860.703027
-519.945058 -6029.306297 4472.257177
UTC=2024-02-03T03:44:02.000000
1122630.456981 -4975649.780732 -5065016.311280
-769.096407 -5425.129825 5162.821694
UTC=2024-02-03T03:46:02.000000
1016514.217166 -5585968.024695 -4407950.798343
-995.245448 -4733.057041 5774.242475
UTC=2024-02-03T03:48:02.000000
884889.781952 -6108501.921658 -3682749.163295
-1193.459322 -3963.989675 6296.931324
UTC=2024-02-03T03:50:02.000000
731374.961927 -6534733.143861 -2900569.106616
-1359.422301 -3130.150299 6722.623691
UTC=2024-02-03T03:52:02.000000
560063.824980 -6857680.251008 -2073473.184634
-1489.526803 -2244.898239 7044.527125
UTC=2024-02-03T03:54:02.000000
375436.751053 -7072022.534034 -1214243.901810
-1580.954278 -1322.514135 7257.455078
UTC=2024-02-03T03:56:02.000000
182261.704886 -7174196.113250 -336184.477726
-1631.739128 -377.955773 7357.929694
UTC=2024-02-03T03:58:02.000000
-14510.988275 -7162459.818592 547090.648707
-1640.813534 573.399939 7344.250677
UTC=2024-02-03T04:00:02.000000
-209858.083809 -7036929.585930 1421871.776645
-1608.032513 1516.023345 7216.535073
UTC=2024-02-03T04:02:02.000000
-398794.679030 -6799580.261059 2274572.934727
-1534.179145 2434.509105 6976.726246
UTC=2024-02-03T04:04:02.000000
-576484.765213 -6454213.867331 3091949.628330
-1420.947022 3313.856141 6628.563980
UTC=2024-02-03T04:06:02.000000
-738348.284004 -6006394.469476 3861310.482116
-1270.900203 4139.741529 6177.510433
UTC=2024-02-03T04:08:02.000000
-880162.442983 -5463352.165083 4570717.590593
-1087.418887 4898.758605 5630.643278
UTC=2024-02-03T04:10:02.000000
-998155.431151 -4833859.588481 5209173.346318
-874.624655 5578.640652 4996.533106
UTC=2024-02-03T04:12:02.000000
-1089090.001352 -4128083.023219 5766790.936621
-637.289888 6168.458207 4285.097468
UTC=2024-02-03T04:14:02.000000
-1150335.722981 -3357410.883129 6234946.265305
-380.737591 6658.799589 3507.432747
UTC=2024-02-03T04:16:02.000000
-1179928.232289 -2534262.739139 6606407.753586
-110.726098 7041.908991 2675.618509
UTC=2024-02-03T04:18:02.000000
-1176614.375132 -1671884.590355 6875442.942980
166.669085 7311.783292 1802.530622
UTC=2024-02-03T04:20:02.000000
-1139883.144709 -784133.252016 7037903.018946
445.174463 7464.258474 901.654001
UTC=2024-02-03T04:22:02.000000
-1069982.059157 114748.199664 7091283.604567
718.442900 7497.066702 -13.123172
UTC=2024-02-03T04:24:02.000000
-967918.176517 1010359.626307 7034761.100224
980.184413 7409.860982 -927.709411
UTC=2024-02-03T04:26:02.000000
-835443.430285 1888374.808214 6869204.850398
1224.295564 7204.218072 -1828.014929
UTC=2024-02-03T04:28:02.000000
-675024.731693 2734770.974226 6597164.608633
1444.983815 6883.612010 -2700.156702
UTC=2024-02-03T04:30:02.000000
-489799.480170 3536053.579657 6222833.624041
1636.886077 6453.362399 -3530.659448
UTC=2024-02-03T04:32:02.000000
-283517.200782 4279473.558149 5751987.558960
1795.181862 5920.558548 -4306.658582
UTC=2024-02-03T04:34:02.000000
-60467.949325 4953233.538124 5191899.489785
1915.699664 5293.954152 -5016.092792
UTC=2024-02-03T04:36:02.000000
174601.447472 5546680.498647 4551232.004399
1995.013328 4583.843733 -5647.899123
UTC=2024-02-03T04:38:02.000000
416581.874105 6050480.506981 3839905.736442
2030.522340 3801.885144 -6192.197976
UTC=2024-02-03T04:40:02.000000
660104.988987 6456771.922158 3068949.083925
2020.517994 2960.935306 -6640.433524
UTC=2024-02-03T04:42:02.000000
899654.106959 6759298.486189 2250327.934511
1964.243782 2074.847056 -6985.566683
UTC=2024-02-03T04:44:02.000000
1129680.092908 6953512.256183 1396755.771431
1861.917468 1158.200746 -7222.190730
UTC=2024-02-03T04:46:02.000000
1344718.995211 7036646.503925 521492.069693
1714.741061 226.057666 -7346.626866
UTC=2024-02-03T04:48:02.000000
1539509.596097 7007757.216204 -361869.212250
1524.886940 -706.309517 -7356.987248
UTC=2024-02-03T04:50:02.000000
1709107.723525 6867732.194963 -1239616.716247
1295.458644 -1623.688172 -7253.204494
UTC=2024-02-03T04:52:02.000000
1848994.762833 6619267.886633 -2098140.087544
1030.434397 -2511.190577 -7037.026180
UTC=2024-02-03T04:54:02.000000
1955178.313383 6266814.757718 -2924145.961212
734.592134 -3354.513272 -6711.979103
UTC=2024-02-03T04:56:02.000000
2024282.747647 5816492.175465 -3704867.628303
413.416747 -4140.184644 -6283.299651
UTC=2024-02-03T04:58:02.000000
2053627.745482 5275974.613916 -4428264.289024
72.992631 -4855.793885 -5757.829625
UTC=2024-02-03T05:00:02.000000
2041293.067938 4654352.116116 -5083205.847902
-280.117538 -5490.188874 -5143.881353
UTC=2024-02-03T05:02:02.000000
1986168.370164 3961969.172626 -5659640.338645
-638.999446 -6033.638590 -4451.084935
UTC=2024-02-03T05:04:02.000000
1887987.618478 3210245.900368 -6148742.446862
-996.518193 -6477.967862 -3690.226415
UTC=2024-02-03T05:06:02.000000
1747347.337376 2411484.457719 -6543041.613081
-1345.455234 -6816.665819 -2873.067528
UTC=2024-02-03T05:08:02.000000
1565708.708120 1578664.822964 -6836527.849150
-1678.639481 -7044.955309 -2012.159003
UTC=2024-02-03T05:10:02.000000
1345384.152987 725233.797194 -7024735.581819
-1989.076827 -7159.839689 -1120.659610
UTC=2024-02-03T05:12:02.000000
1089508.118373 -135110.416018 -7104805.328975
-2270.082562 -7160.127373 -212.147109
UTC=2024-02-03T05:14:02.000000
801992.310308 -988635.071002 -7075522.481949
-2515.407387 -7046.431770 699.574364
UTC=2024-02-03T05:16:02.000000
487466.400003 -1821787.911487 -6937332.923641
-2719.352879 -6821.140516 1600.664437
UTC=2024-02-03T05:18:02.000000
151205.329636 -2621407.374507 -6692336.766046
-2876.881504 -6488.370140 2477.421595
UTC=2024-02-03T05:20:02.000000
-200956.679304 -3374927.282371 -6344260.745644
-2983.726920 -6053.916159 3316.471289
UTC=2024-02-03T05:22:02.000000
-562724.436751 -4070573.291472 -5898406.886019
-3036.486603 -5525.162727 4104.963673
UTC=2024-02-03T05:24:02.000000
-927450.419213 -4697547.209139 -5361578.791195
-3032.704279 -4910.976577 4830.752614
UTC=2024-02-03T05:26:02.000000
-1288252.896782 -5246197.767362 -4741986.085879
-2970.943785 -4221.583219 5482.581714
UTC=2024-02-03T05:28:02.000000
-1638141.921260 -5708174.775935 -4049126.585939
-2850.845297 -3468.414079 6050.267254
UTC=2024-02-03T05:30:02.000000
-1970150.812727 -6076563.367892 -3293647.150259
-2673.160593 -2663.928239 6524.869428
UTC=2024-02-03T05:32:02.000000
-2277470.650099 -6345995.620916 -2487184.934381
-2439.768001 -1821.414678 6898.847848
UTC=2024-02-03T05:34:02.000000
-2553585.266300 -6512737.391671 -1642190.827896
-2153.665123 -954.776332 7166.202782
UTC=2024-02-03T05:36:02.000000
-2792403.890622 -6574748.001312 -771737.094428
-1818.936977 -78.293639 7322.595667
UTC=2024-02-03T05:38:02.000000
-2988388.457929 -6531710.435410 110687.767682
-1440.698420 793.629256 7365.439818
UTC=2024-02-03T05:40:02.000000
-3136672.442049 -6385030.709253 991392.831726
-1025.011337 1646.721877 7293.954364
UTC=2024-02-03T05:42:02.000000
-3233168.479162 -6137806.533719 1856703.074855
-578.780781 2467.102185 7109.186043
UTC=2024-02-03T05:44:02.000000
-3274662.258914 -5794765.581602 2693178.154290
-109.630260 3241.526658 6813.993345
UTC=2024-02-03T05:46:02.000000
-3258890.406030 -5362174.756200 3487826.943396
374.239477 3957.621762 6412.993281
UTC=2024-02-03T05:48:02.000000
-3184600.676948 -4847722.960492 4228313.814103
864.203048 4604.094214 5912.477254
UTC=2024-02-03T05:50:02.000000
-3051593.427811 -4260379.996274 4903153.036924
1351.369333 5170.918080 5320.297554
UTC=2024-02-03T05:52:02.000000
-2860743.736823 -3610234.620041 5501887.951995
1826.745536 5649.493992 4645.728035
UTC=2024-02-03T05:54:02.000000
-2614003.384181 -2908315.425753 6015252.029525
2281.407309 6032.775053 3899.301316
UTC=2024-02-03T05:56:02.000000
-2314382.840450 -2166398.912382 6435309.410257
2706.660597 6315.355489 3092.633396
UTC=2024-02-03T05:58:02.000000
-1965914.141818 -1396808.422189 6755574.233398
3094.199576 6493.536807 2238.243651
UTC=2024-02-03T06:00:02.000000
-1573594.975855 -612206.260751 6971107.148050
3436.260323 6565.371896 1349.351564
UTC=2024-02-03T06:02:02.000000
-1143315.358322 174616.678839 7078586.527906
3725.755650 6530.660870 439.667866
UTC=2024-02-03T06:04:02.000000
-681768.730395 950949.315307 7076356.267246
3956.404416 6390.930558 -476.791729
UTC=2024-02-03T06:06:02.000000
-196347.511563 1704365.785525 6964450.280650
4122.857688 6149.398990 -1385.910638
UTC=2024-02-03T06:08:02.000000
304975.507198 2422924.744211 6744592.150507
4220.808694 5810.910366 -2273.679103
UTC=2024-02-03T06:10:02.000000
813777.995488 3095359.220386 6420169.947182
4247.085738 5381.843249 -3126.398231
UTC=2024-02-03T06:12:02.000000
1321329.031115 3711254.546260 5996187.112167
4199.728986 4870.005198 -3930.877623
UTC=2024-02-03T06:14:02.000000
1818738.363861 4261212.465956 5479189.404600
4078.051619 4284.505790 -4674.634915
UTC=2024-02-03T06:16:02.000000
2297112.047855 4736998.741841 4877168.256249
3882.684580 3635.609183 -5346.090829
UTC=2024-02-03T06:18:02.000000
2747711.926697 5131671.422409 4199440.769564
3615.593446 2934.557776 -5934.759673
UTC=2024-02-03T06:20:02.000000
3162115.451179 5439686.955757 3456508.440913
3280.070528 2193.385601 -6431.413270
UTC=2024-02-03T06:22:02.000000
3532373.822105 5656984.114583 2659896.464030
2880.713306 1424.728991 -6828.248112
UTC=2024-02-03T06:24:02.000000
3851165.220730 5781042.298486 1821972.801784
2423.358642 641.586503 -7119.041017
UTC=2024-02-03T06:26:02.000000
4111937.816952 5810910.815326 955752.553475
1914.986750 -142.910618 -7299.244948
UTC=2024-02-03T06:28:02.000000
4309040.771417 5747211.336291 74691.166123
1363.612963 -915.729677 -7366.080579
UTC=2024-02-03T06:30:02.000000
4437840.261635 5592111.157255 -807530.912670
778.147278 -1664.180885 -7318.580312
UTC=2024-02-03T06:32:02.000000
4494817.656692 5349268.755807 -1677226.422428
168.238879 -2376.137282 -7157.598205
UTC=2024-02-03T06:34:02.000000
4477647.924195 5023753.368727 -2520919.137661
-455.898569 -3040.247043 -6885.791005
UTC=2024-02-03T06:36:02.000000
4385256.240369 4621940.209511 -3325557.237742
-1083.673997 -3646.126405 -6507.563623
UTC=2024-02-03T06:38:02.000000
4217851.586373 4151383.688705 -4078718.025249
-1704.314090 -4184.532051 -6028.977939
UTC=2024-02-03T06:40:02.000000
3976937.205095 3620671.905671 -4768799.659699
-2307.052093 -4647.499589 -5457.632025
UTC=2024-02-03T06:42:02.000000
3665298.538948 3039266.212679 -5385197.566495
-2881.316489 -5028.455757 -4802.523947
UTC=2024-02-03T06:44:02.000000
3286968.578493 2417329.007471 -5918462.992562
-3416.915987 -5322.300819 -4073.891087
UTC=2024-02-03T06:46:02.000000
2847171.854671 1765543.490438 -6360441.366844
-3904.210598 -5525.460833 -3283.036072
UTC=2024-02-03T06:48:02.000000
2352248.486994 1094928.885882 -6704389.166596
-4334.272441 -5635.910447 -2442.142107
UTC=2024-02-03T06:50:02.000000
1809560.096351 416654.750586 -6945068.308167
-4699.026328 -5653.166500 -1564.086391
UTC=2024-02-03T06:52:02.000000
1227379.633616 -258142.743650 -7078818.768481
-4991.380964 -5578.263868 -662.263099
UTC=2024-02-03T06:54:02.000000
614765.417894 -918540.896248 -7103609.264132
-5205.357164 -5413.716202 249.610648
UTC=2024-02-03T06:56:02.000000
-18578.463566 -1554003.931898 -7019064.073909
-5336.186129 -5163.445278 1157.689436
UTC=2024-02-03T06:58:02.000000
-662452.723800 -2154547.136986 -6826467.802530
-5380.398078 -4832.700295 2048.176073
UTC=2024-02-03T07:00:02.000000
-1306323.802686 -2710891.132014 -6528748.468420
-5335.902928 -4427.971130 2907.510917
UTC=2024-02-03T07:02:02.000000
-1939492.934138 -3214604.157876 -6130437.215291
-5202.044725 -3956.874216 3722.565258
UTC=2024-02-03T07:04:02.000000
-2551270.734787 -3658229.822293 -5637605.856526
-4979.641737 -3428.028456 4480.819797
UTC=2024-02-03T07:06:02.000000
-3131155.970226 -4035399.651785 -5057782.738396
-4671.014388 -2850.923157 5170.550552
UTC=2024-02-03T07:08:02.000000
-3669016.067404 -4340928.402312 -4399845.712227
-4279.983050 -2235.761596 5781.020360
UTC=2024-02-03T07:10:02.000000
-4155265.360534 -4570889.570160 -3673893.130945
-3811.835480 -1593.290684 6302.652456
UTC=2024-02-03T07:12:02.000000
-4581038.194043 -4722670.028004 -2891094.676308
-3273.272530 -934.622059 6727.195099
UTC=2024-02-03T07:14:02.000000
-4938353.626153 -4795002.336275 -2063523.043718
-2672.321558 -271.039406 7047.872986
UTC=2024-02-03T07:16:02.000000
-5220267.931822 -4787973.528857 -1203968.864316
-2018.220297 386.199740 7259.515325
UTC=2024-02-03T07:18:02.000000
-5421011.426701 -4703009.948687 -325741.734721
-1321.272318 1026.064252 7358.658056
UTC=2024-02-03T07:20:02.000000
-5536106.502258 -4542838.209996 557539.356413
-592.678154 1637.946879 7343.619056
UTC=2024-02-03T07:22:02.000000
-5562463.746326 -4311422.591866 1432162.858184
155.660748 2211.859016 7214.541640
UTC=2024-02-03T07:24:02.000000
-5498453.281849 -4013879.619511 2284544.201780
911.356856 2738.614035 6973.395387
UTC=2024-02-03T07:26:02.000000
-5343949.800331 -3656371.925856 3101443.037362
1661.759249 3209.988221 6623.938795
UTC=2024-02-03T07:28:02.000000
-5100350.580735 -3245984.274164 3870174.106086
2394.180136 3618.857409 6171.651490
UTC=2024-02-03T07:30:02.000000
-4770566.174443 -2790584.407854 4578808.339647
3096.124902 3959.313691 5623.637459
UTC=2024-02-03T07:32:02.000000
-4358983.585499 -2298671.535593 5216359.912628
3755.515849 4226.751518 4988.488479
UTC=2024-02-03T07:34:02.000000
-3871403.939671 -1779216.724528 5772955.723723
4360.894676 4417.918483 4276.132651
UTC=2024-02-03T07:36:02.000000
-3314956.498856 -1241498.576092 6239986.388725
4901.616119 4530.945147 3497.676137
UTC=2024-02-03T07:38:02.000000
-2697989.730418 -694936.384288 6610237.036126
5368.035121 4565.355404 2665.222140
UTC=2024-02-03T07:40:02.000000
-2029941.090230 -148923.874785 6877994.921192
5751.672060 4522.044653 1791.668331
UTC=2024-02-03T07:42:02.000000
-1321188.800481 387332.308282 7039132.549607
6045.347181 4403.225318 890.505835
UTC=2024-02-03T07:44:02.000000
-582888.835778 904967.000274 7091167.392459
6243.296364 4212.365316 -24.373253
UTC=2024-02-03T07:46:02.000000
173201.324329 1395602.733526 7033297.963380
6341.274000 3954.110219 -938.877542
UTC=2024-02-03T07:48:02.000000
934910.071953 1851485.433246 6866415.513019
6336.635793 3634.186856 -1838.920754
UTC=2024-02-03T07:50:02.000000
1689847.647614 2265607.425351 6593090.940954
6228.397521 3259.287681 -2710.628690
UTC=2024-02-03T07:52:02.000000
2425607.593059 2631815.755748 6217537.456636
6017.269417 2836.944138 -3540.536065
UTC=2024-02-03T07:54:02.000000
3129971.342565 2944904.981069 5745549.759888
5705.674151 2375.393334 -4315.783675
UTC=2024-02-03T07:56:02.000000
3791113.456653 3200693.142777 5184419.047025
5297.735615 1883.430563 -5024.323060
UTC=2024-02-03T07:58:02.000000
4397803.000755 3396079.302151 4542824.020425
4799.227969 1370.250280 -5655.106321
UTC=2024-02-03T08:00:02.000000
4939598.011585 3529081.702505 3830700.773099
4217.516830 845.284830 -6198.254473
UTC=2024-02-03T08:02:02.000000
5407031.614813 3598856.385112 3059091.124899
3561.464877 318.033542 -6645.248029
UTC=2024-02-03T08:04:02.000000
5791782.715473 3605694.047149 2239970.299575
2841.281096 -202.119741 -6989.069673
UTC=2024-02-03T08:06:02.000000
6086828.421042 3550996.272266 1386059.247170
2068.364328 -706.072474 -7224.328090
UTC=2024-02-03T08:08:02.000000
6286575.692048 3437231.528525 510622.945528
1255.111970 -1185.173902 -7347.361925
UTC=2024-02-03T08:10:02.000000
6386968.176719 3267871.059547 -372741.568893
414.700002 -1631.387719 -7356.305627
UTC=2024-02-03T08:12:02.000000
6385565.743308 3047306.126516 -1250322.684883
-439.150893 -2037.439889 -7251.116851
UTC=2024-02-03T08:14:02.000000
6281595.107931 2780748.834343 -2108512.774369
-1292.421248 -2396.941347 -7033.566773
UTC=2024-02-03T08:16:02.000000
6075971.070303 2474119.701808 -2934023.985778
-2131.037553 -2704.491401 -6707.205539
UTC=2024-02-03T08:18:02.000000
5771287.956075 2133923.408128 -3714097.746980
-2941.121874 -2955.766742 -6277.289114
UTC=2024-02-03T08:20:02.000000
5371781.645328 1767115.667010 -4436703.647260
-3709.233310 -3147.581741 -5750.678695
UTC=2024-02-03T08:22:02.000000
4883262.760416 1380964.329805 -5090724.338313
-4422.603921 -3277.922455 -5135.704712
UTC=2024-02-03T08:24:02.000000
4313023.478928 982908.375071 -5666122.420943
-5069.340661 -3345.949487 -4442.010256
UTC=2024-02-03T08:26:02.000000
3669721.312833 580417.733648 -6154088.484307
-5638.610898 -3351.981991 -3680.390614
UTC=2024-02-03T08:28:02.000000
2963241.429221 180856.280968 -6547168.939835
-6120.812737 -3297.460528 -2862.616531
UTC=2024-02-03T08:30:02.000000
2204540.239879 -208649.553042 -6839371.802448
-6507.714552 -3184.891240 -2001.246324
UTC=2024-02-03T08:32:02.000000
1405473.920028 -581334.506493 -7026250.198160
-6792.570185 -3017.774725 -1109.443785
UTC=2024-02-03T08:34:02.000000
578613.613135 -930908.963516 -7104964.046489
-6970.226071 -2800.522108 -200.791943
UTC=2024-02-03T08:36:02.000000
-262950.628943 -1251662.241989 -7074318.460591
-7037.196708 -2538.353736 710.903491
UTC=2024-02-03T08:38:02.000000
-1105813.298151 -1538553.417085 -6934779.588924
-6991.718922 -2237.194077 1611.794401
UTC=2024-02-03T08:40:02.000000
-1936462.934233 -1787289.193912 -6688468.475022
-6833.794703 -1903.559357 2488.180037
UTC=2024-02-03T08:42:02.000000
-2741494.966551 -1994387.529729 -6339131.707916
-6565.202977 -1544.432749 3326.699616
UTC=2024-02-03T08:44:02.000000
-3507824.519498 -2157226.075153 -5892089.899106
-6189.491693 -1167.138861 4114.509296
UTC=2024-02-03T08:46:02.000000
-4222897.936666 -2274075.584436 -5354164.721905
-5711.961233 -779.215679 4839.467877
UTC=2024-02-03T08:48:02.000000
-4874900.200615 -2344117.266483 -4733582.910252
-5139.609276 -388.276097 5490.329713
UTC=2024-02-03T08:50:02.000000
-5452953.675601 -2367443.416890 -4039858.039263
-4481.045438 -1.869006 6056.921952
UTC=2024-02-03T08:52:02.000000
-5947305.293535 -2345041.412638 -3283651.403909
-3746.381650 372.659929 6530.317169
UTC=2024-02-03T08:54:02.000000
-6349498.413052 -2278760.903785 -2476612.718999
-2947.085896 728.307997 6902.993926
UTC=2024-02-03T08:56:02.000000
-6652525.282226 -2171264.598663 -1631202.934423
-2095.807193 1058.548557 7168.974513
UTC=2024-02-03T08:58:02.000000
-6850956.884728 -2025963.495289 -760501.657499
-1206.172207 1357.456906 7323.943039
UTC=2024-02-03T09:00:02.000000
-6941046.711284 -1846937.646086 121997.841804
-292.556427 1619.824987 7365.333210
UTC=2024-02-03T09:02:02.000000
-6920805.876373 -1638843.918242 1002602.371679
630.165332 1841.262623 7292.386018
UTC=2024-02-03T09:04:02.000000
-6790047.161849 -1406812.766446 1867637.344627
1546.885125 2018.278556 7106.170895
UTC=2024-02-03T09:06:02.000000
-6550396.732467 -1156336.558522 2703665.556142
2442.532934 2148.340566 6809.568823
UTC=2024-02-03T09:08:02.000000
-6205273.522978 -893151.839568 3497701.795675
3302.343182 2229.916463 6407.221406
UTC=2024-02-03T09:10:02.000000
-5759836.776733 -623117.941147 4237419.656509
4112.120849 2262.492731 5905.449939
UTC=2024-02-03T09:12:02.000000
-5220902.159934 -352095.041707 4911345.973955
4858.492130 2246.565402 5312.130508
UTC=2024-02-03T09:14:02.000000
-4596830.079298 -85824.512642 5509038.917861
5529.119318 2183.612676 4636.551778
UTC=2024-02-03T09:16:02.000000
-3897389.220100 170186.391796 6021248.536599
6112.901626 2076.048772 3889.262587
UTC=2024-02-03T09:18:02.000000
-3133596.797961 410773.031899 6440057.609224
6600.158635 1927.157040 3081.894885
UTC=2024-02-03T09:20:02.000000
-2317538.922426 631212.775785 6759000.265339
6982.777943 1741.005858 2226.974632
UTC=2024-02-03T09:22:02.000000
-1462174.791242 827313.711044 6973157.807172
7254.339327 1522.356146 1337.727885
UTC=2024-02-03T09:24:02.000000
-581127.737552 995491.640253 7079230.292641
7410.206201 1276.556993 427.874418
UTC=2024-02-03T09:26:02.000000
311532.862357 1132833.841574 7075583.896577
7447.590463 1009.431020 -488.570053
UTC=2024-02-03T09:28:02.000000
1201516.316506 1237148.800570 6962274.438206
7365.597206 727.155618 -1397.494226
UTC=2024-02-03T09:30:02.000000
2074539.248482 1307001.364288 6741046.628902
7165.243995 436.137962 -2284.895044
UTC=2024-02-03T09:32:02.000000
2916554.888689 1341732.585320 6415309.050401
6849.454081 142.886225 -3137.077275
UTC=2024-02-03T09:34:02.000000
3713980.419131 1341464.088202 5990085.134351
6423.029354 -146.120050 -3940.857247
UTC=2024-02-03T09:36:02.000000
4453918.735799 1307086.823279 5471939.335558
5892.582194 -424.559542 -4683.766497
UTC=2024-02-03T09:38:02.000000
5124370.477259 1240234.512727 4868880.310431
5266.447600 -686.394752 -5354.233744
UTC=2024-02-03T09:40:02.000000
5714434.751787 1143242.186783 4190241.887709
4554.576553 -925.994676 -5941.777410
UTC=2024-02-03T09:42:02.000000
6214494.095177 1019090.465477 3446540.796725
3768.379062 -1138.248864 -6437.192404
UTC=2024-02-03T09:44:02.000000
6616378.449948 871336.449530 2649313.887243
2920.535488 -1318.677379 -6832.705001
UTC=2024-02-03T09:46:02.000000
6913505.629607 704032.283960 1810938.365274
2024.795151 -1463.522971 -7122.104997
UTC=2024-02-03T09:48:02.000000
7100995.932123 521633.651797 944436.554957
1095.740315 -1569.829504 -7300.866985
UTC=2024-02-03T09:50:02.000000
7175756.733926 328899.694355 63268.795179
148.531476 -1635.504084 -7366.227407
UTC=2024-02-03T09:52:02.000000
7136536.054342 130786.647078 -818881.687784
-801.362074 -1659.360235 -7317.240463
UTC=2024-02-03T09:54:02.000000
6983942.711055 -67662.412486 -1688327.849693
-1738.442100 -1641.138721 -7154.787142
UTC=2024-02-03T09:56:02.000000
6720433.244509 -261429.108550 -2531596.949377
-2647.456818 -1581.509138 -6881.550859
UTC=2024-02-03T09:58:02.000000
6350266.340514 -445630.259371 -3335643.636133
-3513.665494 -1482.049910 -6501.959472
UTC=2024-02-03T10:00:02.000000
5879426.144575 -615624.664049 -4088054.338334
-4323.092200 -1345.207059 -6022.097389
UTC=2024-02-03T10:02:02.000000
5315516.169670 -767113.723125 -4777239.147752
-5062.760081 -1174.232777 -5449.585197
UTC=2024-02-03T10:04:02.000000
4667626.987813 -896233.680208 -5392607.625065
-5720.892426 -973.108782 -4793.435374
UTC=2024-02-03T10:06:02.000000
3946181.477229 -999638.161854 -5924726.704397
-6287.088719 -746.461366 -4063.897793
UTC=2024-02-03T10:08:02.000000
3162760.193378 -1074569.795389 -6365458.967893
-6752.477599 -499.463067 -3272.286384
UTC=2024-02-03T10:10:02.000000
2329910.454415 -1118919.065102 -6708079.321283
-7109.834489 -237.719596 -2430.795319
UTC=2024-02-03T10:12:02.000000
1460943.154329 -1131269.441000 -6947369.575921
-7353.670612 32.843370 -1552.314555
UTC=2024-02-03T10:14:02.000000
569720.290970 -1110929.021017 -7079690.805977
-7480.298928 306.094578 -650.244265
UTC=2024-02-03T10:16:02.000000
-329564.086734 -1057947.778479 -7103033.245917
-7487.876652 575.821052 261.695333
UTC=2024-02-03T10:18:02.000000
-1222606.244771 -973120.214704 -7017043.382294
-7376.420087 835.846738 1169.650452
UTC=2024-02-03T10:20:02.000000
-2095216.133395 -857973.626035 -6823028.767342
-7147.805325 1080.155080 2059.823302
UTC=2024-02-03T10:22:02.000000
-2933538.962198 -714741.738196 -6523939.563571
-6805.735721 1303.007936 2918.665853
UTC=2024-02-03T10:24:02.000000
-3724271.374446 -546324.460441 -6124327.913732
-6355.690473 1499.059100 3733.055039
UTC=2024-02-03T10:26:02.000000
-4454871.396866 -356234.157018 -5630285.987038
-5804.867225 1663.465491 4490.480365
UTC=2024-02-03T10:28:02.000000
-5113759.017508 -148528.906251 -5049360.712508
-5162.081835 1791.991121 5179.236228
UTC=2024-02-03T10:30:02.000000
-5690503.355970 72266.003801 -4390446.636708
-4437.650020 1881.100482 5788.597264
UTC=2024-02-03T10:32:02.000000
-6175994.538040 301247.547378 -3663657.523568
-3643.245394 1928.046863 6308.998719
UTC=2024-02-03T10:34:02.000000
-6562596.116739 533233.989292 -2880176.789234
-2791.720100 1930.942412 6732.203580
UTC=2024-02-03T10:36:02.000000
-6844274.652839 762871.557475 -2052089.027585
-1896.902226 1888.815475 7051.452880
UTC=2024-02-03T10:38:02.000000
-7016703.467542 984746.689527 -1192194.727032
-973.371638 1801.645572 7261.594219
UTC=2024-02-03T10:40:02.000000
-7077338.257665 1193501.359299 -313810.400024
-36.208695 1670.379294 7359.195457
UTC=2024-02-03T10:42:02.000000
-7025460.540458 1383948.852081 569442.185677
899.280674 1496.922569 7342.607513
UTC=2024-02-03T10:44:02.000000
-6862189.056499 1551187.580924 1443852.081655
1817.826311 1284.115600 7211.997564
UTC=2024-02-03T10:46:02.000000
-6590459.259068 1690710.550629 2295837.983395
2704.465427 1035.684744 6969.357132
UTC=2024-02-03T10:48:02.000000
-6214970.171529 1798507.670849 3112165.623570
3544.812012 756.171907 6618.470127
UTC=2024-02-03T10:50:02.000000
-5742099.608957 1871158.396984 3880159.040287
4325.313416 450.844571 6164.842792
UTC=2024-02-03T10:52:02.000000
-5179789.952525 1905912.675541 4587901.201691
5033.482228 125.591807 5615.597856
UTC=2024-02-03T10:54:02.000000
-4537407.895682 1900758.693202 5224420.398342
5658.098619 -213.191682 4979.344435
UTC=2024-02-03T10:56:02.000000
-3825581.682293 1854476.133376 5779859.834859
6189.383104 -558.730340 4266.029551
UTC=2024-02-03T10:58:02.000000
-3056019.139016 1766674.067415 6245628.635849
6619.145359 -903.998810 3486.776387
UTC=2024-02-03T11:00:02.000000
-2241309.138334 1637812.791179 6614532.145084
6940.909191 -1241.858931 2653.699140
UTC=2024-02-03T11:02:02.000000
-1394710.455251 1469208.892291 6880878.901595
7149.996651 -1565.200301 1779.703302
UTC=2024-02-03T11:04:02.000000
-529932.786324 1263023.754754 7040563.485834
7243.575422 -1867.075695 878.284474
UTC=2024-02-03T11:06:02.000000
339086.235918 1022235.951231 7091125.655453
7220.681505 -2140.834659 -36.665835
UTC=2024-02-03T11:08:02.000000
1198405.693771 750597.815782 7031785.917969
7082.222282 -2380.252495 -951.060539
UTC=2024-02-03T11:10:02.000000
2034304.742787 452576.907263 6863456.848105
6830.952124 -2579.653702 -1850.819072
UTC=2024-02-03T11:12:02.000000
2833501.612481 133282.990394 6588730.324405
6471.425229 -2734.029274 -2722.066709
UTC=2024-02-03T11:14:02.000000
3583365.802463 -201618.592652 6211840.663865
6009.927950 -2839.145841 -3551.339196
UTC=2024-02-03T11:16:02.000000
4272120.225264 -546005.961075 5738602.987004
5454.378681 -2891.643153 -4325.787026
UTC=2024-02-03T11:18:02.000000
4889029.861118 -893410.714743 5176327.696472
4814.204486 -2889.118900 -5033.370339
UTC=2024-02-03T11:20:02.000000
5424574.313129 -1237137.128307 4533711.807751
4100.195343 -2830.196361 -5663.050505
UTC=2024-02-03T11:22:02.000000
5870601.237421 -1570388.419363 3820707.723888
3324.331786 -2714.575240 -6204.972339
UTC=2024-02-03T11:24:02.000000
6220457.695096 -1886398.032670 3048370.808498
2499.587866 -2543.062574 -6650.635386
UTC=2024-02-03T11:26:02.000000
6469096.192274 -2178563.159470 2228687.642687
1639.708453 -2317.579633 -6993.042523
UTC=2024-02-03T11:28:02.000000
6613153.069017 -2440577.649083 1374387.962862
758.972346 -2041.144716 -7226.823525
UTC=2024-02-03T11:30:02.000000
6650997.771659 -2666561.548330 498743.100551
-128.057727 -1717.834328 -7348.336847
UTC=2024-02-03T11:32:02.000000
6582751.129638 -2851184.385057 -384645.849302
-1006.797822 -1352.716579 -7355.735578
UTC=2024-02-03T11:34:02.000000
6410272.368205 -2989779.035649 -1262065.662919
-1862.902959 -951.763094 -7249.000840
UTC=2024-02-03T11:36:02.000000
6137114.562720 -3078443.861144 -2119910.416684
-2682.529160 -521.740236 -7029.934602
UTC=2024-02-03T11:38:02.000000
5768450.033570 -3114130.559151 -2944897.540161
-3452.570894 -70.081691 -6702.114652
UTC=2024-02-03T11:40:02.000000
5310968.313080 -3094716.035803 -3724276.853093
-4160.882106 395.249794 -6270.821053
UTC=2024-02-03T11:42:02.000000
4772748.951695 -3019057.239358 -4446028.811393
-4796.472271 865.907923 -5742.932208
UTC=2024-02-03T11:44:02.000000
4163112.211283 -2887027.938365 -5099049.003149
-5349.680555 1333.318733 -5126.797708
UTC=2024-02-03T11:46:02.000000
3492450.616174 -2699536.425623 -5673315.386070
-5812.316297 1788.840339 -4432.079411
UTC=2024-02-03T11:48:02.000000
2772046.309399 -2458524.441288 -6160035.608719
-6177.756583 2223.915033 -3669.582503
UTC=2024-02-03T11:50:02.000000
2013878.390731 -2166948.238069 -6551774.297467
-6441.019917 2630.217135 -2851.089992
UTC=2024-02-03T11:52:02.000000
1230422.187033 -1828741.587707 -6842559.712506
-6598.824238 2999.805241 -1989.179904
UTC=2024-02-03T11:54:02.000000
434443.757167 -1448761.184971 -7027967.255845
-6649.606331 3325.259940 -1097.028178
UTC=2024-02-03T11:56:02.000000
-361206.178463 -1032716.375906 -7105179.970604
-6593.515699 3599.810912 -188.221322
UTC=2024-02-03T11:58:02.000000
-1143796.268972 -587083.933292 -7073026.557858
-6432.386564 3817.457336 723.429691
UTC=2024-02-03T12:00:02.000000
-1900914.419363 -119008.758996 -6931997.188399
-6169.696660 3973.083036 1624.077371
UTC=2024-02-03T12:02:02.000000
-2620661.114464 363808.485975 -6684236.244395
-5810.497585 4062.556871 2500.029838
UTC=2024-02-03T12:04:02.000000
-3291833.167659 853234.995055 -6333512.761408
-5361.328250 4082.821827 3337.931253
UTC=2024-02-03T12:06:02.000000
-3904096.626987 1340839.542867 -5885169.181280
-4830.119861 4031.972745 4124.945475
UTC=2024-02-03T12:08:02.000000
-4448147.101411 1818034.566547 -5346047.646480
-4226.078763 3909.318911 4848.944506
UTC=2024-02-03T12:10:02.000000
-4915854.624556 2276225.188725 -4724393.856243
-3559.547422 3715.435680 5498.695861
UTC=2024-02-03T12:12:02.000000
-5300390.343540 2706962.704748 -4029738.266211
-2841.839082 3452.184750 6064.048109
UTC=2024-02-03T12:14:02.000000
-5596332.307817 3102098.981331 -3272756.410723
-2085.058455 3122.712443 6536.094735
UTC=2024-02-03T12:16:02.000000
-5799749.073424 3453939.651822 -2465109.950314
-1301.908097 2731.429753 6907.332477
UTC=2024-02-03T12:18:02.000000
-5908258.642353 3755393.228614 -1619269.515325
-505.472766 2283.962694 7171.803484
UTC=2024-02-03T12:20:02.000000
-5921060.840611 4000112.402158 -748321.884577
291.007527 1787.072772 7325.213649
UTC=2024-02-03T12:22:02.000000
-5838941.962580 4182624.329044 134235.161580
1074.370097 1248.553979 7365.019626
UTC=2024-02-03T12:24:02.000000
-5664251.364013 4298447.051244 1014707.017073
1831.767501 677.102413 7290.491360
UTC=2024-02-03T12:26:02.000000
-5400849.209252 4344188.514679 1879421.252584
2550.904656 82.160105 7102.727737
UTC=2024-02-03T12:28:02.000000
-5054026.963922 4317626.082358 2714946.171116
3220.256134 -526.253506 6804.635504
UTC=2024-02-03T12:30:02.000000
-4630403.007205 4217765.325873 3508304.987619
3829.264314 -1137.718998 6400.879544
UTC=2024-02-03T12:32:02.000000
-4137795.335633 4044876.405817 4247182.155555
4368.520642 -1741.612078 5897.797832
UTC=2024-02-03T12:34:02.000000
-3585074.508006 3800507.034863 4920117.287314
4829.913291 -2327.295950 5303.284174
UTC=2024-02-03T12:36:02.000000
-2982000.317669 3487472.578266 5516683.902434
5206.752233 -2884.312048 4626.651169
UTC=2024-02-03T12:38:02.000000
-2339045.249795 3109823.268448 6027650.103306
5493.861922 -3402.568210 3878.467570
UTC=2024-02-03T12:40:02.000000
-1667208.734379 2672789.466951 6445118.809493
5687.643595 -3872.516923 3070.380762
UTC=2024-02-03T12:42:02.000000
-977825.684415 2182705.995649 6762645.667438
5786.106090 -4285.324530 2214.921589
UTC=2024-02-03T12:44:02.000000
-282373.781897 1646917.459930 6975333.340191
5788.858979 -4633.018771 1325.312832
UTC=2024-02-03T12:46:02.000000
407717.824947 1073666.288160 7079903.257896
5697.097254 -4908.630716 415.276615
UTC=2024-02-03T12:48:02.000000
1081256.469340 471964.716690 7074743.133185
5513.557608 -5106.318208 -501.171267
UTC=2024-02-03T12:50:02.000000
1727467.168183 -148547.056243 6959930.265291
5242.452464 -5221.474628 -1409.919837
UTC=2024-02-03T12:52:02.000000
2336164.914558 -777755.132954 6737230.949918
4889.386750 -5250.826501 -2296.964399
UTC=2024-02-03T12:54:02.000000
2897915.816041 -1405236.665494 6410075.422637
4461.256010 -5192.508684 -3148.610690
UTC=2024-02-03T12:56:02.000000
3404185.118959 -2020432.503765 5983508.535271
3966.128783 -5046.123151 -3951.677251
UTC=2024-02-03T12:58:02.000000
3847469.699741 -2612825.607716 5464115.879270
3413.105300 -4812.772804 -4693.699121
UTC=2024-02-03T13:00:02.000000
4221412.659054 -3172121.985464 4859926.322545
2812.162168 -4495.072844 -5363.118203
UTC=2024-02-03T13:02:02.000000
4520898.469156 -3688431.792222 4180291.832548
2173.982728 -4097.139167 -5949.471808
UTC=2024-02-03T13:04:02.000000
4742126.834078 -4152447.121198 3435745.224520
1509.772294 -3624.545199 -6443.569947
UTC=2024-02-03T13:06:02.000000
4882663.663050 -4555612.823048 2637837.603423
831.061827 -3084.248535 -6837.656759
UTC=2024-02-03T13:08:02.000000
4941467.695342 -4890286.597854 1798957.616225
149.498838 -2484.486010 -7125.549472
UTC=2024-02-03T13:10:02.000000
4918891.834297 -5149884.948990 932135.873007
-523.363099 -1834.643788 -7302.747687
UTC=2024-02-03T13:12:02.000000
4816659.222749 -5329011.949681 50837.825667
-1176.274973 -1145.099695 -7366.514932
UTC=2024-02-03T13:14:02.000000
4637814.636961 -5423567.544395 -831250.981470
-1798.490267 -427.042829 -7315.925378
UTC=2024-02-03T13:16:02.000000
4386652.594292 -5430833.262666 -1700443.767004
-2379.958919 307.724888 -7151.883544
UTC=2024-02-03T13:18:02.000000
4068622.757516 -5349532.904866 -2543270.883854
-2911.505326 1047.003280 -6877.096517
UTC=2024-02-03T13:20:02.000000
3690215.716775 -5179867.266536 -3346693.067903
-3384.980430 1778.413334 -6496.018148
UTC=2024-02-03T13:22:02.000000
3258831.662241 -4923522.276190 -4098305.886000
-3793.392483 2489.617712 -6014.757443
UTC=2024-02-03T13:24:02.000000
2782635.099871 -4583651.071490 -4786531.599312
-4131.009716 3168.536487 -5440.961896
UTC=2024-02-03T13:26:02.000000
2270398.873867 -4164830.244035 -5400795.271513
-4393.434210 3803.559217 -4783.670481
UTC=2024-02-03T13:28:02.000000
1731341.476139 -3672991.893299 -5931681.878905
-4577.640523 4383.733831 -4053.148680
UTC=2024-02-03T13:30:02.000000
1174961.160208 -3115334.270108 -6371073.613832
-4681.992903 4898.938003 -3260.722951
UTC=2024-02-03T13:32:02.000000
610869.129301 -2500212.247401 -6712266.708412
-4706.241830 5340.043523 -2418.603343
UTC=2024-02-03T13:34:02.000000
48624.781035 -1837008.913296 -6950066.108977
-4651.492717 5699.064092 -1539.692812
UTC=2024-02-03T13:36:02.000000
-502423.783497 -1135990.948035 -7080857.153248
-4520.151284 5969.278365 -637.397119
UTC=2024-02-03T13:38:02.000000
-1033291.828462 -408150.355941 -7102654.746149
-4315.856040 6145.335209 274.561129
UTC=2024-02-03T13:40:02.000000
-1535501.387353 334965.495778 -7015130.047856
-4043.399962 6223.342969 1182.332211
UTC=2024-02-03T13:42:02.000000
-2001214.100657 1081433.446011 -6819614.426946
-3708.632479 6200.941091 2072.126262
UTC=2024-02-03T13:44:02.000000
-2423351.405072 1819141.880722 -6519081.177362
-3318.348374 6077.356431 2930.398653
UTC=2024-02-03T13:46:02.000000
-2795701.093476 2535983.499219 -6118105.115539
-2880.172199 5853.439520 3744.032585
UTC=2024-02-03T13:48:02.000000
-3113009.293379 3220051.706808 -5622799.999238
-2402.428969 5531.685957 4500.527250
UTC=2024-02-03T13:50:02.000000
-3371056.338205 3859837.916538 -5040733.356588
-1894.006849 5116.230837 5188.185588
UTC=2024-02-03T13:52:02.000000
-3566715.433734 4444426.671097 -4380818.635568
-1364.205402 4612.816329 5796.303660
UTC=2024-02-03T13:54:02.000000
-3697992.164872 4963684.842364 -3653185.180292
-822.569755 4028.725211 6315.348445
UTC=2024-02-03T13:56:02.000000
-3764043.865727 5408441.024770 -2869028.174680
-278.723650 3372.686201 6737.113367
UTC=2024-02-03T13:58:02.000000
-3765179.317162 5770652.411068 -2040440.671107
257.794155 2654.758847 7054.864484
UTC=2024-02-03T14:00:02.000000
-3702838.164183 6043556.021976 -1180228.658131
777.704113 1886.186669 7263.474103
UTC=2024-02-03T14:02:02.000000
-3579549.303972 6221799.940397 -301711.549629
1272.159075 1079.209323 7359.526196
UTC=2024-02-03T14:04:02.000000
-3398869.637264 6301550.622715 581487.343627
1732.897657 246.860017 7341.382582
UTC=2024-02-03T14:06:02.000000
-3165304.452357 6280575.159130 1455657.692887
2152.401362 -597.258247 7209.235883
UTC=2024-02-03T14:08:02.000000
-2884209.245183 6158294.636698 2307222.407970
2524.040188 -1439.224706 6965.110260
UTC=2024-02-03T14:10:02.000000
-2561675.979737 5935806.836199 3122955.173745
2842.186097 -2265.057141 6612.817313
UTC=2024-02-03T14:12:02.000000
-2204407.398481 5615878.790001 3890190.685970
3102.300200 -3060.957175 6157.881483
UTC=2024-02-03T14:14:02.000000
-1819582.186459 5202910.209296 4597024.594995
3300.997892 -3813.551755 5607.442100
UTC=2024-02-03T14:16:02.000000
-1414713.680508 4702868.391267 5232500.030273
3436.091994 -4510.125255 4970.128334
UTC=2024-02-03T14:18:02.000000
-997504.695763 4123195.958940 5786777.451976
3506.611451 -5138.839253 4255.904986
UTC=2024-02-03T14:20:02.000000
-575702.295133 3472693.660912 6251284.766387
3512.786072 -5688.927930 3475.902950
UTC=2024-02-03T14:22:02.000000
-156955.311940 2761380.772545 6618846.502950
3456.016119 -6150.875224 2642.235953
UTC=2024-02-03T14:24:02.000000
251323.074084 2000336.109245 6883790.246144
3338.818830 -6516.561234 1767.810278
UTC=2024-02-03T14:26:02.000000
642085.488285 1201522.288200 7042030.255944
3164.760676 -6779.396514 866.129712
UTC=2024-02-03T14:28:02.000000
1008771.155970 377595.507011 7091126.716573
2938.369347 -6934.424913 -48.910742
UTC=2024-02-03T14:30:02.000000
1345415.372072 -458295.293500 7030320.976730
2665.034161 -6978.403056 -963.218825
UTC=2024-02-03T14:32:02.000000
1646746.369405 -1292718.304427 6860547.238072
2350.895363 -6909.868614 -1862.707994
UTC=2024-02-03T14:34:02.000000
1908268.231440 -2112174.945806 6584419.374467
2002.722640 -6729.175116 -2733.503155
UTC=2024-02-03T14:36:02.000000
2126328.754090 -2903318.949719 6206193.509890
1627.785834 -6438.507825 -3562.143190
UTC=2024-02-03T14:38:02.000000
2298171.239611 -3653175.595055 5731705.990085
1233.716486 -6041.868921 -4335.786048
UTC=2024-02-03T14:40:02.000000
2421969.249752 -4349357.242757 5168287.085729
828.363098 -5545.030599 -5042.406615
UTC=2024-02-03T14:42:02.000000
2496844.007015 -4980271.683067 4524651.813437
419.648083 -4955.464532 -5670.981637
UTC=2024-02-03T14:44:02.000000
2522864.680415 -5535320.607511 3810768.558688
15.422716 -4282.244410 -6211.675303
UTC=2024-02-03T14:46:02.000000
2501030.544542 -6005084.068683 3037706.185187
-376.687884 -3535.910971 -6656.008289
UTC=2024-02-03T14:48:02.000000
2433235.004098 -6381486.846524 2217462.097392
-749.430027 -2728.304361 -6997.007526
UTC=2024-02-03T14:50:02.000000
2322212.808173 -6657942.614906 1362773.886920
-1096.056550 -1872.365228 -7229.326623
UTC=2024-02-03T14:52:02.000000
2171471.589155 -6829473.571098 486918.340921
-1410.454124 -981.924830 -7349.339731
UTC=2024-02-03T14:54:02.000000
1985208.700149 -6892803.474913 -396499.668874
-1687.258179 -71.470119 -7355.215023
UTC=2024-02-03T14:56:02.000000
1768215.080442 -6846420.783002 -1273765.547024
-1921.957216 844.121500 -7246.958023
UTC=2024-02-03T14:58:02.000000
1525767.515473 -6690608.719907 -2131274.901502
-2110.975860 1749.857499 -7026.393600
UTC=2024-02-03T15:00:02.000000
1263512.805839 -6427443.612681 -2955749.711588
-2251.730048 2630.891895 -6697.128287
UTC=2024-02-03T15:02:02.000000
987346.913145 -6060760.798428 -3734447.806146
-2342.653451 3472.794778 -6264.469354
UTC=2024-02-03T15:04:02.000000
703292.066067 -5596090.342641 -4455360.793873
-2383.208746 4261.790392 -5735.320268
UTC=2024-02-03T15:06:02.000000
417373.571459 -5040564.508991 -5107398.014132
-2373.878034 4984.987191 -5118.048632
UTC=2024-02-03T15:08:02.000000
135499.323257 -4402799.255540 -5680553.251564
-2316.128937 5630.580565 -4422.335017
UTC=2024-02-03T15:10:02.000000
-136655.549250 -3692752.596540 -6166052.572965
-2212.363145 6188.035964 -3659.007577
UTC=2024-02-03T15:12:02.000000
-393756.784812 -2921562.629560 -6556481.324031
-2065.847388 6648.243178 -2839.862705
UTC=2024-02-03T15:14:02.000000
-630909.996811 -2101368.666617 -6845889.365399
-1880.631516 7003.644835 -1977.481301
UTC=2024-02-03T15:16:02.000000
-843749.120028 -1245118.536825 -7029873.962823
-1661.454542 7248.337861 -1085.041894
UTC=2024-02-03T15:18:02.000000
-1028513.012490 -366364.994433 -7105640.426341
-1413.641629 7378.155480 -176.134776
UTC=2024-02-03T15:20:02.000000
-1182109.224618 520946.327079 -7072039.859062
-1142.993634 7390.722637 735.432259
UTC=2024-02-03T15:22:02.000000
-1302164.204884 1402693.910657 -6929584.206534
-855.671677 7285.488127 1635.816598
UTC=2024-02-03T15:24:02.000000
-1387059.360723 2264800.506308 -6680439.194148
-558.077035 7063.740632 2511.328891
UTC=2024-02-03T15:26:02.000000
-1435952.591498 3093453.670625 -6328395.112204
-256.729767 6728.603991 3348.612933
UTC=2024-02-03T15:28:02.000000
-1448785.176404 3875324.964842 -5878815.344716
41.855092 6285.013451 4134.839285
UTC=2024-02-03T15:30:02.000000
-1426273.562762 4597784.106889 -5338561.876290
331.293487 5739.659315 4857.890876
UTC=2024-02-03T15:32:02.000000
-1369886.368341 5249105.351031 -4715898.684062
605.453615 5100.911358 5506.549978
UTC=2024-02-03T15:34:02.000000
-1281806.798089 5818662.665447 -4020372.608474
858.577551 4378.706845 6070.682801
UTC=2024-02-03T15:36:02.000000
-1164880.689610 6297109.504730 -3262672.989399
1085.398090 3584.407186 6541.408006
UTC=2024-02-03T15:38:02.000000
-1022551.085641 6676539.963868 -2454472.135182
1281.246165 2730.632470 6911.248921
UTC=2024-02-03T15:40:02.000000
-858780.488177 6950628.468862 -1608247.969512
1442.148253 1831.064924 7174.277205
UTC=2024-02-03T15:42:02.000000
-677962.263487 7114743.752148 -737091.200271
1564.909817 900.222517 7326.224148
UTC=2024-02-03T15:44:02.000000
-484822.739614 7166034.962281 145499.339950
1647.186251 -46.781526 7364.569475
UTC=2024-02-03T15:46:02.000000
-284316.009942 7103487.395928 1025830.563866
1687.532510 -994.503821 7288.603466
UTC=2024-02-03T15:48:02.000000
-81514.116551 6927945.198663 1890234.244073
1685.430445 -1927.455272 7099.449620
UTC=2024-02-03T15:50:02.000000
118504.712315 6642099.766512 2725285.792165
1641.294467 -2830.382386 6800.037197
UTC=2024-02-03T15:52:02.000000
310767.319440 6250445.662389 3518017.744557
1556.457315 -3688.528813 6395.044684
UTC=2024-02-03T15:54:02.000000
490514.141822 5759205.847746 4256125.040712
1433.139902 -4487.883109 5890.818664
UTC=2024-02-03T15:56:02.000000
653302.926056 5176227.778918 4928159.947958
1274.398666 -5215.427990 5295.282139
UTC=2024-02-03T15:58:02.000000
795104.663021 4510848.628767 5523711.770748
1084.051359 -5859.381501 4617.762889
UTC=2024-02-03T16:00:02.000000
912390.187335 3773737.620100 6033565.120488
866.596775 -6409.352195 3868.831750
UTC=2024-02-03T16:02:02.000000
1002206.144805 2976719.005425 6449839.745714
627.114287 -6856.506766 3060.139099
UTC=2024-02-03T16:04:02.000000
1062237.982146 2132576.795247 6766108.683040
371.152866 -7193.701321 2204.224254
UTC=2024-02-03T16:06:02.000000
1090859.547570 1254845.632867 6977493.395361
104.617158 -7415.584509 1314.321326
UTC=2024-02-03T16:08:02.000000
1087168.542989 357591.091828 7080734.823571
-166.353747 -7518.666589 404.153919
UTC=2024-02-03T16:10:02.000000
1051007.231691 -544816.177901 7074240.491822
-435.510642 -7501.359254 -512.256332
UTC=2024-02-03T16:12:02.000000
982968.022408 -1437930.754765 6958108.464982
-696.621512 -7364.006774 -1420.791214
UTC=2024-02-03T16:14:02.000000
884383.774409 -2307464.246242 6734126.303546
-943.598616 -7108.878776 -2307.444001
UTC=2024-02-03T16:16:02.000000
757302.971206 -3139514.896869 6405745.511204
-1170.623498 -6740.142948 -3158.524667
UTC=2024-02-03T16:18:02.000000
604449.965011 -3920791.899618 5978030.619741
-1372.269260 -6263.798862 -3960.873274
UTC=2024-02-03T16:20:02.000000
429171.381020 -4638829.570928 5457584.075589
-1543.609370 -5687.582839 -4702.048177
UTC=2024-02-03T16:22:02.000000
235369.743578 -5282189.584053 4852449.088640
-1680.322344 -5020.862397 -5370.508762
UTC=2024-02-03T16:24:02.000000
27424.814844 -5840649.442250 4171990.208284
-1778.791934 -4274.508686 -5955.806121
UTC=2024-02-03T16:26:02.000000
-189896.527308 -6305372.819964 3426751.033012
-1836.195509 -3460.721626 -6448.766066
UTC=2024-02-03T16:28:02.000000
-411539.849493 -6669057.241570 2628291.560652
-1850.573151 -2592.829698 -6841.648385
UTC=2024-02-03T16:30:02.000000
-632269.912313 -6926055.986564 1789007.628905
-1820.878162 -1685.061459 -7128.281442
UTC=2024-02-03T16:32:02.000000
-846782.473730 -7072472.290869 921936.041866
-1747.012014 -752.313834 -7304.173333
UTC=2024-02-03T16:34:02.000000
-1049819.227702 -7106223.768376 40546.771763
-1629.838295 190.118324 -7366.607472
UTC=2024-02-03T16:36:02.000000
-1236282.556601 -7027073.203049 -841473.060728
-1471.167366 1126.822997 -7314.685376
UTC=2024-02-03T16:38:02.000000
-1401347.279086 -6836626.134610 -1710438.127662
-1273.722341 2042.544629 -7149.333689
UTC=2024-02-03T16:40:02.000000
-1540567.294053 -6538296.075763 -2552882.705747
-1041.088192 2922.449385 -6873.279449
UTC=2024-02-03T16:42:02.000000
-1649975.024994 -6137238.361389 -3355773.819342
-777.642080 3752.383100 -6490.996202
UTC=2024-02-03T16:44:02.000000
-1726171.344268 -5640253.694193 -4106715.777173
-488.464741 4519.116012 -6008.613729
UTC=2024-02-03T16:46:02.000000
-1766403.861458 -5055663.858111 -4794141.768438
-179.236124 5210.559699 -5433.793990
UTC=2024-02-03T16:48:02.000000
-1768632.121651 -4393163.500739 -5407489.192870
143.877582 5815.949448 -4775.586835
UTC=2024-02-03T16:50:02.000000
-1731578.784773 -3663651.764898 -5937356.928917
474.344724 6325.998503 -4044.273153
UTC=2024-02-03T16:52:02.000000
-1654765.921162 -2879047.014987 -6375643.008387
805.394925 6733.025789 -3251.195226
UTC=2024-02-03T16:54:02.000000
-1538535.867196 -2052087.843298 -6715661.065306
1130.149143 7031.055473 -2408.572290
UTC=2024-02-03T16:56:02.000000
-1384056.543867 -1196124.295470 -6952234.168991
1441.747769 7215.880777 -1529.311341
UTC=2024-02-03T16:58:02.000000
-1193311.549684 -324902.996242 -7081766.167098
1733.476867 7285.103532 -626.820260
UTC=2024-02-03T17:00:02.000000
-969075.029390 547650.968560 -7102290.459890
1998.895786 7238.147255 285.180655
UTC=2024-02-03T17:02:02.000000
-714871.456663 1407652.306702 -7013496.463853
2231.959304 7076.249675 1192.842460
UTC=2024-02-03T17:04:02.000000
-434921.270694 2241471.897694 -6816733.723613
2427.131710 6802.435620 2082.375819
UTC=2024-02-03T17:06:02.000000
-134073.029864 3035948.662230 -6514993.957095
2579.498911 6421.472986 2940.231264
UTC=2024-02-03T17:08:02.000000
182277.816624 3778595.292787 -6112870.852564
2684.877325 5939.810065 3753.291938
UTC=2024-02-03T17:10:02.000000
508282.398304 4457794.348950 -5616496.423009
2739.907780 5365.478216 4509.066176
UTC=2024-02-03T17:12:02.000000
837742.360414 5062981.660281 -5033455.213205
2742.137840 4707.981111 5195.867475
UTC=2024-02-03T17:14:02.000000
1164223.140482 5584815.328405 -4372676.491382
2690.093931 3978.160967 5803.001353
UTC=2024-02-03T17:16:02.000000
1481174.904321 6015326.596969 -3644304.340270
2583.335701 3188.031400 6320.943389
UTC=2024-02-03T17:18:02.000000
1782058.787925 6348049.384704 -2859547.457509
2422.490648 2350.590900 6741.500472
UTC=2024-02-03T17:20:02.000000
2060476.178235 6578126.291236 -2030510.239945
2209.269517 1479.615669 7057.961174
UTC=2024-02-03T17:22:02.000000
2310298.488547 6702388.241300 -1170006.858539
1946.458617 589.427687 7265.227206
UTC=2024-02-03T17:24:02.000000
2525794.467026 6719405.035792 -291361.192763
1637.886139 -305.356615 7359.915811
UTC=2024-02-03T17:26:02.000000
2701751.982018 6629505.167000 591803.395546
1288.364406 -1190.085515 7340.426572
UTC=2024-02-03T17:28:02.000000
2833591.561077 6434764.526112 1465780.240024
903.610481 -2050.330053 7206.974536
UTC=2024-02-03T17:30:02.000000
2917469.170605 6138964.362424 2316997.678527
490.146400 -2872.138489 6961.592027
UTC=2024-02-03T17:32:02.000000
2950365.966285 5747519.196140 3132235.492753
55.182629 -3642.281247 6608.096227
UTC=2024-02-03T17:34:02.000000
2930163.119462 5267376.061060 3898835.523956
-393.514417 -4348.482669 6152.023449
UTC=2024-02-03T17:36:02.000000
2855699.881742 4706887.421606 4604902.456162
-847.769052 -4979.628086 5600.534222
UTC=2024-02-03T17:38:02.000000
2726812.923555 4075659.901504 5239491.472172
-1299.161207 -5525.958922 4962.282430
UTC=2024-02-03T17:40:02.000000
2544356.159319 3384382.434629 5792777.306040
-1739.181122 -5979.214645 4247.246027
UTC=2024-02-03T17:42:02.000000
2310202.644290 2644639.830224 6256203.387165
-2159.378568 -6332.741033 3466.564554
UTC=2024-02-03T17:44:02.000000
2027228.006894 1868714.385041 6622611.066067
-2551.520852 -6581.581353 2632.366030
UTC=2024-02-03T17:46:02.000000
1699274.961276 1069378.024079 6886346.439889
-2907.747339 -6722.538148 1757.567146
UTC=2024-02-03T17:48:02.000000
1331099.963943 259679.745114 7043342.776698
-3220.712444 -6754.191188 855.671609
UTC=2024-02-03T17:50:02.000000
928303.350562 -547267.543907 7091179.638347
-3483.719243 -6676.895502 -59.417163
UTC=2024-02-03T17:52:02.000000
497243.573593 -1338499.675884 7029118.920704
-3690.850380 -6492.769552 -973.599670
UTC=2024-02-03T17:54:02.000000
44936.358528 -2101410.093877 6858115.724303
-3837.087607 -6205.644970 -1872.789281
UTC=2024-02-03T17:56:02.000000
-421059.700603 -2823951.460132 6580804.418293
-3918.417347 -5820.996688 -2743.120362
UTC=2024-02-03T17:58:02.000000
-892768.956344 -3494827.115467 6201459.426192
-3931.914531 -5345.841330 -3571.157253
UTC=2024-02-03T18:00:02.000000
-1361933.626761 -4103668.891655 5725932.310934
-3875.813697 -4788.617091 -4344.079942
UTC=2024-02-03T18:02:02.000000
-1820157.075406 -4641200.257294 5161566.889689
-3749.576191 -4159.057197 -5049.869805
UTC=2024-02-03T18:04:02.000000
-2259054.085789 -5099383.032453 4517091.247907
-3553.936158 -3468.039990 -5677.507216
UTC=2024-02-03T18:06:02.000000
-2670404.888340 -5471544.254179 3802486.209227
-3290.917087 -2727.407976 -6217.164001
UTC=2024-02-03T18:08:02.000000
-3046309.313660 -5752479.532468 3028831.702171
-2963.817514 -1949.758571 -6660.375714
UTC=2024-02-03T18:10:02.000000
-3379337.713713 -5938530.552062 2208134.355094
-2577.172789 -1148.225583 -7000.183994
UTC=2024-02-03T18:12:02.000000
-3662675.964858 -6027635.967409 1353139.124904
-2136.693978 -336.252336 -7231.260560
UTC=2024-02-03T18:14:02.000000
-3890261.556078 -6019354.277301 477127.508853
-1649.179973 472.647436 -7350.004822
UTC=2024-02-03T18:16:02.000000
-4056907.599186 -5914857.819555 -406293.985149
-1122.405059 1265.129992 -7354.609078
UTC=2024-02-03T18:18:02.000000
-4158411.987155 -5716897.979055 -1283411.435635
-564.983421 2028.261600 -7245.093483
UTC=2024-02-03T18:20:02.000000
-4191648.982241 -5429741.815161 -2140622.976804
13.787004 2749.752466 -7023.301332
UTC=2024-02-03T18:22:02.000000
-4154641.144713 -5059081.619756 -2964655.362294
604.095449 3418.172737 -6692.856247
UTC=2024-02-03T18:24:02.000000
-4046610.024321 -4611919.926896 -3742773.250403
1195.800275 4023.144438 -6259.083791
UTC=2024-02-03T18:26:02.000000
-3868004.811028 -4096433.255078 -4462977.179044
1778.612939 4555.503660 -5728.902970
UTC=2024-02-03T18:28:02.000000
-3620509.034828 -3521818.138941 -5114187.188540
2342.279929 5007.434323 -5110.696612
UTC=2024-02-03T18:30:02.000000
-3307025.513121 -2898122.648035 -5686409.610629
2876.762717 5372.575329 -4414.159580
UTC=2024-02-03T18:32:02.000000
-2931640.178329 -2236067.068554 -6170884.547559
3372.408955 5646.093787 -3650.131581
UTC=2024-02-03T18:34:02.000000
-2499565.854836 -1546857.478601 -6560212.938115
3820.116543 5824.732109 -2830.423325
UTC=2024-02-03T18:36:02.000000
-2017066.741492 -841995.174295 -6848461.834775
4211.488947 5906.828154 -1967.626898
UTC=2024-02-03T18:38:02.000000
-1491365.395514 -133085.573774 -7031246.532914
4538.971194 5892.304621 -1074.922398
UTC=2024-02-03T18:40:02.000000
-930534.405242 568350.037358 -7105789.982253
4795.970807 5782.634032 -165.894775
UTC=2024-02-03T18:42:02.000000
-343373.806129 1251057.891708 -7070960.625167
4976.974548 5580.793745 745.648318
UTC=2024-02-03T18:44:02.000000
260724.483344 1904228.457620 -6927287.611978
5077.645605 5291.197124 1645.865260
UTC=2024-02-03T18:46:02.000000
871923.344131 2517664.182562 -6676954.410345
5094.916886 4919.617154 2521.057583
UTC=2024-02-03T18:48:02.000000
1480097.925270 3081937.131215 -6323769.723172
5027.069621 4473.089474 3357.869426
UTC=2024-02-03T18:50:02.000000
2075000.629524 3588533.623669 -5873114.842704
4873.784770 3959.794741 4143.477799
UTC=2024-02-03T18:52:02.000000
2646431.554849 4029983.701782 -5331868.656439
4636.180597 3388.924991 4865.776060
UTC=2024-02-03T18:54:02.000000
3184412.148610 4399974.158018 -4708310.725307
4316.829206 2770.542407 5513.557072
UTC=2024-02-03T18:56:02.000000
3679359.570005 4693443.485658 -4012002.331492
3919.750229 2115.417737 6076.695522
UTC=2024-02-03T18:58:02.000000
4122258.703666 4906656.311397 -3253646.301026
3450.379004 1434.851700 6546.318940
UTC=2024-02-03T19:00:02.000000
4504828.663457 5037255.502596 -2444926.749874
2915.503064 740.480450 6914.969832
UTC=2024-02-03T19:02:02.000000
4819679.531975 5084290.379873 -1598331.085213
2323.167817 44.075951 7176.737968
UTC=2024-02-03T19:04:02.000000
5060456.779263 5048220.824673 -726957.013516
1682.561465 -642.660783 7327.380347
UTC=2024-02-03T19:06:02.000000
5221969.347239 4930895.745004 155693.181916
1003.858840 -1308.314965 7364.407486
UTC=2024-02-03T19:08:02.000000
5300297.740729 4735506.567261 1035926.156430
298.048371 -1941.958448 7287.129821
UTC=2024-02-03T19:10:02.000000
5292880.850945 4466517.275593 1900074.946759
-423.250412 -2533.341869 7096.678108
UTC=2024-02-03T19:12:02.000000
5198579.619964 4129571.658526 2734717.360120
-1147.993238 -3073.081346 6795.996634
UTC=2024-02-03T19:14:02.000000
5017714.440727 3731379.150644 3526890.879262
-1863.937654 -3552.824984 6389.789577
UTC=2024-02-03T19:16:02.000000
4752075.606636 3279582.508785 4264298.753111
-2558.864520 -3965.390426 5884.431641
UTC=2024-02-03T19:18:02.000000
4404907.529007 2782610.441766 4935503.544196
-3220.791870 -4304.876300 5287.848321
UTC=2024-02-03T19:20:02.000000
3980867.661718 2249518.921131 5530105.499382
-3838.188781 -4566.741405 4609.385129
UTC=2024-02-03T19:22:02.000000
3485959.391920 1689824.248502 6038903.196326
-4400.184486 -4747.861317 3859.638279
UTC=2024-02-03T19:24:02.000000
2927442.086550 1113331.142399 6454032.812153
-4896.746262 -4846.555883 3050.273812
UTC=2024-02-03T19:26:02.000000
2313720.309952 529959.438118 6769085.076503
-5318.845979 -4862.582359 2193.836767
UTC=2024-02-03T19:28:02.000000
1654214.281465 -50426.608641 6979199.659192
-5658.608058 -4797.104101 1303.567128
UTC=2024-02-03T19:30:02.000000
959213.144481 -618184.789053 7081137.141587
-5909.448056 -4652.650523 393.205790
UTC=2024-02-03T19:32:02.000000
239712.670694 -1164055.353382 7073326.483281
-6066.190247 -4433.053079 -523.216690
UTC=2024-02-03T19:34:02.000000
-492759.569096 -1679312.134532 6955887.498164
-6125.161486 -4143.358028 -1431.584218
UTC=2024-02-03T19:36:02.000000
-1226329.200287 -2155902.392075 6730628.599398
-6084.264593 -3789.723775 -2317.904508
UTC=2024-02-03T19:38:02.000000
-1948967.034934 -2586573.001118 6401019.726721
-5943.021982 -3379.297360 -3168.508829
UTC=2024-02-03T19:40:02.000000
-2648685.425758 -2964981.479522 5972142.544407
-5702.609292 -2920.088527 -3970.235095
UTC=2024-02-03T19:42:02.000000
-3313738.395543 -3285791.759295 5450617.798035
-5365.880345 -2420.836491 -4710.629927
UTC=2024-02-03T19:44:02.000000
-3932822.432648 -3544752.313405 4844507.411687
-4937.347977 -1890.849793 -5378.160442
UTC=2024-02-03T19:46:02.000000
-4495272.293705 -3738754.393677 4163192.656256
-4423.126039 -1339.837837 -5962.399505
UTC=2024-02-03T19:48:02.000000
-4991248.597791 -3865869.784629 3417231.203900
-3830.849371 -777.737427 -6454.194335
UTC=2024-02-03T19:50:02.000000
-5411914.297182 -3925367.557068 2618194.883162
-3169.569451 -214.537332 -6845.820152
UTC=2024-02-03T19:52:02.000000
-5749596.941952 -3917709.592730 1778489.447178
-2449.618431 339.902028 -7131.125365
UTC=2024-02-03T19:54:02.000000
-5997932.269961 -3844524.025857 911158.578005
-1682.436720 876.033883 -7305.645084
UTC=2024-02-03T19:56:02.000000
-6151985.776089 -3708556.916254 29676.428762
-880.378950 1384.801124 -7366.680479
UTC=2024-02-03T19:58:02.000000
-6208349.715495 -3513603.584451 -852267.625174
-56.499096 1857.799666 -7313.349552
UTC=2024-02-03T20:00:02.000000
-6165213.031196 -3264420.864037 -1720988.507419
775.686969 2287.433022 -7146.604967
UTC=2024-02-03T20:02:02.000000
-6022401.776445 -2966621.894200 -2563024.162826
1602.450518 2667.045412 -6869.202249
UTC=2024-02-03T20:04:02.000000
-5781390.222464 -2626556.730393 -3365348.372321
2410.090224 2991.026445 -6485.637821
UTC=2024-02-03T20:06:02.000000
-5445283.058502 -2251181.633468 -4115574.606255
3185.173181 3254.894992 -6002.058723
UTC=2024-02-03T20:08:02.000000
-5018769.303293 -1847919.865653 -4802147.156835
3914.763886 3455.355900 -5426.143466
UTC=2024-02-03T20:10:02.000000
-4508049.502435 -1424517.263416 -5414516.791163
4586.640868 3590.331728 -4766.963115
UTC=2024-02-03T20:12:02.000000
-3920737.742061 -988895.305641 -5943298.327036
5189.498142 3658.971556 -4034.818524
UTC=2024-02-03T20:14:02.000000
-3265740.985652 -549004.811234 -6380407.675662
5713.121124 3661.632419 -3241.063958
UTC=2024-02-03T20:16:02.000000
-2553118.655302 -112683.172323 -6719177.396195
6148.540730 3599.839121 -2397.925330
UTC=2024-02-03T20:18:02.000000
-1793924.879840 312482.295525 -6954450.160466
6488.168161 3476.223169 -1518.313324
UTC=2024-02-03T20:20:02.000000
-1000036.177182 719282.749903 -7082649.534354
6725.901360 3294.448136 -615.635253
UTC=2024-02-03T20:22:02.000000
-183967.520420 1101006.882707 -7101828.561048
6857.215241 3059.127180 296.390159
UTC=2024-02-03T20:24:02.000000
641321.251335 1451548.839977 -7011695.979552
6879.230700 2775.720422 1203.914768
UTC=2024-02-03T20:26:02.000000
1462626.885378 1765503.711984 -6813621.340384
6790.780245 2450.432812 2093.139969
UTC=2024-02-03T20:28:02.000000
2266710.685344 2038250.152231 -6510616.850835
6592.443251 2090.098043 2950.518214
UTC=2024-02-03T20:30:02.000000
3040509.038235 2266018.305185 -6107295.971113
6286.558515 1702.052127 3762.942354
UTC=2024-02-03T20:32:02.000000
3771343.726016 2445942.078563 -5609809.129172
5877.206035 1293.999516 4517.932222
UTC=2024-02-03T20:34:02.000000
4447129.284299 2576095.373750 -5025757.923268
5370.178831 873.879702 5203.813234
UTC=2024-02-03T20:36:02.000000
5056575.473030 2655511.896536 -4364087.039082
4772.924317 449.725395 5809.906297
UTC=2024-02-03T20:38:02.000000
5589380.298684 2684187.524164 -3634953.970371
4094.447074 29.515821 6326.704780
UTC=2024-02-03T20:40:02.000000
6036409.746936 2663065.187666 -2849578.778532
3345.187735 -378.967724 6746.030853
UTC=2024-02-03T20:42:02.000000
6389861.874736 2594002.554968 -2020075.366179
2536.878006 -768.285325 7061.190814
UTC=2024-02-03T20:44:02.000000
6643410.479926 2479722.383223 -1159265.113066
1682.348486 -1131.481614 7267.104669
UTC=2024-02-03T20:46:02.000000
6792324.776468 2323746.392660 -280477.184188
795.322315 -1462.217074 7360.405126
UTC=2024-02-03T20:48:02.000000
6833562.368439 2130313.828526 602661.988249
-109.827262 -1754.891994 7339.512550
UTC=2024-02-03T20:50:02.000000
6765832.059580 1904286.366540 1476444.859090
-1018.325951 -2004.746469 7204.657023
UTC=2024-02-03T20:52:02.000000
6589627.330123 1651042.230527 2327300.940600
-1915.249398 -2207.945452 6957.892971
UTC=2024-02-03T20:54:02.000000
6307227.558415 1376360.637453 3142014.292342
-2785.801846 -2361.649525 6603.064416
UTC=2024-02-03T20:56:02.000000
5922666.847122 1086299.714410 3907934.170922
-3615.577203 -2464.054781 6145.734173
UTC=2024-02-03T20:58:02.000000
5441671.571597 787070.755641 4613175.531387
-4390.818061 -2514.413242 5593.079299
UTC=2024-02-03T21:00:02.000000
4871568.632962 484911.811103 5246804.822173
-5098.642683 -2513.024200 4953.759777
UTC=2024-02-03T21:02:02.000000
4221167.119462 185963.159749 5799009.750104
-5727.265923 -2461.212605 4237.775780
UTC=2024-02-03T21:04:02.000000
3500614.451600 -103853.164895 6261249.533937
-6266.196504 -2361.279995 3456.287479
UTC=2024-02-03T21:06:02.000000
2721231.455625 -378946.402646 6626382.956343
-6706.392687 -2216.434212 2621.430885
UTC=2024-02-03T21:08:02.000000
1895330.081202 -634161.329899 6888774.536723
-7040.399034 -2030.712003 1746.134142
UTC=2024-02-03T21:10:02.000000
1036015.624758 -864872.360720 7044378.048850
-7262.467044 -1808.887785 843.922554
UTC=2024-02-03T21:12:02.000000
156976.092412 -1067065.857888 7090795.584773
-7368.644508 -1556.367405 -71.291976
UTC=2024-02-03T21:14:02.000000
-727736.939582 -1237409.079003 7027311.682492
-7356.832086 -1279.073842 -985.414449
UTC=2024-02-03T21:16:02.000000
-1603932.984451 -1373305.038920 6854903.065542
-7226.817286 -983.325617 -1884.370619
UTC=2024-02-03T21:18:02.000000
-2457509.714265 -1472932.211286 6576224.088242
-6980.280882 -675.706544 -2754.306542
UTC=2024-02-03T21:20:02.000000
-3274679.577914 -1535268.555082 6195568.910506
-6620.786332 -362.936461 -3581.777588
UTC=2024-02-03T21:22:02.000000
-4042194.534716 -1560100.236907 5718810.406805
-6153.753871 -51.744263 -4353.952516
UTC=2024-02-03T21:24:02.000000
-4747564.958679 -1548014.910125 5153313.950335
-5586.389067 251.263167 -5058.820242
UTC=2024-02-03T21:26:02.000000
-5379268.165068 -1500379.038092 4507827.330215
-4927.582391 539.734388 -5685.383458
UTC=2024-02-03T21:28:02.000000
-5926942.785969 -1419299.471006 3792347.983701
-4187.773409 807.702088 -6223.840367
UTC=2024-02-03T21:30:02.000000
-6381565.147025 -1307570.020677 3017969.789041
-3378.788967 1049.703106 -6665.743560
UTC=2024-02-03T21:32:02.000000
-6735605.208497 -1168604.368250 2196711.792438
-2513.664587 1260.886893 -7004.145163
UTC=2024-02-03T21:34:02.000000
-6983159.190210 -1006356.435333 1341329.710857
-1606.428485 1437.115591 -7233.735713
UTC=2024-02-03T21:36:02.000000
-7120053.695682 -825229.600211 465113.040898
-671.849723 1575.048825 -7350.940917
UTC=2024-02-03T21:38:02.000000
-7143919.134089 -629976.814398 -418327.168601
274.821723 1672.210062 -7353.983776
UTC=2024-02-03T21:40:02.000000
-7054231.204928 -425593.950697 -1295276.171885
1218.127632 1727.033476 -7242.914989
UTC=2024-02-03T21:42:02.000000
-6852319.091851 -217208.751422 -2152134.562083
2142.679655 1738.888863 -7019.600401
UTC=2024-02-03T21:44:02.000000
-6541341.377303 -9968.301024 -2975633.807897
3033.419652 1708.083313 -6687.681686
UTC=2024-02-03T21:46:02.000000
-6126230.295085 191072.911822 -3753045.948958
3875.890131 1635.849169 -6252.510752
UTC=2024-02-03T21:48:02.000000
-5613604.234050 381062.070872 -4472382.230212
4656.484190 1524.307093 -5721.034796
UTC=2024-02-03T21:50:02.000000
-5011652.318050 555451.376803 -5122576.730639
5362.664869 1376.409555 -5101.663244
UTC=2024-02-03T21:52:02.000000
-4329993.984069 710093.763713 -5693652.753334
5983.160464 1195.869421 -4404.113405
UTC=2024-02-03T21:54:02.000000
-3579516.928535 841328.927854 -6176869.828492
6508.130538 987.070676 -3639.242534
UTC=2024-02-03T21:56:02.000000
-2772196.853308 946058.023370 -6564849.695154
6929.301325 754.970089 -2818.866244
UTC=2024-02-03T21:58:02.000000
-1920903.004763 1021806.255426 -6851680.583320
7240.071213 504.994166 -1955.580853
UTC=2024-02-03T22:00:02.000000
-1039191.900774 1066772.687246 -7032999.622653
7435.598095 242.927875 -1062.571921
UTC=2024-02-03T22:02:02.000000
-141092.959604 1079866.189494 -7106052.029911
7512.848815 -25.203153 -153.425031
UTC=2024-02-03T22:04:02.000000
759110.526115 1060727.289992 -7069728.453726
7470.630007 -293.250027 758.049601
UTC=2024-02-03T22:06:02.000000
1647103.999150 1009735.805668 -6924581.326490
7309.617049 -555.060289 1657.999698
UTC=2024-02-03T22:08:02.000000
2508765.796053 928003.977506 -6672817.714449
7032.344876 -804.599406 2532.731683
UTC=2024-02-03T22:10:02.000000
3330388.579102 817355.215792 -6318268.962783
6643.176811 -1036.068673 3368.900535
UTC=2024-02-03T22:12:02.000000
4098895.383862 680288.693138 -5866337.453775
6148.244231 -1244.023563 4153.696699
UTC=2024-02-03T22:14:02.000000
4802047.469863 519930.053660 -5323921.607413
5555.372093 -1423.485080 4875.026610
UTC=2024-02-03T22:16:02.000000
5428642.004991 339969.280834 -4699318.800102
4873.981747 -1570.043779 5521.699509
UTC=2024-02-03T22:18:02.000000
5968695.967906 144586.282757 -4002105.852797
4114.956854 -1679.959280 6083.611133
UTC=2024-02-03T22:20:02.000000
6413612.167895 -61634.705232 -3242998.515601
3290.482499 -1750.246442 6551.910046
UTC=2024-02-03T22:22:02.000000
6756324.810355 -273800.311115 -2433691.756715
2413.864515 -1778.749445 6919.153133
UTC=2024-02-03T22:24:02.000000
6991421.475389 -486811.213744 -1586681.797691
1499.314365 -1764.199339 7179.451073
UTC=2024-02-03T22:26:02.000000
7115237.455053 -695470.957180 -715072.560373
561.707880 -1706.250867 7328.580934
UTC=2024-02-03T22:28:02.000000
7125920.402737 -894598.150328 167629.544890
-383.667823 -1605.502125 7364.069335
UTC=2024-02-03T22:30:02.000000
7023463.793754 -1079139.850318 1047729.339870
-1321.382523 -1463.493700 7285.250007
UTC=2024-02-03T22:32:02.000000
6809707.571646 -1244283.490984 1911561.125364
-2236.136463 -1282.685809 7093.281104
UTC=2024-02-03T22:34:02.000000
6488306.105539 -1385564.753507 2745707.388617
-3113.036496 -1066.412553 6791.135282
UTC=2024-02-03T22:36:02.000000
6064662.923734 -1498968.548818 3537213.333353
-3937.864376 -818.814815 6383.538810
UTC=2024-02-03T22:38:02.000000
5545835.141850 -1581021.249377 4273792.356277
-4697.318419 -544.761576 5876.885564
UTC=2024-02-03T22:40:02.000000
4940409.565371 -1628872.312477 4944019.527585
-5379.240637 -249.750130 5279.120911
UTC=2024-02-03T22:42:02.000000
4258353.491007 -1640362.864434 5537509.497870
-5972.810746 60.208477 4599.601372
UTC=2024-02-03T22:44:02.000000
3510843.737915 -1614080.288390 6045076.650612
-6468.717281 378.707821 3848.937319
UTC=2024-02-03T22:46:02.000000
2710076.742301 -1549398.197964 6458874.710304
-6859.297241 699.072240 3038.809312
UTC=2024-02-03T22:48:02.000000
1869064.430050 -1446500.931858 6772514.044611
-7138.637730 1014.486957 2181.783382
UTC=2024-02-03T22:50:02.000000
1001419.003642 -1306392.285660 6981156.455380
-7302.658148 1318.132107 1291.116894
UTC=2024-02-03T22:52:02.000000
121129.882628 -1130887.928763 7081585.814666
-7349.156729 1603.318393 380.552748
UTC=2024-02-03T22:54:02.000000
-757662.897817 -922591.899107 7072254.118970
-7277.825441 1863.616817 -535.883409
UTC=2024-02-03T22:56:02.000000
-1620895.644645 -684857.776542 6953303.445280
-7090.241635 2092.985234 -1444.082345
UTC=2024-02-03T22:58:02.000000
-2454805.639160 -421734.721074 6726563.949593
-6789.836771 2285.892597 -2330.051896
UTC=2024-02-03T23:00:02.000000
-3246150.630307 -137899.158947 6395527.938821
-6381.843617 2437.434246 -3180.115049
UTC=2024-02-03T23:02:02.000000
-3982420.769274 161426.886531 5965299.930211
-5873.221353 2543.438361 -3981.112559
UTC=2024-02-03T23:04:02.000000
-4652039.862753 470569.636835 5442522.276739
-5272.551577 2600.562615 -4720.606809
UTC=2024-02-03T23:06:02.000000
-5244552.308805 783508.206175 4835276.745209
-4589.905400 2606.377029 -5387.076880
UTC=2024-02-03T23:08:02.000000
-5750792.628236 1093988.434389 4152963.075469
-3836.684064 2559.433619 -5970.108354
UTC=2024-02-03T23:10:02.000000
-6163033.931940 1395643.878938 3406155.663111
-3025.430326 2459.315838 -6460.564743
UTC=2024-02-03T23:12:02.000000
-6475112.846447 1682121.647120 2606440.719421
-2169.623796 2306.669019 -6850.744116
UTC=2024-02-03T23:14:02.000000
-6682528.461966 1947210.429166 1766235.609691
-1283.453410 2103.207185 -7134.516599
UTC=2024-02-03T23:16:02.000000
-6782512.977439 2184968.221282 898593.057200
-381.572397 1851.700547 -7307.440339
UTC=2024-02-03T23:18:02.000000
-6774071.558256 2389846.922677 16993.110794
521.167744 1555.934729 -7366.845264
UTC=2024-02-03T23:20:02.000000
-6657990.167391 2556810.477860 -864872.464939
1409.982771 1220.645908 -7311.877655
UTC=2024-02-03T23:22:02.000000
-6436811.652980 2681444.150599 -1733319.107929
2270.418247 851.438015 -7143.510105
UTC=2024-02-03T23:24:02.000000
-6114780.886788 2760052.821464 -2574887.764584
3088.604271 454.682134 -6864.522860
UTC=2024-02-03T23:26:02.000000
-5697759.485097 2789745.869727 -3376558.723638
3851.503991 37.393370 -6479.444079
UTC=2024-02-03T23:28:02.000000
-5193112.511744 2768506.346292 -4125955.801863
4547.130616 -392.905202 -5994.452872
UTC=2024-02-03T23:30:02.000000
-4609570.803196 2695243.531539 -4811537.388628
5164.737503 -828.323740 -5417.257275
UTC=2024-02-03T23:32:02.000000
-3957072.169123 2569828.109010 -5422771.363260
5694.978919 -1260.753339 -4756.947746
UTC=2024-02-03T23:34:02.000000
-3246585.510437 2393109.645949 -5950291.290399
6130.033220 -1682.012519 -4023.834638
UTC=2024-02-03T23:36:02.000000
-2489922.004521 2166916.501384 -6386033.012475
6463.699267 -2083.994234 -3229.284093
UTC=2024-02-03T23:38:02.000000
-1699535.648283 1894037.993291 -6723350.563824
6691.473927 -2458.813888 -2385.533317
UTC=2024-02-03T23:40:02.000000
-888317.195829 1578189.258927 -6957108.980766
6810.583658 -2798.947834 -1505.498514
UTC=2024-02-03T23:42:02.000000
-69385.734455 1223959.985966 -7083754.920105
6819.996792 -3097.365382 -602.591988
UTC=2024-02-03T23:44:02.000000
744119.796326 836747.843831 -7101365.099416
6720.411553 -3347.650632 309.458968
UTC=2024-02-03T23:46:02.000000
1539247.401011 422677.431863 -7009673.438773
6514.240804 -3544.124335 1216.795599
UTC=2024-02-03T23:48:02.000000
2303434.995652 -11495.074784 -6810074.641871
6205.558325 -3681.956476 2105.628319
UTC=2024-02-03T23:50:02.000000
3024705.501749 -458489.706887 -6505604.913867
5800.028680 -3757.262900 2962.419343
UTC=2024-02-03T23:52:02.000000
3691852.792756 -910621.709855 -6100900.202522
5304.818289 -3767.194669 3774.075987
UTC=2024-02-03T23:54:02.000000
4294615.261775 -1359930.235985 -5602131.903175
4728.484838 -3710.011035 4528.129084
UTC=2024-02-03T23:56:02.000000
4823835.917204 -1798315.498709 -5016921.058259
4080.857857 -3585.146541 5212.919617
UTC=2024-02-03T23:58:02.000000
5271606.063204 -2217682.576727 -4354229.733104
3372.885515 -3393.252656 5817.785795
