UTC=2024-01-30T00:00:02.000000
-4193107.966861 3264302.701557 -4839949.813079
5035.492728 -1515.699468 -5389.993136
UTC=2024-01-30T00:02:02.000000
-3560016.668505 3052409.602099 -5447702.124620
5501.002755 -2012.629069 -4726.259121
UTC=2024-01-30T00:04:02.000000
-2876596.740671 2782226.538912 -5971357.418913
5873.330377 -2485.698027 -3990.195660
UTC=2024-01-30T00:06:02.000000
-2154347.757563 2457150.287739 -6402911.141310
6147.453813 -2926.076785 -3193.212298
UTC=2024-01-30T00:08:02.000000
-1405272.870013 2081611.725333 -6735781.485220
6320.006535 -3325.384698 -2347.579167
UTC=2024-01-30T00:10:02.000000
-641679.209521 1661013.477461 -6964901.246965
6389.289382 -3675.828949 -1466.239889
UTC=2024-01-30T00:12:02.000000
124022.168432 1201651.294633 -7086787.674237
6355.266153 -3970.338220 -562.626470
UTC=2024-01-30T00:14:02.000000
879514.282152 710620.213642 -7099590.111719
6219.536894 -4202.681875 349.520195
UTC=2024-01-30T00:16:02.000000
1612768.863225 195706.543000 -7003115.985742
5985.304547 -4367.588560 1256.340568
UTC=2024-01-30T00:18:02.000000
2312234.675656 -334733.641092 -6798833.029071
5657.303036 -4460.848558 2144.053002
UTC=2024-01-30T00:20:02.000000
2967016.389798 -871907.165360 -6489849.061604
5241.716307 -4479.400812 2999.135856
UTC=2024-01-30T00:22:02.000000
3567042.823903 -1406726.291562 -6080869.203291
4746.076487 -4421.407253 3808.519855
UTC=2024-01-30T00:24:02.000000
4103221.761620 -1929959.111894 -5578130.969333
4179.148768 -4286.313487 4559.764558
UTC=2024-01-30T00:26:02.000000
4567580.452375 -2432386.889651 -4989317.353126
3550.800472 -4074.898971 5241.251714
UTC=2024-01-30T00:28:02.000000
4953388.362190 -2904965.515036 -4323446.885469
2871.839966 -3789.295752 5842.369848
UTC=2024-01-30T00:30:02.000000
5255259.892665 -3338987.764721 -3590742.498118
2153.845138 -3432.984081 6353.684960
UTC=2024-01-30T00:32:02.000000
5469235.819502 -3726243.734620 -2802480.294036
1408.978468 -3010.765775 6767.104975
UTC=2024-01-30T00:34:02.000000
5592841.247155 -4059176.411695 -1970819.251027
649.780289 -2528.708623 7076.030011
UTC=2024-01-30T00:36:02.000000
5625118.006562 -4331028.893027 -1108614.571770
-111.047152 -1994.064586 7275.475364
UTC=2024-01-30T00:38:02.000000
5566630.761186 -4535980.269684 -229217.454907
-860.863373 -1415.161123 7362.173080
UTC=2024-01-30T00:40:02.000000
5419446.023718 -4669266.904055 653735.410946
-1587.316177 -801.267181 7334.642664
UTC=2024-01-30T00:42:02.000000
5187083.896830 -4727285.871955 1526538.972501
-2278.567862 -162.430192 7193.227748
UTC=2024-01-30T00:44:02.000000
4874443.458523 -4707677.689136 2375638.893419
-2923.507195 490.704777 6940.092738
UTC=2024-01-30T00:46:02.000000
4487703.813294 -4609386.545338 3187847.912678
-3511.941873 1147.087242 6579.181873
UTC=2024-01-30T00:48:02.000000
4034203.286825 -4432697.214044 3950555.554092
-4034.771183 1795.457937 6116.150026
UTC=2024-01-30T00:50:02.000000
3522299.032897 -4179247.921264 4651927.712349
-4484.138459 2424.553478 5558.262269
UTC=2024-01-30T00:52:02.000000
2961210.183694 -3852018.324526 5281092.172045
-4853.550849 3023.313478 4914.260476
UTC=2024-01-30T00:54:02.000000
2360848.752062 -3455293.476372 5828306.812045
-5137.965823 3581.073436 4194.211918
UTC=2024-01-30T00:56:02.000000
1731641.417960 -2994604.832240 6285108.795602
-5333.856450 4087.755376 3409.339536
UTC=2024-01-30T00:58:02.000000
1084345.532305 -2476649.314116 6644441.871671
-5439.240540 4534.039754 2571.832358
UTC=2024-01-30T01:00:02.000000
429863.340433 -1909188.717054 6900760.985985
-5453.683986 4911.523819 1694.654941
UTC=2024-01-30T01:02:02.000000
-220942.581981 -1300930.884235 7050113.436242
-5378.275673 5212.865663 791.349645
UTC=2024-01-30T01:04:02.000000
-857429.531316 -661394.377416 7090196.428254
-5215.582205 5431.915462 -124.161427
UTC=2024-01-30T01:06:02.000000
-1469348.369328 -758.595834 7020390.476780
-4969.584465 5563.826361 -1037.778843
UTC=2024-01-30T01:08:02.000000
-2047008.466640 670298.476268 6841768.467795
-4645.594260 5605.149619 -1935.429860
UTC=2024-01-30T01:10:02.000000
-2581431.458602 1340772.735356 6557080.245333
-4250.152619 5553.909456 -2803.271864
UTC=2024-01-30T01:12:02.000000
-3064491.782230 1999514.204032 6170712.883330
-3790.910724 5409.657977 -3627.893120
UTC=2024-01-30T01:14:02.000000
-3489042.106981 2635412.748147 5688627.190700
-3276.498339 5173.511654 -4396.509679
UTC=2024-01-30T01:16:02.000000
-3849022.109076 3237586.838406 5118270.309059
-2716.376256 4848.163305 -5097.166431
UTC=2024-01-30T01:18:02.000000
-4139548.496322 3795571.905573 4468464.680266
-2120.672689 4437.864773 -5718.927359
UTC=2024-01-30T01:20:02.000000
-4356984.673114 4299505.214300 3749274.876996
-1500.007220 3948.385377 -6252.055496
UTC=2024-01-30T01:22:02.000000
-4498988.539086 4740303.973005 2971853.454549
-865.302769 3386.940215 -6688.181928
UTC=2024-01-30T01:24:02.000000
-4564536.956348 5109832.843767 2148267.500870
-227.585556 2762.084713 -7020.455913
UTC=2024-01-30T01:26:02.000000
-4553926.203785 5401056.831527 1291308.890934
402.213078 2083.577219 -7243.666192
UTC=2024-01-30T01:28:02.000000
-4468748.899120 5608176.166228 414291.771799
1013.450723 1362.218411 -7354.332574
UTC=2024-01-30T01:30:02.000000
-4311847.824585 5726740.880109 -469159.497944
1595.966041 609.672298 -7350.774654
UTC=2024-01-30T01:32:02.000000
-4087246.664119 5753742.105722 -1345329.025377
2140.269069 -161.745205 -7233.149528
UTC=2024-01-30T01:34:02.000000
-3800058.962254 5687676.386852 -2200629.527205
2637.712331 -939.296954 -7003.437088
UTC=2024-01-30T01:36:02.000000
-3456377.858551 5528582.961970 -3021818.340858
3080.638947 -1710.047019 -6665.391579
UTC=2024-01-30T01:38:02.000000
-3063149.709791 5278053.390717 -3796206.077136
3462.503409 -2461.098676 -6224.463147
UTC=2024-01-30T01:40:02.000000
-2628034.833727 4939213.132360 -4511853.587779
3777.965622 -3179.820123 -5687.685192
UTC=2024-01-30T01:42:02.000000
-2159258.480771 4516676.805062 -5157753.967559
4022.958376 -3854.057724 -5063.536581
UTC=2024-01-30T01:44:02.000000
-1665455.728923 4016479.062437 -5723997.048878
4194.722711 -4472.329505 -4361.792994
UTC=2024-01-30T01:46:02.000000
-1155513.256081 3445982.560675 -6201915.786905
4291.825402 -5024.014975 -3593.368838
UTC=2024-01-30T01:48:02.000000
-638410.370318 2813763.900981 -6584212.183161
4314.152457 -5499.529048 -2770.135370
UTC=2024-01-30T01:50:02.000000
-123062.501141 2129480.384466 -6865060.599957
4262.874554 -5890.466816 -1904.729537
UTC=2024-01-30T01:52:02.000000
381829.773943 1403720.783155 -7040188.689979
4140.391757 -6189.728906 -1010.372401
UTC=2024-01-30T01:54:02.000000
867924.479580 647841.808423 -7106936.390307
3950.268994 -6391.632375 -100.682627
UTC=2024-01-30T01:56:02.000000
1327373.356325 -126207.650913 -7064292.237446
3697.154511 -6492.005331 810.513869
UTC=2024-01-30T01:58:02.000000
1752945.985276 -906072.559745 -6912906.599749
3386.679630 -6488.260005 1709.377431
UTC=2024-01-30T02:00:02.000000
2138141.300295 -1679184.955618 -6655082.246602
3025.350845 -6379.442902 2582.238157
UTC=2024-01-30T02:02:02.000000
2477285.832540 -2432962.323504 -6294742.855774
2620.434172 -6166.268864 3415.781065
UTC=2024-01-30T02:04:02.000000
2765617.322370 -3155009.160470 -5837379.748650
2179.829741 -5851.143467 4197.224457
UTC=2024-01-30T02:06:02.000000
2999353.058918 -3833320.462736 -5289976.154439
1711.938954 -5438.165624 4914.519602
UTC=2024-01-30T02:08:02.000000
3175740.945557 -4456482.525338 -4660907.348049
1225.511434 -4933.080930 5556.543406
UTC=2024-01-30T02:10:02.000000
3293092.116141 -5013866.686421 -3959819.577495
729.493231 -4343.216487 6113.262917
UTC=2024-01-30T02:12:02.000000
3350795.483260 -5495814.633837 -3197489.417575
232.874983 -3677.402102 6575.900694
UTC=2024-01-30T02:14:02.000000
3349313.375273 -5893812.070913 -2385663.010852
-255.471022 -2945.850659 6937.100327
UTC=2024-01-30T02:16:02.000000
3290157.666400 -6200645.487702 -1536877.061757
-726.950987 -2160.001773 7191.062723
UTC=2024-01-30T02:18:02.000000
3175846.815633 -6410539.030813 -664264.808987
-1173.408929 -1332.344131 7333.662696
UTC=2024-01-30T02:20:02.000000
3009843.866210 -6519267.827371 218650.526445
-1587.282773 -476.200356 7362.536161
UTC=2024-01-30T02:22:02.000000
2796476.677645 -6524244.283858 1098169.980019
-1961.742007 394.501960 7277.123630
UTC=2024-01-30T02:24:02.000000
2540842.704998 -6424576.506662 1960637.199665
-2290.810554 1265.472427 7078.696530
UTC=2024-01-30T02:26:02.000000
2248699.615339 -6221095.856666 2792657.453738
-2569.477180 2122.324323 6770.335350
UTC=2024-01-30T02:28:02.000000
1926344.352814 -5916353.061813 3581311.150666
-2793.776480 2950.829817 6356.866174
UTC=2024-01-30T02:30:02.000000
1580483.881329 -5514584.314095 4314358.345572
-2960.848208 3737.166648 5844.773623
UTC=2024-01-30T02:32:02.000000
1218100.355039 -5021648.020175 4980431.100006
-3068.968930 4468.158498 5242.085156
UTC=2024-01-30T02:34:02.000000
846313.893864 -4444933.786965 5569210.717680
-3117.563730 5131.498941 4558.236426
UTC=2024-01-30T02:36:02.000000
472245.054356 -3793244.811701 6071587.131377
-3107.195240 5715.968311 3803.905044
UTC=2024-01-30T02:38:02.000000
102880.550087 -3076656.196846 6479796.768822
-3039.523612 6211.614852 2990.823549
UTC=2024-01-30T02:40:02.000000
-255055.236255 -2306353.587370 6787537.838352
-2917.249687 6609.904459 2131.590990
UTC=2024-01-30T02:42:02.000000
-595220.784605 -1494455.109597 6990062.981874
-2744.040291 6903.849961 1239.484063
UTC=2024-01-30T02:44:02.000000
-911768.294739 -653818.721419 7084249.119022
-2524.441567 7088.125818 328.264077
UTC=2024-01-30T02:46:02.000000
-1199443.338704 202162.933945 7068643.344824
-2263.779425 7159.158270 -588.028834
UTC=2024-01-30T02:48:02.000000
-1453671.815885 1059776.585627 6943483.964994
-1968.046828 7115.185368 -1495.281956
UTC=2024-01-30T02:50:02.000000
-1670632.738446 1905208.152216 6710696.998901
-1643.782093 6956.292799 -2379.513083
UTC=2024-01-30T02:52:02.000000
-1847316.106373 2724765.435949 6373868.406019
-1297.941477 6684.426437 -3227.072464
UTC=2024-01-30T02:54:02.000000
-1981565.081422 3505100.872492 5938192.040833
-937.765228 6303.379588 -4024.845189
UTC=2024-01-30T02:56:02.000000
-2072101.763813 4233430.972456 5410393.697709
-570.639268 5818.751895 -4760.445323
UTC=2024-01-30T02:58:02.000000
-2118536.454192 4897749.604541 4798632.026161
-203.957369 5237.885943 -5422.410968
UTC=2024-01-30T03:00:02.000000
-2121359.989826 5487031.445810 4112376.107377
155.022357 4569.766649 -6000.393511
UTC=2024-01-30T03:02:02.000000
-2081919.073997 5991421.462968 3362261.242416
499.316119 3824.888761 -6485.332753
UTC=2024-01-30T03:04:02.000000
-2002375.324409 6402406.447084 2559924.689532
822.347825 3015.092074 -6869.613652
UTC=2024-01-30T03:06:02.000000
-1885648.494943 6712965.420388 1717823.907134
1118.079154 2153.373079 -7147.202408
UTC=2024-01-30T03:08:02.000000
-1735344.564129 6917695.454516 849039.875919
1381.130041 1253.664041 -7313.756066
UTC=2024-01-30T03:10:02.000000
-1555670.428840 7012909.722719 -32930.734833
1606.880583 330.593245 -7366.699990
UTC=2024-01-30T03:12:02.000000
-1351337.421535 6996706.019661 -914391.088760
1791.557080 -600.767417 -7305.279811
UTC=2024-01-30T03:14:02.000000
-1127455.143926 6869003.466850 -1781664.426725
1932.305334 -1525.184199 -7130.582977
UTC=2024-01-30T03:16:02.000000
-889418.271761 6631544.462275 -2621313.151045
2027.233121 -2427.547524 -6845.497416
UTC=2024-01-30T03:18:02.000000
-642789.744718 6287864.167152 -3420350.707942
2075.430007 -3293.128972 -6454.639081
UTC=2024-01-30T03:20:02.000000
-393182.690205 5843230.079322 -4166443.782363
2076.968541 -4107.824983 -5964.262862
UTC=2024-01-30T03:22:02.000000
-146143.422064 5304552.693598 -4848102.342355
2032.884779 -4858.393742 -5382.146246
UTC=2024-01-30T03:24:02.000000
92962.064388 4680269.085234 -5454853.895037
1945.140213 -5532.667085 -4717.445741
UTC=2024-01-30T03:26:02.000000
319055.966009 3980202.500317 -5977399.691936
1816.565521 -6119.740483 -3980.539374
UTC=2024-01-30T03:28:02.000000
527448.630230 3215400.452952 -6407750.893019
1650.785298 -6610.138862 -3182.850321
UTC=2024-01-30T03:30:02.000000
713928.611291 2397954.954634 -6739342.862200
1452.129722 -6995.948099 -2336.660956
UTC=2024-01-30T03:32:02.000000
874841.671014 1540808.869072 -6967127.119669
1225.538470 -7270.916748 -1454.927896
UTC=2024-01-30T03:34:02.000000
1007157.579572 657551.133033 -7087641.257712
976.453643 -7430.540602 -551.097446
UTC=2024-01-30T03:36:02.000000
1108523.784022 -237796.740630 -7099056.337592
710.708717 -7472.122636 361.083803
UTC=2024-01-30T03:38:02.000000
1177305.300428 -1131000.005762 -7001201.328675
434.409545 -7394.808986 1267.763103
UTC=2024-01-30T03:40:02.000000
1212610.237154 -2007832.440743 -6795564.513494
153.815542 -7199.595228 2155.167878
UTC=2024-01-30T03:42:02.000000
1214301.170037 -2854297.936682 -6485273.226870
-124.778012 -6889.319360 3009.782520
UTC=2024-01-30T03:44:02.000000
1182992.111070 -3656850.823734 -6075052.101973
-395.163833 -6468.646119 3818.533887
UTC=2024-01-30T03:46:02.000000
1120030.445400 -4402612.405276 -5571157.930939
-651.345709 -5944.014038 4568.991803
UTC=2024-01-30T03:48:02.000000
1027464.699280 -5079578.731542 -4981291.329513
-887.653538 -5323.548465 5249.551513
UTC=2024-01-30T03:50:02.000000
907998.387496 -5676817.271025 -4314487.170166
-1098.860125 -4616.962288 5849.610649
UTC=2024-01-30T03:52:02.000000
764930.180952 -6184649.799137 -3580983.367699
-1280.290761 -3835.421996 6359.749697
UTC=2024-01-30T03:54:02.000000
602081.577856 -6594817.052367 -2792069.049948
-1427.921755 -2991.380983 6771.893230
UTC=2024-01-30T03:56:02.000000
423713.478446 -6900622.100210 -1959914.350644
-1538.467042 -2098.390891 7079.456961
UTC=2024-01-30T03:58:02.000000
234432.998342 -7097049.192100 -1097383.357505
-1609.453682 -1170.879949 7277.478590
UTC=2024-01-30T04:00:02.000000
39092.264233 -7180854.252257 -217833.253909
-1639.279005 -223.905384 7362.715612
UTC=2024-01-30T04:02:02.000000
-157318.504570 -7150624.844782 665096.252792
-1627.248850 727.106709 7333.709952
UTC=2024-01-30T04:04:02.000000
-349781.300172 -7006808.465974 1537699.489183
-1573.595637 1666.629115 7190.824049
UTC=2024-01-30T04:06:02.000000
-533361.608635 -6751708.048754 2386423.898933
-1479.476290 2579.311900 6936.244679
UTC=2024-01-30T04:08:02.000000
-703318.069699 -6389443.920910 3198087.222768
-1346.946827 3450.261435 6573.947637
UTC=2024-01-30T04:10:02.000000
-855207.688395 -5925882.619178 3960087.889511
-1178.914947 4265.309942 6109.617931
UTC=2024-01-30T04:12:02.000000
-984984.614953 -5368535.452489 4660603.682120
-979.080673 5011.250006 5550.541203
UTC=2024-01-30T04:14:02.000000
-1089090.545522 -4726429.902255 5288776.495052
-751.854351 5676.053636 4905.476722
UTC=2024-01-30T04:16:02.000000
-1164534.358071 -4009956.323832 5834880.489369
-502.262548 6249.065471 4184.510595
UTC=2024-01-30T04:18:02.000000
-1208959.910630 -3230692.385386 6290471.260949
-235.842575 6721.178369 3398.881840
UTC=2024-01-30T04:20:02.000000
-1220700.256683 -2401209.051238 6648512.440972
41.476346 7084.961715 2560.786581
UTC=2024-01-30T04:22:02.000000
-1198817.497951 -1534863.681124 6903479.348778
323.492507 7334.754226 1683.193513
UTC=2024-01-30T04:24:02.000000
-1143128.270944 -645582.568347 7051440.494572
603.852461 7466.746854 779.653100
UTC=2024-01-30T04:26:02.000000
-1054214.456433 252364.679210 7090115.002690
876.177309 7479.031426 -135.908531
UTC=2024-01-30T04:28:02.000000
-933418.356206 1144594.616863 7018905.749480
1134.194114 7371.620988 -1049.388619
UTC=2024-01-30T04:30:02.000000
-782822.200980 2016840.646265 6838908.248823
1371.864656 7146.446751 -1946.713650
UTC=2024-01-30T04:32:02.000000
-605212.538571 2855181.537067 6552894.830716
1583.508622 6807.325950 -2814.044079
UTC=2024-01-30T04:34:02.000000
-404030.206689 3646264.552576 6165274.507694
1763.920358 6359.905376 -3637.974904
UTC=2024-01-30T04:36:02.000000
-183306.662580 4377520.427692 5682028.646091
1908.479943 5811.579335 -4405.738461
UTC=2024-01-30T04:38:02.000000
52412.618455 5037366.659052 5110622.908579
2013.256721 5171.380551 -5105.395339
UTC=2024-01-30T04:40:02.000000
298156.547303 5615396.718314 4459896.199953
2075.102034 4449.849524 -5726.031783
UTC=2024-01-30T04:42:02.000000
548626.909472 6102550.285890 3739926.318586
2091.723159 3658.851086 -6257.936281
UTC=2024-01-30T04:44:02.000000
798304.945986 6491262.217273 2961877.459011
2061.748231 2811.415233 -6692.744121
UTC=2024-01-30T04:46:02.000000
1041565.366344 6775590.400562 2137826.754618
1984.778151 1921.513807 -7023.630245
UTC=2024-01-30T04:48:02.000000
1272794.079530 6951312.450774 1280572.653110
1861.400664 1003.799350 -7245.413275
UTC=2024-01-30T04:50:02.000000
1486507.081354 7015992.757167 403431.774543
1693.194573 73.353155 -7354.651151
UTC=2024-01-30T04:52:02.000000
1677468.308767 6969017.713344 -479973.578013
1482.707591 -854.584140 -7349.698592
UTC=2024-01-30T04:54:02.000000
1840803.337454 6811598.622527 -1355932.884561
1233.410236 -1764.882437 -7230.731411
UTC=2024-01-30T04:56:02.000000
1972106.537228 6546742.585677 -2210865.687213
949.633206 -2642.785380 -6999.737624
UTC=2024-01-30T04:58:02.000000
2067539.576331 6179192.133638 -3031536.987831
636.485611 -3474.167465 -6660.477350
UTC=2024-01-30T05:00:02.000000
2123919.052249 5715334.717613 -3805265.800539
299.756149 -4245.778226 -6218.408823
UTC=2024-01-30T05:02:02.000000
2138791.382121 5163083.985898 -4520122.721825
-54.200403 -4945.466375 -5680.579069
UTC=2024-01-30T05:04:02.000000
2110493.262107 4531736.092438 -5165112.517578
-418.588942 -5562.370185 -5055.485994
UTC=2024-01-30T05:06:02.000000
2038196.763163 3831805.256215 -5730339.095090
-786.303391 -6087.073659 -4352.924198
UTC=2024-01-30T05:08:02.000000
1921938.672967 3074842.286529 -6207151.422505
-1150.061018 -6511.736268 -3583.821465
UTC=2024-01-30T05:10:02.000000
1762633.365547 2273239.064052 -6588268.731529
-1502.540646 -6830.194064 -2760.056216
UTC=2024-01-30T05:12:02.000000
1562069.470607 1440023.250209 -6867883.356453
-1836.513931 -7038.022873 -1894.271582
UTC=2024-01-30T05:14:02.000000
1322890.934990 588646.811645 -7041741.659132
-2144.976335 -7132.580668 -999.693776
UTC=2024-01-30T05:16:02.000000
1048562.164806 -267229.226648 -7107202.667139
-2421.279538 -7113.026324 -89.942693
UTC=2024-01-30T05:18:02.000000
743317.703694 -1113950.839996 -7063273.759881
-2659.256154 -6980.313916 821.161641
UTC=2024-01-30T05:20:02.000000
412097.612396 -1938084.491988 -6910623.239510
-2853.333128 -6737.156488 1719.787108
UTC=2024-01-30T05:22:02.000000
60469.589924 -2726625.383049 -6651571.282929
-2998.641467 -6387.979176 2592.263690
UTC=2024-01-30T05:24:02.000000
-305462.111486 -3467199.893830 -6290059.243471
-3091.124157 -5938.863681 3425.276350
UTC=2024-01-30T05:26:02.000000
-679159.606212 -4148258.866398 -5831595.126674
-3127.624618 -5397.451600 4206.058984
UTC=2024-01-30T05:28:02.000000
-1053764.293335 -4759258.391383 -5283177.027353
-3105.967067 -4772.836491 4922.573598
UTC=2024-01-30T05:30:02.000000
-1422218.896616 -5290826.614428 -4653194.570344
-3025.026231 -4075.435023 5563.697065
UTC=2024-01-30T05:32:02.000000
-1777396.791370 -5734913.321268 -3951308.124527
-2884.778283 -3316.829445 6119.402897
UTC=2024-01-30T05:34:02.000000
-2112236.159769 -6084919.112080 -3188306.902499
-2686.330342 -2509.585755 6580.930330
UTC=2024-01-30T05:36:02.000000
-2419876.445605 -6335801.605016 -2375947.719920
-2431.929366 -1667.053494 6940.937863
UTC=2024-01-30T05:38:02.000000
-2693794.541518 -6484156.558239 -1526776.182866
-2124.948121 -803.147354 7193.642096
UTC=2024-01-30T05:40:02.000000
-2927937.805780 -6528271.572989 -653932.419642
-1769.846323 67.891357 7334.935056
UTC=2024-01-30T05:42:02.000000
-3116850.828501 -6468150.113511 229055.494682
-1372.104906 931.749154 7362.469997
UTC=2024-01-30T05:44:02.000000
-3255792.788256 -6305504.813420 1108486.169123
-938.136071 1774.295563 7275.710685
UTC=2024-01-30T05:46:02.000000
-3340842.776868 -6043720.328658 1970703.545655
-475.172551 2581.836078 7075.948820
UTC=2024-01-30T05:48:02.000000
-3368990.563508 -5687786.090519 2802315.371001
8.863751 3341.358510 6766.282439
UTC=2024-01-30T05:50:02.000000
-3338210.632405 -5244200.657199 3590406.807375
505.508278 4040.758829 6351.558371
UTC=2024-01-30T05:52:02.000000
-3247517.961808 -4720850.224544 4322745.323278
1005.910755 4669.046059 5838.284407
UTC=2024-01-30T05:54:02.000000
-3097004.585721 -4126863.908229 4987973.254333
1500.997968 5216.523919 5234.511882
UTC=2024-01-30T05:56:02.000000
-2887856.357668 -3472448.936560 5575784.659881
1981.641456 5674.942717 4549.692614
UTC=2024-01-30T05:58:02.000000
-2622349.257644 -2768709.639913 6077083.685119
2438.828710 6037.616797 3794.513767
UTC=2024-01-30T06:00:02.000000
-2303825.676317 -2027454.537725 6484122.297910
2863.825311 6299.506962 2980.722636
UTC=2024-01-30T06:02:02.000000
-1936651.496968 -1260994.889583 6790616.754049
3248.333892 6457.282469 2120.944748
UTC=2024-01-30T06:04:02.000000
-1526154.319097 -481937.083490 6991840.798341
3584.647107 6509.357072 1228.476175
UTC=2024-01-30T06:06:02.000000
-1078544.557237 297026.326491 7084693.504777
3865.779647 6455.876721 317.078788
UTC=2024-01-30T06:08:02.000000
-600821.084970 1063323.149439 7067744.087926
4085.597766 6298.697437 -599.206679
UTC=2024-01-30T06:10:02.000000
-100661.470461 1804704.590454 6941253.107515
4238.942635 6041.343465 -1506.266440
UTC=2024-01-30T06:12:02.000000
413701.572284 2509441.483061 6707168.784168
4321.737194 5688.936944 -2390.121385
UTC=2024-01-30T06:14:02.000000
933615.523194 3166510.455956 6369098.558591
4331.075008 5248.101862 -3237.129548
UTC=2024-01-30T06:16:02.000000
1450153.059894 3765767.798879 5932256.812610
4265.293402 4726.855526 -4034.184166
UTC=2024-01-30T06:18:02.000000
1954264.888412 4298109.040770 5403388.656020
4124.030389 4134.477788 -4768.912250
UTC=2024-01-30T06:20:02.000000
2436938.434850 4755611.618154 4790670.166215
3908.264481 3481.359695 -5429.870340
UTC=2024-01-30T06:22:02.000000
2889359.587355 5131657.648171 4103585.336224
3620.323754 2778.823342 -6006.731948
UTC=2024-01-30T06:24:02.000000
3303073.983705 5421034.467192 3352782.217617
3263.873240 2038.936982 -6490.448811
UTC=2024-01-30T06:26:02.000000
3670146.115291 5620012.945895 2549909.534384
2843.887585 1274.320994 -6873.421359
UTC=2024-01-30T06:28:02.000000
3983312.338709 5726399.333069 1707433.277170
2366.573119 497.903711 -7149.645251
UTC=2024-01-30T06:30:02.000000
4236122.693120 5739558.584215 838439.675371
1839.268459 -277.299870 -7314.803777
UTC=2024-01-30T06:32:02.000000
4423070.180306 5660411.099046 -43573.068215
1270.328057 -1038.423113 -7366.358645
UTC=2024-01-30T06:34:02.000000
4539703.953942 5491400.209196 -924910.855088
668.974540 -1772.987210 -7303.585685
UTC=2024-01-30T06:36:02.000000
4582724.041242 5236432.620192 -1791902.005233
45.137869 -2469.117139 -7127.581975
UTC=2024-01-30T06:38:02.000000
4550055.537175 4900793.373069 -2631114.742342
-590.725167 -3115.748462 -6841.241640
UTC=2024-01-30T06:40:02.000000
4440900.468487 4491037.152557 -3429569.641320
-1227.822004 -3702.814632 -6449.197184
UTC=2024-01-30T06:42:02.000000
4255766.172444 4014858.320764 -4174942.865958
-1855.222624 -4221.412444 -5957.723316
UTC=2024-01-30T06:44:02.000000
3996470.303333 3480943.108196 -4855755.981141
-2462.049800 -4663.933503 -5374.614050
UTC=2024-01-30T06:46:02.000000
3666123.087509 2898807.639776 -5461550.143516
-3037.669637 -5024.169798 -4709.043030
UTC=2024-01-30T06:48:02.000000
3269086.926407 2278625.080594 -5983042.071221
-3571.875992 -5297.388716 -3971.400803
UTC=2024-01-30T06:50:02.000000
2810914.705945 1631045.546705 -6412259.619471
-4055.061301 -5480.378918 -3173.119082
UTC=2024-01-30T06:52:02.000000
2298268.261963 967012.294034 -6742655.664144
-4478.375334 -5571.466118 -2326.484934
UTC=2024-01-30T06:54:02.000000
1738819.037873 297577.750094 -6969199.523454
-4833.863186 -5570.501347 -1444.455389
UTC=2024-01-30T06:56:02.000000
1141132.829537 -366277.965906 -7088446.749641
-5114.596333 -5478.833491 -540.480339
UTC=2024-01-30T06:58:02.000000
514538.871487 -1013824.387268 -7098586.660600
-5314.797147 -5299.263946 371.694853
UTC=2024-01-30T07:00:02.000000
-131014.109988 -1634750.673216 -6999466.055319
-5429.932963 -5035.971437 1278.220554
UTC=2024-01-30T07:02:02.000000
-785112.542080 -2219325.969216 -6792591.156941
-5456.803429 -4694.430053 2165.319372
UTC=2024-01-30T07:04:02.000000
-1437042.691992 -2758549.623293 -6481107.601698
-5393.616487 -4281.318153 3019.478520
UTC=2024-01-30T07:06:02.000000
-2075962.839404 -3244288.809912 -6069757.043714
-5240.037942 -3804.400339 3827.640430
UTC=2024-01-30T07:08:02.000000
-2691080.529265 -3669401.408908 -5564811.844858
-4997.228464 -3272.402739 4577.380955
UTC=2024-01-30T07:10:02.000000
-3271833.562440 -4027843.492769 -4973987.923900
-4667.866623 -2694.877907 5257.097509
UTC=2024-01-30T07:12:02.000000
-3808071.914798 -4314759.135330 -4306334.627354
-4256.138760 -2082.045291 5856.198816
UTC=2024-01-30T07:14:02.000000
-4290236.588827 -4526550.268110 -3572102.958803
-3767.701137 -1444.620869 6365.276241
UTC=2024-01-30T07:16:02.000000
-4709532.643457 -4660925.617249 -2782593.755859
-3209.618821 -793.637352 6776.267855
UTC=2024-01-30T07:18:02.000000
-5058092.911730 -4716927.243911 -1949986.942662
-2590.271503 -140.251667 7082.606777
UTC=2024-01-30T07:20:02.000000
-5329128.655723 -4694933.670285 -1087154.409421
-1919.230233 504.451775 7279.345978
UTC=2024-01-30T07:22:02.000000
-5517063.711058 -4596639.298745 -207459.441599
-1207.106501 1129.658711 7363.256573
UTC=2024-01-30T07:24:02.000000
-5617649.082135 -4425010.308769 675454.017360
-465.376601 1725.019298 7332.899446
UTC=2024-01-30T07:26:02.000000
-5628054.803907 -4184217.432427 1547878.847764
293.820815 2280.838619 7188.663696
UTC=2024-01-30T07:28:02.000000
-5546936.362131 -3879546.506842 2396264.273570
1057.904087 2788.254253 6932.761629
UTC=2024-01-30T07:30:02.000000
-5374474.347710 -3517289.095610 3207432.445652
1814.074584 3239.390010 6569.186762
UTC=2024-01-30T07:32:02.000000
-5112386.772909 -3104616.143454 3968788.183159
2549.545479 3627.485788 6103.642828
UTC=2024-01-30T07:34:02.000000
-4763913.741850 -2649437.196158 4668518.478485
3251.774271 3947.007852 5543.441589
UTC=2024-01-30T07:36:02.000000
-4333774.572744 -2160248.220536 5295777.287338
3908.684714 4193.725809 4897.362269
UTC=2024-01-30T07:38:02.000000
-3828099.642216 -1645972.321440 5840852.552892
4508.868030 4364.756502 4175.499833
UTC=2024-01-30T07:40:02.000000
-3254338.632463 -1115796.427611 6295314.648303
5041.776636 4458.588875 3389.104780
UTC=2024-01-30T07:42:02.000000
-2621145.896553 -579006.138664 6652144.213817
5497.909446 4475.087520 2550.398051
UTC=2024-01-30T07:44:02.000000
-1938244.938039 -44822.069049 6905836.456581
5868.972510 4415.462752 1672.367111
UTC=2024-01-30T07:46:02.000000
-1216275.504039 477758.255916 7052481.077920
6148.008729 4282.212132 768.567625
UTC=2024-01-30T07:48:02.000000
-466626.244402 980111.115243 7089818.917891
6329.511636 4079.056297 -147.070373
UTC=2024-01-30T07:50:02.000000
298745.493074 1454128.614176 7017274.769504
6409.524022 3810.856331 -1060.444833
UTC=2024-01-30T07:52:02.000000
1067504.480925 1892349.710478 6835965.785696
6385.716464 3483.513857 -1957.486594
UTC=2024-01-30T07:54:02.000000
1827136.421433 2288078.118006 6548685.089269
6257.440385 3103.852206 -2824.365280
UTC=2024-01-30T07:56:02.000000
2565151.624336 2635485.288358 6159861.309929
6025.758194 2679.488713 -3647.685208
UTC=2024-01-30T07:58:02.000000
3269291.332512 2929697.702307 5675494.603041
5693.456605 2218.699473 -4414.683990
UTC=2024-01-30T08:00:02.000000
3927733.884151 3166867.097878 5103068.356569
5265.026759 1730.270262 -5113.436820
UTC=2024-01-30T08:02:02.000000
4529296.086526 3344222.186130 4451437.267457
4746.608182 1223.337773 -5733.041533
UTC=2024-01-30T08:04:02.000000
5063627.365061 3460101.117378 3730694.518170
4145.927144 707.229682 -6263.789795
UTC=2024-01-30T08:06:02.000000
5521394.523587 3513964.281913 2952016.997708
3472.188322 191.290584 -6697.356265
UTC=2024-01-30T08:08:02.000000
5894449.828792 3506385.472732 2127490.776960
2735.920017 -315.293961 -7026.933469
UTC=2024-01-30T08:10:02.000000
6175980.458841 3439023.088659 1269921.489179
1948.812221 -803.660972 -7247.355686
UTC=2024-01-30T08:12:02.000000
6360636.314229 3314571.329078 392630.993321
1123.517806 -1265.437414 -7355.198481
UTC=2024-01-30T08:14:02.000000
6444632.218882 3136691.824140 -490755.623015
273.427296 -1692.897480 -7348.839154
UTC=2024-01-30T08:16:02.000000
6425822.251328 2909927.247557 -1366527.962682
-587.570209 -2079.104772 -7228.478962
UTC=2024-01-30T08:18:02.000000
6303744.744355 2639599.495307 -2221108.593712
-1445.333123 -2418.025184 -6996.128619
UTC=2024-01-30T08:20:02.000000
6079637.870697 2331695.395750 -3041268.311564
-2285.715040 -2704.626958 -6655.571683
UTC=2024-01-30T08:22:02.000000
5756425.035989 1992741.229015 -3814334.504975
-3094.815662 -2934.961621 -6212.285531
UTC=2024-01-30T08:24:02.000000
5338670.806886 1629669.317953 -4528388.413032
-3859.223191 -3106.217332 -5673.336969
UTC=2024-01-30T08:26:02.000000
4832508.047803 1249679.772760 -5172447.752428
-4566.246836 -3216.744062 -5047.240886
UTC=2024-01-30T08:28:02.000000
4245539.258484 860101.080831 -5736631.105261
-5204.114975 -3266.050278 -4343.804377
UTC=2024-01-30T08:30:02.000000
3586715.120649 468252.164601 -6212303.380491
-5762.158967 -3254.781502 -3573.964057
UTC=2024-01-30T08:32:02.000000
2866191.909315 81308.302505 -6592200.807699
-6230.979675 -3184.677660 -2749.607356
UTC=2024-01-30T08:34:02.000000
2095170.761616 -293826.766536 -6870533.724758
-6602.581745 -3058.513040 -1883.384440
UTC=2024-01-30T08:36:02.000000
1285722.373080 -650640.589988 -7043067.165310
-6870.485998 -2880.021561 -988.526967
UTC=2024-01-30T08:38:02.000000
450598.663367 -983122.061800 -7107179.524694
-7029.832971 -2653.808600 -78.659200
UTC=2024-01-30T08:40:02.000000
-396966.087985 -1285859.846624 -7061897.820864
-7077.451637 -2385.247440 832.396621
UTC=2024-01-30T08:42:02.000000
-1243461.006916 -1554128.190786 -6907910.654599
-7011.911542 -2080.373015 1730.800295
UTC=2024-01-30T08:44:02.000000
-2075310.023747 -1783959.552693 -6647558.981464
-6833.560103 -1745.767031 2602.885504
UTC=2024-01-30T08:46:02.000000
-2879085.844825 -1972202.718672 -6284803.651389
-6544.528072 -1388.431894 3435.350609
UTC=2024-01-30T08:48:02.000000
-3641723.346233 -2116565.762763 -5825171.057265
-6148.719213 -1015.666146 4215.434399
UTC=2024-01-30T08:50:02.000000
-4350731.312206 -2215643.944304 -5275677.160548
-5651.788032 -634.935007 4931.104798
UTC=2024-01-30T08:52:02.000000
-4994399.127582 -2268931.448176 -4644728.375208
-5061.076522 -253.732272 5571.249916
UTC=2024-01-30T08:54:02.000000
-5561994.065455 -2276816.566527 -3942000.523268
-4385.524234 120.556808 6125.853748
UTC=2024-01-30T08:56:02.000000
-6043946.364891 -2240560.438101 -3178296.941470
-3635.551811 480.793157 6586.168497
UTC=2024-01-30T08:58:02.000000
-6432018.099999 -2162259.254482 -2365386.609582
-2822.907751 820.220525 6944.872093
UTC=2024-01-30T09:00:02.000000
-6719451.946407 -2044790.479325 -1515824.768988
-1960.488024 1132.594924 7196.203386
UTC=2024-01-30T09:02:02.000000
-6901096.607102 -1891744.015695 -642758.463575
-1062.126440 1412.305602 7336.076697
UTC=2024-01-30T09:04:02.000000
-6973505.557408 -1707339.517132 240279.847436
-142.361551 1654.484758 7362.165725
UTC=2024-01-30T09:06:02.000000
-6935006.555506 -1496331.363844 1119586.934747
783.817844 1855.102125 7273.956371
UTC=2024-01-30T09:08:02.000000
-6785739.645532 -1263903.534610 1981507.583760
1701.240960 2011.038527 7072.762491
UTC=2024-01-30T09:10:02.000000
-6527662.703802 -1015556.882676 2812653.026359
2594.826439 2120.139147 6761.704361
UTC=2024-01-30T09:12:02.000000
-6164524.635820 -756991.176523 3600114.723855
3449.849344 2181.247585 6345.654231
UTC=2024-01-30T09:14:02.000000
-5701806.617586 -493984.374342 4331669.797729
4252.207372 2194.216312 5831.149127
UTC=2024-01-30T09:16:02.000000
-5146632.297333 -232272.331881 4995973.391462
4988.665661 2159.890341 5226.262387
UTC=2024-01-30T09:18:02.000000
-4507650.763627 22568.505593 5582734.502817
5647.068919 2080.074610 4540.460359
UTC=2024-01-30T09:20:02.000000
-3794894.995136 265233.361857 6082874.016733
6216.539806 1957.481406 3784.447054
UTC=2024-01-30T09:22:02.000000
-3019617.499711 490793.837928 6488662.663447
6687.656674 1795.657884 2969.984317
UTC=2024-01-30T09:24:02.000000
-2194106.806459 694792.941447 6793836.617041
7052.595682 1598.898311 2109.703167
UTC=2024-01-30T09:26:02.000000
-1331488.290953 873329.116928 6993690.201309
7305.250830 1372.148909 1216.906937
UTC=2024-01-30T09:28:02.000000
-445512.603940 1023128.119831 7085144.124679
7441.318236 1120.899689 305.365740
UTC=2024-01-30T09:30:02.000000
449664.392966 1141601.338730 7066789.665652
7458.356802 851.068097 -610.880920
UTC=2024-01-30T09:32:02.000000
1339707.774937 1226889.929285 6938908.987251
7355.827917 568.879111 -1517.725005
UTC=2024-01-30T09:34:02.000000
2210332.947025 1277894.216021 6703471.129723
7135.108827 280.739076 -2401.193567
UTC=2024-01-30T09:36:02.000000
3047535.056117 1294287.739107 6364103.824102
6799.481428 -6.892808 -3247.647760
UTC=2024-01-30T09:38:02.000000
3837815.885509 1276515.854353 5926041.190338
6354.098702 -287.633787 -4043.988601
UTC=2024-01-30T09:40:02.000000
4568404.210715 1225778.845909 5396046.676578
5805.909480 -555.305426 -4777.857112
UTC=2024-01-30T09:42:02.000000
5227465.947998 1143999.923669 4782313.359076
5163.568233 -804.057858 -5437.816026
UTC=2024-01-30T09:44:02.000000
5804302.395923 1033778.539096 4094341.780737
4437.319840 -1028.489461 -6013.544425
UTC=2024-01-30T09:46:02.000000
6289531.638226 898329.899573 3342794.758656
3638.835712 -1223.757246 -6496.019771
UTC=2024-01-30T09:48:02.000000
6675248.337683 741411.508340 2539332.146447
2781.020407 -1385.682400 -6877.669811
UTC=2024-01-30T09:50:02.000000
6955159.566671 567238.053950 1696428.956362
1877.806921 -1510.836890 -7152.502902
UTC=2024-01-30T09:52:02.000000
7124694.094736 380386.842001 827178.252164
943.913664 -1596.616083 -7316.224780
UTC=2024-01-30T09:54:02.000000
7181081.260771 185695.466301 -54917.168846
-5.410864 -1641.294108 -7366.312128
UTC=2024-01-30T09:56:02.000000
7123398.438899 -11846.019236 -936160.773104
-954.662203 -1644.060034 -7302.063232
UTC=2024-01-30T09:58:02.000000
6952584.939978 -207205.921116 -1802881.453712
-1888.358396 -1605.031315 -7124.601989
UTC=2024-01-30T10:00:02.000000
6671422.740594 -395422.156670 -2641651.267040
-2791.315347 -1525.248073 -6836.849063
UTC=2024-01-30T10:02:02.000000
6284484.850113 -571711.572136 -3439497.577458
-3648.909561 -1406.645985 -6443.459631
UTC=2024-01-30T10:04:02.000000
5798052.830403 -731574.719976 -4184105.985008
-4447.329005 -1252.008102 -5950.731007
UTC=2024-01-30T10:06:02.000000
5220005.387716 -870893.662579 -4864010.225589
-5173.802164 -1064.897156 -5366.478266
UTC=2024-01-30T10:08:02.000000
4559681.462830 -986020.764415 -5468765.689543
-5816.793564 -849.574731 -4699.889089
UTC=2024-01-30T10:10:02.000000
3827721.338804 -1073857.316571 -5989104.891511
-6366.176785 -610.912176 -3961.366648
UTC=2024-01-30T10:12:02.000000
3035888.417728 -1131920.672367 -6417072.908924
-6813.380969 -354.287216 -3162.353311
UTC=2024-01-30T10:14:02.000000
2196875.586470 -1158398.115713 -6746141.093423
-7151.501573 -85.468109 -2315.147504
UTC=2024-01-30T10:16:02.000000
1324099.934186 -1152186.835150 -6971298.749553
-7375.385202 189.500247 -1432.718846
UTC=2024-01-30T10:18:02.000000
431488.746508 -1112920.232304 -7089122.500696
-7481.690390 464.413173 -528.522017
UTC=2024-01-30T10:20:02.000000
-466740.422926 -1040979.609278 -7097823.116265
-7468.924037 733.030475 383.693951
UTC=2024-01-30T10:22:02.000000
-1356302.336289 -937491.304688 -6997269.623734
-7337.452393 989.195137 1290.070933
UTC=2024-01-30T10:24:02.000000
-2223067.194825 -804309.346013 -6788991.046838
-7089.496250 1226.956397 2176.833375
UTC=2024-01-30T10:26:02.000000
-3053281.161956 -643983.586882 -6476154.833663
-6729.091906 1440.686835 3030.480045
UTC=2024-01-30T10:28:02.000000
-3833781.011081 -459714.133156 -6063523.436859
-6262.038401 1625.194872 3837.958029
UTC=2024-01-30T10:30:02.000000
-4552202.209118 -255292.424354 -5557389.285634
-5695.833638 1775.834383 4586.854159
UTC=2024-01-30T10:32:02.000000
-5197176.675293 -35029.619010 -4965486.425702
-5039.567748 1888.605061 5265.583975
UTC=2024-01-30T10:34:02.000000
-5758516.722740 196326.402117 -4296880.593560
-4303.802456 1960.243630 5863.566844
UTC=2024-01-30T10:36:02.000000
-6227383.120072 433684.698759 -3561837.887375
-3500.421575 1988.307935 6371.406888
UTC=2024-01-30T10:38:02.000000
-6596432.946790 671713.846685 -2771672.549743
-2642.447847 1971.242141 6781.056747
UTC=2024-01-30T10:40:02.000000
-6859944.085599 904951.567414 -1938576.046409
-1743.834815 1908.427532 7085.966052
UTC=2024-01-30T10:42:02.000000
-7013913.478636 1127919.098537 -1075429.754472
-819.241155 1800.211671 7281.206964
UTC=2024-01-30T10:44:02.000000
-7056126.765598 1335237.921456 -195603.321338
116.226726 1647.916696 7363.583741
UTC=2024-01-30T10:46:02.000000
-6986195.459880 1521745.972282 687257.054866
1047.287536 1453.824455 7331.689040
UTC=2024-01-30T10:48:02.000000
-6805562.294230 1682611.126475 1559445.245362
1958.746897 1221.144792 7185.935085
UTC=2024-01-30T10:50:02.000000
-6517474.533763 1813439.447289 2407414.098382
2835.768918 953.959817 6928.556269
UTC=2024-01-30T10:52:02.000000
-6126924.855564 1910375.403934 3217992.242512
3664.142753 657.146176 6563.571884
UTC=2024-01-30T10:54:02.000000
-5640561.009055 1970191.579700 3978594.162492
4430.535043 336.278476 6096.711151
UTC=2024-01-30T10:56:02.000000
-5066566.633027 1990365.986261 4677419.086307
5122.716086 -2.479895 5535.303539
UTC=2024-01-30T10:58:02.000000
-4414516.741810 1969145.588550 5303635.246300
5729.756222 -352.497324 4888.145733
UTC=2024-01-30T11:00:02.000000
-3695211.427725 1905594.852957 5847547.068788
6242.192822 -706.802305 4165.351637
UTC=2024-01-30T11:02:02.000000
-2920490.960861 1799628.545512 6300743.582203
6652.174801 -1058.217400 3378.188164
UTC=2024-01-30T11:04:02.000000
-2103034.953758 1652028.093675 6656225.670386
6953.580106 -1399.499641 2538.886265
UTC=2024-01-30T11:06:02.000000
-1256149.931196 1464440.929772 6908509.808258
7142.092030 -1723.481516 1660.441122
UTC=2024-01-30T11:08:02.000000
-393549.917198 1239363.259928 7053707.672886
7215.239871 -2023.206711 756.411725
UTC=2024-01-30T11:10:02.000000
470866.351834 980106.677490 7089582.182938
7172.417664 -2292.063754 -159.273058
UTC=2024-01-30T11:12:02.000000
1323239.321652 690749.029625 7015579.858742
7014.881536 -2523.913962 -1072.515930
UTC=2024-01-30T11:14:02.000000
2149970.528062 376070.289776 6832838.908496
6745.719893 -2713.213845 -1969.252769
UTC=2024-01-30T11:16:02.000000
2937939.563344 41474.124739 6544173.292236
6369.801980 -2855.130645 -2835.651808
UTC=2024-01-30T11:18:02.000000
3674713.684098 -307103.899449 6154032.575717
5893.704494 -2945.648787 -3658.319607
UTC=2024-01-30T11:20:02.000000
4348746.653211 -663300.145074 5668437.045435
5325.606386 -2981.664140 -4424.503756
UTC=2024-01-30T11:22:02.000000
4949563.562585 -1020437.295449 5094889.076573
4675.161180 -2961.064862 -5122.287113
UTC=2024-01-30T11:24:02.000000
5467929.033705 -1371647.370601 4442261.410905
3953.346746 -2882.793895 -5740.778756
UTC=2024-01-30T11:26:02.000000
5895995.800937 -1710001.202632 3720663.035240
3172.289360 -2746.894836 -6270.294825
UTC=2024-01-30T11:28:02.000000
6227430.718233 -2028642.258331 2941284.017437
2345.061978 -2554.536623 -6702.527536
UTC=2024-01-30T11:30:02.000000
6457515.004821 -2320921.926589 2116221.410006
1485.458901 -2308.013592 -7030.690374
UTC=2024-01-30T11:32:02.000000
6583216.642224 -2580533.329283 1258289.253986
607.758355 -2010.721160 -7249.638289
UTC=2024-01-30T11:34:02.000000
6603233.555714 -2801640.931050 380815.401214
-273.529551 -1667.109642 -7355.966595
UTC=2024-01-30T11:36:02.000000
6518005.678274 -2979002.930023 -502571.312454
-1143.923847 -1282.609959 -7348.070680
UTC=2024-01-30T11:38:02.000000
6329696.000892 -3108083.441380 -1378159.207812
-1989.232356 -863.538979 -7226.176471
UTC=2024-01-30T11:40:02.000000
6042140.184117 -3185152.027225 -2232373.058626
-2795.810038 -416.982866 -6992.326074
UTC=2024-01-30T11:42:02.000000
5660766.813043 -3207368.194508 -3051989.362929
-3550.790508 49.335127 -6650.329550
UTC=2024-01-30T11:44:02.000000
5192490.759877 -3172849.353158 -3824344.209461
-4242.303052 527.197659 -6205.687248
UTC=2024-01-30T11:46:02.000000
4645581.999592 -3080721.191042 -4537529.872066
-4859.662963 1008.043205 -5665.482662
UTC=2024-01-30T11:48:02.000000
4029512.948375 -2931149.452657 -5180577.229361
-5393.540016 1483.126324 -5038.250598
UTC=2024-01-30T11:50:02.000000
3354787.592719 -2725352.266729 -5743620.403305
-5836.089695 1943.678935 -4333.815512
UTC=2024-01-30T11:52:02.000000
2632757.436082 -2465593.651745 -6218041.388928
-6181.043862 2381.062212 -3563.123264
UTC=2024-01-30T11:54:02.000000
1875428.021728 -2155159.083597 -6596594.715894
-6423.780866 2786.916315 -2738.074920
UTC=2024-01-30T11:56:02.000000
1095257.941636 -1798312.781412 -6873511.160733
-6561.376974 3153.313219 -1871.340269
UTC=2024-01-30T11:58:02.000000
304953.996596 -1400237.565244 -7044578.106660
-6592.618658 3472.892024 -976.161630
UTC=2024-01-30T12:00:02.000000
-482733.569078 -966959.188734 -7107197.017294
-6517.991589 3738.985539 -66.166386
UTC=2024-01-30T12:02:02.000000
-1255213.180801 -505255.879621 -7060418.462356
-6339.648534 3945.738986 844.817977
UTC=2024-01-30T12:04:02.000000
-2000249.474759 -22553.961502 -6904954.886191
-6061.363426 4088.223324 1742.953797
UTC=2024-01-30T12:06:02.000000
-2706153.591971 473189.214260 -6643170.270902
-5688.456567 4162.532135 2614.583549
UTC=2024-01-30T12:08:02.000000
-3361963.480183 973613.269712 -6279047.694123
-5227.705748 4165.868451 3446.409891
UTC=2024-01-30T12:10:02.000000
-3957613.039044 1470092.533384 -5818135.108574
-4687.247823 4096.618501 4225.680403
UTC=2024-01-30T12:12:02.000000
-4484088.194881 1953881.695800 -5267468.637665
-4076.457441 3954.411421 4940.375587
UTC=2024-01-30T12:14:02.000000
-4933567.070837 2416267.967866 -4635473.354470
-3405.803974 3740.165124 5579.397931
UTC=2024-01-30T12:16:02.000000
-5299541.435900 2848726.815362 -3931841.481146
-2686.682548 3456.099365 6132.753751
UTC=2024-01-30T12:18:02.000000
-5576917.075705 3243077.950389 -3167390.119733
-1931.234329 3105.729517 6591.715457
UTC=2024-01-30T12:20:02.000000
-5762091.766956 3591639.509593 -2353899.763311
-1152.149463 2693.840408 6948.979400
UTC=2024-01-30T12:22:02.000000
-5853008.246886 3887377.214941 -1503934.862706
-362.450593 2226.428068 7198.804436
UTC=2024-01-30T12:24:02.000000
-5849180.660408 4124044.781756 -630649.162445
424.733645 1710.613127 7337.126508
UTC=2024-01-30T12:26:02.000000
-5751693.386570 4296312.518321 252420.809118
1196.399639 1154.531390 7361.642198
UTC=2024-01-30T12:28:02.000000
-5563171.922046 4399881.174584 1131570.868989
1939.906066 567.195062 7271.866328
UTC=2024-01-30T12:30:02.000000
-5287725.294765 4431577.491272 1993148.380007
2643.205468 -41.669405 7069.141835
UTC=2024-01-30T12:32:02.000000
-4930861.883433 4389429.617447 2823770.448326
3295.056449 -661.794286 6756.614366
UTC=2024-01-30T12:34:02.000000
-4499380.904242 4272721.275618 3610537.281459
3885.217714 -1282.553515 6339.178568
UTC=2024-01-30T12:36:02.000000
-4001241.696443 4082022.876155 4341237.036034
4404.621147 -1893.161302 5823.387304
UTC=2024-01-30T12:38:02.000000
-3445414.220168 3819198.999531 5004537.830504
4845.512795 -2482.865861 5217.332592
UTC=2024-01-30T12:40:02.000000
-2841713.968244 3487392.717359 5590164.275976
5201.571544 -3041.143080 4530.504515
UTC=2024-01-30T12:42:02.000000
-2200624.596600 3090986.894041 6089055.501438
5467.994086 -3557.884237 3773.626254
UTC=2024-01-30T12:44:02.000000
-1533112.164562 2635543.565464 6493502.490859
5641.550610 -4023.574367 2958.474285
UTC=2024-01-30T12:46:02.000000
-850434.566294 2127722.459162 6797262.799675
5720.606852 -4429.459255 2097.681482
UTC=2024-01-30T12:48:02.000000
-163950.614764 1575180.874159 6995651.827420
5705.113002 -4767.690941 1204.548855
UTC=2024-01-30T12:50:02.000000
515069.135898 986456.366985 7085611.480125
5596.584170 -5031.468231 292.848977
UTC=2024-01-30T12:52:02.000000
1175627.459509 370833.758272 7065754.377333
5398.050338 -5215.156519 -623.378688
UTC=2024-01-30T12:54:02.000000
1807178.211264 -261801.341569 6936383.993078
5113.986635 -5314.394139 -1530.025788
UTC=2024-01-30T12:56:02.000000
2399794.705453 -901121.111094 6699490.841641
4750.225959 -5326.186533 -2413.117770
UTC=2024-01-30T12:58:02.000000
2944326.476587 -1536524.011408 6358724.150842
4313.853897 -5248.976414 -3259.017151
UTC=2024-01-30T13:00:02.000000
3432542.547117 -2157310.720459 5919339.300907
3813.087303 -5082.698728 -4054.626927
UTC=2024-01-30T13:02:02.000000
3857258.691668 -2752865.140474 5388120.707112
3257.129939 -4828.807936 -4787.592243
UTC=2024-01-30T13:04:02.000000
4212446.576549 -3312837.322433 4773281.339452
2656.015601 -4490.284936 -5446.490476
UTC=2024-01-30T13:06:02.000000
4493323.220339 -3827325.817522 4084339.501007
2020.436539 -4071.617955 -6021.019214
UTC=2024-01-30T13:08:02.000000
4696418.975134 -4287055.851337 3331973.743327
1361.557439 -3578.752539 -6502.171083
UTC=2024-01-30T13:10:02.000000
4819622.544739 -4683549.690629 2527857.772489
690.818990 -3019.010966 -6882.392688
UTC=2024-01-30T13:12:02.000000
4862201.698105 -5009285.406529 1684477.540288
19.729966 -2400.980208 -7155.719790
UTC=2024-01-30T13:14:02.000000
4824798.915910 -5257840.682221 814933.926368
-640.341350 -1734.375173 -7317.883528
UTC=2024-01-30T13:16:02.000000
4709402.013114 -5424018.518376 -67265.669742
-1278.374610 -1029.872968 -7366.386765
UTC=2024-01-30T13:18:02.000000
4519290.725789 -5503951.753265 -948422.741660
-1883.889560 -298.928846 -7300.547356
UTC=2024-01-30T13:20:02.000000
4258960.394502 -5495184.413216 -1814866.834706
-2447.137743 446.429087 -7121.512786
UTC=2024-01-30T13:22:02.000000
3934023.614030 -5396727.360551 -2653173.438650
-2959.272263 1193.817885 -6832.227009
UTC=2024-01-30T13:24:02.000000
3551093.135695 -5209087.608674 -3450376.323200
-3412.493813 1930.722447 -6437.371060
UTC=2024-01-30T13:26:02.000000
3117648.419859 -4934270.772942 -4194170.546159
-3800.174703 2644.717259 -5943.267211
UTC=2024-01-30T13:28:02.000000
2641889.022428 -4575757.290121 -4873102.419156
-4116.954744 3323.683858 -5357.758182
UTC=2024-01-30T13:30:02.000000
2132578.245906 -4138452.732937 -5476743.201306
-4358.806129 3956.021819 -4690.056526
UTC=2024-01-30T13:32:02.000000
1598881.075786 -3628614.216402 -5995843.598041
-4523.065377 4530.834933 -3950.579817
UTC=2024-01-30T13:34:02.000000
1050199.527876 -3053755.571067 -6422468.431324
-4608.445957 5038.102126 -3150.783647
UTC=2024-01-30T13:36:02.000000
496007.746327 -2422532.459847 -6750110.563627
-4615.028350 5468.839941 -2302.981927
UTC=2024-01-30T13:38:02.000000
-54310.054308 -1744608.982799 -6973782.479011
-4544.222537 5815.246227 -1420.155751
UTC=2024-01-30T13:40:02.000000
-591615.767809 -1030508.551225 -7090084.947530
-4398.709328 6070.819673 -515.764415
UTC=2024-01-30T13:42:02.000000
-1107165.764345 -291451.492136 -7097253.243570
-4182.370207 6230.462072 396.440970
UTC=2024-01-30T13:44:02.000000
-1592750.221689 460818.631320 -6995180.764379
-3900.205049 6290.563504 1302.607843
UTC=2024-01-30T13:46:02.000000
-2040821.405073 1214217.831478 -6785419.994110
-3558.230636 6249.070718 2188.967980
UTC=2024-01-30T13:48:02.000000
-2444608.987669 1956511.833771 -6471161.244437
-3163.367841 6105.538437 3042.023127
UTC=2024-01-30T13:50:02.000000
-2798221.603905 2675511.101644 -6057189.330009
-2723.324649 5861.162568 3848.727550
UTC=2024-01-30T13:52:02.000000
-3096733.528789 3359269.006867 -5549817.933313
-2246.464358 5518.795609 4596.677034
UTC=2024-01-30T13:54:02.000000
-3336255.101899 3996280.182239 -4956801.400555
-1741.667448 5082.935698 5274.296499
UTC=2024-01-30T13:56:02.000000
-3513985.755185 4575675.987194 -4287223.850302
-1218.178059 4559.687335 5871.028886
UTC=2024-01-30T13:58:02.000000
-3628247.783644 5087413.172046 -3551366.287740
-685.438343 3956.687458 6377.510504
UTC=2024-01-30T14:00:02.000000
-3678500.153403 5522451.936540 -2760554.065951
-152.924194 3283.005425 6785.723506
UTC=2024-01-30T14:02:02.000000
-3665332.888085 5872920.880854 -1926986.601117
370.017638 2549.022307 7089.141761
UTC=2024-01-30T14:04:02.000000
-3590441.221776 6132265.461725 -1063550.255776
874.342831 1766.275426 7282.862336
UTC=2024-01-30T14:06:02.000000
-3456579.075263 6295375.317719 -183617.207069
1351.476786 947.262538 7363.703115
UTC=2024-01-30T14:08:02.000000
-3267493.749633 6358687.345994 699165.022548
1793.462746 105.238952 7330.268500
UTC=2024-01-30T14:10:02.000000
-3027842.504426 6320263.056636 1571091.352272
2193.117056 -746.015937 7182.997924
UTC=2024-01-30T14:12:02.000000
-2743091.204664 6179836.128829 2418619.389149
2544.166575 -1592.455280 6924.158309
UTC=2024-01-30T14:14:02.000000
-2419398.511890 5938829.058675 3228586.121748
2841.353040 -2420.020645 6557.794802
UTC=2024-01-30T14:16:02.000000
-2063489.061497 5600339.751803 3988416.903748
3080.513377 -3214.887497 6089.653749
UTC=2024-01-30T14:18:02.000000
-1682518.329138 5169098.890317 4686323.795368
3258.637730 -3963.707115 5527.081221
UTC=2024-01-30T14:20:02.000000
-1283931.815328 4651398.817306 5311490.084694
3373.907020 -4653.838376 4878.894526
UTC=2024-01-30T14:22:02.000000
-875321.157977 4054995.381190 5854237.568033
3425.702746 -5273.564290 4155.223226
UTC=2024-01-30T14:24:02.000000
-464281.189456 3388985.354161 6306173.922524
3414.585878 -5812.284245 3367.340320
UTC=2024-01-30T14:26:02.000000
-58270.307679 2663661.741693 6660318.952067
3342.261144 -6260.687401 2527.475741
UTC=2024-01-30T14:28:02.000000
335523.435376 1890350.275224 6911207.973833
3211.518976 -6610.895442 1648.627026
UTC=2024-01-30T14:30:02.000000
710308.466526 1081229.456664 7054972.276217
3026.162968 -6856.593290 744.361329
UTC=2024-01-30T14:32:02.000000
1059805.904635 249136.832378 7089395.057661
2790.918174 -6993.125329 -171.389457
UTC=2024-01-30T14:34:02.000000
1378354.109706 -592634.816311 7013943.583736
2511.328939 -7017.572464 -1084.521934
UTC=2024-01-30T14:36:02.000000
1661000.316061 -1430549.938767 6829777.614647
2193.645705 -6928.814952 -1980.966671
UTC=2024-01-30T14:38:02.000000
1903578.052800 -2251048.124516 6539732.947992
1844.701845 -6727.561864 -2846.892089
UTC=2024-01-30T14:40:02.000000
2102769.341543 -3040764.465250 6148280.738575
1471.782933 -6416.361525 -3668.908365
UTC=2024-01-30T14:42:02.000000
2256150.672458 -3786749.291073 5661462.173056
1082.487437 -5999.580046 -4434.271923
UTC=2024-01-30T14:44:02.000000
2362221.921517 -4476683.386643 5086799.007230
684.582669 -5483.347705 -5131.081338
UTC=2024-01-30T14:46:02.000000
2420418.103913 -5099085.349661 4433181.451052
285.863796 -4875.483624 -5748.461220
UTC=2024-01-30T14:48:02.000000
2431104.155768 -5643508.420551 3710733.904311
-105.991179 -4185.391813 -6276.747245
UTC=2024-01-30T14:50:02.000000
2395551.641271 -6100722.435443 2930659.359352
-483.574425 -3423.918619 -6707.652999
UTC=2024-01-30T14:52:02.000000
2315897.777522 -6462876.754175 2105065.082520
-839.888683 -2603.177494 -7034.415987
UTC=2024-01-30T14:54:02.000000
2195088.283103 -6723640.336398 1246772.467991
-1168.477118 -1736.347471 -7251.913294
UTC=2024-01-30T14:56:02.000000
2036805.018582 -6878316.947535 369114.538798
-1463.547573 -837.458009 -7356.754423
UTC=2024-01-30T14:58:02.000000
1845379.521439 -6923933.029864 -514276.346118
-1720.080948 78.850851 -7347.351038
UTC=2024-01-30T15:00:02.000000
1625694.196216 -6859295.013353 -1389687.558756
-1933.930747 997.600982 -7223.954093
UTC=2024-01-30T15:02:02.000000
1383072.848333 -6685013.116838 -2243545.824125
-2101.896327 1903.749689 -6988.629079
UTC=2024-01-30T15:04:02.000000
1123164.096107 -6403493.440795 -3062632.713250
-2221.770107 2782.455030 -6645.214573
UTC=2024-01-30T15:06:02.000000
851820.900907 -6018897.724135 -3834292.678799
-2292.356000 3619.338473 -6199.236854
UTC=2024-01-30T15:08:02.000000
574978.611617 -5537073.354434 -4546629.402634
-2313.476460 4400.724319 -5657.803383
UTC=2024-01-30T15:10:02.000000
298533.502151 -4965455.149717 -5188687.613124
-2285.955204 5113.866215 -5029.466080
UTC=2024-01-30T15:12:02.000000
28224.831497 -4312941.690246 -5750617.371804
-2211.577422 5747.146144 -4324.069006
UTC=2024-01-30T15:14:02.000000
-230477.304734 -3589748.918260 -6223819.251605
-2093.032973 6290.253580 -3552.580320
UTC=2024-01-30T15:16:02.000000
-472476.259890 -2807243.997144 -6601068.467747
-1933.842839 6734.334657 -2726.912418
UTC=2024-01-30T15:18:02.000000
-693143.560329 -1977762.823505 -6876617.173963
-1738.273640 7072.116055 -1859.737119
UTC=2024-01-30T15:20:02.000000
-888402.661727 -1114414.329393 -7046274.358242
-1511.240718 7298.001420 -964.299305
UTC=2024-01-30T15:22:02.000000
-1054800.560172 -230874.387699 -7107463.491069
-1258.202803 7408.149360 -54.229824
UTC=2024-01-30T15:24:02.000000
-1189566.310908 658828.070789 -7059257.151309
-985.049747 7400.522270 856.648200
UTC=2024-01-30T15:26:02.000000
-1290655.815936 1540529.324032 -6902389.164811
-697.985995 7274.915752 1754.501327
UTC=2024-01-30T15:28:02.000000
-1356782.368524 2400151.768508 -6639244.521634
-403.410037 7032.968449 2625.673951
UTC=2024-01-30T15:30:02.000000
-1387432.652688 3223924.686397 -6273827.282729
-107.793006 6678.154769 3456.868499
UTC=2024-01-30T15:32:02.000000
-1382868.073455 3998603.088736 -5811705.973782
182.445402 6215.753644 4235.340156
UTC=2024-01-30T15:34:02.000000
-1344111.054143 4711680.753044 -5259936.111148
461.061295 5652.787847 4949.080989
UTC=2024-01-30T15:36:02.000000
-1272916.748799 5351594.914507 -4626960.576516
722.106462 4997.942143 5587.007752
UTC=2024-01-30T15:38:02.000000
-1171730.366610 5907918.938756 -3922487.545277
960.047772 4261.444778 6139.144654
UTC=2024-01-30T15:40:02.000000
-1043630.474848 6371538.878932 -3157347.436596
1169.880453 3454.918814 6596.789509
UTC=2024-01-30T15:42:02.000000
-892259.286558 6734810.859801 -2343330.930773
1347.231693 2591.212072 6952.665036
UTC=2024-01-30T15:44:02.000000
-721741.148865 6991696.232896 -1493009.304825
1488.452757 1684.193216 7201.059354
UTC=2024-01-30T15:46:02.000000
-536590.840847 7137870.447403 -619539.843687
1590.697466 748.523009 7337.933464
UTC=2024-01-30T15:48:02.000000
-341613.195004 7170803.598906 263540.288836
1651.986658 -200.591715 7361.007248
UTC=2024-01-30T15:50:02.000000
-141796.303253 7089810.050276 1142528.855723
1671.250397 -1147.666370 7269.816242
UTC=2024-01-30T15:52:02.000000
57798.989044 6896064.732621 2003777.877417
1648.347355 -2077.224098 7065.727498
UTC=2024-01-30T15:54:02.000000
252150.614901 6592585.296420 2833911.871560
1584.063365 -2974.074193 6751.907201
UTC=2024-01-30T15:56:02.000000
436385.460137 6184182.094510 3620040.408203
1480.090162 -3823.571757 6333.261848
UTC=2024-01-30T15:58:02.000000
605886.105654 5677377.711400 4349962.110094
1338.990238 -4611.862996 5816.354274
UTC=2024-01-30T16:00:02.000000
756391.959904 5080297.354963 5012358.028223
1164.135599 -5326.137665 5209.306727
UTC=2024-01-30T16:02:02.000000
884091.656234 4402528.825583 5596968.559358
959.627893 -5954.855884 4521.621161
UTC=2024-01-30T16:04:02.000000
985705.739901 3654960.958684 6094749.187193
730.215226 -6487.901766 3764.022820
UTC=2024-01-30T16:06:02.000000
1058558.056309 2849602.744453 6498007.557190
481.185424 -6916.746148 2948.291230
UTC=2024-01-30T16:08:02.000000
1100633.738784 1999385.069817 6800518.587528
218.253379 -7234.571338 2087.069634
UTC=2024-01-30T16:10:02.000000
1110623.542504 1117949.207741 6997616.485743
-52.555591 -7436.369299 1193.668744
UTC=2024-01-30T16:12:02.000000
1087953.753195 219425.563741 7086262.485815
-325.028617 -7519.002571 281.862056
UTC=2024-01-30T16:14:02.000000
1032801.201222 -681793.050707 7065088.922174
-592.890740 -7481.241595 -634.303887
UTC=2024-01-30T16:16:02.000000
946093.046654 -1571282.228931 6934419.942995
-849.932626 -7323.789839 -1540.714557
UTC=2024-01-30T16:18:02.000000
829491.278921 -2434817.390518 6696267.145307
-1090.137372 -7049.270545 -2423.393647
UTC=2024-01-30T16:20:02.000000
685362.155630 -3258602.467006 6354300.712659
-1307.804877 -6662.194256 -3268.710497
UTC=2024-01-30T16:22:02.000000
516730.890416 -4029492.349657 5913795.052525
-1497.671010 -6168.883708 -4063.591332
UTC=2024-01-30T16:24:02.000000
327222.896264 -4735204.547162 5381550.731449
-1655.014108 -5577.376391 -4795.704392
UTC=2024-01-30T16:26:02.000000
120992.496863 -5364518.583473 4765794.473184
-1775.757280 -4897.315884 -5453.642910
UTC=2024-01-30T16:28:02.000000
-97360.363059 -5907461.116957 4076056.704199
-1856.565902 -4139.817251 -6027.117903
UTC=2024-01-30T16:30:02.000000
-322884.374301 -6355471.939998 3323026.338723
-1894.930639 -3317.285373 -6507.137362
UTC=2024-01-30T16:32:02.000000
-550379.878439 -6701546.747541 2518385.594359
-1889.230582 -2443.210270 -6886.163267
UTC=2024-01-30T16:34:02.000000
-774508.279986 -6940353.613234 1674627.339779
-1838.776935 -1531.936509 -7158.241055
UTC=2024-01-30T16:36:02.000000
-989905.857035 -7068321.688360 804858.415962
-1743.843494 -598.428470 -7319.111524
UTC=2024-01-30T16:38:02.000000
-1191299.895590 -7083699.297208 -77409.668137
-1605.671057 342.006121 -7366.298831
UTC=2024-01-30T16:40:02.000000
-1373623.540774 -6986578.358664 -958477.332395
-1426.444574 1273.994152 -7299.147706
UTC=2024-01-30T16:42:02.000000
-1532126.847491 -6778885.855719 -1824675.915519
-1209.252750 2182.369007 -7118.826429
UTC=2024-01-30T16:44:02.000000
-1662481.959041 -6464343.152392 -2662585.097870
-958.030617 3052.434232 -6828.298739
UTC=2024-01-30T16:46:02.000000
-1760880.274368 -6048394.125841 -3459245.191662
-677.483017 3870.219619 -6432.265311
UTC=2024-01-30T16:48:02.000000
-1824119.294778 -5538103.355718 -4202360.207175
-372.989559 4622.721570 -5937.068209
UTC=2024-01-30T16:50:02.000000
-1849677.137740 -4942027.163655 -4880487.420347
-50.495301 5298.113337 -5350.563193
UTC=2024-01-30T16:52:02.000000
-1835773.448961 -4270061.505856 -5483210.387338
283.606095 5885.921454 -4681.973852
UTC=2024-01-30T16:54:02.000000
-1781415.855126 -3533270.389010 -6001293.702013
622.596486 6377.174397 -3941.733078
UTC=2024-01-30T16:56:02.000000
-1686431.182738 -2743698.038890 -6426817.966770
959.562582 6764.525011 -3141.311669
UTC=2024-01-30T16:58:02.000000
-1551480.959221 -1914168.044194 -6753293.286093
1287.527797 7042.343340 -2293.031937
UTC=2024-01-30T17:00:02.000000
-1378061.256038 -1058073.545704 -6975750.071432
1599.580825 7206.774318 -1409.879031
UTC=2024-01-30T17:02:02.000000
-1168487.248051 -189161.958573 -7090807.371609
1889.002465 7255.772104 -505.313587
UTC=2024-01-30T17:04:02.000000
-925862.487167 678682.840279 -7096718.625203
2149.393281 7189.107151 406.915893
UTC=2024-01-30T17:06:02.000000
-654033.187073 1531657.933148 -6993395.198304
2374.794406 7008.355503 1312.957304
UTC=2024-01-30T17:08:02.000000
-357528.533417 2356256.339723 -6782407.476546
2559.800216 6716.865965 2199.042371
UTC=2024-01-30T17:10:02.000000
-41487.608001 3139477.030929 -6466964.039465
2699.670059 6319.713480 3051.667407
UTC=2024-01-30T17:12:02.000000
288426.920451 3869028.270215 -6051868.334891
2790.434641 5823.630017 3857.788217
UTC=2024-01-30T17:14:02.000000
626126.910347 4533520.537414 -5543451.932009
2828.985820 5236.902226 4605.010031
UTC=2024-01-30T17:16:02.000000
965206.936254 5122646.410023 -4949485.840543
2813.156243 4569.258084 5281.767931
UTC=2024-01-30T17:18:02.000000
1299061.419774 5627345.504583 -4279069.692831
2741.787315 3831.727263 5877.513995
UTC=2024-01-30T17:20:02.000000
1621008.817801 6039950.617770 -3542498.974040
2614.777882 3036.469473 6382.892798
UTC=2024-01-30T17:22:02.000000
1924420.441042 6354312.151577 -2751112.247593
2433.113348 2196.585418 6789.900994
UTC=2024-01-30T17:24:02.000000
2202851.615834 6565898.648212 -1917119.845719
2198.874850 1325.906180 7092.035800
UTC=2024-01-30T17:26:02.000000
2450172.528120 6671870.567005 -1053415.852853
1915.224193 438.758339 7284.423304
UTC=2024-01-30T17:28:02.000000
2660695.682318 6671124.713750 -173376.430089
1586.362641 -450.288454 7363.916085
UTC=2024-01-30T17:30:02.000000
2829296.971605 6564307.907748 709351.436393
1217.466051 -1326.680046 7329.155208
UTC=2024-01-30T17:32:02.000000
2951527.652949 6353799.725691 1581066.591152
814.598540 -2176.133587 7180.599213
UTC=2024-01-30T17:34:02.000000
3023714.739476 6043664.771474 2428232.006975
384.606042 -2984.889523 6920.521563
UTC=2024-01-30T17:36:02.000000
3043047.614148 5639575.249241 3237690.696227
-65.006301 -3739.953499 6552.974161
UTC=2024-01-30T17:38:02.000000
3007648.985991 5148705.287499 3996875.230787
-526.212213 -4429.323224 6083.716126
UTC=2024-01-30T17:40:02.000000
2916628.495030 4579599.636848 4694006.913745
-990.616383 -5042.190361 5520.115997
UTC=2024-01-30T17:42:02.000000
2770116.856804 3942018.789025 5318281.256186
-1449.623907 -5569.128194 4871.013880
UTC=2024-01-30T17:44:02.000000
2569280.377165 3246764.681579 5860034.348673
-1894.594460 -6002.224710 4146.552228
UTC=2024-01-30T17:46:02.000000
2316317.376630 2505492.552474 6310889.385381
-2316.994219 -6335.185808 3358.012739
UTC=2024-01-30T17:48:02.000000
2014435.858975 1730511.449912 6663883.074124
-2708.555699 -6563.421510 2517.640257
UTC=2024-01-30T17:50:02.000000
1667812.173573 934576.081593 6913569.214787
-3061.431903 -6684.098884 1638.440563
UTC=2024-01-30T17:52:02.000000
1281531.934935 130674.997400 7056097.906430
-3368.337966 -6696.152943 733.981000
UTC=2024-01-30T17:54:02.000000
861514.555216 -668181.331170 7089271.720528
-3622.684307 -6600.283023 -181.796538
UTC=2024-01-30T17:56:02.000000
414421.944531 -1449171.503063 7012578.431022
-3818.706091 -6398.933840 -1094.782967
UTC=2024-01-30T17:58:02.000000
-52447.602404 -2199869.506617 6827198.534970
-3951.580217 -6096.239899 -1990.909424
UTC=2024-01-30T18:00:02.000000
-531278.714736 -2908443.256486 6535987.949168
-4017.526981 -5697.950543 -2856.356733
UTC=2024-01-30T18:02:02.000000
-1013869.106769 -3563842.241879 6143435.479801
-4013.889222 -5211.322534 -3677.761259
UTC=2024-01-30T18:04:02.000000
-1491768.452752 -4155971.176253 5655597.042283
-3939.201618 -4644.999241 -4442.398366
UTC=2024-01-30T18:06:02.000000
-1956425.383361 -4675848.785835 5080007.819865
-3793.254524 -4008.880859 -5138.370979
UTC=2024-01-30T18:08:02.000000
-2399340.830175 -5115749.626736 4425571.072215
-3577.133390 -3313.969207 -5754.807553
UTC=2024-01-30T18:10:02.000000
-2812224.309269 -5469325.445929 3702423.508789
-3293.227932 -2572.182249 -6282.052803
UTC=2024-01-30T18:12:02.000000
-3187149.389806 -5731702.626400 2921778.934838
-2945.210265 -1796.143041 -6711.835441
UTC=2024-01-30T18:14:02.000000
-3516705.117990 -5899553.744497 2095753.617851
-2537.990375 -998.961705 -7037.407587
UTC=2024-01-30T18:16:02.000000
-3794140.756475 -5971142.506983 1237175.978631
-2077.648339 -194.007790 -7253.666159
UTC=2024-01-30T18:18:02.000000
-4013500.746768 -5946340.612890 359383.283103
-1571.338978 605.328395 -7357.246163
UTC=2024-01-30T18:20:02.000000
-4169746.748704 -5826615.928404 -523990.892374
-1027.172736 1385.873906 -7346.582081
UTC=2024-01-30T18:22:02.000000
-4258863.996152 -5614992.131807 -1399234.798202
-454.073057 2134.910931 -7221.938314
UTC=2024-01-30T18:24:02.000000
-4277949.271497 -5315980.159806 -2252777.900484
138.386016 2840.406503 -6985.399038
UTC=2024-01-30T18:26:02.000000
-4225278.527131 -4935483.184646 -3071406.733217
740.156100 3491.222829 -6640.820246
UTC=2024-01-30T18:28:02.000000
-4100352.717340 -4480677.816297 -3842472.866256
1340.900055 4077.302055 -6193.746728
UTC=2024-01-30T18:30:02.000000
-3903921.256036 -3959874.905376 -4554089.113473
1930.178159 4589.821411 -5651.300628
UTC=2024-01-30T18:32:02.000000
-3637983.279232 -3382363.425881 -5195311.089954
2497.632069 5021.320920 -5022.049365
UTC=2024-01-30T18:34:02.000000
-3305766.943556 -2758240.608044 -5756301.566790
3033.165875 5365.803344 -4315.850626
UTC=2024-01-30T18:36:02.000000
-2911687.575394 -2098232.136034 -6228475.272736
3527.116979 5618.800378 -3543.684365
UTC=2024-01-30T18:38:02.000000
-2461285.788170 -1413505.955676 -6604623.169256
3970.420212 5777.414263 -2717.477125
UTC=2024-01-30T18:40:02.000000
-1961146.397575 -715482.691890 -6879014.675118
4354.761207 5840.330953 -1849.910890
UTC=2024-01-30T18:42:02.000000
-1418800.134872 -15646.326185 -7047476.696133
4672.709699 5807.803487 -954.230198
UTC=2024-01-30T18:44:02.000000
-842610.344201 674641.647025 -7107450.120114
4917.838776 5681.613014 -44.061087
UTC=2024-01-30T18:46:02.000000
-241645.580497 1344322.841155 -7058024.722708
5084.839401 5465.020255 866.773670
UTC=2024-01-30T18:48:02.000000
374460.322397 1982815.308960 -6899951.380625
5169.613951 5162.691966 1764.440313
UTC=2024-01-30T18:50:02.000000
995659.161729 2580177.641292 -6635632.853606
5169.369291 4780.622617 2635.274190
UTC=2024-01-30T18:52:02.000000
1611649.591182 3127262.422625 -6269091.452757
5082.688221 4326.032260 3465.979712
UTC=2024-01-30T18:54:02.000000
2212045.216754 3615856.248851 -5805913.358127
4909.577834 3807.245772 4243.818987
UTC=2024-01-30T18:56:02.000000
2786547.674738 4038804.231602 -5253170.657369
4651.501600 3233.557449 4956.794986
UTC=2024-01-30T18:58:02.000000
3325122.285884 4390117.900058 -4619321.488669
4311.391155 2615.087767 5593.834687
UTC=2024-01-30T19:00:02.000000
3818173.784614 4665064.688348 -3914088.191978
3893.633950 1962.619004 6144.970298
UTC=2024-01-30T19:02:02.000000
4256718.976740 4860236.690939 -3148314.384561
3404.035230 1287.415434 6601.509741
UTC=2024-01-30T19:04:02.000000
4632552.916927 4973596.910670 -2333802.086526
2849.745083 601.027818 6956.195366
UTC=2024-01-30T19:06:02.000000
4938404.498926 5004501.763480 -1483131.660722
2239.160127 -84.903941 7203.333184
UTC=2024-01-30T19:08:02.000000
5168079.007200 4953699.467214 -609466.870289
1581.798660 -758.859139 7338.911063
UTC=2024-01-30T19:10:02.000000
5316583.132414 4823303.009752 273652.138147
888.137175 -1409.645863 7360.677687
UTC=2024-01-30T19:12:02.000000
5380229.488167 4616738.845774 1152522.999649
169.434576 -2026.596857 7268.185744
UTC=2024-01-30T19:14:02.000000
5356719.393896 4338672.491626 2013498.940194
-562.456162 -2599.759619 7062.809931
UTC=2024-01-30T19:16:02.000000
5245201.592165 3994911.728112 2843207.044367
-1295.302346 -3120.077812 6747.733961
UTC=2024-01-30T19:18:02.000000
5046304.058089 3592289.274807 3628762.184860
-2016.720251 -3579.549133 6327.890688
UTC=2024-01-30T19:20:02.000000
4762138.724783 3138528.222681 4357971.655910
-2714.397998 -3971.356521 5809.869558
UTC=2024-01-30T19:22:02.000000
4396279.839113 2642093.198905 5019526.767966
-3376.309916 -4289.971934 5201.792922
UTC=2024-01-30T19:24:02.000000
3953716.846278 2112031.225127 5603179.011780
-3990.932855 -4531.227655 4513.183299
UTC=2024-01-30T19:26:02.000000
3440781.317139 1557805.136298 6099898.039487
-4547.451351 -4692.366872 3754.790505
UTC=2024-01-30T19:28:02.000000
2865051.304993 989122.731931 6502008.029309
-5035.935288 -4772.064391 2938.408459
UTC=2024-01-30T19:30:02.000000
2235235.110109 415765.545461 6803301.513038
-5447.502520 -4770.411404 2076.684955
UTC=2024-01-30T19:32:02.000000
1561036.669705 -152579.145650 6999130.861462
-5774.464957 -4688.881530 1182.938441
UTC=2024-01-30T19:34:02.000000
853003.934348 -706481.725940 7086477.136679
-6010.465209 -4530.286478 270.960372
UTC=2024-01-30T19:36:02.000000
122362.136871 -1236926.894828 7063994.136652
-6150.588812 -4298.705577 -645.196055
UTC=2024-01-30T19:38:02.000000
-619164.917286 -1735460.475018 6932027.594288
-6191.454375 -3999.395643 -1551.419743
UTC=2024-01-30T19:40:02.000000
-1359543.179628 -2194324.527110 6692609.553704
-6131.281210 -3638.684015 -2433.751230
UTC=2024-01-30T19:42:02.000000
-2086622.980053 -2606578.363288 6349428.160290
-5969.928136 -3223.842746 -3278.578772
UTC=2024-01-30T19:44:02.000000
-2788337.688444 -2966204.334110 5907774.997061
-5708.925616 -2762.963002 -4072.822104
UTC=2024-01-30T19:46:02.000000
-3452905.775747 -3268198.190444 5374469.186544
-5351.494721 -2264.818153 -4804.138862
UTC=2024-01-30T19:48:02.000000
-4069032.419783 -3508641.357673 4757756.049133
-4902.517162 -1738.701654 -5461.133756
UTC=2024-01-30T19:50:02.000000
-4626105.187753 -3684753.311057 4067182.354782
-4368.472404 -1194.259148 -6033.540173
UTC=2024-01-30T19:52:02.000000
-5114380.873196 -3794923.502919 3313450.724112
-3757.351446 -641.315546 -6512.386865
UTC=2024-01-30T19:54:02.000000
-5525160.497268 -3838722.453183 2508254.957195
-3078.546615 -89.701402 -6890.150476
UTC=2024-01-30T19:56:02.000000
-5850949.231874 -3816891.778728 1664097.510798
-2342.707082 450.926177 -7160.898260
UTC=2024-01-30T19:58:02.000000
-6085596.725762 -3731312.408726 794091.714609
-1561.560108 971.265468 -7320.396760
UTC=2024-01-30T20:00:02.000000
-6224414.693486 -3584951.517307 -88246.944550
-747.711092 1462.541350 -7366.186876
UTC=2024-01-30T20:02:02.000000
-6264269.297574 -3381789.745767 -969216.849197
85.576306 1916.663631 -7297.631153
UTC=2024-01-30T20:04:02.000000
-6203645.771024 -3126729.919763 -1835150.026987
924.623513 2326.376145 -7115.925436
UTC=2024-01-30T20:06:02.000000
-6042683.103669 -2825489.170154 -2672630.297777
1755.586968 2685.381462 -6824.061155
UTC=2024-01-30T20:08:02.000000
-5783179.350345 -2484477.802338 -3468705.076863
2564.699805 2988.438815 -6426.760781
UTC=2024-01-30T20:10:02.000000
-5428567.846613 -2110667.645926 -4211087.770334
3338.513484 3231.440858 -5930.383041
UTC=2024-01-30T20:12:02.000000
-4983865.189902 -1711452.806836 -4888346.997052
4064.125695 3411.462965 -5342.800902
UTC=2024-01-30T20:14:02.000000
-4455592.642297 -1294505.993690 -5490080.022672
4729.396001 3526.788992 -4673.259856
UTC=2024-01-30T20:16:02.000000
-3851672.534230 -867633.116856 -6007067.712524
5323.144511 3576.912848 -3932.211916
UTC=2024-01-30T20:18:02.000000
-3181302.431249 -438629.336679 -6431408.736259
5835.324057 3562.514043 -3131.138501
UTC=2024-01-30T20:20:02.000000
-2454809.971532 -15139.308854 -6756632.187384
6257.170661 3485.411995 -2282.367991
UTC=2024-01-30T20:22:02.000000
-1683490.808044 395475.837114 -6977788.056740
6581.334329 3348.500455 -1398.888296
UTC=2024-01-30T20:24:02.000000
-879432.555171 786262.852580 -7091515.045772
6801.981036 3155.670638 -494.159766
UTC=2024-01-30T20:26:02.000000
-55327.511480 1150791.074092 -7096086.150812
6914.879415 2911.724596 418.071493
UTC=2024-01-30T20:28:02.000000
775723.709751 1483255.485902 -6991432.004714
6917.465993 2622.270328 1323.952111
UTC=2024-01-30T20:30:02.000000
1600416.228254 1778567.279955 -6779143.105322
6808.908498 2293.618528 2209.705494
UTC=2024-01-30T20:32:02.000000
2405450.679193 2032431.194960 -6462448.413765
6590.133509 1932.663474 3061.831337
UTC=2024-01-30T20:34:02.000000
3177744.978388 2241407.967852 -6046170.888802
6263.834224 1546.755407 3867.296127
UTC=2024-01-30T20:36:02.000000
3904645.090391 2402961.022494 -5536660.228541
5834.447093 1143.566831 4613.716412
UTC=2024-01-30T20:38:02.000000
4574132.465368 2515487.186402 -4941704.187635
5308.119556 730.959205 5289.539806
UTC=2024-01-30T20:40:02.000000
5175025.772161 2578330.932052 -4270417.418407
4692.643167 316.840792 5884.234413
UTC=2024-01-30T20:42:02.000000
5697172.267140 2591781.279962 -3533108.383527
3997.349915 -90.978157 6388.462467
UTC=2024-01-30T20:44:02.000000
6131625.282088 2557051.464400 -2741126.652882
3232.987246 -484.927664 6794.235297
UTC=2024-01-30T20:46:02.000000
6470805.353321 2476241.652214 -1906691.667546
2411.563758 -857.819296 7095.068502
UTC=2024-01-30T20:48:02.000000
6708639.909761 2352284.750207 -1042704.365508
1546.152040 -1202.984591 7286.105344
UTC=2024-01-30T20:50:02.000000
6840678.509478 2188876.291239 -162545.900597
650.676989 -1514.402075 7364.214396
UTC=2024-01-30T20:52:02.000000
6864180.483861 1990389.577466 720134.030129
-260.333723 -1786.814989 7328.057094
UTC=2024-01-30T20:54:02.000000
6778172.200294 1761778.126704 1591633.630174
-1171.996446 -2015.823455 7178.106693
UTC=2024-01-30T20:56:02.000000
6583474.750754 1508467.929645 2438417.432961
-2069.330026 -2197.965827 6916.660526
UTC=2024-01-30T20:58:02.000000
6282698.751351 1236240.833343 3247333.157273
-2937.534259 -2330.780004 6547.796477
UTC=2024-01-30T21:00:02.000000
5880206.997044 951112.446196 4005821.165017
-3762.250375 -2412.836293 6077.300114
UTC=2024-01-30T21:02:02.000000
5382045.828147 659207.192948 4702113.208665
-4529.817798 -2443.750055 5512.553319
UTC=2024-01-30T21:04:02.000000
4795847.764458 366633.662593 5325416.103500
-5227.497466 -2424.166577 4862.404065
UTC=2024-01-30T21:06:02.000000
4130707.611683 79362.441352 5866079.196767
-5843.692367 -2355.733979 4137.017848
UTC=2024-01-30T21:08:02.000000
3397033.572886 -196891.119622 6315741.639478
-6368.137270 -2241.046134 3347.694755
UTC=2024-01-30T21:10:02.000000
2606378.120053 -456776.037929 6667457.538551
-6792.049779 -2083.569784 2506.687215
UTC=2024-01-30T21:12:02.000000
1771251.867801 -695405.714630 6915799.199545
-7108.264128 -1887.562870 1627.014526
UTC=2024-01-30T21:14:02.000000
904922.385199 -908447.302261 7056937.492830
-7311.347598 -1657.979764 722.265324
UTC=2024-01-30T21:16:02.000000
21200.901238 -1092198.830075 7088697.505718
-7397.682041 -1400.361622 -193.612978
UTC=2024-01-30T21:18:02.000000
-865778.750705 -1243652.717859 7010589.409934
-7365.515921 -1120.720699 -1106.517020
UTC=2024-01-30T21:20:02.000000
-1741786.103199 -1360544.997053 6823814.953363
-7214.992623 -825.416871 -2002.390962
UTC=2024-01-30T21:22:02.000000
-2592721.769273 -1441389.208235 6531249.762922
-6948.151742 -521.026919 -2867.424635
UTC=2024-01-30T21:24:02.000000
-3404844.241924 -1485494.679345 6137402.519315
-6568.915786 -214.216148 -3688.242861
UTC=2024-01-30T21:26:02.000000
-4164994.252940 -1492969.562885 5648350.540542
-6083.056296 88.388325 -4452.112597
UTC=2024-01-30T21:28:02.000000
-4860812.294831 -1464708.471813 5071650.304561
-5498.115932 380.328150 -5147.146760
UTC=2024-01-30T21:30:02.000000
-5480945.083930 -1402364.297607 4416224.291976
-4823.301542 655.445026 -5762.497262
UTC=2024-01-30T21:32:02.000000
-6015237.052578 -1308304.621334 3692225.346186
-4069.342076 908.006163 -6288.533991
UTC=2024-01-30T21:34:02.000000
-6454903.199444 -1185553.574394 2910880.946809
-3248.322320 1132.820008 -6717.000914
UTC=2024-01-30T21:36:02.000000
-6792681.029183 -1037720.528939 2084319.612650
-2373.499725 1325.340944 -7041.161082
UTC=2024-01-30T21:38:02.000000
-7022958.308620 -868916.760722 1225380.200876
-1459.079665 1481.763962 -7255.931599
UTC=2024-01-30T21:40:02.000000
-7141871.637235 -683661.726007 347407.536597
-519.961191 1599.102660 -7357.974624
UTC=2024-01-30T21:42:02.000000
-7147374.058072 -486781.055970 -535960.781744
428.525413 1675.248755 -7345.755618
UTC=2024-01-30T21:44:02.000000
-7039270.428454 -283298.578106 -1411012.690525
1370.893969 1709.012279 -7219.568917
UTC=2024-01-30T21:46:02.000000
-6819219.355280 -78324.859796 -2264180.430007
2291.778719 1700.138090 -6981.519011
UTC=2024-01-30T21:48:02.000000
-6490703.197587 123054.866696 -3082255.446905
3176.193891 1649.301988 -6635.480732
UTC=2024-01-30T21:50:02.000000
-6058966.154437 315891.480170 -3852597.055539
4009.805620 1558.091405 -6187.026275
UTC=2024-01-30T21:52:02.000000
-5530921.016998 495478.936312 -4563329.197677
4779.175267 1428.960993 -5643.306153
UTC=2024-01-30T21:54:02.000000
-4915028.608217 657454.749420 -5203521.933338
5471.975403 1265.170662 -5012.913879
UTC=2024-01-30T21:56:02.000000
-4221152.705599 797892.172998 -5763355.324623
6077.179711 1070.708407 -4305.728752
UTC=2024-01-30T21:58:02.000000
-3460394.028670 913382.090949 -6234263.711873
6585.223464 850.196962 -3532.746599
UTC=2024-01-30T22:00:02.000000
-2644906.713384 1001103.143592 -6609058.820042
6988.132626 608.792288 -2705.897736
UTC=2024-01-30T22:02:02.000000
-1787701.182694 1058879.464745 -6882031.235610
7279.626385 352.078633 -1837.869096
UTC=2024-01-30T22:04:02.000000
-902435.730895 1085225.325603 -7049029.694641
7455.197070 85.954155 -941.910297
UTC=2024-01-30T22:06:02.000000
-3200.879613 1079375.670167 -7107517.258179
7512.154223 -183.487605 -31.647032
UTC=2024-01-30T22:08:02.000000
895700.435518 1041302.507312 -7056605.895234
7449.652918 -450.075684 879.092791
UTC=2024-01-30T22:10:02.000000
1779976.037168 971716.994560 -6897069.868723
7268.718596 -707.682170 1776.466760
UTC=2024-01-30T22:12:02.000000
2635568.298949 872056.974755 -6631335.345066
6972.230149 -950.343343 2646.816460
UTC=2024-01-30T22:14:02.000000
3448874.643587 744460.246617 -6263446.984230
6564.884260 -1172.376575 3476.858012
UTC=2024-01-30T22:16:02.000000
4206961.965092 591723.762919 -5799011.727016
6053.130259 -1368.497674 4253.866721
UTC=2024-01-30T22:18:02.000000
4897772.407037 417249.198828 -5245120.878956
5445.091446 -1533.929319 4965.858649
UTC=2024-01-30T22:20:02.000000
5510318.394376 224975.983618 -4610250.037990
4750.462391 -1664.503166 5601.777875
UTC=2024-01-30T22:22:02.000000
6034863.091180 19302.346553 -3904136.642836
3980.368291 -1756.755651 6151.678252
UTC=2024-01-30T22:24:02.000000
6463082.380011 -195004.289263 -3137636.802450
3147.200283 -1808.009740 6606.887614
UTC=2024-01-30T22:26:02.000000
6788205.915327 -412906.003712 -2322563.077709
2264.429852 -1816.444502 6960.162907
UTC=2024-01-30T22:28:02.000000
7005133.857679 -629200.374822 -1471504.203630
1346.387850 -1781.145762 7205.831744
UTC=2024-01-30T22:30:02.000000
7110525.537933 -838631.310496 -597629.806138
408.021367 -1702.136927 7339.900532
UTC=2024-01-30T22:32:02.000000
7102858.215143 -1036002.532690 285516.111276
-535.361330 -1580.391995 7360.134655
UTC=2024-01-30T22:34:02.000000
6982454.367999 -1216291.366179 1164229.789535
-1468.361292 -1417.827031 7266.111402
UTC=2024-01-30T22:36:02.000000
6751476.126028 -1374760.210471 2024866.203606
-2375.761132 -1217.270514 7059.232684
UTC=2024-01-30T22:38:02.000000
6413887.032573 -1507063.049499 2854057.535287
-3242.801615 -982.409188 6742.709542
UTC=2024-01-30T22:40:02.000000
5975380.946282 -1609344.174975 3638926.684196
-4055.444031 -717.715307 6321.496417
UTC=2024-01-30T22:42:02.000000
5443281.088684 -1678327.542753 4367291.360907
-4800.610340 -428.361715 5802.201590
UTC=2024-01-30T22:44:02.000000
4826411.224926 -1711394.632781 5027855.595425
-5466.403300 -120.115101 5192.966413
UTC=2024-01-30T22:46:02.000000
4134942.422762 -1706648.680432 5610385.371699
-6042.294461 200.781832 4503.324211
UTC=2024-01-30T22:48:02.000000
3380218.532028 -1662964.573178 6105866.299993
-6519.291864 527.731834 3744.039065
UTC=2024-01-30T22:50:02.000000
2574563.464254 -1580023.667309 6506640.234699
-6890.070864 853.913066 2926.919908
UTC=2024-01-30T22:52:02.000000
1731075.131206 -1458332.843185 6806519.607803
-7149.071095 1172.410687 2064.636182
UTC=2024-01-30T22:54:02.000000
863408.869477 -1299227.551228 7000879.063460
-7292.572295 1476.353141 1170.521264
UTC=2024-01-30T22:56:02.000000
-14446.099090 -1104858.423285 7086722.789735
-7318.733559 1759.047637 258.366803
UTC=2024-01-30T22:58:02.000000
-888393.004480 -878162.008203 7062727.343788
-7227.602889 2014.109427 -657.779435
UTC=2024-01-30T23:00:02.000000
-1744453.615447 -622816.227691 6929260.446138
-7021.104078 2235.588224 -1563.812482
UTC=2024-01-30T23:02:02.000000
-2568991.402409 -343180.787813 6688375.790538
-6703.000218 2418.090672 -2445.770790
UTC=2024-01-30T23:04:02.000000
-3348929.010999 -44223.475427 6343783.954059
-6278.836671 2556.893761 -3290.034787
UTC=2024-01-30T23:06:02.000000
-4071957.578602 268566.614663 5900799.200432
-5755.860651 2648.048438 -4083.529867
UTC=2024-01-30T23:08:02.000000
-4726734.695079 589277.673209 5366261.844201
-5142.911398 2688.472859 -4813.929782
UTC=2024-01-30T23:10:02.000000
-5303067.433846 911684.119501 4748436.748599
-4450.283216 2676.031630 -5469.850123
UTC=2024-01-30T23:12:02.000000
-5792077.413889 1229364.245916 4056888.868845
-3689.560318 2609.600224 -6041.037354
UTC=2024-01-30T23:14:02.000000
-6186344.237718 1535824.331542 3302337.218388
-2873.425330 2489.108893 -6518.537272
UTC=2024-01-30T23:16:02.000000
-6480025.040192 1824626.889676 2496489.533926
-2015.451043 2315.566393 -6894.849885
UTC=2024-01-30T23:18:02.000000
-6668947.703187 2089520.322106 1651859.475058
-1129.870985 2091.060806 -7164.063638
UTC=2024-01-30T23:20:02.000000
-6750675.489222 2324567.510816 781568.975111
-231.331004 1818.739703 -7321.968922
UTC=2024-01-30T23:22:02.000000
-6724540.583750 2524270.286731 -100861.082141
665.376854 1502.760935 -7366.135410
UTC=2024-01-30T23:24:02.000000
-6591645.818916 2683686.567784 -981727.119883
1545.577995 1148.221363 -7295.952636
UTC=2024-01-30T23:26:02.000000
-6354834.849315 2798537.844246 -1847361.938641
2394.975534 761.067400 -7112.635759
UTC=2024-01-30T23:28:02.000000
-6018631.631648 2865304.879597 -2684352.750175
3199.903862 347.987243 -6819.202950
UTC=2024-01-30T23:30:02.000000
-5589149.804203 2881309.104350 -3479753.995142
3947.571385 -83.719125 -6420.408501
UTC=2024-01-30T23:32:02.000000
-5073974.909935 2844777.691307 -4221289.934124
4626.271021 -526.279521 -5922.643053
UTC=2024-01-30T23:34:02.000000
-4482022.898224 2754891.585944 -4897543.726754
5225.564745 -971.594933 -5333.807995
UTC=2024-01-30T23:36:02.000000
-3823378.274529 2611815.675206 -5498129.981104
5736.437218 -1411.390237 -4663.165999
UTC=2024-01-30T23:38:02.000000
-3109116.067334 2416711.021144 -6013848.335647
6151.411501 -1837.362281 -3921.177817
UTC=2024-01-30T23:40:02.000000
-2351111.558974 2171729.319800 -6436817.443934
6464.641601 -2241.328639 -3119.337450
UTC=2024-01-30T23:42:02.000000
-1561839.952513 1879989.428400 -6760587.902241
6671.982295 -2615.376525 -2269.983315
UTC=2024-01-30T23:44:02.000000
-754170.502983 1545536.660592 -6980232.011468
6771.013641 -2951.999891 -1386.109149
UTC=2024-01-30T23:46:02.000000
58841.205616 1173286.020955 -7092411.489311
6761.049060 -3244.231033 -481.179630
UTC=2024-01-30T23:48:02.000000
864160.411532 768950.299836 -7095423.050007
6643.119850 -3485.761158 431.048204
UTC=2024-01-30T23:50:02.000000
1648978.377230 338953.703193 -6989222.549587
6419.955289 -3671.062065 1336.713522
UTC=2024-01-30T23:52:02.000000
2400912.833234 -109668.565326 -6775425.330000
6095.921718 -3795.495039 2222.049696
UTC=2024-01-30T23:54:02.000000
3108200.131791 -569382.770179 -6457284.013895
5676.950643 -3855.405459 3073.566990
UTC=2024-01-30T23:56:02.000000
3759877.736043 -1032280.052570 -6039643.641787
5170.443518 -3848.208305 3878.245885
UTC=2024-01-30T23:58:02.000000
4345953.893601 -1490209.049823 -5528874.564149
4585.160528 -3772.458651 4623.713686
