UTC=2024-01-18T00:00:02.000000
-6187980.556656 3630312.638226 -366837.069277
1148.114101 1229.849428 -7357.048413
UTC=2024-01-18T00:02:02.000000
-6001783.152073 3748067.202131 -1244551.534131
1949.646622 727.909048 -7252.586822
UTC=2024-01-18T00:04:02.000000
-5721647.242331 3804026.650835 -2102958.740999
2711.659708 201.383890 -7035.705835
UTC=2024-01-18T00:06:02.000000
-5353052.135002 3795774.456257 -2928763.898834
3422.023938 -340.749390 -6709.956175
UTC=2024-01-18T00:08:02.000000
-4902873.455249 3721997.690856 -3709201.730399
4069.629502 -889.102524 -6280.597547
UTC=2024-01-18T00:10:02.000000
-4379249.581326 3582525.985098 -4432235.338344
4644.566786 -1434.050105 -5754.488825
UTC=2024-01-18T00:12:02.000000
-3791428.679153 3378349.637494 -5086740.369840
5138.271746 -1965.902138 -5139.956759
UTC=2024-01-18T00:14:02.000000
-3149599.821050 3111616.934133 -5662672.016190
5543.641695 -2475.076592 -4446.639758
UTC=2024-01-18T00:16:02.000000
-2464712.624189 2785611.414724 -6151212.892664
5855.116753 -2952.261637 -3685.330016
UTC=2024-01-18T00:18:02.000000
-1748287.774047 2404709.604132 -6544901.295333
6068.747177 -3388.579817 -2867.798257
UTC=2024-01-18T00:20:02.000000
-1012221.812051 1974319.563626 -6837737.041519
6182.219447 -3775.739414 -2006.601046
UTC=2024-01-18T00:22:02.000000
-268590.688135 1500802.426864 -7025264.784928
6194.855989 -4106.170435 -1114.898383
UTC=2024-01-18T00:24:02.000000
470545.544813 991377.892258 -7104635.166454
6107.593493 -4373.152888 -206.266739
UTC=2024-01-18T00:26:02.000000
1193334.520651 454015.268201 -7074644.171869
5922.951290 -4570.933140 705.479536
UTC=2024-01-18T00:28:02.000000
1888318.603751 -102689.415981 -6935749.796601
5644.975933 -4694.836270 1606.487856
UTC=2024-01-18T00:30:02.000000
2544613.221094 -669648.423350 -6690065.203652
5279.157972 -4741.355927 2483.054392
UTC=2024-01-18T00:32:02.000000
3152074.981669 -1237427.436853 -6341329.827385
4832.342825 -4708.234151 3321.811263
UTC=2024-01-18T00:34:02.000000
3701457.526304 -1796399.176164 -5894857.690949
4312.616067 -4594.522028 4109.911704
UTC=2024-01-18T00:36:02.000000
4184553.393034 -2336903.858908 -5357464.219423
3729.185667 -4400.634914 4835.212171
UTC=2024-01-18T00:38:02.000000
4594320.131142 -2849415.077293 -4737370.003050
3092.233258 -4128.382443 5486.467767
UTC=2024-01-18T00:40:02.000000
4924987.167042 -3324707.342677 -4044082.185398
2412.746845 -3780.968324 6053.509082
UTC=2024-01-18T00:42:02.000000
5172142.246541 -3754022.287424 -3288255.356804
1702.347096 -3362.968971 6527.408928
UTC=2024-01-18T00:44:02.000000
5332796.125469 -4129230.962384 -2481532.717104
973.096402 -2880.287956 6900.643487
UTC=2024-01-18T00:46:02.000000
5405423.133101 -4442988.704399 -1636368.994223
237.290227 -2340.078162 7167.231745
UTC=2024-01-18T00:48:02.000000
5389976.442464 -4688879.258750 -765838.151423
-492.756139 -1750.640835 7322.852048
UTC=2024-01-18T00:50:02.000000
5287877.140344 -4861545.015357 116571.438545
-1204.929631 -1121.294992 7364.931361
UTC=2024-01-18T00:52:02.000000
5101976.766280 -4956799.936208 997170.626017
-1887.538366 -462.218862 7292.703125
UTC=2024-01-18T00:54:02.000000
4836493.995203 -4971721.943175 1862287.900165
-2529.523323 215.731101 7107.228049
UTC=2024-01-18T00:56:02.000000
4496926.638457 -4904722.752573 2698487.851442
-3120.655052 901.214646 6811.374080
UTC=2024-01-18T00:58:02.000000
4089941.504378 -4755593.853367 3492785.270278
-3651.707588 1582.610155 6409.765911
UTC=2024-01-18T01:00:02.000000
3623244.311085 -4525527.761860 4232851.396362
-4114.615880 2248.224285 5908.703048
UTC=2024-01-18T01:02:02.000000
3105432.368909 -4217113.804125 4907208.293947
-4502.603612 2886.505641 5316.044863
UTC=2024-01-18T01:04:02.000000
2545833.869341 -3834308.607974 5505407.771884
-4810.279249 3486.250063 4641.069221
UTC=2024-01-18T01:06:02.000000
1954337.325878 -3382382.708703 6018192.382341
-5033.705597 4036.796068 3894.316471
UTC=2024-01-18T01:08:02.000000
1341214.104272 -2867843.902527 6437636.296966
-5170.442763 4528.213179 3087.407883
UTC=2024-01-18T01:10:02.000000
716937.972364 -2298339.501196 6757263.648559
-5219.557096 4951.466570 2232.856837
UTC=2024-01-18T01:12:02.000000
92004.943585 -1682539.499351 6972143.968341
-5181.606241 5298.570180 1343.873510
UTC=2024-01-18T01:14:02.000000
-523243.367804 -1030002.417217 7078964.114508
-5058.597907 5562.723520 434.170673
UTC=2024-01-18T01:16:02.000000
-1118790.509354 -351025.478305 7076076.559901
-4853.932535 5738.433415 -482.238139
UTC=2024-01-18T01:18:02.000000
-1685107.969020 343518.473942 6963523.314651
-4572.327731 5821.614961 -1391.241629
UTC=2024-01-18T01:20:02.000000
-2213307.655415 1042355.140730 6743035.394383
-4219.722302 5809.674113 -2278.834825
UTC=2024-01-18T01:22:02.000000
-2695281.933902 1733991.569555 6418007.875493
-3803.164970 5701.569242 -3131.321969
UTC=2024-01-18T01:24:02.000000
-3123829.300707 2406905.135383 5993450.844117
-3330.687187 5497.852881 -3935.514601
UTC=2024-01-18T01:26:02.000000
-3492764.162359 3049736.378288 5475916.652634
-2811.165095 5200.693158 -4678.930427
UTC=2024-01-18T01:28:02.000000
-3797009.140556 3651482.668330 4873403.213247
-2254.165946 4813.865507 -5349.990802
UTC=2024-01-18T01:30:02.000000
-4032668.094267 4201689.360301 4195234.343705
-1669.780907 4342.719930 -5938.206406
UTC=2024-01-18T01:32:02.000000
-4197078.364841 4690635.339679 3451918.300451
-1068.446369 3794.119078 -6434.354272
UTC=2024-01-18T01:34:02.000000
-4288841.044963 5109509.228980 2654985.824162
-460.756087 3176.343557 -6830.641894
UTC=2024-01-18T01:36:02.000000
-4307828.146492 5450572.047191 1816809.857278
142.733763 2498.962244 -7120.845280
UTC=2024-01-18T01:38:02.000000
-4255166.700413 5707302.744906 950410.577478
731.693334 1772.677450 -7300.416938
UTC=2024-01-18T01:40:02.000000
-4133200.544314 5874523.923160 69248.978678
1296.202860 1009.150236 -7366.569950
UTC=2024-01-18T01:42:02.000000
-3945430.032760 5948505.094887 -812988.384174
1826.937487 220.797826 -7318.338655
UTC=2024-01-18T01:44:02.000000
-3696430.155855 5927039.725773 -1682609.355220
2315.337877 -579.436943 -7156.594394
UTC=2024-01-18T01:46:02.000000
-3391749.254981 5809494.166834 -2526135.404121
2753.765402 -1378.321312 -6884.017701
UTC=2024-01-18T01:48:02.000000
-3037790.603604 5596828.370706 -3330515.136639
3135.627421 -2162.567866 -6505.034643
UTC=2024-01-18T01:50:02.000000
-2641680.978641 5291588.110581 -4083328.664271
3455.472607 -2919.072369 -6025.726581
UTC=2024-01-18T01:52:02.000000
-2211128.887095 4897869.286508 -4772979.285179
3709.067157 -3635.140519 -5453.708934
UTC=2024-01-18T01:54:02.000000
-1754275.540507 4421255.973670 -5388868.881836
3893.437484 -4298.696030 -4797.984643
UTC=2024-01-18T01:56:02.000000
-1279542.337302 3868734.738700 -5921555.585100
4006.889443 -4898.472396 -4068.795823
UTC=2024-01-18T01:58:02.000000
-795477.047738 3248586.132242 -6362892.638309
4049.009022 -5424.199274 -3277.455439
UTC=2024-01-18T02:00:02.000000
-310601.449718 2570255.069416 -6706145.702591
4020.636810 -5866.765287 -2436.158462
UTC=2024-01-18T02:02:02.000000
166736.346459 1844203.608751 -6946087.292595
3923.816571 -6218.349839 -1557.794276
UTC=2024-01-18T02:04:02.000000
628502.488401 1081748.820185 -7079069.307462
3761.730897 -6472.541974 -655.765239
UTC=2024-01-18T02:06:02.000000
1067109.684554 294887.422739 -7103073.179207
3538.625663 -6624.440315 256.203649
UTC=2024-01-18T02:08:02.000000
1475539.311199 -503890.580386 -7017737.166745
3259.715737 -6670.736833 1164.256226
UTC=2024-01-18T02:10:02.000000
1847451.326951 -1301796.744146 -6824360.531530
2931.077535 -6609.773044 2054.595667
UTC=2024-01-18T02:12:02.000000
2177281.017569 -2085944.633919 -6525885.482014
2559.537650 -6441.579395 2913.667417
UTC=2024-01-18T02:14:02.000000
2460321.794732 -2843553.955793 -6126857.081681
2152.550360 -6167.897420 3728.341081
UTC=2024-01-18T02:16:02.000000
2692792.936905 -3562156.848717 -5633361.469835
1718.070895 -5792.193206 4486.095910
UTC=2024-01-18T02:18:02.000000
2871891.433860 -4229803.849862 -5052940.432890
1264.413996 -5319.631625 5175.224554
UTC=2024-01-18T02:20:02.000000
2995826.070435 -4835264.002202 -4394482.815877
800.103510 -4757.011251 5785.010663
UTC=2024-01-18T02:22:02.000000
3063833.671759 -5368216.581201 -3668095.833906
333.724849 -4112.690607 6305.892058
UTC=2024-01-18T02:24:02.000000
3076177.397402 -5819432.676097 -2884956.406787
-126.227977 -3396.486983 6729.630700
UTC=2024-01-18T02:26:02.000000
3034126.441400 -6180941.807893 -2057142.767388
-571.506942 -2619.530482 7049.465404
UTC=2024-01-18T02:28:02.000000
2939917.457900 -6446179.602783 -1197449.400930
-994.261113 -1794.095786 7260.240216
UTC=2024-01-18T02:30:02.000000
2796697.801486 -6610113.393548 -319187.559252
-1387.187627 -933.399633 7358.513578
UTC=2024-01-18T02:32:02.000000
2608451.273977 -6669341.508250 564024.963290
-1743.669818 -51.369394 7342.625247
UTC=2024-01-18T02:34:02.000000
2379908.523906 -6622164.492219 1438479.866412
-2057.895531 837.592576 7212.732399
UTC=2024-01-18T02:36:02.000000
2116443.937596 -6468626.748612 2290597.649791
-2324.964939 1718.870062 6970.821880
UTC=2024-01-18T02:38:02.000000
1823960.666354 -6210525.953991 3107145.047603
-2540.976515 2577.900997 6620.667080
UTC=2024-01-18T02:40:02.000000
1508767.118113 -5851391.260805 3875445.373793
-2703.086147 3400.431797 6167.756937
UTC=2024-01-18T02:42:02.000000
1177447.506237 -5396431.249894 4583578.664895
-2809.544778 4172.765694 5619.195450
UTC=2024-01-18T02:44:02.000000
836729.589783 -4852453.057323 5220568.281437
-2859.709873 4881.994511 4983.579001
UTC=2024-01-18T02:46:02.000000
493351.969814 -4227754.184691 5776551.538139
-2854.039634 5516.223557 4270.849488
UTC=2024-01-18T02:48:02.000000
153933.951652 -3531988.433097 6242930.780072
-2794.056335 6064.773057 3492.118232
UTC=2024-01-18T02:50:02.000000
-175149.108434 -2776009.829750 6612502.481930
-2682.293365 6518.343798 2659.477609
UTC=2024-01-18T02:52:02.000000
-487883.057308 -1971698.534187 6879563.601002
-2522.223962 6869.153871 1785.812025
UTC=2024-01-18T02:54:02.000000
-778722.694871 -1131771.467719 7039995.344131
-2318.175708 7111.058010 884.609427
UTC=2024-01-18T02:56:02.000000
-1042688.618779 -269579.491149 7091323.852382
-2075.233967 7239.650711 -30.236935
UTC=2024-01-18T02:58:02.000000
-1275451.800804 601105.999474 7032756.366731
-1799.133726 7252.337953 -944.636344
UTC=2024-01-18T03:00:02.000000
-1473404.411649 1466313.392522 6865192.642176
-1496.139469 7148.382292 -1844.504861
UTC=2024-01-18T03:02:02.000000
-1633715.919708 2312095.113788 6591211.979016
-1172.920494 6928.923337 -2715.967628
UTC=2024-01-18T03:04:02.000000
-1754373.924259 3124752.943696 6215036.004776
-836.421057 6596.974781 -3545.561154
UTC=2024-01-18T03:06:02.000000
-1834209.125578 3891061.350340 5742467.192283
-493.725552 6157.393242 -4320.434085
UTC=2024-01-18T03:08:02.000000
-1872903.942145 4598485.490987 5180803.890927
-151.922767 5616.822880 -5028.538851
UTC=2024-01-18T03:10:02.000000
-1870984.954814 5235391.061868 4538732.070629
182.029953 4983.610977 -5658.828080
UTC=2024-01-18T03:12:02.000000
-1829798.809273 5791241.736901 3826194.154441
501.444516 4267.687147 -6201.437361
UTC=2024-01-18T03:14:02.000000
-1751472.178362 6256780.219560 3054236.885946
800.028769 3480.411323 -6647.852254
UTC=2024-01-18T03:16:02.000000
-1638856.880966 6624189.510283 2234840.132765
1072.010064 2634.396887 -6991.058735
UTC=2024-01-18T03:18:02.000000
-1495460.191120 6887231.159869 1380728.819923
1312.255468 1743.301630 -7225.672105
UTC=2024-01-18T03:20:02.000000
-1325361.775269 7041356.533285 505171.352132
1516.373221 821.590901 -7348.032166
UTC=2024-01-18T03:22:02.000000
-1133119.637923 7083788.997018 -378231.531775
1680.795434 -115.709318 -7356.269514
UTC=2024-01-18T03:24:02.000000
-923666.899979 7013575.476981 -1255764.613850
1802.848349 -1053.280222 -7250.350195
UTC=2024-01-18T03:26:02.000000
-702201.451242 6831604.043244 -2113818.765145
1880.797908 -1975.802747 -7032.069824
UTC=2024-01-18T03:28:02.000000
-474071.827941 6540587.354952 -2939107.444326
1913.868862 -2868.229319 -6704.997966
UTC=2024-01-18T03:30:02.000000
-244661.968849 6145014.842836 -3718875.149194
1902.245231 -3716.035614 -6274.401400
UTC=2024-01-18T03:32:02.000000
-19276.911051 5651075.288285 -4441095.444748
1847.053340 -4505.463196 -5747.145597
UTC=2024-01-18T03:34:02.000000
196968.187597 5066551.017064 -5094655.370525
1750.323705 -5223.747140 -5131.565859
UTC=2024-01-18T03:36:02.000000
399253.414516 4400686.389093 -5669522.954699
1614.935892 -5859.316643 -4437.317295
UTC=2024-01-18T03:38:02.000000
583151.758671 3664033.583768 -6156895.845823
1444.544921 -6401.973026 -3675.209353
UTC=2024-01-18T03:40:02.000000
744716.959814 2868278.704644 -6549329.091758
1243.492773 -6843.038077 -2857.024978
UTC=2024-01-18T03:42:02.000000
880560.227000 2026052.126103 -6840840.744415
1016.711876 -7175.468593 -1995.333409
UTC=2024-01-18T03:44:02.000000
987914.845397 1150726.796893 -7026995.167689
769.619239 -7393.945269 -1103.307058
UTC=2024-01-18T03:46:02.000000
1064687.609995 256206.870167 -7104964.275451
508.004295 -7494.943326 -194.534252
UTC=2024-01-18T03:48:02.000000
1109496.621245 -643290.600258 -7073566.013546
237.912412 -7476.778350 717.171972
UTC=2024-01-18T03:50:02.000000
1121694.696088 -1533457.845579 -6933279.639301
-34.476275 -7339.622994 1617.967328
UTC=2024-01-18T03:52:02.000000
1101378.468078 -2400118.986329 -6686238.513747
-302.964474 -7085.500688 2494.156960
UTC=2024-01-18T03:54:02.000000
1049383.372087 -3229451.333989 -6336201.631560
-561.456635 -6718.271923 3332.372494
UTC=2024-01-18T03:56:02.000000
967263.934860 -4008204.242489 -5888502.849572
-804.083684 -6243.600616 4119.768685
UTC=2024-01-18T03:58:02.000000
857259.637121 -4723911.184693 -5349976.249691
-1025.317160 -5668.876422 4844.217053
UTC=2024-01-18T04:00:02.000000
722247.331139 -5365091.284209 -4728859.509690
-1220.081582 -5003.120441 5494.482517
UTC=2024-01-18T04:02:02.000000
565680.249216 -5921438.422792 -4034675.825000
-1383.863296 -4256.868217 6060.405298
UTC=2024-01-18T04:04:02.000000
391514.604499 -6383994.047531 -3278094.251253
-1512.808322 -3442.015261 6533.074577
UTC=2024-01-18T04:06:02.000000
204125.171332 -6745299.804717 -2470770.464837
-1603.807735 -2571.638081 6904.982102
UTC=2024-01-18T04:08:02.000000
8211.382091 -6999527.375091 -1625169.736683
-1654.570579 -1659.790293 7170.165578
UTC=2024-01-18T04:10:02.000000
-191304.441390 -7142581.716017 -754373.928318
-1663.680796 -721.264735 7324.327536
UTC=2024-01-18T04:12:02.000000
-389384.508794 -7172174.571085 128123.676005
-1630.634612 228.662004 7364.919778
UTC=2024-01-18T04:14:02.000000
-580986.299552 -7087866.689622 1008631.722556
-1555.858242 1174.494122 7291.195768
UTC=2024-01-18T04:16:02.000000
-761174.214937 -6891077.916133 1873478.782988
-1440.705275 2100.789025 7104.235522
UTC=2024-01-18T04:18:02.000000
-925229.604551 -6585064.018751 2709232.191833
-1287.431860 2992.436713 6806.932921
UTC=2024-01-18T04:20:02.000000
-1068756.390674 -6174860.336812 3502913.031489
-1099.147992 3834.932514 6403.944699
UTC=2024-01-18T04:22:02.000000
-1187779.704271 -5667193.496879 4242202.462707
-879.752459 4614.632638 5901.597021
UTC=2024-01-18T04:24:02.000000
-1278836.053466 -5070364.355766 4915635.190351
-633.854139 5318.979410 5307.768546
UTC=2024-01-18T04:26:02.000000
-1339052.748683 -4394105.363129 5512777.858845
-366.674037 5936.702357 4631.756051
UTC=2024-01-18T04:28:02.000000
-1366215.124739 -3649414.826160 6024390.233879
-83.939327 6458.003843 3884.119179
UTC=2024-01-18T04:30:02.000000
-1358820.154645 -2848370.524174 6442565.688844
208.237566 6874.711001 3076.492426
UTC=2024-01-18T04:32:02.000000
-1316115.142422 -2003928.161280 6760848.633065
503.484059 7180.379332 2221.394676
UTC=2024-01-18T04:34:02.000000
-1238121.572073 -1129708.794169 6974329.706433
795.290385 7370.377857 1332.045941
UTC=2024-01-18T04:36:02.000000
-1125644.068233 -239776.883762 7079717.984907
1077.135272 7441.954717 422.165292
UTC=2024-01-18T04:38:02.000000
-980263.984851 651587.055354 7075388.645073
1342.616627 7394.263580 -494.230396
UTC=2024-01-18T04:40:02.000000
-804317.178606 1530115.816515 6961406.792117
1585.583069 7228.371699 -1403.027142
UTC=2024-01-18T04:42:02.000000
-600856.306006 2381784.158623 6739526.689355
1800.259681 6947.238777 -2290.220464
UTC=2024-01-18T04:44:02.000000
-373598.443511 3193033.241486 6413166.372075
1981.366838 6555.668230 -3142.118581
UTC=2024-01-18T04:46:02.000000
-126858.946520 3950987.876478 5987358.125925
2124.230714 6060.237157 -3945.543150
UTC=2024-01-18T04:48:02.000000
134527.561857 4643663.698935 5468674.774172
2224.887350 5469.196541 -4688.028746
UTC=2024-01-18T04:50:02.000000
405298.166836 5260161.011073 4865132.757634
2280.177316 4792.351952 -5358.013209
UTC=2024-01-18T04:52:02.000000
679863.090215 5790842.547882 4186071.752964
2287.822959 4040.906939 -5945.035747
UTC=2024-01-18T04:54:02.000000
952415.118181 6227489.923552 3442012.877725
2246.488309 3227.279348 -6439.888131
UTC=2024-01-18T04:56:02.000000
1217046.334078 6563439.895570 2644498.791629
2155.838562 2364.934226 -6834.789047
UTC=2024-01-18T04:58:02.000000
1467869.670009 6793694.551092 1805911.622135
2016.555613 1468.118070 -7123.543643
UTC=2024-01-18T05:00:02.000000
1699141.073895 6915000.525298 939276.997959
1830.340890 551.618329 -7301.640117
UTC=2024-01-18T05:02:02.000000
1905380.972982 6925898.036406 58056.584059
1599.895267 -369.504027 -7366.332399
UTC=2024-01-18T05:04:02.000000
2081491.706205 6826737.748610 -824066.718958
1328.873625 -1280.180233 -7316.684121
UTC=2024-01-18T05:06:02.000000
2222868.310533 6619665.805371 -1693406.965683
1021.820682 -2165.598020 -7153.580122
UTC=2024-01-18T05:08:02.000000
2325500.556728 6308577.477824 -2536492.820345
684.088510 -3011.459984 -6879.706393
UTC=2024-01-18T05:10:02.000000
2386063.923648 5899040.335676 -3340280.857304
321.735331 -3804.232186 -6499.497193
UTC=2024-01-18T05:12:02.000000
2401997.494624 5398188.424351 -4092360.454105
-58.591083 -4531.377847 -6019.047030
UTC=2024-01-18T05:14:02.000000
2371566.974498 4814589.952202 -4781145.900544
-449.783954 -5181.561921 -5445.987361
UTC=2024-01-18T05:16:02.000000
2293911.636163 4158092.579469 -5396052.360835
-844.413373 -5744.820998 -4789.342399
UTC=2024-01-18T05:18:02.000000
2169074.864704 3439650.226924 -5927653.598888
-1234.863913 -6212.701612 -4059.371131
UTC=2024-01-18T05:20:02.000000
1998017.927438 2671134.792473 -6367820.148722
-1613.476991 -6578.374208 -3267.397066
UTC=2024-01-18T05:22:02.000000
1782616.657078 1865136.134691 -6709835.893933
-1972.690940 -6836.712233 -2425.621165
UTC=2024-01-18T05:24:02.000000
1525641.860064 1034754.683277 -6948492.279365
-2305.173167 -6984.339031 -1546.938502
UTC=2024-01-18T05:26:02.000000
1230723.782395 193389.583689 -7080160.622776
-2603.954820 -7019.654978 -644.753809
UTC=2024-01-18T05:28:02.000000
902300.528347 -645474.979827 -7102841.901895
-2862.561402 -6942.841303 267.209125
UTC=2024-01-18T05:30:02.000000
545551.463222 -1468482.367206 -7016193.309491
-3075.131681 -6755.835600 1175.102116
UTC=2024-01-18T05:32:02.000000
166317.064165 -2262611.438562 -6821532.168193
-3236.526261 -6462.283170 2065.133263
UTC=2024-01-18T05:34:02.000000
-228994.212378 -3015378.424345 -6521818.691559
-3342.436195 -6067.485940 2923.745067
UTC=2024-01-18T05:36:02.000000
-633511.603229 -3715031.524633 -6121615.831134
-3389.479240 -5578.324329 3737.815440
UTC=2024-01-18T05:38:02.000000
-1040018.054862 -4350733.930718 -5627025.875021
-3375.278965 -5003.149734 4494.840302
UTC=2024-01-18T05:40:02.000000
-1441075.364669 -4912733.560447 -5045605.418283
-3298.536872 -4351.668120 5183.116689
UTC=2024-01-18T05:42:02.000000
-1829157.079248 -5392517.279688 -4386257.968446
-3159.088244 -3634.796321 5791.929579
UTC=2024-01-18T05:44:02.000000
-2196786.838497 -5782946.235024 -3659104.620434
-2957.936467 -2864.491901 6311.729318
UTC=2024-01-18T05:46:02.000000
-2536679.472681 -6078369.483270 -2875334.297366
-2697.264887 -2053.562706 6734.294238
UTC=2024-01-18T05:48:02.000000
-2841882.241799 -6274713.787856 -2047035.379629
-2380.427084 -1215.460142 7052.878486
UTC=2024-01-18T05:50:02.000000
-3105913.471488 -6369547.552621 -1187010.525604
-2011.912717 -364.054335 7262.343483
UTC=2024-01-18T05:52:02.000000
-3322895.473676 -6362116.601403 -308577.085235
-1597.285776 486.609747 7359.264599
UTC=2024-01-18T05:54:02.000000
-3487678.350468 -6253350.042172 574643.169077
-1143.095449 1322.563969 7342.001428
UTC=2024-01-18T05:56:02.000000
-3595951.833758 -6045836.118012 1448940.689419
-656.766324 2130.165585 7210.735148
UTC=2024-01-18T05:58:02.000000
-3644342.657094 -5743768.314562 2300737.319822
-146.466779 2896.343792 6967.471449
UTC=2024-01-18T06:00:02.000000
-3630494.973429 -5352862.581912 3116803.332310
379.040472 3608.831533 6616.002598
UTC=2024-01-18T06:02:02.000000
-3553132.129964 -4880248.132117 3884467.974899
910.559251 4256.374827 6161.838680
UTC=2024-01-18T06:04:02.000000
-3412098.581989 -4334334.303477 4591819.977841
1438.629336 4828.921867 5612.108594
UTC=2024-01-18T06:06:02.000000
-3208381.173497 -3724656.187581 5227894.312617
1953.700176 5317.786245 4975.430139
UTC=2024-01-18T06:08:02.000000
-2944109.465566 -3061702.752620 5782841.896389
2446.306523 5715.775006 4261.757731
UTC=2024-01-18T06:10:02.000000
-2622535.055948 -2356731.628919 6248079.944790
2907.240761 6017.282965 3482.212894
UTC=2024-01-18T06:12:02.000000
-2247990.806979 -1621574.386598 6616421.543766
3327.716425 6218.359239 2648.908803
UTC=2024-01-18T06:14:02.000000
-1825830.581099 -868434.913100 6882183.438895
3699.529910 6316.755221 1774.758565
UTC=2024-01-18T06:16:02.000000
-1362350.236492 -109684.155724 7041269.146607
4015.206650 6311.931677 873.260326
UTC=2024-01-18T06:18:02.000000
-864692.546523 642343.430410 7091227.431258
4268.127301 6205.031927 -41.693413
UTC=2024-01-18T06:20:02.000000
-340736.825605 1375550.116365 7031288.188003
4452.656079 5998.850590 -956.010876
UTC=2024-01-18T06:22:02.000000
201026.090115 2078269.748526 6862373.917422
4564.254289 5697.774009 -1855.608251
UTC=2024-01-18T06:24:02.000000
751631.478516 2739453.873769 6587086.295196
4599.576842 5307.694086 -2726.617150
UTC=2024-01-18T06:26:02.000000
1301788.744078 3348846.161369 6209668.354234
4556.549211 4835.902814 -3555.582716
UTC=2024-01-18T06:28:02.000000
1842037.732255 3897143.495350 5735942.943146
4434.428671 4290.973317 -4329.662740
UTC=2024-01-18T06:30:02.000000
2362911.394961 4376141.473495 5173227.386115
4233.849232 3682.619416 -5036.824273
UTC=2024-01-18T06:32:02.000000
2855102.603782 4778861.712989 4530224.501541
3956.842432 3021.530826 -5666.040644
UTC=2024-01-18T06:34:02.000000
3309631.325870 5099657.911308 3816891.060292
3606.824818 2319.188669 -6207.465799
UTC=2024-01-18T06:36:02.000000
3718009.534879 5334299.987461 3044286.588880
3188.575636 1587.684748 -6652.595153
UTC=2024-01-18T06:38:02.000000
4072402.077593 5480035.007241 2224401.726543
2708.181200 839.504734 -6994.441137
UTC=2024-01-18T06:40:02.000000
4365777.164633 5535619.888425 1369968.705906
2172.927176 87.292570 -7227.645014
UTC=2024-01-18T06:42:02.000000
4592044.144571 5501328.104895 494260.332998
1591.193239 -656.357597 -7348.574061
UTC=2024-01-18T06:44:02.000000
4746176.327865 5378929.309768 -389122.392947
972.305197 -1379.143791 -7355.396975
UTC=2024-01-18T06:46:02.000000
4824314.772605 5171640.642159 -1266467.784345
326.371870 -2069.277789 -7248.101749
UTC=2024-01-18T06:48:02.000000
4823851.729174 4884052.790011 -2124171.857892
-335.893909 -2715.688368 -7028.492127
UTC=2024-01-18T06:50:02.000000
4743491.586682 4522032.380228 -2948954.297970
-1003.368948 -3308.211281 -6700.149674
UTC=2024-01-18T06:52:02.000000
4583288.017982 4092602.718138 -3728067.822870
-1664.723147 -3837.759156 -6268.361637
UTC=2024-01-18T06:54:02.000000
4344656.405175 3603805.674676 -4449496.675506
-2308.624423 -4296.464281 -5740.012389
UTC=2024-01-18T06:56:02.000000
4030362.355890 3064548.313788 -5102140.681661
-2923.933611 -4677.791177 -5123.454312
UTC=2024-01-18T06:58:02.000000
3644486.926451 2484437.646604 -5675982.644894
-3499.897200 -4976.620928 -4428.358011
UTC=2024-01-18T07:00:02.000000
3192369.233784 1873607.089316 -6162236.599951
-4026.330346 -5189.305787 -3665.544062
UTC=2024-01-18T07:02:02.000000
2680527.946946 1242538.082472 -6553475.081390
-4493.785611 -5313.694940 -2846.802755
UTC=2024-01-18T07:04:02.000000
2116563.544449 601880.373298 -6843734.275338
-4893.703466 -5349.131350 -1984.706763
UTC=2024-01-18T07:06:02.000000
1509043.758940 -37725.855629 -7028596.898378
-5218.543764 -5296.425996 -1092.429865
UTC=2024-01-18T07:08:02.000000
867373.431205 -665824.020203 -7105253.618580
-5461.916382 -5157.820094 -183.564419
UTC=2024-01-18T07:10:02.000000
201649.582316 -1272309.215695 -7072541.153586
-5618.690016 -4936.920391 728.080006
UTC=2024-01-18T07:12:02.000000
-477494.820296 -1847587.094879 -6930957.257696
-5685.077592 -4638.615191 1628.658118
UTC=2024-01-18T07:14:02.000000
-1159057.163164 -2382722.510971 -6682654.293548
-5658.717921 -4268.987658 2504.470559
UTC=2024-01-18T07:16:02.000000
-1831840.159093 -2869576.829793 -6331409.931740
-5538.735046 -3835.209702 3342.160273
UTC=2024-01-18T07:18:02.000000
-2484632.444139 -3300931.145188 -5882574.963699
-5325.775703 -3345.417350 4128.895050
UTC=2024-01-18T07:20:02.000000
-3106393.055697 -3670594.395000 -5342999.585329
-5022.036636 -2808.583191 4852.548311
UTC=2024-01-18T07:22:02.000000
-3686438.051712 -3973495.282435 -4720937.182501
-4631.268816 -2234.370897 5501.892316
UTC=2024-01-18T07:24:02.000000
-4214625.399786 -4205755.418794 -4025925.371787
-4158.745857 -1632.970752 6066.779421
UTC=2024-01-18T07:26:02.000000
-4681534.707482 -4364742.375043 -3268646.266880
-3611.210517 -1014.929277 6538.310004
UTC=2024-01-18T07:28:02.000000
-5078638.868590 -4449101.664022 -2460766.954726
-2996.791296 -390.967752 6908.992720
UTC=2024-01-18T07:30:02.000000
-5398463.703484 -4458766.347114 -1614761.917344
-2324.886867 228.207828 7172.883429
UTC=2024-01-18T07:32:02.000000
-5634732.019765 -4394943.757369 -743720.244795
-1606.022032 832.097342 7325.699774
UTC=2024-01-18T07:34:02.000000
-5782488.808390 -4260079.405504 138859.305554
-851.678111 1410.595605 7364.908579
UTC=2024-01-18T07:36:02.000000
-5838204.578980 -4057798.580120 1019282.100175
-74.097590 1954.174934 7289.785891
UTC=2024-01-18T07:38:02.000000
-5799853.698147 -3792826.323446 1883876.558992
713.935864 2454.062264 7101.439725
UTC=2024-01-18T07:40:02.000000
-5666965.500648 -3470887.120309 2719213.072076
1499.328561 2902.397392 6802.788173
UTC=2024-01-18T07:42:02.000000
-5440647.491531 -3098587.233724 3512318.220176
2268.910365 3292.364047 6398.505227
UTC=2024-01-18T07:44:02.000000
-5123580.397597 -2683282.568975 4250880.967970
3009.670902 3618.301868 5894.940331
UTC=2024-01-18T07:46:02.000000
-4719984.729819 -2232934.329552 4923446.920087
3708.995497 3875.794352 5299.997930
UTC=2024-01-18T07:48:02.000000
-4235560.164542 -1755956.375441 5519596.181431
4354.879961 4061.719653 4622.990202
UTC=2024-01-18T07:50:02.000000
-3677400.291038 -1261058.124816 6030103.191247
4936.129208 4174.276688 3874.484406
UTC=2024-01-18T07:52:02.000000
-3053883.850505 -757085.298298 6447077.441043
5442.550534 4212.994426 3066.133475
UTC=2024-01-18T07:54:02.000000
-2374543.617883 -252861.096624 6764082.233327
5865.129773 4178.713361 2210.480594
UTC=2024-01-18T07:56:02.000000
-1649915.946726 242968.373900 6976229.261713
6196.176157 4073.533832 1320.756239
UTC=2024-01-18T07:58:02.000000
-891374.647570 722081.386259 7080249.455116
6429.441618 3900.750765 410.684858
UTC=2024-01-18T08:00:02.000000
-110951.377252 1176619.591108 7074540.396428
6560.226160 3664.777729 -505.714206
UTC=2024-01-18T08:02:02.000000
678855.465801 1599316.725896 6959189.564111
6585.463425 3371.052400 -1414.329202
UTC=2024-01-18T08:04:02.000000
1465280.901591 1983615.083901 6735973.074726
6503.785102 3025.926310 -2301.162545
UTC=2024-01-18T08:06:02.000000
2235499.588623 2323767.722208 6408329.784115
6315.557790 2636.539241 -3152.532082
UTC=2024-01-18T08:08:02.000000
2976835.263493 2614925.267498 5981311.734909
6022.901347 2210.688563 -3955.266497
UTC=2024-01-18T08:10:02.000000
3676971.210064 2853206.495361 5461510.738621
5629.684309 1756.688069 -4696.908623
UTC=2024-01-18T08:12:02.000000
4324157.787591 3035751.308526 4856960.636634
5141.479228 1283.217174 -5365.912768
UTC=2024-01-18T08:14:02.000000
4907413.052300 3160755.269202 4177017.213365
4565.497391 799.164531 -5951.820530
UTC=2024-01-18T08:16:02.000000
5416715.058323 3227485.254973 3432216.989988
3910.509554 313.468644 -6445.444775
UTC=2024-01-18T08:18:02.000000
5843180.663802 3236274.865991 2634113.739659
3186.696836 -165.058377 -6839.039524
UTC=2024-01-18T08:20:02.000000
6179225.244000 3188499.825335 1795098.187073
2405.493528 -627.885658 -7126.423567
UTC=2024-01-18T08:22:02.000000
6418702.481644 3086534.665814 928202.725119
1579.402905 -1066.923908 -7303.100849
UTC=2024-01-18T08:24:02.000000
6557019.735410 2933690.395724 46893.725965
721.777618 -1474.679023 -7366.345335
UTC=2024-01-18T08:26:02.000000
6591225.743402 2734134.483211 -835144.022515
-153.420074 -1844.393287 -7315.247256
UTC=2024-01-18T08:28:02.000000
6520068.715539 2492795.012143 -1704225.869981
-1031.868683 -2170.163943 -7150.715789
UTC=2024-01-18T08:30:02.000000
6344024.921061 2215252.477042 -2546884.516160
-1899.130845 -2447.035779 -6875.460435
UTC=2024-01-18T08:32:02.000000
6065296.951011 1907620.692282 -3350083.520502
-2740.915200 -2671.087314 -6493.939149
UTC=2024-01-18T08:34:02.000000
5687781.068842 1576419.109969 -4101421.794494
-3543.326124 -2839.486678 -6012.266426
UTC=2024-01-18T08:36:02.000000
5217005.007799 1228439.918245 -4789325.634768
-4293.107575 -2950.522760 -5438.094223
UTC=2024-01-18T08:38:02.000000
4660037.811135 870613.237038 -5403224.353433
-4977.860099 -3003.606000 -4780.461861
UTC=2024-01-18T08:40:02.000000
4025375.433303 509873.477521 -5933707.466746
-5586.232245 -2999.249797 -4049.639659
UTC=2024-01-18T08:42:02.000000
3322804.221194 153029.119207 -6372662.409652
-6108.096862 -2939.031423 -3256.960168
UTC=2024-01-18T08:44:02.000000
2563244.469762 -193361.719304 -6713391.108844
-6534.704450 -2825.535640 -2414.633752
UTC=2024-01-18T08:46:02.000000
1758577.667826 -523107.981563 -6950703.988960
-6858.802638 -2662.281987 -1535.561518
UTC=2024-01-18T08:48:02.000000
921460.460636 -830492.870157 -7080992.076626
-7074.741846 -2453.640169 -633.154742
UTC=2024-01-18T08:50:02.000000
65126.682588 -1110370.023180 -7102276.610663
-7178.562770 -2204.729832 278.860716
UTC=2024-01-18T08:52:02.000000
-796818.840287 -1358247.069993 -7014235.371645
-7168.049465 -1921.313307 1186.631293
UTC=2024-01-18T08:54:02.000000
-1650612.271831 -1570356.178041 -6818207.124567
-7042.773651 -1609.684553 2076.359610
UTC=2024-01-18T08:56:02.000000
-2482546.738612 -1743710.658289 -6517173.186835
-6804.113195 -1276.547564 2934.499446
UTC=2024-01-18T08:58:02.000000
-3279188.602583 -1876146.554585 -6115716.089261
-6455.241351 -928.890014 3747.938804
UTC=2024-01-18T09:00:02.000000
-4027591.969396 -1966349.315344 -5619956.968295
-6001.110228 -573.859723 4504.177824
UTC=2024-01-18T09:02:02.000000
-4715509.926818 -2013865.138760 -5037470.468446
-5448.405971 -218.632127 5191.523476
UTC=2024-01-18T09:04:02.000000
-5331597.890635 -2019096.205134 -4377176.743204
-4805.465670 129.723933 5799.272750
UTC=2024-01-18T09:06:02.000000
-5865605.709764 -1983279.970378 -3649212.205043
-4082.173060 464.377953 6317.886726
UTC=2024-01-18T09:08:02.000000
-6308555.372293 -1908452.679079 -2864779.551466
-3289.820496 778.868970 6739.159648
UTC=2024-01-18T09:10:02.000000
-6652900.022469 -1797397.362417 -2035978.661473
-2440.937606 1067.231843 7056.367084
UTC=2024-01-18T09:12:02.000000
-6892660.872317 -1653577.228837 -1175620.964059
-1549.093844 1324.113897 7264.393961
UTC=2024-01-18T09:14:02.000000
-7023538.724399 -1481055.713514 -297029.815142
-628.673546 1544.881000 7359.837943
UTC=2024-01-18T09:16:02.000000
-7042997.113945 -1284404.434261 586169.682746
305.371889 1725.711502 7341.081370
UTC=2024-01-18T09:18:02.000000
-6950314.562968 -1068601.166784 1460267.418426
1237.789052 1863.667998 7208.328407
UTC=2024-01-18T09:20:02.000000
-6746604.525749 -838920.388383 2311687.348138
2153.294732 1956.750047 6963.606461
UTC=2024-01-18T09:22:02.000000
-6434802.606675 -600818.678766 3127204.553113
3036.847995 2003.926899 6610.731764
UTC=2024-01-18T09:24:02.000000
-6019621.328969 -359817.373479 3894156.224505
3873.919067 2005.150061 6155.242499
UTC=2024-01-18T09:26:02.000000
-5507473.036237 -121385.283857 4600642.393402
4650.748429 1961.338923 5604.293768
UTC=2024-01-18T09:28:02.000000
-4906363.362123 109175.549545 5235712.054102
5354.576616 1874.346885 4966.522641
UTC=2024-01-18T09:30:02.000000
-4225758.772191 326839.146299 5789532.169276
5973.848347 1746.911441 4251.899230
UTC=2024-01-18T09:32:02.000000
-3476430.613344 526957.613170 6253538.038386
6498.400668 1582.583210 3471.562865
UTC=2024-01-18T09:34:02.000000
-2670278.090193 705353.633670 6620562.603442
6919.622135 1385.638979 2637.636899
UTC=2024-01-18T09:36:02.000000
-1820134.152490 858401.921674 6884943.257342
7230.582017 1160.986095 1763.039537
UTC=2024-01-18T09:38:02.000000
-939557.250004 983098.680465 7042605.008068
7426.132549 914.056463 861.278150
UTC=2024-01-18T09:40:02.000000
-42613.190905 1077117.630984 7091119.073463
7502.975177 650.690368 -53.750366
UTC=2024-01-18T09:42:02.000000
856349.838681 1138851.824593 7029737.778090
7459.708203 377.016200 -967.957828
UTC=2024-01-18T09:44:02.000000
1742930.596907 1167440.881707 6859405.408144
7296.850783 99.327313 -1867.267075
UTC=2024-01-18T09:46:02.000000
2602905.338860 1162783.133512 6582744.732642
7016.839454 -176.045733 -2737.813643
UTC=2024-01-18T09:48:02.000000
3422456.656488 1125532.448120 6204019.543712
6624.004326 -442.862479 -3566.145894
UTC=2024-01-18T09:50:02.000000
4188397.762469 1057079.803909 5729072.596848
6124.512180 -695.098915 -4339.433201
UTC=2024-01-18T09:52:02.000000
4888387.665910 959519.917070 5165239.512948
5526.277282 -927.070472 -5045.655203
UTC=2024-01-18T09:54:02.000000
5511134.986764 835603.297121 4521240.486038
4838.859550 -1133.550778 -5673.788664
UTC=2024-01-18T09:56:02.000000
6046587.424422 688674.674041 3807048.923786
4073.322866 -1309.879717 -6214.000379
UTC=2024-01-18T09:58:02.000000
6486101.738869 522599.006404 3033738.163185
3242.054968 -1452.062923 -6657.818083
UTC=2024-01-18T10:00:02.000000
6822590.404373 341676.037558 2213309.314694
2358.562152 -1556.862153 -6998.272051
UTC=2024-01-18T10:02:02.000000
7050643.046525 150545.077347 1358503.336916
1437.250414 -1621.866057 -7230.022166
UTC=2024-01-18T10:04:02.000000
7166619.209797 -45917.481513 482598.999491
493.169410 -1645.542217 -7349.457273
UTC=2024-01-18T10:06:02.000000
7168710.102112 -242706.015820 -400798.776303
-458.248536 -1627.273497 -7354.762581
UTC=2024-01-18T10:08:02.000000
7056967.631832 -434796.590193 -1277976.879620
-1401.470501 -1567.372289 -7245.950375
UTC=2024-01-18T10:10:02.000000
6833299.939454 -617258.217208 -2135333.072100
-2321.138510 -1467.072270 -7024.852646
UTC=2024-01-18T10:12:02.000000
6501433.925508 -785361.952115 -2959592.152639
-3202.341665 -1328.500941 -6695.077817
UTC=2024-01-18T10:14:02.000000
6066846.099654 -934685.478687 -3738014.945431
-4030.872378 -1154.631506 -6261.936344
UTC=2024-01-18T10:16:02.000000
5536663.578202 -1061210.700543 -4458596.545080
-4793.466191 -949.214875 -5732.335457
UTC=2024-01-18T10:18:02.000000
4919537.861776 -1161412.142612 -5110250.137957
-5478.013521 -716.695688 -5114.645654
UTC=2024-01-18T10:20:02.000000
4225495.063078 -1232334.746085 -5682973.831951
-6073.742750 -462.120201 -4418.552467
UTC=2024-01-18T10:22:02.000000
3465765.428108 -1271660.026989 -6167998.627279
-6571.380581 -191.033364 -3654.888965
UTC=2024-01-18T10:24:02.000000
2652595.705582 -1277759.043408 -6557915.326423
-6963.276239 90.637576 -2835.455377
UTC=2024-01-18T10:26:02.000000
1799048.537366 -1249731.001065 -6846779.775873
-7243.496524 376.703832 -1972.838130
UTC=2024-01-18T10:28:02.000000
918791.797983 -1187427.630044 -7030195.946669
-7407.896608 660.831733 -1080.221476
UTC=2024-01-18T10:30:02.000000
25881.089274 -1091463.254941 -7105376.474673
-7454.165044 936.666307 -171.200611
UTC=2024-01-18T10:32:02.000000
-865461.685949 -963209.881073 -7071180.505751
-7381.842352 1197.954160 740.408633
UTC=2024-01-18T10:34:02.000000
-1741070.725457 -804777.832415 -6928129.132123
-7192.322066 1438.664135 1640.754977
UTC=2024-01-18T10:36:02.000000
-2587057.602401 -618981.730466 -6678397.937321
-6888.826413 1653.108267 2516.147223
UTC=2024-01-18T10:38:02.000000
-3390027.623982 -409292.542549 -6325786.569907
-6476.352213 1836.053886 3353.237377
UTC=2024-01-18T10:40:02.000000
-4137289.379729 -179776.363432 -5875667.096905
-5961.613666 1982.832694 4139.198458
UTC=2024-01-18T10:42:02.000000
-4817056.057555 64979.559699 -5334909.664720
-5352.954410 2089.443119 4861.921274
UTC=2024-01-18T10:44:02.000000
-5418633.962843 319952.325319 -4711785.473455
-4660.229521 2152.640234 5510.192915
UTC=2024-01-18T10:46:02.000000
-5932596.280437 579779.340698 -4015848.559931
-3894.673364 2170.020791 6073.876577
UTC=2024-01-18T10:48:02.000000
-6350938.691513 838863.606646 -3257795.901638
-3068.729262 2140.090802 6544.087277
UTC=2024-01-18T10:50:02.000000
-6667213.032943 1091486.021175 -2449307.594911
-2195.854928 2062.316039 6913.350160
UTC=2024-01-18T10:52:02.000000
-6876636.032311 1331922.547924 -1602869.086239
-1290.303521 1937.152181 7175.738284
UTC=2024-01-18T10:54:02.000000
-6976170.948060 1554563.985150 -731578.063774
-366.888502 1766.057201 7326.993932
UTC=2024-01-18T10:56:02.000000
-6964578.912438 1754035.482276 151061.823295
559.284634 1551.474243 7364.618959
UTC=2024-01-18T10:58:02.000000
-6842437.895429 1925312.895737 1031355.037262
1473.084185 1296.798621 7287.918852
UTC=2024-01-18T11:00:02.000000
-6612130.063598 2063834.093550 1895632.157335
2359.616801 1006.324017 7098.024577
UTC=2024-01-18T11:02:02.000000
-6277797.037296 2165602.314278 2730468.504106
3204.495525 685.164900 6797.878344
UTC=2024-01-18T11:04:02.000000
-5845263.626282 2227278.935020 3522898.695690
3994.095575 339.157698 6392.181387
UTC=2024-01-18T11:06:02.000000
-5321931.827976 2246263.361615 4260622.797154
4715.792831 -25.253329 5887.305266
UTC=2024-01-18T11:08:02.000000
-4716647.906293 2220758.650568 4932199.774619
5358.172460 -401.139804 5291.171579
UTC=2024-01-18T11:10:02.000000
-4039546.304056 2149821.687691 5527225.251296
5911.206832 -781.222199 4613.111661
UTC=2024-01-18T11:12:02.000000
-3301873.877754 2033397.112488 6036491.545333
6366.406897 -1158.007480 3863.712211
UTC=2024-01-18T11:14:02.000000
-2515797.184178 1872334.405794 6452128.092804
6716.952379 -1523.932553 3054.640146
UTC=2024-01-18T11:16:02.000000
-1694196.308219 1668387.449381 6767719.460641
6957.783592 -1871.511189 2198.447857
UTC=2024-01-18T11:18:02.000000
-850449.900605 1424196.786606 6978399.583506
7085.656697 -2193.475019 1308.372010
UTC=2024-01-18T11:20:02.000000
1784.308007 1143255.245249 7080922.014517
7099.166738 -2482.910140 398.137718
UTC=2024-01-18T11:22:02.000000
848790.772274 829857.413820 7073706.858661
6998.754148 -2733.389154 -518.238044
UTC=2024-01-18T11:24:02.000000
1677016.638590 489033.718224 6956863.621465
6786.684432 -2939.095794 -1426.649105
UTC=2024-01-18T11:26:02.000000
2473288.292226 126469.920911 6732189.889652
6467.003514 -3094.943058 -2313.100035
UTC=2024-01-18T11:28:02.000000
3225021.357533 -251587.067671 6403146.068507
6045.473778 -3196.682857 -3163.907000
UTC=2024-01-18T11:30:02.000000
3920421.539270 -638435.799229 5974805.533229
5529.482987 -3241.002652 -3965.904868
UTC=2024-01-18T11:32:02.000000
4548672.791873 -1027037.756439 5453780.380228
4927.925813 -3225.610103 -4706.646049
UTC=2024-01-18T11:34:02.000000
5100109.922052 -1410144.012628 4848123.719731
4251.063582 -3149.300105 -5374.592975
UTC=2024-01-18T11:36:02.000000
5566373.137645 -1780428.687755 4167209.147964
3510.362613 -3012.001744 -5959.305539
UTC=2024-01-18T11:38:02.000000
5940541.693172 -2130627.081165 3421588.267921
2718.307117 -2814.808770 -6451.619210
UTC=2024-01-18T11:40:02.000000
6217243.402718 -2453676.009970 2622827.724833
1888.184729 -2559.984599 -6843.805714
UTC=2024-01-18T11:42:02.000000
6392737.343620 -2742853.106175 1783328.546638
1033.856625 -2250.940378 -7129.707074
UTC=2024-01-18T11:44:02.000000
6464968.557255 -2991912.137545 916130.802760
169.519957 -1892.191604 -7304.848359
UTC=2024-01-18T11:46:02.000000
6433592.992322 -3195211.623904 34706.023600
-690.550832 -1489.287583 -7366.523200
UTC=2024-01-18T11:48:02.000000
6299971.591101 -3347833.397119 -847257.996952
-1532.255428 -1048.717042 -7313.840264
UTC=2024-01-18T11:50:02.000000
6067133.903591 -3445688.570141 -1716076.547425
-2341.927187 -577.790817 -7147.740100
UTC=2024-01-18T11:52:02.000000
5739711.290517 -3485608.136724 -2558286.193613
-3106.573130 -84.506273 -6870.962602
UTC=2024-01-18T11:54:02.000000
5323842.881252 -3465416.758280 -3360857.593200
-3814.092568 422.598473 -6487.990830
UTC=2024-01-18T11:56:02.000000
4827056.064346 -3383988.254737 -4111399.558728
-4453.479573 934.601998 -6004.959659
UTC=2024-01-18T11:58:02.000000
4258124.488779 -3241281.945876 -4798350.496779
-5014.996331 1442.362254 -5429.539532
UTC=2024-01-18T12:00:02.000000
3626906.701450 -3038358.879739 -5411154.269275
-5490.320079 1936.687196 -4770.790828
UTC=2024-01-18T12:02:02.000000
2944169.592431 -2777377.979619 -5940417.121949
-5872.649008 2408.496938 -4038.998094
UTC=2024-01-18T12:04:02.000000
2221401.221843 -2461573.390146 -6378044.550913
-6156.776125 2848.976369 -3245.503581
UTC=2024-01-18T12:06:02.000000
1470615.821623 -2095213.400551 -6717358.122511
-6339.147080 3249.731268 -2402.535611
UTC=2024-01-18T12:08:02.000000
704153.300990 -1683540.740471 -6953190.260637
-6417.889532 3602.938100 -1523.013447
UTC=2024-01-18T12:10:02.000000
-65522.496932 -1232696.214710 -7081955.496581
-6392.807841 3901.473566 -620.355172
UTC=2024-01-18T12:12:02.000000
-826023.637646 -749627.183714 -7101699.055443
-6265.356387 4139.037882 291.709861
UTC=2024-01-18T12:14:02.000000
-1565233.688936 -241981.833881 -7012123.216284
-6038.598077 4310.269293 1199.325036
UTC=2024-01-18T12:16:02.000000
-2271497.301428 282009.849212 -6814590.987482
-5717.141612 4410.848536 2088.700077
UTC=2024-01-18T12:18:02.000000
-2933800.645896 813666.571907 -6512106.956742
-5307.054953 4437.587137 2946.295570
UTC=2024-01-18T12:20:02.000000
-3541940.854312 1343996.254132 -6109276.343575
-4815.769400 4388.505504 3759.004358
UTC=2024-01-18T12:22:02.000000
-4086683.263592 1863844.982903 -5612242.001009
-4251.970372 4262.895295 4514.337781
UTC=2024-01-18T12:24:02.000000
-4559904.196930 2364052.694258 -5028598.863982
-3625.465006 4061.369322 5200.614977
UTC=2024-01-18T12:26:02.000000
-4954716.469047 2835613.525603 -4367285.544711
-2947.026147 3785.885786 5807.152715
UTC=2024-01-18T12:28:02.000000
-5265574.874435 3269837.190628 -3638454.179659
-2228.217821 3439.744159 6324.435606
UTC=2024-01-18T12:30:02.000000
-5488360.315272 3658508.936979 -2853320.614792
-1481.212052 3027.565322 6744.277764
UTC=2024-01-18T12:32:02.000000
-5620440.539060 3994045.450435 -2023995.440065
-718.582002 2555.240899 7059.975593
UTC=2024-01-18T12:34:02.000000
-5660705.506021 4269642.764345 -1163298.292657
46.911635 2029.852928 7266.435216
UTC=2024-01-18T12:36:02.000000
-5609576.467777 4479412.960406 -284558.136979
802.545970 1459.567142 7360.275900
UTC=2024-01-18T12:38:02.000000
-5468987.840793 4618506.681189 598596.996440
1535.862759 853.502704 7339.904570
UTC=2024-01-18T12:40:02.000000
-5242341.606116 4683218.015529 1472457.383533
2234.898204 221.568991 7205.554908
UTC=2024-01-18T12:42:02.000000
-4934434.919352 4671068.814799 2323450.927756
2888.397793 -425.710989 6959.283684
UTC=2024-01-18T12:44:02.000000
-4551362.881757 4580871.233821 3138359.986740
3486.015040 -1077.387036 6604.932851
UTC=2024-01-18T12:46:02.000000
-4100398.719440 4412767.161291 3904531.798908
4018.488341 -1722.281497 6148.060594
UTC=2024-01-18T12:48:02.000000
-3589854.374277 4168243.218584 4610078.526676
4477.789634 -2349.193195 5595.838161
UTC=2024-01-18T12:50:02.000000
-3028924.870459 3850121.592895 5244063.526211
4857.247893 -2947.097475 4956.924502
UTC=2024-01-18T12:52:02.000000
-2427519.331349 3462526.880734 5796670.947593
5151.645609 -3505.344168 4241.313210
UTC=2024-01-18T12:54:02.000000
-1796082.424080 3010829.835623 6259355.757279
5357.282747 -4013.844477 3460.161176
UTC=2024-01-18T12:56:02.000000
-1145409.891666 2501569.268953 6624972.307294
5472.011081 -4463.248158 2625.601846
UTC=2024-01-18T12:58:02.000000
-486462.129983 1942353.739163 6887879.671871
5495.231511 -4845.100065 1750.549437
UTC=2024-01-18T13:00:02.000000
169820.630735 1341745.545132 7044024.307796
5427.875845 -5151.983798 848.513333
UTC=2024-01-18T13:02:02.000000
812700.117075 709127.910628 7090999.224477
5272.368975 -5377.653224 -66.607625
UTC=2024-01-18T13:04:02.000000
1431815.450307 54557.820069 7028078.629323
5032.563778 -5517.142505 -980.725055
UTC=2024-01-18T13:06:02.000000
2017349.833379 -611393.676343 6856228.813354
4713.660513 -5566.865322 -1879.759730
UTC=2024-01-18T13:08:02.000000
2560186.463822 -1277812.113988 6578094.739255
4322.107500 -5524.695257 -2749.847004
UTC=2024-01-18T13:10:02.000000
3052051.626366 -1933618.400686 6197962.243795
3865.487813 -5390.023874 -3577.537356
UTC=2024-01-18T13:12:02.000000
3485643.116947 -2567753.644115 5721695.872351
3352.386037 -5163.799874 -4350.002424
UTC=2024-01-18T13:14:02.000000
3854741.501410 -3169366.857860 5156652.515985
2792.237960 -4848.540178 -5055.229837
UTC=2024-01-18T13:16:02.000000
4154302.694167 -3728002.826299 4511572.020904
2195.168818 -4448.319760 -5682.214318
UTC=2024-01-18T13:18:02.000000
4380530.296609 -4233786.945627 3796445.188156
1571.817517 -3968.731335 -6221.141426
UTC=2024-01-18T13:20:02.000000
4530926.011658 -4677603.414961 3022360.634863
933.148448 -3416.814607 -6663.555166
UTC=2024-01-18T13:22:02.000000
4604317.090960 -5051263.081072 2201332.526749
290.256140 -2800.954158 -7002.509050
UTC=2024-01-18T13:24:02.000000
4600859.806447 -5347657.139824 1346111.685981
-345.837299 -2130.747187 -7232.690287
UTC=2024-01-18T13:26:02.000000
4522018.614107 -5560893.411051 469983.459378
-964.384471 -1416.844253 -7350.516191
UTC=2024-01-18T13:28:02.000000
4370521.509805 -5686411.819862 -413443.810704
-1555.103840 -670.765472 -7354.193655
UTC=2024-01-18T13:30:02.000000
4150293.218335 -5721077.200439 -1290456.029648
-2108.362791 95.296606 -7243.757259
UTC=2024-01-18T13:32:02.000000
3866366.427949 -5663246.594564 -2147452.824369
-2615.354451 868.702191 -7021.062077
UTC=2024-01-18T13:34:02.000000
3524773.735293 -5512809.443408 -2971163.589695
-3068.243328 1636.588946 -6689.740533
UTC=2024-01-18T13:36:02.000000
3132423.140600 -5271200.456537 -3748856.875383
-3460.294696 2386.103300 -6255.130481
UTC=2024-01-18T13:38:02.000000
2696959.428594 -4941384.909161 -4468538.811314
-3785.978273 3104.626450 -5724.167036
UTC=2024-01-18T13:40:02.000000
2226614.964390 -4527817.205031 -5119137.033869
-4041.040623 3779.994306 -5105.248936
UTC=2024-01-18T13:42:02.000000
1730053.792570 -4036373.829663 -5690667.057236
-4222.544684 4400.701344 -4408.081549
UTC=2024-01-18T13:44:02.000000
1216212.519010 -3474263.314569 -6174379.230655
-4328.886199 4956.081243 -3643.512143
UTC=2024-01-18T13:46:02.000000
694140.346794 -2849915.330129 -6562885.470309
-4359.790138 5436.475078 -2823.356378
UTC=2024-01-18T13:48:02.000000
172841.059574 -2172850.351387 -6850264.480581
-4316.281400 5833.385753 -1960.213375
UTC=2024-01-18T13:50:02.000000
-338879.972359 -1453532.122696 -7032144.341538
-4200.631551 6139.608986 -1067.275486
UTC=2024-01-18T13:52:02.000000
-832561.367432 -703205.754601 -7105762.450676
-4016.289827 6349.343198 -158.141214
UTC=2024-01-18T13:54:02.000000
-1300222.452930 66276.332871 -7070002.961690
-3767.804739 6458.281921 753.373997
UTC=2024-01-18T13:56:02.000000
-1734489.713282 842638.350053 -6925411.391834
-3460.729790 6463.686189 1653.426893
UTC=2024-01-18T13:58:02.000000
-2128710.913655 1613372.918815 -6674186.899671
-3101.513606 6364.443355 2528.331400
UTC=2024-01-18T14:00:02.000000
-2477055.559944 2365938.596582 -6320152.292708
-2697.383965 6161.103075 3364.742624
UTC=2024-01-18T14:02:02.000000
-2774601.175072 3087960.939422 -5868702.053184
-2256.224423 5855.901007 4149.843064
UTC=2024-01-18T14:04:02.000000
-3017403.853381 3767434.866196 -5326727.678371
-1786.438387 5452.755024 4871.530700
UTC=2024-01-18T14:06:02.000000
-3202552.300470 4392925.179427 -4702520.563475
-1296.807607 4957.238213 5518.607824
UTC=2024-01-18T14:08:02.000000
-3328203.955266 4953761.889432 -4005652.214855
-796.335664 4376.517774 6080.966706
UTC=2024-01-18T14:10:02.000000
-3393601.850556 5440226.094520 -3246833.223990
-294.085379 3719.260017 6549.755556
UTC=2024-01-18T14:12:02.000000
-3399072.296689 5843723.240519 -2437753.710577
200.977246 2995.517588 6917.525427
UTC=2024-01-18T14:14:02.000000
-3346003.674940 6156941.402971 -1590906.154411
680.145064 2216.587869 7178.375379
UTC=2024-01-18T14:16:02.000000
-3236805.337422 6373990.004110 -719392.086307
1135.135482 1394.828401 7328.071709
UTC=2024-01-18T14:18:02.000000
-3074847.727428 6490514.690951 163282.884553
1558.235392 543.452341 7364.124697
UTC=2024-01-18T14:20:02.000000
-2864385.692251 6503787.509690 1043422.610762
1942.442674 -323.687448 7285.858549
UTC=2024-01-18T14:22:02.000000
-2610464.453367 6412768.300596 1907360.285986
2281.607882 -1192.358417 7094.436623
UTC=2024-01-18T14:24:02.000000
-2318810.401499 6218134.423241 2741677.756444
2570.542957 -2048.210651 6792.832094
UTC=2024-01-18T14:26:02.000000
-1995710.623761 5922279.557770 3533419.374256
2805.102856 -2877.030331 6385.767887
UTC=2024-01-18T14:28:02.000000
-1647883.955968 5529282.505554 4270297.085592
2982.244816 -3664.986870 5879.631459
UTC=2024-01-18T14:30:02.000000
-1282346.239942 5044846.617833 4940883.788551
3100.066469 -4398.874468 5282.363904
UTC=2024-01-18T14:32:02.000000
-906272.021066 4476210.824476 5534791.580560
3157.825763 -5066.342486 4603.316793
UTC=2024-01-18T14:34:02.000000
-526856.008159 3832034.646315 6042831.057090
3155.923381 -5656.096558 3853.086704
UTC=2024-01-18T14:36:02.000000
-151177.911107 3122260.106827 6457150.722085
3095.868697 -6158.086011 3043.344199
UTC=2024-01-18T14:38:02.000000
213927.664669 2357952.624366 6771354.309558
2980.226638 -6563.661283 2186.641055
UTC=2024-01-18T14:40:02.000000
561993.808617 1551124.707637 6980595.261230
2812.547768 -6865.709120 1296.221247
UTC=2024-01-18T14:42:02.000000
887034.561867 714544.343029 7081647.614345
2597.281414 -7058.767028 385.816195
UTC=2024-01-18T14:44:02.000000
1183646.847619 -138468.100965 7072952.424684
2339.675559 -7139.103178 -530.553660
UTC=2024-01-18T14:46:02.000000
1447099.827819 -994251.840441 6954640.863041
2045.667041 -7104.786436 -1438.774446
UTC=2024-01-18T14:48:02.000000
1673410.482729 -1839024.725537 6728532.867318
1721.761965 -6955.728976 -2324.847929
UTC=2024-01-18T14:50:02.000000
1859404.357370 -2659105.585223 6398111.216729
1374.908634 -6693.703129 -3175.092449
UTC=2024-01-18T14:52:02.000000
2002760.640902 -3441137.279508 5968471.163156
1012.363082 -6322.332876 -3976.349198
UTC=2024-01-18T14:54:02.000000
2102040.725891 -4172306.726174 5446245.487340
641.549180 -5847.051928 -4716.184533
UTC=2024-01-18T14:56:02.000000
2156699.946219 -4840557.996418 4839505.986094
269.919305 -5275.032556 -5383.078627
UTC=2024-01-18T14:58:02.000000
2167082.845761 -5434795.859909 4157642.922657
-95.181807 -4615.097197 -5966.608020
UTC=2024-01-18T15:00:02.000000
2134401.685575 -5945076.713672 3411222.303131
-446.661798 -3877.592035 -6457.629404
UTC=2024-01-18T15:02:02.000000
2060697.486350 -6362781.768366 2611822.509903
-777.822282 -3074.221353 -6848.437230
UTC=2024-01-18T15:04:02.000000
1948785.162227 -6680768.773529 1771853.568359
-1082.483396 -2217.856243 -7132.896036
UTC=2024-01-18T15:06:02.000000
1802184.148297 -6893499.694750 904362.050326
-1355.102593 -1322.325763 -7306.549062
UTC=2024-01-18T15:08:02.000000
1625035.183912 -6997141.790688 22824.202022
-1590.883716 -402.182200 -7366.703092
UTC=2024-01-18T15:10:02.000000
1422005.063844 -6989639.534399 -859069.537980
-1785.870259 527.552878 -7312.489712
UTC=2024-01-18T15:12:02.000000
1198181.052270 -6870753.617955 -1727634.889835
-1937.020853 1451.677691 -7144.875501
UTC=2024-01-18T15:14:02.000000
958957.913857 -6642066.359871 -2569411.953038
-2042.257856 2355.077655 -6866.626907
UTC=2024-01-18T15:16:02.000000
709920.787891 -6306955.244357 -3371378.100794
-2100.487405 3222.991186 -6482.252387
UTC=2024-01-18T15:18:02.000000
456726.741208 -5870535.356596 -4121151.840441
-2111.604490 4041.261037 -5997.911972
UTC=2024-01-18T15:20:02.000000
204986.633971 -5339572.253178 -4807184.152385
-2076.479803 4796.574798 -5421.297272
UTC=2024-01-18T15:22:02.000000
-39849.888016 -4722367.532192 -5418933.673660
-1996.921534 5476.677076 -4761.485923
UTC=2024-01-18T15:24:02.000000
-272603.711583 -4028620.465659 -5947023.774499
-1875.619749 6070.558803 -4028.784771
UTC=2024-01-18T15:26:02.000000
-488467.898727 -3269268.234087 -6383379.712207
-1716.073956 6568.621862 -3234.555180
UTC=2024-01-18T15:28:02.000000
-683099.819476 -2456308.255004 -6721344.352155
-1522.508128 6962.814352 -2391.031796
UTC=2024-01-18T15:30:02.000000
-852702.453338 -1602605.824332 -6955771.737025
-1299.774955 7246.739004 -1511.135031
UTC=2024-01-18T15:32:02.000000
-994093.652268 -721690.394867 -7083098.263848
-1053.251650 7415.736447 -608.286208
UTC=2024-01-18T15:34:02.000000
-1104762.436459 172457.064510 -7101391.401244
-788.727922 7466.948493 303.784301
UTC=2024-01-18T15:36:02.000000
-1182911.538705 1065622.329094 -7010375.299142
-512.289751 7399.349814 1211.225241
UTC=2024-01-18T15:38:02.000000
-1227485.857233 1943579.219584 -6811434.350304
-230.200505 7213.767638 2100.249222
UTC=2024-01-18T15:40:02.000000
-1238186.489082 2792311.711617 -6507594.323357
51.220135 6912.875433 2957.316709
UTC=2024-01-18T15:42:02.000000
-1215470.210520 3598234.624339 -6103481.646644
325.717457 6501.174992 3769.322570
UTC=2024-01-18T15:44:02.000000
-1160534.295239 4348410.196707 -5605259.579911
587.225081 5984.943708 4523.788587
UTC=2024-01-18T15:46:02.000000
-1075286.723626 5030756.938824 -5020542.036118
829.983464 5372.161597 5209.046723
UTC=2024-01-18T15:48:02.000000
-962302.454530 5634248.226715 -4358285.047994
1048.654881 4672.409633 5814.427116
UTC=2024-01-18T15:50:02.000000
-824766.071193 6149096.530438 -3628656.211840
1238.434514 3896.733128 6330.435005
UTC=2024-01-18T15:52:02.000000
-666401.614382 6566919.575177 -2842883.938961
1395.152337 3057.478993 6748.910230
UTC=2024-01-18T15:54:02.000000
-491390.834091 6880885.656967 -2013088.271160
1515.363775 2168.108944 7063.176455
UTC=2024-01-18T15:56:02.000000
-304281.463592 7085834.465160 -1152094.836077
1596.425260 1242.979454 7268.168759
UTC=2024-01-18T15:58:02.000000
-109887.160834 7178370.296951 -273235.256165
1636.557304 297.102534 7360.533559
UTC=2024-01-18T16:00:02.000000
86818.956989 7156925.354917 609862.928146
1634.887067 -654.113312 7338.702232
UTC=2024-01-18T16:02:02.000000
280814.581060 7021790.915266 1483493.266184
1591.468810 -1595.139344 7202.931566
UTC=2024-01-18T16:04:02.000000
467139.439921 6775114.690100 2334089.705417
1507.279878 -2510.610521 6955.300275
UTC=2024-01-18T16:06:02.000000
641004.863541 6420864.805636 3148442.864907
1384.197478 -3385.594179 6599.664926
UTC=2024-01-18T16:08:02.000000
797899.550862 5964762.595802 3913909.749725
1224.960160 -4205.845679 6141.594646
UTC=2024-01-18T16:10:02.000000
933690.009007 5414185.442770 4618613.715036
1033.114518 -4958.047485 5588.278516
UTC=2024-01-18T16:12:02.000000
1044712.547294 4778040.458339 5251632.489089
812.927856 -5630.062896 4948.403322
UTC=2024-01-18T16:14:02.000000
1127854.328111 4066610.726056 5803166.605940
569.299866 -6211.119591 4231.969204
UTC=2024-01-18T16:16:02.000000
1180623.614687 3291382.484807 6264687.803606
307.663188 -6691.963721 3450.135466
UTC=2024-01-18T16:18:02.000000
1201206.635246 2464854.005408 6629067.667467
33.864989 -7065.002625 2615.041857
UTC=2024-01-18T16:20:02.000000
1188510.260666 1600329.460809 6890683.798920
-245.951247 -7324.413334 1739.616458
UTC=2024-01-18T16:22:02.000000
1142190.186904 711701.417501 7045502.368545
-525.469645 -7466.221774 837.372687
UTC=2024-01-18T16:24:02.000000
1062664.050975 -186773.697049 7091136.283043
-798.328157 -7488.342766 -77.788282
UTC=2024-01-18T16:26:02.000000
951109.301835 -1080704.190518 7026880.409280
-1058.246809 -7390.611529 -991.769236
UTC=2024-01-18T16:28:02.000000
809445.663622 -1955794.153145 6853722.449191
-1299.155467 -7174.785889 -1890.487879
UTC=2024-01-18T16:30:02.000000
640302.422334 -2798072.699896 6574328.974880
-1515.318610 -6844.519551 -2760.079590
UTC=2024-01-18T16:32:02.000000
446970.971117 -3594118.740747 6193006.569152
-1701.456136 -6405.308775 -3587.111720
UTC=2024-01-18T16:34:02.000000
233343.518084 -4331276.576503 5715637.739311
-1852.851638 -5864.397123 -4358.781627
UTC=2024-01-18T16:36:02.000000
3839.363115 -4997859.444463 5149594.438597
-1965.452864 -5230.671460 -5063.098181
UTC=2024-01-18T16:38:02.000000
-236680.559325 -5583339.817377 4503629.644284
-2035.967111 -4514.543753 -5689.068063
UTC=2024-01-18T16:40:02.000000
-483010.155527 -6078523.380117 3787745.809707
-2061.947122 -3727.790983 -6226.890662
UTC=2024-01-18T16:42:02.000000
-729703.778489 -6475701.199905 3013041.416796
-2041.856800 -2883.358698 -6668.125556
UTC=2024-01-18T16:44:02.000000
-971188.396840 -6768777.186516 2191538.639648
-1975.114447 -1995.143503 -7005.840470
UTC=2024-01-18T16:46:02.000000
-1201879.873952 -6953368.397408 1335995.034627
-1862.121153 -1077.762733 -7234.730560
UTC=2024-01-18T16:48:02.000000
-1416301.926665 -7026876.625127 459701.390172
-1704.271545 -146.297795 -7351.228693
UTC=2024-01-18T16:50:02.000000
-1609204.093882 -6988527.320756 -423731.054412
-1503.929160 783.983715 -7353.567946
UTC=2024-01-18T16:52:02.000000
-1775675.692791 -6839375.629845 -1300588.461870
-1264.384975 1697.899585 -7241.806583
UTC=2024-01-18T16:54:02.000000
-1911253.712288 -6582280.068549 -2157273.237014
-989.797838 2580.619650 -7017.819751
UTC=2024-01-18T16:56:02.000000
-2012022.497588 -6221844.669678 -2980520.025710
-685.116980 3417.924594 -6685.260550
UTC=2024-01-18T16:58:02.000000
-2074702.976334 -5764330.632861 -3757605.042030
-355.985254 4196.454139 -6249.486503
UTC=2024-01-18T17:00:02.000000
-2096729.262089 -5217539.484794 -4476544.318002
-8.626439 4903.931065 -5717.449455
UTC=2024-01-18T17:02:02.000000
-2076311.101580 -4590671.356127 -5126277.053833
350.276811 5529.351445 -5097.559669
UTC=2024-01-18T17:04:02.000000
-2012481.341368 -3894162.342155 -5696831.722099
713.710583 6063.144038 -4399.535233
UTC=2024-01-18T17:06:02.000000
-1905127.751903 -3139504.391226 -6179473.336114
1074.462527 6497.302426 -3634.238822
UTC=2024-01-18T17:08:02.000000
-1755008.673385 -2339050.882313 -6566830.309696
1425.258483 6825.491024 -2813.500045
UTC=2024-01-18T17:10:02.000000
-1563752.262856 -1505811.443820 -6852999.129883
1758.897541 7043.116794 -1949.925559
UTC=2024-01-18T17:12:02.000000
-1333839.910302 -653240.133737 -7033626.323435
2068.381426 7147.370748 -1056.711442
UTC=2024-01-18T17:14:02.000000
-1068574.237981 204979.962010 -7105967.889971
2347.042660 7137.245172 -147.454896
UTC=2024-01-18T17:16:02.000000
-772031.775040 1055152.591439 -7068926.325994
2588.670499 7013.526071 764.030090
UTC=2024-01-18T17:18:02.000000
-449001.076804 1883782.445861 -6923065.434038
2787.627059 6778.770171 1663.900889
UTC=2024-01-18T17:20:02.000000
-104907.419803 2677784.988619 -6670602.705762
2938.956593 6437.258898 2538.468175
UTC=2024-01-18T17:22:02.000000
254275.670195 3424690.209861 -6315379.906660
3038.494939 5994.941164 3374.382768
UTC=2024-01-18T17:24:02.000000
622127.342792 4112837.725844 -5862810.362907
3082.964954 5459.343882 4158.833206
UTC=2024-01-18T17:26:02.000000
991890.704842 4731559.488199 -5319803.388525
3070.055731 4839.460176 4879.727488
UTC=2024-01-18T17:28:02.000000
1356593.123439 5271348.529342 -4694666.999681
2998.493086 4145.625141 5525.877421
UTC=2024-01-18T17:30:02.000000
1709174.041688 5724010.928590 -3996988.213658
2868.092799 3389.358806 6087.184161
UTC=2024-01-18T17:32:02.000000
2042617.858061 6082797.251110 -3237492.104332
2679.791993 2583.184713 6554.805521
UTC=2024-01-18T17:34:02.000000
2350089.437949 6342511.372887 -2427881.575112
2435.661704 1740.433104 6921.311684
UTC=2024-01-18T17:36:02.000000
2625069.805669 6499594.291950 -1580659.171354
2138.896174 875.020469 7180.827013
UTC=2024-01-18T17:38:02.000000
2861488.928125 6552180.178502 -708933.233942
1793.775033 1.208212 7329.147516
UTC=2024-01-18T17:40:02.000000
3053852.404562 6500122.595853 173788.077152
1405.599953 -866.651194 7363.824431
UTC=2024-01-18T17:42:02.000000
3197359.160782 6344990.129964 1053810.621843
980.608747 -1714.368350 7284.212047
UTC=2024-01-18T17:44:02.000000
3288007.629651 6090031.876382 1917471.969514
525.869219 -2528.165321 7091.485030
UTC=2024-01-18T17:46:02.000000
3322687.960818 5740113.362942 2751359.278564
49.153198 -3294.919179 6788.623056
UTC=2024-01-18T17:48:02.000000
3299258.186458 5301623.900047 3542523.296495
-441.204326 -4002.394187 6380.361522
UTC=2024-01-18T17:50:02.000000
3216602.787519 4782357.176073 4278684.103393
-936.457142 -4639.451491 5873.104009
UTC=2024-01-18T17:52:02.000000
3074672.048040 4191368.456767 4948425.160167
-1427.618561 -5196.234471 5274.815797
UTC=2024-01-18T17:54:02.000000
2874500.197294 3538810.441538 5541371.852009
-1905.636362 -5664.331047 4594.867986
UTC=2024-01-18T17:56:02.000000
2618203.887581 2835752.895704 6048350.028152
-2361.548203 -6036.885120 3843.869869
UTC=2024-01-18T17:58:02.000000
2308961.966771 2093990.510406 6461524.690513
-2786.640448 -6308.684153 3033.503037
UTC=2024-01-18T18:00:02.000000
1950975.766356 1325841.228456 6774517.742258
-3172.611864 -6476.228074 2176.333538
UTC=2024-01-18T18:02:02.000000
1549410.407833 543938.764829 6982501.858370
-3511.724445 -6537.754988 1285.608251
UTC=2024-01-18T18:04:02.000000
1110318.865685 -238975.850226 7082270.535163
-3796.940707 -6493.236736 375.063365
UTC=2024-01-18T18:06:02.000000
640549.962496 -1010261.829913 7072285.433027
-4022.055724 -6344.368970 -541.269603
UTC=2024-01-18T18:08:02.000000
147640.948586 -1757583.321175 6952699.095383
-4181.819862 -6094.528089 -1449.275057
UTC=2024-01-18T18:10:02.000000
-360303.790969 -2469107.182546 6725352.715838
-4272.047205 -5748.703452 -2334.959326
UTC=2024-01-18T18:12:02.000000
-874745.906701 -3133691.324071 6393748.842905
-4289.703341 -5313.404899 -3184.661539
UTC=2024-01-18T18:14:02.000000
-1386855.415484 -3741060.161951 5962999.555745
-4232.972946 -4796.544181 -3985.247175
UTC=2024-01-18T18:16:02.000000
-1887660.909612 -4281965.510994 5439752.369354
-4101.324515 -4207.311136 -4724.291844
UTC=2024-01-18T18:18:02.000000
-2368206.817719 -4748331.696362 4832093.355878
-3895.559299 -3556.031942 -5390.277305
UTC=2024-01-18T18:20:02.000000
-2819714.808510 -5133381.980045 4149426.526365
-3617.830467 -2853.998674 -5972.788059
UTC=2024-01-18T18:22:02.000000
-3233745.475691 -5431742.966710 3402330.335955
-3271.628517 -2113.273693 -6462.694069
UTC=2024-01-18T18:24:02.000000
-3602356.498766 -5639524.341316 2602393.851604
-2861.738956 -1346.477064 -6852.305121
UTC=2024-01-18T18:26:02.000000
-3918254.516729 -5754372.891874 1762035.859059
-2394.179943 -566.569928 -7135.503751
UTC=2024-01-18T18:28:02.000000
-4174937.999261 -5775499.760448 894309.097740
-1876.113080 213.375424 -7307.857739
UTC=2024-01-18T18:30:02.000000
-4366827.680768 -5703679.703970 12692.892357
-1315.726549 980.409711 -7366.700226
UTC=2024-01-18T18:32:02.000000
-4489381.636734 -5541222.460523 -869122.015146
-722.095867 1721.937731 -7311.180478
UTC=2024-01-18T18:34:02.000000
-4539192.175473 -5291916.449492 -1737452.759181
-105.020530 2425.947439 -7142.279538
UTC=2024-01-18T18:36:02.000000
-4514062.055125 -4960945.687426 -2578842.995018
525.155724 3081.224995 -6862.784158
UTC=2024-01-18T18:38:02.000000
-4413058.462069 -4554782.245125 -3380276.149838
1157.735139 3677.546256 -6477.223726
UTC=2024-01-18T18:40:02.000000
-4236543.841892 -4081057.412240 -4129379.140458
1781.860129 4205.839888 -5991.775656
UTC=2024-01-18T18:42:02.000000
-3986183.523614 -3548414.984815 -4814613.198515
2386.705257 4658.322480 -5414.146288
UTC=2024-01-18T18:44:02.000000
-3664930.459048 -2966349.870825 -5425449.126622
2961.666942 5028.608046 -4753.429762
UTC=2024-01-18T18:46:02.000000
-3276987.556804 -2345035.429770 -5952524.228824
3496.545266 5311.785084 -4019.945691
UTC=2024-01-18T18:48:02.000000
-2827748.981819 -1695143.420947 -6387779.221376
3981.713598 5504.464599 -3225.069019
UTC=2024-01-18T18:50:02.000000
-2323721.485460 -1027659.606470 -6724574.094410
4408.281635 5604.803588 -2381.047551
UTC=2024-01-18T18:52:02.000000
-1772427.068168 -353698.337582 -6957781.277292
4768.241344 5612.498469 -1500.808390
UTC=2024-01-18T18:54:02.000000
-1182289.444079 315680.406347 -7083855.649228
5054.591502 5528.751545 -597.768362
UTC=2024-01-18T18:56:02.000000
-562506.277588 969648.920928 -7100882.641230
5261.453464 5356.223556 314.343926
UTC=2024-01-18T18:58:02.000000
77092.024065 1597783.296222 -7008604.253237
5384.175030 5098.970271 1221.679166
UTC=2024-01-18T19:00:02.000000
726194.711298 2190225.922013 -6808422.808466
5419.418148 4762.361373 2110.443708
UTC=2024-01-18T19:02:02.000000
1374173.773279 2737838.067602 -6503382.944307
5365.244464 4352.990730 2967.093457
UTC=2024-01-18T19:04:02.000000
2010255.261537 3232340.112627 -6098129.821415
5221.167593 3878.563157 3778.528331
UTC=2024-01-18T19:06:02.000000
2623696.000979 3666437.228055 -5598844.570223
4988.191113 3347.763866 4532.279631
UTC=2024-01-18T19:08:02.000000
3203963.501502 4033928.753191 -5013157.640208
4668.824245 2770.120550 5216.690983
UTC=2024-01-18T19:10:02.000000
3740916.732120 4329800.463849 -4350040.304462
4267.079330 2155.852269 5821.102300
UTC=2024-01-18T19:12:02.000000
4224984.897289 4550297.451771 -3619674.344209
3788.440659 1515.699205 6336.027156
UTC=2024-01-18T19:14:02.000000
4647340.818937 4692975.805992 -2833300.998699
3239.804077 860.739242 6753.321413
UTC=2024-01-18T19:16:02.000000
5000064.823943 4756731.550171 -2003050.877129
2629.381593 202.194738 7066.327838
UTC=2024-01-18T19:18:02.000000
5276296.120191 4741806.353289 -1141757.850026
1966.586954 -448.763080 7270.003368
UTC=2024-01-18T19:20:02.000000
5470368.046097 4649769.140291 -262758.734141
1261.880211 -1081.217646 7361.021794
UTC=2024-01-18T19:22:02.000000
5577923.215905 4483473.853154 620316.812782
526.592491 -1684.700017 7337.836818
UTC=2024-01-18T19:24:02.000000
5596006.919748 4246994.461763 1493762.333312
-227.262463 -2249.376464 7200.718509
UTC=2024-01-18T19:26:02.000000
5523136.656035 3945537.802490 2344013.204457
-987.198701 -2766.228028 6951.758811
UTC=2024-01-18T19:28:02.000000
5359345.033234 3585336.004383 3157863.731503
-1740.489561 -3227.209933 6594.838623
UTC=2024-01-18T19:30:02.000000
5106194.717027 3173521.261847 3922677.794455
-2474.398886 -3625.386644 6135.555435
UTC=2024-01-18T19:32:02.000000
4766765.806771 2717985.660261 4626588.887741
-3176.409865 -3955.045475 5581.117468
UTC=2024-01-18T19:34:02.000000
4345616.533550 2227229.443798 5258685.494418
-3834.438518 -4211.772311 4940.212252
UTC=2024-01-18T19:36:02.000000
3848718.230817 1710201.910838 5809180.650803
-4437.053740 -4392.505324 4222.866300
UTC=2024-01-18T19:38:02.000000
3283364.830010 1176136.871128 6269561.790392
-4973.673297 -4495.566929 3440.262162
UTC=2024-01-18T19:40:02.000000
2658060.478619 634386.393990 6632718.172077
-5434.735993 -4520.659803 2604.549253
UTC=2024-01-18T19:42:02.000000
1982387.766932 94257.011420 6893045.756589
-5811.853217 -4468.833987 1728.659906
UTC=2024-01-18T19:44:02.000000
1266858.412529 -435149.561082 7046530.100281
-6097.951131 -4342.444885 826.122314
UTC=2024-01-18T19:46:02.000000
522747.612434 -945089.698165 7090805.606963
-6287.397388 -4145.092858 -89.146736
UTC=2024-01-18T19:48:02.000000
-238084.958854 -1427322.288556 7025189.593052
-6376.097595 -3881.537335 -1003.048932
UTC=2024-01-18T19:50:02.000000
-1003384.605937 -1874242.042212 6850691.796090
-6361.573391 -3557.597888 -1901.510675
UTC=2024-01-18T19:52:02.000000
-1760698.818563 -2278999.772949 6569998.917415
-6243.011837 -3180.035300 -2770.689119
UTC=2024-01-18T19:54:02.000000
-2497578.901419 -2635607.599798 6187435.573185
-6021.294100 -2756.422898 -3597.158549
UTC=2024-01-18T19:56:02.000000
-3201784.900249 -2939028.928933 5708903.013133
-5699.021240 -2295.019968 -4368.102030
UTC=2024-01-18T19:58:02.000000
-3861492.134521 -3185252.128022 5141793.188014
-5280.507097 -1804.623027 -5071.527018
UTC=2024-01-18T20:00:02.000000
-4465493.682237 -3371345.262001 4494877.772464
-4771.722750 -1294.403200 -5696.460854
UTC=2024-01-18T20:02:02.000000
-5003394.842449 -3495491.076063 3778175.137093
-4180.218848 -773.739167 -6233.126114
UTC=2024-01-18T20:04:02.000000
-5465796.649254 -3557001.761173 3002797.135194
-3515.021124 -252.048370 -6673.100923
UTC=2024-01-18T20:06:02.000000
-5844465.436848 -3556313.538295 2180777.375171
-2786.500833 261.381169 -7009.469064
UTC=2024-01-18T20:08:02.000000
-6132484.564288 -3494960.789812 1324882.278543
-2006.206202 757.563849 -7236.952248
UTC=2024-01-18T20:10:02.000000
-6324384.066120 -3375529.418709 448408.442957
-1186.665683 1227.987352 -7352.005222
UTC=2024-01-18T20:12:02.000000
-6416245.518841 -3201590.605896 -435029.325374
-341.172681 1664.767152 -7352.878329
UTC=2024-01-18T20:14:02.000000
-6405779.934252 -2977616.748334 -1311716.031734
516.450715 2060.790978 -7239.654348
UTC=2024-01-18T20:16:02.000000
-6292375.859343 -2708880.802738 -2168056.345826
1372.110573 2409.847478 -7014.239000
UTC=2024-01-18T20:18:02.000000
-6077116.871895 -2401341.887088 -2990790.607964
2211.691092 2706.726750 -6680.310922
UTC=2024-01-18T20:20:02.000000
-5762769.435355 -2061520.189953 -3767203.428089
3021.301293 2947.298816 -6243.247544
UTC=2024-01-18T20:22:02.000000
-5353741.313502 -1696363.830061 -4485321.409325
3787.515742 3128.568306 -5710.017831
UTC=2024-01-18T20:24:02.000000
-4856012.126141 -1313110.736035 -5134096.547287
4497.598687 3248.703494 -5089.052964
UTC=2024-01-18T20:26:02.000000
-4277037.702310 -919148.348469 -5703572.852029
5139.716207 3307.043226 -4390.094351
UTC=2024-01-18T20:28:02.000000
-3625630.322017 -521874.061808 -6185033.325249
5703.123447 3304.077628 -3624.021068
UTC=2024-01-18T20:30:02.000000
-2911818.118526 -128559.299550 -6571125.763405
6178.325977 3241.407561 -2802.670073
UTC=2024-01-18T20:32:02.000000
-2146686.482104 253780.282797 -6855966.721994
6557.219135 3121.683209 -1938.652997
UTC=2024-01-18T20:34:02.000000
-1342203.939073 618506.220065 -7035223.204457
6833.205341 2948.527400 -1045.167432
UTC=2024-01-18T20:36:02.000000
-511035.692893 959469.034807 -7106171.779261
7001.285080 2726.452359 -135.810637
UTC=2024-01-18T20:38:02.000000
333652.757859 1271109.164124 -7067735.254885
7058.129402 2460.759518 775.607091
UTC=2024-01-18T20:40:02.000000
1178399.630533 1548545.195826 -6920497.887676
7002.140033 2157.432794 1675.235197
UTC=2024-01-18T20:42:02.000000
2009657.789438 1787649.311449 -6666698.519376
6833.496035 1823.027991 2549.381883
UTC=2024-01-18T20:44:02.000000
2814008.852595 1985108.496297 -6310199.890672
6554.165675 1464.548291 3384.705574
UTC=2024-01-18T20:46:02.000000
3578377.578467 2138470.446187 -5856435.026489
6167.894309 1089.313448 4168.407034
UTC=2024-01-18T20:48:02.000000
4290243.168023 2246173.645228 -5312331.499918
5680.171681 704.828458 4888.406334
UTC=2024-01-18T20:50:02.000000
4937845.951007 2307561.648271 -4686213.962990
5098.181840 318.649777 5533.530760
UTC=2024-01-18T20:52:02.000000
5510385.651879 2322880.844029 -3987684.047630
4430.712663 -61.755206 6093.699031
UTC=2024-01-18T20:54:02.000000
5998206.885749 2293261.413269 -3227479.323130
3688.036069 -429.146880 6560.086080
UTC=2024-01-18T20:56:02.000000
6392969.119959 2220681.866012 -2417313.279867
2881.768549 -776.648198 6925.278013
UTC=2024-01-18T20:58:02.000000
6687797.609311 2107917.603789 -1569696.879428
2024.689688 -1097.876298 7183.418709
UTC=2024-01-18T21:00:02.000000
6877410.593012 1958474.009772 -697744.721019
1130.533941 -1387.067441 7330.320126
UTC=2024-01-18T21:02:02.000000
6958220.345830 1776505.276633 185030.806694
213.758124 -1639.189755 7363.553074
UTC=2024-01-18T21:04:02.000000
6928404.228929 1566720.648495 1064933.736876
-710.717975 -1850.037674 7282.489876
UTC=2024-01-18T21:06:02.000000
6787945.565668 1334280.647099 1928301.840951
-1627.758051 -2016.307627 7088.324135
UTC=2024-01-18T21:08:02.000000
6538643.090131 1084684.804458 2761725.383138
-2522.289383 -2135.661312 6784.063166
UTC=2024-01-18T21:10:02.000000
6184086.853560 823653.496004 3552261.339206
-3379.572148 -2206.759818 6374.466814
UTC=2024-01-18T21:12:02.000000
5729602.588362 557007.013145 4287639.130866
-4185.462601 -2229.277517 5865.964433
UTC=2024-01-18T21:14:02.000000
5182165.191288 290544.454037 4956453.564048
-4926.654431 -2203.888743 5266.528610
UTC=2024-01-18T21:16:02.000000
4550285.093396 29925.363722 5548342.464600
-5590.899612 -2132.239713 4585.546081
UTC=2024-01-18T21:18:02.000000
3843868.233264 -219444.302519 6054146.600765
-6167.219001 -2016.899506 3833.648488
UTC=2024-01-18T21:20:02.000000
3074053.415398 -452518.503995 6466048.124408
-6646.069098 -1861.284697 3022.530832
UTC=2024-01-18T21:22:02.000000
2253031.340847 -664708.102664 6777687.292060
-7019.483690 -1669.579159 2164.768663
UTC=2024-01-18T21:24:02.000000
1393847.808959 -851967.384259 6984256.849631
-7281.196646 -1446.639694 1273.628810
UTC=2024-01-18T21:26:02.000000
510193.340891 -1010868.637818 7082572.799941
-7426.741791 -1197.890538 362.863173
UTC=2024-01-18T21:28:02.000000
-383816.749054 -1138663.296252 7071120.099020
-7453.513539 -929.207028 -553.497781
UTC=2024-01-18T21:30:02.000000
-1273868.131599 -1233328.931875 6950073.953614
-7360.804733 -646.795492 -1461.347473
UTC=2024-01-18T21:32:02.000000
-2145676.247887 -1293601.371345 6721296.827172
-7149.818368 -357.065341 -2346.704850
UTC=2024-01-18T21:34:02.000000
-2985214.967370 -1318991.249117 6388311.629786
-6823.655476 -66.499336 -3195.908185
UTC=2024-01-18T21:36:02.000000
-3778943.098378 -1309785.213678 5956251.882478
-6387.291573 218.472508 -3995.810311
UTC=2024-01-18T21:38:02.000000
-4514026.211905 -1267032.112522 5431787.375331
-5847.516959 491.597940 -4733.987779
UTC=2024-01-18T21:40:02.000000
-5178549.035993 -1192513.995919 4823025.345524
-5212.842369 746.930410 -5398.939121
UTC=2024-01-18T21:42:02.000000
-5761714.625338 -1088701.996024 4139388.356566
-4493.371810 978.951504 -5980.274053
UTC=2024-01-18T21:44:02.000000
-6254026.287502 -958697.969790 3391470.492964
-3700.643666 1182.685756 -6468.883751
UTC=2024-01-18T21:46:02.000000
-6647449.205791 -806163.070617 2590874.480939
-2847.453537 1353.803299 -6857.090570
UTC=2024-01-18T21:48:02.000000
-6935549.604001 -635234.602432 1750031.204863
-1947.652137 1488.712389 -7138.792841
UTC=2024-01-18T21:50:02.000000
-7113606.976656 -450432.734814 882003.066682
-1015.900630 1584.634686 -7309.582675
UTC=2024-01-18T21:52:02.000000
-7178695.859221 -256559.237360 275.749027
-67.411190 1639.663465 -7366.823642
UTC=2024-01-18T21:54:02.000000
-7129735.879142 -58590.296952 -881457.471348
882.322937 1652.803467 -7309.697404
UTC=2024-01-18T21:56:02.000000
-6967508.646078 138434.150236 -1749514.865179
1817.808652 1623.988202 -7139.211926
UTC=2024-01-18T21:58:02.000000
-6694641.538825 329521.734263 -2590443.749833
2723.818612 1554.074671 -6858.170663
UTC=2024-01-18T22:00:02.000000
-6315560.124692 509837.348956 -3391233.559067
3585.656800 1444.821846 -6471.127974
UTC=2024-01-18T22:02:02.000000
-5836408.107630 674809.082130 -4139520.670456
4389.424082 1298.848237 -5984.291553
UTC=2024-01-18T22:04:02.000000
-5264937.905271 820227.715570 -4823779.346375
5122.243507 1119.568342 -5405.396752
UTC=2024-01-18T22:06:02.000000
-4610375.446560 942337.670743 -5433496.669715
5772.465165 911.114048 -4743.562213
UTC=2024-01-18T22:08:02.000000
-3883262.280344 1037917.702469 -5959328.849806
6329.838110 678.242528 -4009.127024
UTC=2024-01-18T22:10:02.000000
-3095278.749785 1104349.746803 -6393237.414229
6785.655005 426.231473 -3213.477078
UTC=2024-01-18T22:12:02.000000
-2259051.754017 1139674.865004 -6728603.921409
7132.863714 160.770739 -2368.864292
UTC=2024-01-18T22:14:02.000000
-1387950.367663 1142636.099549 -6960322.997884
7366.159865 -112.149685 -1488.221617
UTC=2024-01-18T22:16:02.000000
-495872.367890 1112707.212337 -7084872.338669
7482.042801 -386.361287 -584.969758
UTC=2024-01-18T22:18:02.000000
402974.252184 1050106.953909 -7100360.292672
7478.846448 -655.635818 327.163514
UTC=2024-01-18T22:20:02.000000
1294292.811507 955799.051893 -7006552.375233
7356.763259 -913.805532 1234.317337
UTC=2024-01-18T22:22:02.000000
2163921.690432 831477.630130 -6804875.383330
7117.847577 -1154.885176 2122.698275
UTC=2024-01-18T22:24:02.000000
2998055.904768 679538.171080 -6498397.736687
6765.983154 -1373.189626 2978.770767
UTC=2024-01-18T22:26:02.000000
3783463.844696 503034.634745 -6091787.018474
6306.830578 -1563.448828 3789.448728
UTC=2024-01-18T22:28:02.000000
4507695.997913 305622.832383 -5591245.131716
5747.750573 -1720.919370 4542.276456
UTC=2024-01-18T22:30:02.000000
5159283.674212 91491.176317 -5004421.711643
5097.712614 -1841.484304 5225.611776
UTC=2024-01-18T22:32:02.000000
5727925.179846 -134720.308042 -4340305.169119
4367.173037 -1921.748783 5828.814820
UTC=2024-01-18T22:34:02.000000
6204655.062481 -368011.727223 -3609091.768082
3567.918569 -1959.122342 6342.422127
UTC=2024-01-18T22:36:02.000000
6581993.420731 -603124.127134 -2822034.761640
2712.890640 -1951.888301 6758.306677
UTC=2024-01-18T22:38:02.000000
6854072.659979 -834647.720720 -1991274.776695
1815.982851 -1899.256265 7069.830000
UTC=2024-01-18T22:40:02.000000
7016737.997240 -1057135.087484 -1129653.190542
891.808089 -1801.393072 7271.969933
UTC=2024-01-18T22:42:02.000000
7067618.962990 -1265216.986995 -250512.065850
-44.550465 -1659.435251 7361.417678
UTC=2024-01-18T22:44:02.000000
7006170.367766 -1453718.432015 632515.947464
-977.799280 -1475.480614 7336.648820
UTC=2024-01-18T22:46:02.000000
6833681.121124 -1617772.426533 1505724.423268
-1892.709367 -1252.557763 7197.960205
UTC=2024-01-18T22:48:02.000000
6553250.318880 -1752928.813082 2355551.984740
-2774.384882 -994.574586 6947.471100
UTC=2024-01-18T22:50:02.000000
6169730.934565 -1855255.359400 3168799.454501
-3608.534277 -706.241149 6589.088461
UTC=2024-01-18T22:52:02.000000
5689642.094187 -1921428.821690 3932840.069077
-4381.719884 -392.981329 6128.430922
UTC=2024-01-18T22:54:02.000000
5121052.623509 -1948814.421857 4635818.957693
-5081.586792 -60.826284 5572.724796
UTC=2024-01-18T22:56:02.000000
4473438.930734 -1935531.504642 5266838.498819
-5697.060711 283.707339 4930.675351
UTC=2024-01-18T22:58:02.000000
3757520.622969 -1880504.266997 5816127.333499
-6218.524309 633.743265 4212.321829
UTC=2024-01-18T23:00:02.000000
2985076.174168 -1783496.996431 6275190.134907
-6637.968126 982.179362 3428.860689
UTC=2024-01-18T23:02:02.000000
2168743.308327 -1645132.916590 6636935.287939
-6949.096210 1321.824616 2592.460451
UTC=2024-01-18T23:04:02.000000
1321808.131640 -1466896.695285 6895780.408775
-7147.410136 1645.536002 1716.073841
UTC=2024-01-18T23:06:02.000000
457985.797994 -1251120.263001 7047734.467306
-7230.263520 1946.358470 813.236357
UTC=2024-01-18T23:08:02.000000
-408803.210974 -1000952.134487 7090455.427631
-7196.881639 2217.659107 -102.137930
UTC=2024-01-18T23:10:02.000000
-1264657.565324 -720311.056678 7023283.614541
-7048.355545 2453.254522 -1015.956690
UTC=2024-01-18T23:12:02.000000
-2095917.569101 -413824.531209 6847251.178468
-6787.614837 2647.535903 -1914.148870
UTC=2024-01-18T23:14:02.000000
-2889382.931842 -86752.798508 6565067.520903
-6419.376680 2795.584983 -2782.864298
UTC=2024-01-18T23:16:02.000000
-3632523.254870 255100.536550 6181080.783815
-5950.074846 2893.280652 -3608.674604
UTC=2024-01-18T23:18:02.000000
-4313678.521119 605489.949895 5701215.056489
-5387.763559 2937.393600 -4378.776488
UTC=2024-01-18T23:20:02.000000
-4922246.281670 957840.074419 5132883.265731
-4741.991680 2925.668239 -5081.191343
UTC=2024-01-18T23:22:02.000000
-5448852.313181 1305366.781589 4484876.697698
-4023.653412 2856.890571 -5704.957267
UTC=2024-01-18T23:24:02.000000
-5885501.511149 1641205.201801 3767231.797256
-3244.807753 2730.934981 -6240.311793
UTC=2024-01-18T23:26:02.000000
-6225705.870455 1958542.156287 2991076.380581
-2418.479575 2548.791261 -6678.853946
UTC=2024-01-18T23:28:02.000000
-6464587.562660 2250750.463297 2168457.218758
-1558.442500 2312.568352 -7013.691534
UTC=2024-01-18T23:30:02.000000
-6598954.858593 2511522.403707 1312151.170452
-678.983671 2025.476882 -7239.568427
UTC=2024-01-18T23:32:02.000000
-6627348.510776 2734999.564475 435462.361778
205.353571 1691.784589 -7352.966206
UTC=2024-01-18T23:34:02.000000
-6550056.777037 2915895.629932 -447990.285737
1080.030373 1316.745310 -7352.164326
UTC=2024-01-18T23:36:02.000000
-6369099.311199 3049609.453483 -1324490.905901
1930.772099 906.507683 -7237.269093
UTC=2024-01-18T23:38:02.000000
-6088180.246516 3132326.037044 -2180445.876029
2743.820243 468.006056 -7010.208853
UTC=2024-01-18T23:40:02.000000
-5712611.270231 3161103.265041 -3002600.583574
3506.180769 8.830418 -6674.694273
UTC=2024-01-18T23:42:02.000000
-5249206.318699 3133941.904332 -3778248.620053
4205.844475 -462.919021 -6236.135822
UTC=2024-01-18T23:44:02.000000
-4706151.413273 3049837.876989 -4495429.504474
4831.982680 -938.782312 -5701.534159
UTC=2024-01-18T23:46:02.000000
-4092852.840728 2908816.015904 -5143111.581034
5375.111262 -1410.097451 -5079.344870
UTC=2024-01-18T23:48:02.000000
-3419767.490299 2711944.852103 -5711357.374820
5827.222770 -1868.157081 -4379.321063
UTC=2024-01-18T23:50:02.000000
-2698219.679000 2461332.896273 -6191469.508135
6181.882100 -2304.360937 -3612.351337
UTC=2024-01-18T23:52:02.000000
-1940207.394966 2160106.573424 -6576116.885002
6434.307984 -2710.369902 -2790.286790
UTC=2024-01-18T23:54:02.000000
-1158200.797866 1812369.860039 -6859438.503418
6581.414990 -3078.253441 -1925.746166
UTC=2024-01-18T23:56:02.000000
-364937.958283 1423147.157509 -7037124.572423
6621.824698 -3400.624189 -1031.933694
UTC=2024-01-18T23:58:02.000000
426779.786030 998310.274712 -7106475.513732
6555.856954 -3670.765778 -122.452057
