UTC=2024-01-26T00:00:02.000000
-5143966.158525 3580493.681253 -3516908.534809
3934.715147 -622.009170 -6398.552444
UTC=2024-01-26T00:02:02.000000
-4634345.068917 3474200.953734 -4255541.926970
4546.445830 -1148.978846 -5896.187170
UTC=2024-01-26T00:04:02.000000
-4056001.259933 3305060.896254 -4928365.521577
5078.672188 -1667.895666 -5303.168596
UTC=2024-01-26T00:06:02.000000
-3418957.547592 3074603.301252 -5525047.572333
5523.604269 -2169.385684 -4628.819189
UTC=2024-01-26T00:08:02.000000
-2734080.552205 2785473.618815 -6036448.106438
5874.982097 -2644.254778 -3883.653488
UTC=2024-01-26T00:10:02.000000
-2012892.322592 2441401.814234 -6454752.259732
6128.153090 -3083.648952 -3079.211692
UTC=2024-01-26T00:12:02.000000
-1267374.360379 2047152.020749 -6773581.962256
6280.115420 -3479.210248 -2227.867743
UTC=2024-01-26T00:14:02.000000
-509768.922076 1608454.677543 -6988084.744992
6329.525303 -3823.214081 -1342.644612
UTC=2024-01-26T00:16:02.000000
247619.627249 1131922.460416 -7095000.532794
6276.686873 -4108.701681 -437.027795
UTC=2024-01-26T00:18:02.000000
992620.819725 624951.268386 -7092706.358494
6123.523497 -4329.597786 475.212559
UTC=2024-01-26T00:20:02.000000
1713390.367327 95607.091823 -6981239.125408
5873.537585 -4480.827933 1380.216262
UTC=2024-01-26T00:22:02.000000
2398595.223722 -447500.187949 -6762294.575707
5531.733621 -4558.416260 2264.226248
UTC=2024-01-26T00:24:02.000000
3037588.913696 -995353.775001 -6439204.044781
5104.535123 -4559.570360 3113.771877
UTC=2024-01-26T00:26:02.000000
3620575.687255 -1538676.376643 -6016888.494342
4599.677410 -4482.750692 3915.859738
UTC=2024-01-26T00:28:02.000000
4138760.983379 -2068084.080722 -5501790.722250
4026.092229 -4327.729701 4658.150623
UTC=2024-01-26T00:30:02.000000
4584487.169665 -2574246.754433 -4901785.187952
3393.770526 -4095.635548 5329.154777
UTC=2024-01-26T00:32:02.000000
4951350.937505 -3048051.721085 -4226064.980744
2713.598612 -3788.964360 5918.413692
UTC=2024-01-26T00:34:02.000000
5234300.480312 -3480767.501332 -3485007.847834
1997.185672 -3411.569871 6416.669304
UTC=2024-01-26T00:36:02.000000
5429711.231296 -3864205.014512 -2690022.268567
1256.676875 -2968.630559 6816.027322
UTC=2024-01-26T00:38:02.000000
5535437.856930 -4190873.071168 -1853374.712898
504.545111 -2466.586380 7110.104004
UTC=2024-01-26T00:40:02.000000
5550840.723239 -4454124.665230 -988000.972482
-246.623818 -1913.050389 7294.146616
UTC=2024-01-26T00:42:02.000000
5476786.114502 -4648291.070651 -107304.259837
-984.354575 -1316.692743 7365.130761
UTC=2024-01-26T00:44:02.000000
5315619.491923 -4768800.468151 775056.472306
-1696.507243 -687.098590 7321.827227
UTC=2024-01-26T00:46:02.000000
5071111.852500 -4812277.723564 1645384.208947
-2371.498588 -34.597902 7164.832583
UTC=2024-01-26T00:48:02.000000
4748380.332297 -4776622.788553 2490162.817131
-2998.509081 629.920013 6896.560065
UTC=2024-01-26T00:50:02.000000
4353785.197323 -4661066.129793 3296272.655676
-3567.668765 1295.202175 6521.194924
UTC=2024-01-26T00:52:02.000000
3894805.648100 -4466200.387778 4051199.136114
-4070.225151 1949.832755 6044.621285
UTC=2024-01-26T00:54:02.000000
3379896.738617 -4193987.470200 4743230.570806
-4498.687948 2582.441742 5474.316297
UTC=2024-01-26T00:56:02.000000
2818330.911865 -3847740.518932 5361641.395893
-4846.939868 3181.911648 4819.213423
UTC=2024-01-26T00:58:02.000000
2220028.168363 -3432081.958047 5896857.861428
-5110.317391 3737.570750 4089.549875
UTC=2024-01-26T01:00:02.000000
1595377.821910 -2952878.448443 6340604.362093
-5285.668868 4239.383835 3296.692453
UTC=2024-01-26T01:02:02.000000
955055.458951 -2417154.145870 6686027.574552
-5371.376013 4678.121291 2452.948044
UTC=2024-01-26T01:04:02.000000
309838.841082 -1832984.510114 6927797.868898
-5367.351465 5045.516058 1571.371348
UTC=2024-01-26T01:06:02.000000
-329574.176975 -1209372.170783 7062187.178389
-5275.007401 5334.404979 665.568255
UTC=2024-01-26T01:08:02.000000
-952742.805315 -556106.567640 7087123.304583
-5097.206213 5538.857165 -250.503401
UTC=2024-01-26T01:10:02.000000
-1549653.460857 116390.528025 7002219.982303
-4838.192929 5654.281430 -1162.736388
UTC=2024-01-26T01:12:02.000000
-2110880.624696 797231.442333 6808782.557889
-4503.507228 5677.517320 -2057.078315
UTC=2024-01-26T01:14:02.000000
-2627736.051023 1475238.707785 6509789.208662
-4099.878416 5606.905425 -2919.734936
UTC=2024-01-26T01:16:02.000000
-3092404.344051 2139128.404074 6109847.907968
-3635.103219 5442.337763 -3737.369908
UTC=2024-01-26T01:18:02.000000
-3498063.138250 2777698.431109 5615129.679744
-3117.911993 5185.289516 -4497.302200
UTC=2024-01-26T01:20:02.000000
-3838986.314786 3380019.104733 5033277.885157
-2557.818678 4838.823840 -5187.706536
UTC=2024-01-26T01:22:02.000000
-4110628.257234 3935622.572733 4373294.116932
-1964.955943 4407.569225 -5797.801475
UTC=2024-01-26T01:24:02.000000
-4309687.585077 4434688.066160 3645402.099480
-1349.897825 3897.671309 -6318.028490
UTC=2024-01-26T01:26:02.000000
-4434148.937744 4868219.527480 2860890.768914
-723.471449 3316.713541 -6740.219439
UTC=2024-01-26T01:28:02.000000
-4483301.445392 5228211.629360 2031938.337221
-96.558140 2673.602954 -7057.742912
UTC=2024-01-26T01:30:02.000000
-4457733.475357 5507800.240912 1171420.620743
520.101650 1978.426329 -7265.620569
UTC=2024-01-26T01:32:02.000000
-4359304.245626 5701394.251058 292707.119531
1116.098916 1242.285003 -7360.615525
UTC=2024-01-26T01:34:02.000000
-4191092.687181 5804786.420737 -590552.191855
1681.546101 477.108505 -7341.299005
UTC=2024-01-26T01:36:02.000000
-3957323.610941 5815239.905269 -1464646.132783
2207.261596 -304.565126 -7208.080409
UTC=2024-01-26T01:38:02.000000
-3663272.963123 5731547.302629 -2316022.164031
2684.934386 -1089.820732 -6963.187439
UTC=2024-01-26T01:40:02.000000
-3315154.518889 5554062.366289 -3131501.622669
3107.265727 -1865.593483 -6610.613037
UTC=2024-01-26T01:42:02.000000
-2919991.460186 5284703.629566 -3898486.927992
3468.080734 -2618.907574 -6156.031710
UTC=2024-01-26T01:44:02.000000
-2485476.029343 4926930.053052 -4605156.704892
3762.416081 -3337.101724 -5606.684510
UTC=2024-01-26T01:46:02.000000
-2019820.216128 4485690.350519 -5240645.510375
3986.579372 -4008.041290 -4971.237373
UTC=2024-01-26T01:48:02.000000
-1531601.305167 3967348.158240 -5795205.896214
4138.178323 -4620.310718 -4259.632912
UTC=2024-01-26T01:50:02.000000
-1029604.935156 3379584.317455 -6260352.189885
4216.132732 -5163.402617 -3482.928933
UTC=2024-01-26T01:52:02.000000
-522668.153738 2731277.404770 -6628983.419663
4220.661491 -5627.888176 -2653.113887
UTC=2024-01-26T01:54:02.000000
-19525.709927 2032365.601637 -6895483.478952
4153.241884 -6005.557263 -1782.916398
UTC=2024-01-26T01:56:02.000000
471337.528319 1293692.981886 -7055799.084999
4016.550824 -6289.541561 -885.624431
UTC=2024-01-26T01:58:02.000000
941826.583073 526841.841507 -7107495.686142
3814.397007 -6474.421810 25.102844
UTC=2024-01-26T02:00:02.000000
1384367.210343 -256046.793439 -7049790.600256
3551.634587 -6556.319059 935.425717
UTC=2024-01-26T02:02:02.000000
1792025.292512 -1042462.348449 -6883563.041618
3234.060122 -6532.961769 1831.516764
UTC=2024-01-26T02:04:02.000000
2158613.402176 -1819720.496769 -6611341.650655
2868.303541 -6403.732395 2699.743743
UTC=2024-01-26T02:06:02.000000
2478783.874241 -2575163.611310 -6237269.949986
2461.709889 -6169.696950 3526.853932
UTC=2024-01-26T02:08:02.000000
2748107.061636 -3296364.038993 -5767050.130615
2022.213563 -5833.625054 4300.153955
UTC=2024-01-26T02:10:02.000000
2963134.135778 -3971328.650468 -5207863.936589
1558.202317 -5399.983399 5007.712233
UTC=2024-01-26T02:12:02.000000
3121442.348244 -4588699.548381 -4568269.637756
1078.364286 -4874.881518 5638.546389
UTC=2024-01-26T02:14:02.000000
3221662.036899 -5137947.191238 -3858078.269592
591.538059 -4266.003836 6182.786376
UTC=2024-01-26T02:16:02.000000
3263485.637632 -5609554.592834 -3088210.219507
106.560188 -3582.524551 6631.841688
UTC=2024-01-26T02:18:02.000000
3247657.783092 -5995188.775438 -2270531.697760
-367.895812 -2834.977572 6978.563515
UTC=2024-01-26T02:20:02.000000
3175946.309671 -6287854.479647 -1417673.557215
-823.476081 -2035.096253 7217.377105
UTC=2024-01-26T02:22:02.000000
3051094.478200 -6482027.338713 -542835.321906
-1252.303497 -1195.627890 7344.396543
UTC=2024-01-26T02:24:02.000000
2876754.586131 -6573762.506100 340422.775144
-1647.128297 -330.111637 7357.505069
UTC=2024-01-26T02:26:02.000000
2657404.630060 -6560775.806671 1218394.706818
-2001.458807 547.352255 7256.395078
UTC=2024-01-26T02:28:02.000000
2398250.175172 -6442496.502161 2077447.409653
-2309.679582 1422.351356 7042.590501
UTC=2024-01-26T02:30:02.000000
2105112.789829 -6220088.620151 2904239.358324
-2567.153898 2280.428959 6719.417073
UTC=2024-01-26T02:32:02.000000
1784307.980342 -5896440.878499 3685933.003934
-2770.296632 3107.338569 6291.935845
UTC=2024-01-26T02:34:02.000000
1442515.600653 -5476126.547568 4410397.822881
-2916.626923 3889.291788 5766.851819
UTC=2024-01-26T02:36:02.000000
1086645.652690 -4965334.048910 5066400.675967
-3004.791846 4613.195550 5152.395042
UTC=2024-01-26T02:38:02.000000
723702.380491 -4371770.043015 5643780.801528
-3034.573374 5266.876416 4458.182909
UTC=2024-01-26T02:40:02.000000
360648.952479 -3704536.014865 6133606.336428
-3006.867867 5839.293220 3695.049019
UTC=2024-01-26T02:42:02.000000
4276.284572 -2973981.513113 6528309.085280
-2923.641225 6320.712324 2874.856038
UTC=2024-01-26T02:44:02.000000
-338921.805238 -2191538.292846 6821796.672411
-2787.867157 6702.853035 2010.306880
UTC=2024-01-26T02:46:02.000000
-662864.934195 -1369538.259224 7009542.059640
-2603.448610 6979.013211 1114.756066
UTC=2024-01-26T02:48:02.000000
-961992.383330 -521017.201167 7088650.189747
-2375.127492 7144.180496 202.015071
UTC=2024-01-26T02:50:02.000000
-1231357.739590 340493.357630 7057900.470005
-2108.382248 7195.116118 -713.854566
UTC=2024-01-26T02:52:02.000000
-1466710.465981 1201182.513646 6917764.401744
-1809.312185 7130.409736 -1618.746765
UTC=2024-01-26T02:54:02.000000
-1664563.072817 2047181.472303 6670398.739314
-1484.514650 6950.509945 -2498.713666
UTC=2024-01-26T02:56:02.000000
-1822243.241921 2864787.294143 6319614.388639
-1140.956518 6657.731628 -3340.167660
UTC=2024-01-26T02:58:02.000000
-1937930.168189 3640686.009529 5870821.025631
-785.839837 6256.236873 -4130.083498
UTC=2024-01-26T03:00:02.000000
-2010674.492825 4362171.703455 5330947.949021
-426.464106 5751.988843 -4856.191076
UTC=2024-01-26T03:02:02.000000
-2040401.820622 5017358.793339 4708341.772027
-70.088959 5152.681443 -5507.171401
UTC=2024-01-26T03:04:02.000000
-2027899.405541 5595383.576665 4012640.886035
276.207726 4467.631704 -6072.843561
UTC=2024-01-26T03:06:02.000000
-1974786.138229 6086590.976354 3254628.399079
605.664994 3707.640099 -6544.337426
UTC=2024-01-26T03:08:02.000000
-1883466.723517 6482702.614940 2446065.388127
911.968496 2884.821290 -6914.247469
UTC=2024-01-26T03:10:02.000000
-1757070.400224 6776963.170510 1599506.902727
1189.377500 2012.409310 -7176.766824
UTC=2024-01-26T03:12:02.000000
-1599375.045133 6964261.311975 728103.485775
1432.839640 1104.530519 -7327.791980
UTC=2024-01-26T03:14:02.000000
-1414718.675755 7041222.325387 -154607.891496
1638.085884 175.960790 -7364.995902
UTC=2024-01-26T03:16:02.000000
-1207900.499311 7006270.890425 -1034920.189630
1801.711631 -758.130811 -7287.877822
UTC=2024-01-26T03:18:02.000000
-984073.015570 6859661.259432 -1899176.835069
1921.241264 -1682.470051 -7097.775971
UTC=2024-01-26T03:20:02.000000
-748628.259850 6603472.693003 -2733989.962953
1995.161882 -2581.958314 -6797.819740
UTC=2024-01-26T03:22:02.000000
-507081.306231 6241572.923174 -3526451.093853
2022.936415 -3441.927508 -6392.855714
UTC=2024-01-26T03:24:02.000000
-264953.272358 5779551.835819 -4264331.893688
2004.998705 -4248.383406 -5889.355794
UTC=2024-01-26T03:26:02.000000
-27656.157945 5224626.372486 -4936272.291026
1942.727592 -4988.239779 -5295.296213
UTC=2024-01-26T03:28:02.000000
199618.090005 4585518.818320 -5531952.392119
1838.403041 -5649.526335 -4620.011717
UTC=2024-01-26T03:30:02.000000
412002.174748 3872311.516450 -6042246.065185
1695.143904 -6221.575042 -3874.035208
UTC=2024-01-26T03:32:02.000000
605049.451248 3096280.673701 -6459354.164176
1516.827647 -6695.179988 -3068.919480
UTC=2024-01-26T03:34:02.000000
774819.559418 2269713.041310 -6776915.766865
1307.999138 -7062.722871 -2217.050914
UTC=2024-01-26T03:36:02.000000
917952.658804 1405709.362979 -6990097.074127
1073.771263 -7318.270203 -1331.465005
UTC=2024-01-26T03:38:02.000000
1031731.086365 517977.183488 -7095658.275911
819.715631 -7457.653308 -425.661019
UTC=2024-01-26T03:40:02.000000
1114127.706482 -379384.447616 -7091997.823488
551.749902 -7478.523428 486.587853
UTC=2024-01-26T03:42:02.000000
1163840.250793 -1272105.477895 -6979173.642318
276.017485 -7380.381154 1391.428952
UTC=2024-01-26T03:44:02.000000
1180311.277348 -2145967.043466 -6758901.472530
-1.230842 -7164.578047 2275.114372
UTC=2024-01-26T03:46:02.000000
1163734.003047 -2987023.064406 -6434531.714505
-273.754841 -6834.307078 3124.177279
UTC=2024-01-26T03:48:02.000000
1115043.624690 -3781820.240651 -6011004.584190
-535.449615 -6394.582108 3925.621158
UTC=2024-01-26T03:50:02.000000
1035893.729826 -4517613.281826 -5494781.593308
-780.465788 -5852.175424 4667.119303
UTC=2024-01-26T03:52:02.000000
928618.823145 -5182570.625223 -4893754.257741
-1003.323449 -5215.528000 5337.193952
UTC=2024-01-26T03:54:02.000000
796183.057145 -5765968.677918 -4217131.583801
-1199.026907 -4494.644903 5925.395360
UTC=2024-01-26T03:56:02.000000
642115.681466 -6258371.412259 -3475305.844199
-1363.170300 -3700.953753 6422.480346
UTC=2024-01-26T03:58:02.000000
470434.481781 -6651790.999281 -2679698.101381
-1492.031827 -2847.133475 6820.570579
UTC=2024-01-26T04:00:02.000000
285558.659204 -6939826.640729 -1842585.589263
-1582.655885 -1946.920728 7113.298327
UTC=2024-01-26T04:02:02.000000
92212.545537 -7117778.164790 -976912.506543
-1632.922627 -1014.882096 7295.933633
UTC=2024-01-26T04:04:02.000000
-104677.905732 -7182730.724245 -96087.572110
-1641.598393 -66.163510 7365.477202
UTC=2024-01-26T04:06:02.000000
-300093.543211 -7133608.673207 786227.587933
-1608.367052 883.771742 7320.720692
UTC=2024-01-26T04:08:02.000000
-489032.985674 -6971197.603204 1656335.558909
-1533.841127 1819.412273 7162.279018
UTC=2024-01-26T04:10:02.000000
-666623.705878 -6698133.397981 2500722.227624
-1419.552146 2725.477926 6892.588562
UTC=2024-01-26T04:12:02.000000
-828230.550851 -6318857.793328 3306273.284267
-1267.917127 3587.197315 6515.866288
UTC=2024-01-26T04:14:02.000000
-969558.889512 -5839541.151904 4060483.246219
-1082.184682 4390.572349 6038.024591
UTC=2024-01-26T04:16:02.000000
-1086750.673795 -5267975.556499 4751652.353290
-866.369814 5122.609864 5466.560370
UTC=2024-01-26T04:18:02.000000
-1176471.283154 -4613441.168741 5369069.122292
-625.165354 5771.534642 4810.424406
UTC=2024-01-26T04:20:02.000000
-1235985.068079 -3886548.541255 5903176.088273
-363.844357 6326.979671 4079.872846
UTC=2024-01-26T04:22:02.000000
-1263218.493850 -3099059.097307 6345716.018154
-88.149093 6780.154985 3286.287468
UTC=2024-01-26T04:24:02.000000
-1256809.169021 -2263688.271125 6689855.238366
195.830564 7123.966474 2441.980972
UTC=2024-01-26T04:26:02.000000
-1216140.317108 -1393896.526254 6930284.293735
481.777692 7353.105585 1560.013970
UTC=2024-01-26T04:28:02.000000
-1141360.714596 -503670.153581 7063296.259234
763.270731 7464.127490 654.000102
UTC=2024-01-26T04:30:02.000000
-1033389.635038 392705.188210 7086840.698730
1033.911552 7455.491344 -262.099197
UTC=2024-01-26T04:32:02.000000
-893906.126743 1280874.079182 7000553.525587
1287.457159 7327.576546 -1174.173596
UTC=2024-01-26T04:34:02.000000
-725322.662473 2146641.529108 6805762.494363
1517.947592 7082.673425 -2068.170317
UTC=2024-01-26T04:36:02.000000
-530743.804564 2976200.287449 6505468.003507
1719.827789 6724.945323 -2930.298421
UTC=2024-01-26T04:38:02.000000
-313910.655586 3756352.121709 6104299.653845
1888.062347 6260.367468 -3747.229214
UTC=2024-01-26T04:40:02.000000
-79131.914756 4474720.295372 5608448.592257
2018.244346 5696.638563 -4506.298332
UTC=2024-01-26T04:42:02.000000
168797.679794 5119949.744472 5025576.332175
2106.695970 5043.068227 -5195.695631
UTC=2024-01-26T04:44:02.000000
424690.309428 5681892.576590 4364700.421972
2150.556785 4310.437920 -5804.664274
UTC=2024-01-26T04:46:02.000000
683067.411046 6151773.594371 3636057.308596
2147.851770 3510.814501 -6323.667722
UTC=2024-01-26T04:48:02.000000
938269.747956 6522334.977834 2850947.438684
2097.555391 2657.393118 -6744.542581
UTC=2024-01-26T04:50:02.000000
1184574.297202 6787958.374806 2021558.575410
1999.632170 1764.254358 -7060.684907
UTC=2024-01-26T04:52:02.000000
1416313.599109 6944755.402275 1160772.592945
1855.045387 846.112243 -7267.147231
UTC=2024-01-26T04:54:02.000000
1627995.714543 6990628.599998 281960.757965
1665.754027 -81.944126 -7360.731752
UTC=2024-01-26T04:56:02.000000
1814422.138197 6925300.281824 -601229.657837
1434.682470 -1004.719140 -7340.042677
UTC=2024-01-26T04:58:02.000000
1970800.660288 6750309.192462 -1475093.153742
1165.667939 -1907.178610 -7205.505591
UTC=2024-01-26T05:00:02.000000
2092850.951331 6468975.385669 -2326084.103810
863.391357 -2774.711451 -6959.354883
UTC=2024-01-26T05:02:02.000000
2176900.678373 6086334.074859 -3141031.475386
533.288846 -3593.384151 -6605.589114
UTC=2024-01-26T05:04:02.000000
2219969.986471 5609039.724276 -3907346.161448
181.446911 -4350.181475 -6149.892414
UTC=2024-01-26T05:06:02.000000
2219842.514892 5045242.442251 -4613216.716312
-185.517157 -5033.224768 -5599.519877
UTC=2024-01-26T05:08:02.000000
2175121.360872 4404440.269054 -5247789.631271
-560.584891 -5631.954843 -4963.157157
UTC=2024-01-26T05:10:02.000000
2085269.316728 3697311.524852 -5801331.767895
-936.468752 -6137.281973 -4250.764830
UTC=2024-01-26T05:12:02.000000
1950632.993107 2935530.795050 -6265373.576126
-1305.749494 -6541.710376 -3473.412870
UTC=2024-01-26T05:14:02.000000
1772450.221120 2131571.638192 -6632831.285105
-1661.015216 -6839.431754 -2643.096107
UTC=2024-01-26T05:16:02.000000
1552841.223944 1298500.378355 -6898106.693458
-1994.992831 -7026.382527 -1772.549220
UTC=2024-01-26T05:18:02.000000
1294784.074671 449764.298795 -7057165.079511
-2300.680476 -7100.281358 -875.064162
UTC=2024-01-26T05:20:02.000000
1002074.153442 -401023.258198 -7107590.722902
-2571.479556 -7060.642435 35.699485
UTC=2024-01-26T05:22:02.000000
679268.262373 -1240297.967375 -7048619.391796
-2801.317766 -6908.763579 945.908874
UTC=2024-01-26T05:24:02.000000
331614.696207 -2054756.281641 -6881147.825837
-2984.760573 -6647.685103 1841.743443
UTC=2024-01-26T05:26:02.000000
-35029.832347 -2831561.611735 -6607721.832050
-3117.120754 -6282.141678 2709.569267
UTC=2024-01-26T05:28:02.000000
-414296.322336 -3558544.311843 -6232502.322379
-3194.562977 -5818.499770 3536.136121
UTC=2024-01-26T05:30:02.000000
-799410.929826 -4224391.588986 -5761207.597085
-3214.188566 -5264.656006 4308.767127
UTC=2024-01-26T05:32:02.000000
-1183312.111752 -4818824.623776 -5201033.832894
-3174.113482 -4629.926864 5015.538922
UTC=2024-01-26T05:34:02.000000
-1558776.469743 -5332761.212825 -4560553.426647
-3073.533525 -3924.914608 5645.468766
UTC=2024-01-26T05:36:02.000000
-1918551.273524 -5758460.592276 -3849591.190239
-2912.769761 -3161.345182 6188.694944
UTC=2024-01-26T05:38:02.000000
-2255491.119104 -6089647.367449 -3079079.657373
-2693.292081 -2351.883055 6636.643585
UTC=2024-01-26T05:40:02.000000
-2562696.161668 -6321612.145002 -2260895.309540
-2417.721847 -1509.928610 6982.180214
UTC=2024-01-26T05:42:02.000000
-2833649.290282 -6451286.795304 -1407677.490316
-2089.811041 -649.397391 7219.746042
UTC=2024-01-26T05:44:02.000000
-3062349.291897 -6477292.024645 -532632.219776
-1714.395981 215.520575 7345.471860
UTC=2024-01-26T05:46:02.000000
-3243436.801458 -6399955.105074 350675.769377
-1297.323342 1070.615100 7357.258469
UTC=2024-01-26T05:48:02.000000
-3372309.934522 -6221297.082374 1228538.434186
-845.353333 1901.908713 7254.821539
UTC=2024-01-26T05:50:02.000000
-3445227.065387 -5944989.769887 2087323.326291
-366.041913 2695.907726 7039.704256
UTC=2024-01-26T05:52:02.000000
-3459394.214557 -5576282.993007 2913691.652668
132.397030 3439.844181 6715.249832
UTC=2024-01-26T05:54:02.000000
-3413035.023780 -5121904.082226 3694810.868836
641.243255 4121.895963 6286.539827
UTC=2024-01-26T05:56:02.000000
-3305441.917693 -4589932.184156 4418558.084056
1151.431364 4731.386315 5760.302464
UTC=2024-01-26T05:58:02.000000
-3137007.563349 -3989650.003239 5073710.658533
1653.717416 5258.959609 5144.790974
UTC=2024-01-26T06:00:02.000000
-2909236.102176 -3331376.284152 5650120.607605
2138.849820 5696.725301 4449.636963
UTC=2024-01-26T06:02:02.000000
-2624733.683651 -2626283.087021 6138870.165183
2597.741107 6038.367097 3685.683322
UTC=2024-01-26T06:04:02.000000
-2287178.959043 -1886202.032703 6532406.643384
3021.630433 6279.219505 2864.809114
UTC=2024-01-26T06:06:02.000000
-1901274.279720 -1123422.584544 6824655.906456
3402.243556 6416.325471 1999.744947
UTC=2024-01-26T06:08:02.000000
-1472678.019183 -350484.931408 7011112.079369
3731.944209 6448.463092 1103.861517
UTC=2024-01-26T06:10:02.000000
-1007920.116277 420027.336763 7088902.004343
4003.863554 6376.126690 190.969874
UTC=2024-01-26T06:12:02.000000
-514302.244432 1175691.772597 7056826.957201
4212.029781 6201.502488 -724.867616
UTC=2024-01-26T06:14:02.000000
217.225191 1904447.523067 6915380.436300
4351.488208 5928.420357 -1629.544069
UTC=2024-01-26T06:16:02.000000
527151.651034 2594788.298079 6666741.049076
4418.404837 5562.278032 -2509.115873
UTC=2024-01-26T06:18:02.000000
1057625.871717 3235944.667408 6314740.745174
4410.151052 5109.941347 -3350.003450
UTC=2024-01-26T06:20:02.000000
1582525.160619 3818053.698065 5864809.279492
4325.372869 4579.632248 -4139.189851
UTC=2024-01-26T06:22:02.000000
2092651.501787 4332313.833197 5323894.771537
4164.043692 3980.794453 -4864.418324
UTC=2024-01-26T06:24:02.000000
2578885.188689 4771122.436013 4700360.720074
3927.498410 3323.937673 -5514.388860
UTC=2024-01-26T06:26:02.000000
3032348.588411 5128192.898609 4003859.883703
3618.434583 2620.454696 -6078.941577
UTC=2024-01-26T06:28:02.000000
3444568.736516 5398649.547492 3245187.825582
3240.895978 1882.438399 -6549.216368
UTC=2024-01-26T06:30:02.000000
3807637.215424 5579100.151579 2436116.689733
2800.237711 1122.480992 -6917.826515
UTC=2024-01-26T06:32:02.000000
4114362.563923 5667681.136997 1589209.431770
2303.036297 353.428970 -7178.993784
UTC=2024-01-26T06:34:02.000000
4358410.737215 5664075.060263 717621.410337
1756.988324 -411.830976 -7328.640258
UTC=2024-01-26T06:36:02.000000
4534432.382951 5569501.476615 -165109.385335
1170.783939 -1160.611017 -7364.475969
UTC=2024-01-26T06:38:02.000000
4638172.933187 5386678.694178 -1045279.010919
553.953356 -1880.655629 -7286.027075
UTC=2024-01-26T06:40:02.000000
4666563.621082 5119759.118397 -1909235.962135
-83.300127 -2560.353657 -7094.639774
UTC=2024-01-26T06:42:02.000000
4617791.231771 4774239.686469 -2743598.192505
-730.285553 -3188.939230 -6793.450960
UTC=2024-01-26T06:44:02.000000
4491345.026187 4356849.344516 -3535464.543925
-1376.019527 -3756.673432 -6387.325110
UTC=2024-01-26T06:46:02.000000
4288039.724636 3875416.022616 -4272616.378475
-2009.427201 -4255.002265 -5882.753256
UTC=2024-01-26T06:48:02.000000
4010014.921553 3338716.672917 -4943705.384791
-2619.533991 -4676.681328 -5287.728066
UTC=2024-01-26T06:50:02.000000
3660711.537735 2756313.918769 -5538425.429898
-3195.657365 -5015.874294 -4611.600513
UTC=2024-01-26T06:52:02.000000
3244825.615346 2138382.721665 -6047665.843076
-3727.590622 -5268.220825 -3864.915191
UTC=2024-01-26T06:54:02.000000
2768240.880114 1495530.621260 -6463644.094677
-4205.773291 -5430.875663 -3059.232859
UTC=2024-01-26T06:56:02.000000
2237941.620419 838615.089206 -6780016.608092
-4621.447275 -5502.517578 -2206.943849
UTC=2024-01-26T06:58:02.000000
1661908.108434 178561.448876 -6991967.153845
-4966.792353 -5483.332522 -1321.084021
UTC=2024-01-26T07:00:02.000000
1048996.248650 -473816.231165 -7096273.726721
-5235.057257 -5374.982879 -415.156701
UTC=2024-01-26T07:02:02.000000
408801.776947 -1107989.540189 -7091352.790299
-5420.679411 -5180.555494 497.067284
UTC=2024-01-26T07:04:02.000000
-248487.948083 -1713882.054858 -6977279.867084
-5519.375394 -4904.482753 1401.737118
UTC=2024-01-26T07:06:02.000000
-912252.621526 -2282025.815555 -6755788.572817
-5528.226793 -4552.459328 2285.099484
UTC=2024-01-26T07:08:02.000000
-1571607.314128 -2803707.312090 -6430247.372567
-5445.750804 -4131.346079 3133.693289
UTC=2024-01-26T07:10:02.000000
-2215577.618574 -3271100.295540 -6005613.050647
-5271.945300 -3649.048982 3934.537267
UTC=2024-01-26T07:12:02.000000
-2833279.455336 -3677383.693319 -5488362.465044
-5008.322674 -3114.393662 4675.308547
UTC=2024-01-26T07:14:02.000000
-3414102.128784 -4016843.890909 -4886402.254283
-4657.927164 -2536.986830 5344.532968
UTC=2024-01-26T07:16:02.000000
-3947891.423311 -4284958.906627 -4208955.560828
-4225.316881 -1927.054300 5931.772262
UTC=2024-01-26T07:18:02.000000
-4425128.874338 -4478462.519272 -3466427.449875
-3716.520768 -1295.270633 6427.793689
UTC=2024-01-26T07:20:02.000000
-4837104.489292 -4595387.418252 -2670250.368549
-3138.970077 -652.578461 6824.733193
UTC=2024-01-26T07:22:02.000000
-5176079.224241 -4635085.916247 -1832710.952215
-2501.396738 -9.996470 7116.240462
UTC=2024-01-26T07:24:02.000000
-5435433.531733 -4598227.388058 -966760.859930
-1813.702848 621.575610 7297.600254
UTC=2024-01-26T07:26:02.000000
-5609798.576363 -4486772.275124 -85814.617111
-1086.803431 1231.551898 7365.826807
UTC=2024-01-26T07:28:02.000000
-5695167.116538 -4303922.940259 796462.259262
-332.443857 1809.851066 7319.731556
UTC=2024-01-26T07:30:02.000000
-5688980.848785 -4054051.884256 1666371.330067
437.008754 2347.082443 7159.956239
UTC=2024-01-26T07:32:02.000000
-5590191.676737 -3742608.358585 2510400.634182
1208.789180 2834.717414 6888.961915
UTC=2024-01-26T07:34:02.000000
-5399295.784351 -3376005.887158 3315440.517368
1969.963099 3265.235577 6510.982374
UTC=2024-01-26T07:36:02.000000
-5118340.082361 -2961493.696070 4068992.167382
2707.658174 3632.248157 6031.949983
UTC=2024-01-26T07:38:02.000000
-4750900.700695 -2507014.448774 4759365.381824
3409.298480 3930.601263 5459.387367
UTC=2024-01-26T07:40:02.000000
-4302033.987030 -2021051.609640 5375860.968708
4062.824095 4156.443663 4802.263640
UTC=2024-01-26T07:42:02.000000
-3778202.468290 -1512470.662208 5908935.245049
4656.891177 4307.264150 4070.842455
UTC=2024-01-26T07:44:02.000000
-3187177.260058 -990356.954525 6350345.817440
5181.065740 4381.911372 3276.519155
UTC=2024-01-26T07:46:02.000000
-2537917.712480 -463852.435756 6693276.298455
5626.006367 4380.590058 2431.631701
UTC=2024-01-26T07:48:02.000000
-1840430.651505 58005.160226 6932437.182193
5983.619647 4304.823069 1549.256202
UTC=2024-01-26T07:50:02.000000
-1105612.862089 566436.868434 7064142.540166
6247.185718 4157.389977 643.011068
UTC=2024-01-26T07:52:02.000000
-345079.466913 1053069.388322 7086363.464972
6411.469644 3942.259467 -273.138665
UTC=2024-01-26T07:54:02.000000
429020.127636 1510072.735414 6998757.519074
6472.815560 3664.502207 -1185.083946
UTC=2024-01-26T07:56:02.000000
1204196.370835 1930286.447096 6802673.751718
6429.220631 3330.187356 -2078.777241
UTC=2024-01-26T07:58:02.000000
1967821.049217 2307332.241974 6501132.936633
6280.382366 2946.260941 -2940.436982
UTC=2024-01-26T08:00:02.000000
2707333.045469 2635711.561188 6098783.908617
6027.724615 2520.417133 -3756.742888
UTC=2024-01-26T08:02:02.000000
3410446.228929 2910887.243970 5601836.299084
5674.405539 2060.960934 -4515.036252
UTC=2024-01-26T08:04:02.000000
4065356.279589 3129347.910619 5017968.874262
5225.288758 1576.657946 -5203.522763
UTC=2024-01-26T08:06:02.000000
4660941.879395 3288653.806764 4356214.683411
4686.883411 1076.576123 -5811.453289
UTC=2024-01-26T08:08:02.000000
5186958.362183 3387463.532894 3626825.376645
4067.278195 569.926778 -6329.299042
UTC=2024-01-26T08:10:02.000000
5634220.725176 3425540.911654 2841113.275265
3376.018386 65.887834 -6748.936546
UTC=2024-01-26T08:12:02.000000
5994768.880273 3403740.567932 2011274.723707
2623.948989 -426.564421 -7063.776339
UTC=2024-01-26T08:14:02.000000
6262013.911116 3323974.114833 1150198.478592
1823.046225 -898.817700 -7268.886443
UTC=2024-01-26T08:16:02.000000
6430861.756672 3189156.579831 271260.767195
986.211176 -1342.787157 -7361.086979
UTC=2024-01-26T08:18:02.000000
6497810.534783 3003133.868885 -611888.676338
127.039676 -1751.067225 -7339.005386
UTC=2024-01-26T08:20:02.000000
6461019.394905 2770592.880555 -1485544.871560
-740.421961 -2117.066945 -7203.092412
UTC=2024-01-26T08:22:02.000000
6320347.806443 2496957.268044 -2336165.499123
-1601.921634 -2435.114050 -6955.604530
UTC=2024-01-26T08:24:02.000000
6077365.299752 2188271.343467 -3150585.600853
-2443.253728 -2700.551576 -6600.563610
UTC=2024-01-26T08:26:02.000000
5735330.659841 1851073.567528 -3916224.662640
-3250.510087 -2909.810094 -6143.672577
UTC=2024-01-26T08:28:02.000000
5299141.632417 1492263.045098 -4621282.122218
-4010.323378 -3060.453945 -5592.206476
UTC=2024-01-26T08:30:02.000000
4775256.001782 1118962.157983 -5254917.577044
-4710.094854 -3151.197478 -4954.866759
UTC=2024-01-26T08:32:02.000000
4171587.464815 738378.927519 -5807412.629649
-5338.189472 -3181.896287 -4241.625916
UTC=2024-01-26T08:34:02.000000
3497378.938060 357671.481607 -6270313.659502
-5884.117551 -3153.519870 -3463.562421
UTC=2024-01-26T08:36:02.000000
2763055.109314 -16182.919970 -6636553.876988
-6338.697011 -3068.103891 -2632.680083
UTC=2024-01-26T08:38:02.000000
1980057.469909 -376512.137173 -6900553.028679
-6694.182405 -2928.685844 -1761.720004
UTC=2024-01-26T08:40:02.000000
1160665.252033 -717064.773793 -7058294.998274
-6944.374784 -2739.226844 -863.980025
UTC=2024-01-26T08:42:02.000000
317803.654352 -1032115.662979 -7107383.329939
-7084.720618 -2504.519138 46.876901
UTC=2024-01-26T08:44:02.000000
-535157.669981 -1316559.318653 -7047073.308018
-7112.374306 -2230.080886 957.014767
UTC=2024-01-26T08:46:02.000000
-1384612.600645 -1565990.641326 -6878281.951668
-7026.248067 -1922.048502 1852.605180
UTC=2024-01-26T08:48:02.000000
-2216931.677743 -1776772.190036 -6603575.581160
-6827.043098 -1587.059274 2720.020828
UTC=2024-01-26T08:50:02.000000
-3018677.012344 -1946086.713193 -6227134.200533
-6517.248949 -1232.124618 3546.023929
UTC=2024-01-26T08:52:02.000000
-3776816.148196 -2071974.589673 -5754694.258182
-6101.131181 -864.506249 4317.941697
UTC=2024-01-26T08:54:02.000000
-4478933.815607 -2153356.135049 -5193469.518272
-5584.702177 -491.585314 5023.857831
UTC=2024-01-26T08:56:02.000000
-5113437.647148 -2190037.701212 -4552048.784863
-4975.650302 -120.725187 5652.801025
UTC=2024-01-26T08:58:02.000000
-5669753.816919 -2182701.408173 -3840271.974436
-4283.245305 240.863866 6194.919689
UTC=2024-01-26T09:00:02.000000
-6138509.760160 -2132878.635518 -3069085.376716
-3518.214558 586.260476 6641.653577
UTC=2024-01-26T09:02:02.000000
-6511699.800500 -2042907.289108 -2250377.196352
-2692.583198 908.965509 6985.887982
UTC=2024-01-26T09:04:02.000000
-6782829.981795 -1915873.519087 -1396795.947486
-1819.488048 1203.027563 7222.086516
UTC=2024-01-26T09:06:02.000000
-6947038.822376 -1755538.933513 -521554.124069
-912.962191 1463.158822 7346.401714
UTC=2024-01-26T09:08:02.000000
-7001190.808959 -1566254.558758 361779.567365
12.302795 1684.839770 7356.755040
UTC=2024-01-26T09:10:02.000000
-6943940.055768 -1352863.193228 1239495.687783
941.215833 1864.406426 7252.884317
UTC=2024-01-26T09:12:02.000000
-6775762.106491 -1120592.570097 2097963.028406
1858.556171 1999.116597 7036.354233
UTC=2024-01-26T09:14:02.000000
-6498953.173419 -874941.763653 2923846.622455
2749.245099 2087.196204 6710.530163
UTC=2024-01-26T09:16:02.000000
-6117597.003425 -621563.196387 3704320.616134
3598.613562 2127.866293 6280.519819
UTC=2024-01-26T09:18:02.000000
-5637499.730298 -366142.813781 4427272.161634
4392.667196 2121.344902 5753.079477
UTC=2024-01-26T09:20:02.000000
-5066094.194388 -114281.642284 5081491.610149
5118.325314 2068.824277 5136.482767
UTC=2024-01-26T09:22:02.000000
-4412317.532093 128618.999976 5656845.990755
5763.630438 1972.432675 4440.375736
UTC=2024-01-26T09:24:02.000000
-3686464.553036 357466.499285 6144434.404269
6317.943637 1835.175318 3675.618473
UTC=2024-01-26T09:26:02.000000
-2900018.852396 567577.677472 6536722.968037
6772.116060 1660.856602 2854.102870
UTC=2024-01-26T09:28:02.000000
-2065465.526494 754769.321234 6827657.321527
7118.625993 1453.989276 1988.564340
UTC=2024-01-26T09:30:02.000000
-1196088.717351 915437.400157 7012752.054997
7351.693826 1219.696030 1092.381533
UTC=2024-01-26T09:32:02.000000
-305757.597211 1046623.669453 7089155.522390
7467.359420 963.598019 179.372542
UTC=2024-01-26T09:34:02.000000
591295.535335 1146068.454332 7055690.766369
7463.538481 691.696990 -736.402530
UTC=2024-01-26T09:36:02.000000
1480702.662615 1212249.101773 6912872.517670
7340.057011 410.254263 -1640.842963
UTC=2024-01-26T09:38:02.000000
2348190.014660 1244403.554755 6662899.847632
7098.658724 125.663662 -2520.010556
UTC=2024-01-26T09:40:02.000000
3179807.432811 1242538.558231 6309624.730665
6742.989533 -155.676634 -3360.328500
UTC=2024-01-26T09:42:02.000000
3962154.581282 1207422.461197 5858496.332212
6278.556480 -427.492778 -4148.788808
UTC=2024-01-26T09:44:02.000000
4682599.665817 1140562.692416 5316480.701005
5712.646540 -683.761345 -4873.148394
UTC=2024-01-26T09:46:02.000000
5329487.537116 1044168.303368 4691958.094454
5054.233445 -918.832139 -5522.111787
UTC=2024-01-26T09:48:02.000000
5892335.144687 921098.120984 3994597.575240
4313.853126 -1127.544217 -6085.526530
UTC=2024-01-26T09:50:02.000000
6362009.140120 774795.565088 3235208.909698
3503.433750 -1305.332788 -6554.560755
UTC=2024-01-26T09:52:02.000000
6730881.252685 609210.957921 2425574.850982
2636.097759 -1448.329664 -6921.851622
UTC=2024-01-26T09:54:02.000000
6992959.288001 428712.847682 1578267.127496
1725.953234 -1553.444701 -7181.634408
UTC=2024-01-26T09:56:02.000000
7143990.821034 237990.543500 706447.503412
787.844757 -1618.431731 -7329.853576
UTC=2024-01-26T09:58:02.000000
7181536.201603 41949.718579 -176341.734540
-162.902944 -1641.937434 -7364.233759
UTC=2024-01-26T10:00:02.000000
7105009.713441 -154396.681683 -1056394.565968
-1110.763030 -1623.530160 -7284.323948
UTC=2024-01-26T10:02:02.000000
6915687.121207 -346039.622986 -1920060.417392
-2040.283708 -1563.706070 -7091.497112
UTC=2024-01-26T10:04:02.000000
6616680.092064 -528084.719767 -2753961.419168
-2936.363017 -1463.875969 -6788.916403
UTC=2024-01-26T10:06:02.000000
6212878.454384 -695860.158289 -3545203.505031
-3784.509501 -1326.331061 -6381.468655
UTC=2024-01-26T10:08:02.000000
5710861.911310 -845019.237615 -4281577.761306
-4571.089664 -1154.187870 -5875.667414
UTC=2024-01-26T10:10:02.000000
5118783.369771 -971635.151374 -4951748.230568
-5283.551278 -951.314597 -5279.524858
UTC=2024-01-26T10:12:02.000000
4446227.484159 -1072286.175122 -5545423.080655
-5910.613954 -722.246405 -4602.405839
UTC=2024-01-26T10:14:02.000000
3704047.652421 -1144130.210654 -6053507.510728
-6442.438577 -472.091869 -3854.867464
UTC=2024-01-26T10:16:02.000000
2904184.337921 -1184967.254401 -6468236.223123
-6870.766481 -206.424706 -3048.480521
UTC=2024-01-26T10:18:02.000000
2059468.865621 -1193288.156852 -6783284.125991
-7189.024005 68.834192 -2195.647261
UTC=2024-01-26T10:20:02.000000
1183416.144882 -1168309.360595 -6993855.017122
-7392.402904 347.531392 -1309.415583
UTC=2024-01-26T10:22:02.000000
290009.280904 -1109993.770291 -7096747.862076
-7477.915729 623.400273 -403.292549
UTC=2024-01-26T10:24:02.000000
-606521.055038 -1019056.822533 -7090400.466916
-7444.426036 890.185161 508.946567
UTC=2024-01-26T10:26:02.000000
-1491919.289096 -896958.054355 -6974910.547809
-7292.655901 1141.760431 1413.442821
UTC=2024-01-26T10:28:02.000000
-2352127.635335 -745878.095884 -6752034.273446
-7025.174833 1372.253482 2296.447139
UTC=2024-01-26T10:30:02.000000
-3173505.361210 -568681.318086 -6425161.538662
-6646.354756 1576.159988 3144.509371
UTC=2024-01-26T10:32:02.000000
-3943041.793519 -368864.927432 -5999269.686705
-6162.316137 1748.455356 3944.652371
UTC=2024-01-26T10:34:02.000000
-4648562.306788 -150494.879046 -5480855.258190
-5580.856354 1884.702340 4684.566504
UTC=2024-01-26T10:36:02.000000
-5278923.048646 81870.538084 -4877842.524976
-4911.337911 1981.147656 5352.794781
UTC=2024-01-26T10:38:02.000000
-5824191.509457 323268.151740 -4199470.696410
-4164.564887 2034.811303 5938.908845
UTC=2024-01-26T10:40:02.000000
-6275810.503499 568427.652260 -3456159.569450
-3352.625634 2043.565448 6433.689212
UTC=2024-01-26T10:42:02.000000
-6626741.269435 811877.600485 -2659354.630675
-2488.705957 2006.195024 6829.286506
UTC=2024-01-26T10:44:02.000000
-6871582.641876 1048057.812519 -1821353.664732
-1586.876084 1922.441231 7119.366815
UTC=2024-01-26T10:46:02.000000
-7006663.672211 1271435.704116 -955117.400037
-661.862838 1793.025387 7299.235300
UTC=2024-01-26T10:48:02.000000
-7030107.047735 1476624.191205 -74066.128155
271.213227 1619.648706 7365.940020
UTC=2024-01-26T10:50:02.000000
-6941859.934442 1658498.118793 808132.897745
1197.107955 1404.970928 7318.322817
UTC=2024-01-26T10:52:02.000000
-6743693.138592 1812307.200299 1677782.612955
2100.716380 1152.571473 7157.047869
UTC=2024-01-26T10:54:02.000000
-6439168.149256 1933782.804362 2521375.041475
2967.343632 866.886144 6884.598488
UTC=2024-01-26T10:56:02.000000
-6033572.003917 2019235.836550 3325807.402453
3782.968263 553.122211 6505.234487
UTC=2024-01-26T10:58:02.000000
-5533821.400362 2065643.280845 4078590.881496
4534.490123 217.155517 6024.912266
UTC=2024-01-26T11:00:02.000000
-4948338.608315 2070721.682560 4768047.671652
5209.950614 -134.583732 5451.171329
UTC=2024-01-26T11:02:02.000000
-4286902.774843 2032986.264480 5383492.995685
5798.722858 -495.235958 4792.998422
UTC=2024-01-26T11:04:02.000000
-3560480.183532 1951794.605671 5915399.806189
6291.672994 -857.643875 4060.676069
UTC=2024-01-26T11:06:02.000000
-2781036.491194 1827374.203171 6355544.465854
6681.300342 -1214.489466 3265.615118
UTC=2024-01-26T11:08:02.000000
-1961333.776847 1660833.203516 6697130.799076
6961.846261 -1558.437359 2420.162771
UTC=2024-01-26T11:10:02.000000
-1114717.007959 1454153.957360 6934890.502323
7129.363100 -1882.275814 1537.402490
UTC=2024-01-26T11:12:02.000000
-254894.379732 1210169.988156 7065159.443385
7181.748265 -2179.052826 630.954839
UTC=2024-01-26T11:14:02.000000
604285.130695 932526.782288 7085930.517787
7118.758988 -2442.209494 -285.216823
UTC=2024-01-26T11:16:02.000000
1449054.714088 625626.934647 6996882.682234
6942.003642 -2665.706855 -1197.008599
UTC=2024-01-26T11:18:02.000000
2265949.994482 294560.428784 6799385.727593
6654.906626 -2844.147010 -2090.377090
UTC=2024-01-26T11:20:02.000000
3042023.783920 -54979.190909 6496481.079794
6262.652673 -2972.886810 -2951.538749
UTC=2024-01-26T11:22:02.000000
3765052.887044 -416791.724933 6092838.257440
5772.107370 -3048.141208 -3767.176849
UTC=2024-01-26T11:24:02.000000
4423733.442413 -784278.860361 5594686.675490
5191.707177 -3067.074266 -4524.642591
UTC=2024-01-26T11:26:02.000000
5007861.709815 -1150562.839287 5009723.823920
4531.327320 -3027.875673 -5212.148734
UTC=2024-01-26T11:28:02.000000
5508497.715321 -1508613.151150 4347000.428856
3802.127267 -2929.817853 -5818.959565
UTC=2024-01-26T11:30:02.000000
5918108.812768 -1851379.070609 3616783.383839
3016.371125 -2773.296781 -6335.570566
UTC=2024-01-26T11:32:02.000000
6230690.142132 -2171925.844952 2830397.815843
2187.221238 -2559.850243 -6753.874775
UTC=2024-01-26T11:34:02.000000
6441858.903735 -2463571.530196 2000050.627490
1328.510583 -2292.150540 -7067.304318
UTC=2024-01-26T11:36:02.000000
6548920.659632 -2720021.468069 1138638.579756
454.505289 -1973.973314 -7270.947461
UTC=2024-01-26T11:38:02.000000
6550906.280220 -2935497.733697 259543.508445
-420.349926 -1610.143610 -7361.643806
UTC=2024-01-26T11:40:02.000000
6448577.735348 -3104860.387925 -623581.411209
-1281.690024 -1206.454246 -7338.038297
UTC=2024-01-26T11:42:02.000000
6244403.100789 -3223717.725715 -1497030.282011
-2115.489349 -769.563984 -7200.608008
UTC=2024-01-26T11:44:02.000000
5942500.342873 -3288522.927164 -2347263.502971
-2908.314672 -306.873582 -6951.640608
UTC=2024-01-26T11:46:02.000000
5548552.500205 -3296655.009918 -3161122.198729
-3647.551504 173.610912 -6595.183379
UTC=2024-01-26T11:48:02.000000
5069696.465129 -3246482.672027 -3926034.816670
-4321.616719 663.426052 -6136.960899
UTC=2024-01-26T11:50:02.000000
4514387.888077 -3137410.009356 -4630211.963377
-4920.143034 1153.805228 -5584.264772
UTC=2024-01-26T11:52:02.000000
3892245.278400 -2969903.102002 -5262826.602079
-5434.140904 1635.843025 -4945.816792
UTC=2024-01-26T11:54:02.000000
3213876.912129 -2745496.856143 -5814175.992647
-5856.120516 2100.657230 -4231.605288
UTC=2024-01-26T11:56:02.000000
2490695.512064 -2466783.029941 -6275823.581137
-6180.176179 2539.540605 -3452.717624
UTC=2024-01-26T11:58:02.000000
1734724.061530 -2137380.196934 -6640720.941742
-6402.052641 2944.112820 -2621.172620
UTC=2024-01-26T12:00:02.000000
958394.734390 -1761885.246567 -6903308.405924
-6519.189244 3306.472952 -1749.730589
UTC=2024-01-26T12:02:02.000000
174344.901593 -1345807.697360 -7059592.206774
-6530.725611 3619.332484 -851.698494
UTC=2024-01-26T12:04:02.000000
-604786.154783 -895488.620455 -7107198.841411
-6437.485401 3876.141096 59.257717
UTC=2024-01-26T12:06:02.000000
-1366557.284776 -418004.958290 -7045407.050935
-6241.940706 4071.203821 969.297165
UTC=2024-01-26T12:08:02.000000
-2098920.489779 78939.900590 -6875157.428569
-5948.160677 4199.791864 1864.595807
UTC=2024-01-26T12:10:02.000000
-2790408.006741 587137.819017 -6599038.960536
-5561.732136 4258.236248 2731.534629
UTC=2024-01-26T12:12:02.000000
-3430309.027207 1098008.240566 -6221253.619688
-5089.668380 4244.012043 3556.879827
UTC=2024-01-26T12:14:02.000000
-4008834.921977 1602739.828442 -5747559.078359
-4540.307114 4155.808076 4327.968347
UTC=2024-01-26T12:16:02.000000
-4517270.902767 2092439.611625 -5185188.923534
-3923.185206 3993.583700 5032.895827
UTC=2024-01-26T12:18:02.000000
-4948111.317305 2558288.103729 -4542750.237800
-3248.891187 3758.607826 5660.706857
UTC=2024-01-26T12:20:02.000000
-5295175.707811 2991697.089191 -3830098.799090
-2528.893509 3453.465431 6201.572655
UTC=2024-01-26T12:22:02.000000
-5553703.669730 3384467.058894 -3058194.170869
-1775.360205 3082.046862 6646.952417
UTC=2024-01-26T12:24:02.000000
-5720427.019968 3728942.168491 -2238935.595199
-1000.957914 2649.514338 6989.750282
UTC=2024-01-26T12:26:02.000000
-5793616.701650 4018159.158148 -1384980.290563
-218.635733 2162.235362 7224.449871
UTC=2024-01-26T12:28:02.000000
-5773103.242344 4245986.636405 -509546.960323
558.601000 1627.689246 7347.225009
UTC=2024-01-26T12:30:02.000000
-5660269.712312 4407251.757527 373792.071195
1317.920224 1054.350985 7356.020058
UTC=2024-01-26T12:32:02.000000
-5458016.847923 4497851.202029 1251326.880701
2046.899087 451.543824 7250.601590
UTC=2024-01-26T12:34:02.000000
-5170700.193115 4514843.007660 2109429.257577
2733.749588 -170.728275 7032.562950
UTC=2024-01-26T12:36:02.000000
-4804041.291074 4456517.693933 2934770.475915
3367.525995 -801.957860 6705.294546
UTC=2024-01-26T12:38:02.000000
-4365015.087519 4322447.547988 3714533.725768
3938.314049 -1431.322950 6273.925299
UTC=2024-01-26T12:40:02.000000
-3861715.956474 4113512.288386 4436617.348880
4437.395467 -2047.888061 5745.226737
UTC=2024-01-26T12:42:02.000000
-3303205.870613 3831900.923675 5089824.867577
4857.382733 -2640.799699 5127.492042
UTC=2024-01-26T12:44:02.000000
-2699347.709202 3481090.144206 5664039.159579
5192.330550 -3199.482190 4430.390641
UTC=2024-01-26T12:46:02.000000
-2060627.226282 3065799.640013 6150377.722431
5437.813490 -3713.824944 3664.800987
UTC=2024-01-26T12:48:02.000000
-1397967.458845 2591925.516151 6541326.982587
5590.974627 -4174.360741 2842.628335
UTC=2024-01-26T12:50:02.000000
-722539.287989 2066453.000114 6830853.713402
5650.538610 -4572.429602 1976.607093
UTC=2024-01-26T12:52:02.000000
-45572.451692 1497350.881282 7014493.263521
5616.797607 -4900.323024 1080.114930
UTC=2024-01-26T12:54:02.000000
621831.343121 893448.849194 7089414.959121
5491.586272 -5151.422181 166.972260
UTC=2024-01-26T12:56:02.000000
1268880.407975 264299.587137 7054462.929834
5278.225909 -5320.314171 -748.760913
UTC=2024-01-26T12:58:02.000000
1885267.217132 -379972.274746 6910173.004945
4981.451021 -5402.895960 -1652.982858
UTC=2024-01-26T13:00:02.000000
2461332.698546 -1028832.963720 6658765.556370
4607.317710 -5396.464424 -2531.754042
UTC=2024-01-26T13:02:02.000000
2988218.464266 -1671511.671109 6304113.830548
4163.095627 -5299.781853 -3371.499283
UTC=2024-01-26T13:04:02.000000
3458005.153778 -2297179.644026 5851688.037344
3657.142470 -5113.126285 -4159.212367
UTC=2024-01-26T13:06:02.000000
3863834.324365 -2895133.603112 5308474.947390
3098.757091 -4838.312651 -4882.655212
UTC=2024-01-26T13:08:02.000000
4200012.009897 -3454980.487893 4682874.304754
2498.020903 -4478.694607 -5530.548210
UTC=2024-01-26T13:10:02.000000
4462092.377647 -3966820.820557 3984572.499431
1865.624625 -4039.137869 -6092.757025
UTC=2024-01-26T13:12:02.000000
4646939.729455 -4421427.035054 3224394.621197
1212.681154 -3525.963249 -6560.464920
UTC=2024-01-26T13:14:02.000000
4752767.493346 -4810413.137022 2414136.807756
550.529231 -2946.858669 -6926.329056
UTC=2024-01-26T13:16:02.000000
4779152.982092 -5126391.880530 1566381.182671
-109.473003 -2310.760107 -7184.611726
UTC=2024-01-26T13:18:02.000000
4727027.322048 -5363116.164387 694296.804350
-756.154707 -1627.707578 -7331.283448
UTC=2024-01-26T13:20:02.000000
4598640.664477 -5515601.373090 -188569.948180
-1378.735241 -908.671878 -7364.093323
UTC=2024-01-26T13:22:02.000000
4397504.052747 -5580225.946778 -1068511.426212
-1967.011829 -165.367101 -7282.610027
UTC=2024-01-26T13:24:02.000000
4128308.682692 -5554808.086751 -1931878.093391
-2511.547941 589.962019 -7088.229756
UTC=2024-01-26T13:26:02.000000
3796823.959003 -5438656.163922 -2765295.827733
-3003.834436 1344.760778 -6784.138619
UTC=2024-01-26T13:28:02.000000
3409777.648432 -5232592.452513 -3555877.267448
-3436.429742 2086.390250 -6375.249233
UTC=2024-01-26T13:30:02.000000
2974720.439217 -4938949.758059 -4291423.273550
-3803.077153 2802.350245 -5868.100619
UTC=2024-01-26T13:32:02.000000
2499878.162813 -4561541.631340 -4960610.860119
-4098.793214 3480.498228 -5270.732938
UTC=2024-01-26T13:34:02.000000
1993995.303962 -4105606.695536 -5553164.350776
-4319.923535 4109.258325 -4592.533877
UTC=2024-01-26T13:36:02.000000
1466173.734238 -3577729.394113 -6060007.215004
-4464.168851 4677.805045 -3844.074150
UTC=2024-01-26T13:38:02.000000
925709.442436 -2985739.651292 -6473393.999548
-4530.592569 5176.233593 -3036.938471
UTC=2024-01-26T13:40:02.000000
381929.740020 -2338592.643362 -6787021.234198
-4519.604172 5595.719972 -2183.543722
UTC=2024-01-26T13:42:02.000000
-155965.908227 -1646230.478124 -6996115.845452
-4432.915839 5928.660302 -1296.947833
UTC=2024-01-26T13:44:02.000000
-679058.604660 -919428.629334 -7097500.750866
-4273.480002 6168.786912 -390.661725
UTC=2024-01-26T13:46:02.000000
-1178854.560325 -169629.480636 -7089638.025648
-4045.416528 6311.267464 521.537829
UTC=2024-01-26T13:48:02.000000
-1647420.197224 591234.965629 -6972649.362101
-3753.926255 6352.785743 1425.798688
UTC=2024-01-26T13:50:02.000000
-2077505.730534 1350929.048405 -6748313.987211
-3405.186355 6291.606938 2308.378318
UTC=2024-01-26T13:52:02.000000
-2462655.513124 2097106.237392 -6420044.342194
-3006.236113 6127.623558 3155.829300
UTC=2024-01-26T13:54:02.000000
-2797304.480924 2817506.307614 -5992839.754588
-2564.858149 5862.385741 3955.182513
UTC=2024-01-26T13:56:02.000000
-3076859.415968 3500155.101892 -5473217.650858
-2089.444601 5499.110116 4694.136368
UTC=2024-01-26T13:58:02.000000
-3297763.841972 4133563.757127 -4869122.241216
-1588.857979 5042.663507 5361.244600
UTC=2024-01-26T14:00:02.000000
-3457545.323844 4706924.291139 -4189810.508483
-1072.276160 4499.516364 5946.104354
UTC=2024-01-26T14:02:02.000000
-3554843.454388 5210297.481405 -3445716.426557
-549.027289 3877.661356 6439.528614
UTC=2024-01-26T14:04:02.000000
-3589418.104154 5634789.384707 -2648295.929506
-28.428395 3186.508608 6833.696030
UTC=2024-01-26T14:06:02.000000
-3562138.464706 5972714.150465 -1809854.237576
480.377167 2436.758631 7122.296635
UTC=2024-01-26T14:08:02.000000
-3474951.914189 6217739.380342 -943356.522126
968.591515 1640.237294 7300.660291
UTC=2024-01-26T14:10:02.000000
-3330832.706600 6365009.262346 -62225.277609
1427.922250 809.694391 7365.846022
UTC=2024-01-26T14:12:02.000000
-3133712.679599 6411243.293262 819871.158953
1850.727198 -41.401186 7316.708940
UTC=2024-01-26T14:14:02.000000
-2888394.049196 6354808.371376 1689237.247502
2230.166571 -899.104763 7153.942066
UTC=2024-01-26T14:16:02.000000
-2600445.068843 6195760.301122 2532370.313335
2560.331093 -1749.255882 6880.060575
UTC=2024-01-26T14:18:02.000000
-2276082.364923 5935854.289660 3336176.301014
2836.337903 -2577.733170 6499.348204
UTC=2024-01-26T14:20:02.000000
-1922043.142624 5578525.449578 4088177.438840
3054.403906 -3370.700315 6017.777488
UTC=2024-01-26T14:22:02.000000
-1545449.934504 5128840.001167 4776708.879498
3211.896763 -4114.847999 5442.904800
UTC=2024-01-26T14:24:02.000000
-1153670.413272 4593418.032500 5391101.103652
3307.366788 -4797.625472 4783.737630
UTC=2024-01-26T14:26:02.000000
-754175.031334 3980329.451551 5921844.467057
3340.547254 -5407.452451 4050.571796
UTC=2024-01-26T14:28:02.000000
-354396.535525 3298966.031032 6360733.780354
3312.328417 -5933.909118 3254.822878
UTC=2024-01-26T14:30:02.000000
38406.638278 2559891.659706 6700991.476857
3224.715959 -6367.904672 2408.836700
UTC=2024-01-26T14:32:02.000000
417280.600671 1774674.367299 6937367.878917
3080.768732 -6701.817034 1525.700745
UTC=2024-01-26T14:34:02.000000
775697.947007 955702.234028 7066218.348451
2884.521193 -6929.618862 619.043271
UTC=2024-01-26T14:36:02.000000
1107669.244711 115986.307911 7085555.854322
2640.888485 -7046.967513 -297.169542
UTC=2024-01-26T14:38:02.000000
1407842.535115 -731046.090721 6995079.966107
2355.561631 -7051.279851 -1208.826881
UTC=2024-01-26T14:40:02.000000
1671589.609395 -1571766.265187 6796181.883096
2034.891963 -6941.788635 -2101.880838
UTC=2024-01-26T14:42:02.000000
1895077.834046 -2392563.699581 6491924.640707
1685.766449 -6719.567264 -2962.548638
UTC=2024-01-26T14:44:02.000000
2075326.589766 -3180067.511690 6086999.055852
1315.475548 -6387.534086 -3777.517747
UTC=2024-01-26T14:46:02.000000
2210247.353622 -3921366.467622 5587655.023229
931.573321 -5950.424067 -4534.149711
UTC=2024-01-26T14:48:02.000000
2298666.748473 -4604223.637442 5001608.839149
541.734535 -5414.728670 -5220.673709
UTC=2024-01-26T14:50:02.000000
2340332.653661 -5217282.563818 4337928.105496
153.615655 -4788.615941 -5826.369623
UTC=2024-01-26T14:52:02.000000
2335903.440751 -5750262.226708 3606894.507084
-225.290404 -4081.819485 -6341.752639
UTC=2024-01-26T14:54:02.000000
2286919.242213 -6194136.189732 2819845.458278
-587.804320 -3305.487878 -6758.737395
UTC=2024-01-26T14:56:02.000000
2195756.081663 -6541291.804596 1988997.435420
-927.195418 -2472.002675 -7070.779513
UTC=2024-01-26T14:58:02.000000
2065564.452811 -6785666.054547 1127254.070587
-1237.307074 -1594.774938 -7272.987529
UTC=2024-01-26T15:00:02.000000
1900193.108970 -6922856.072980 248002.101183
-1512.677058 -688.023353 -7362.213958
UTC=2024-01-26T15:02:02.000000
1704099.440927 -6950201.625190 -635102.067826
-1748.639900 233.469774 -7337.121653
UTC=2024-01-26T15:04:02.000000
1482248.110195 -6866836.279380 -1508352.035420
-1941.420080 1154.638573 -7198.212810
UTC=2024-01-26T15:06:02.000000
1240000.115048 -6673704.845433 -2358210.596492
-2088.196196 2060.404130 -6947.799281
UTC=2024-01-26T15:08:02.000000
982995.702680 -6373549.054638 -3171524.432738
-2187.138853 2935.942467 -6589.955698
UTC=2024-01-26T15:10:02.000000
717034.453226 -5970861.253711 -3935730.658003
-2237.423601 3766.940905 -6130.431660
UTC=2024-01-26T15:12:02.000000
447954.398601 -5471808.552186 -4639051.489372
-2239.232146 4539.838980 -5576.541428
UTC=2024-01-26T15:14:02.000000
181512.514834 -4884128.922986 -5270673.791619
-2193.727543 5242.050364 -4937.023306
UTC=2024-01-26T15:16:02.000000
-76730.479071 -4217002.395706 -5820910.855427
-2103.008822 5862.158327 -4221.886067
UTC=2024-01-26T15:18:02.000000
-321518.886683 -3480899.944579 -6281344.801210
-1970.048781 6390.090330 -3442.238264
UTC=2024-01-26T15:20:02.000000
-548002.341626 -2687413.265829 -6644947.765452
-1798.616250 6817.262178 -2610.107987
UTC=2024-01-26T15:22:02.000000
-751826.108106 -1849068.766780 -6906181.158830
-1593.187036 7136.696896 -1738.256927
UTC=2024-01-26T15:24:02.000000
-929210.022747 -979128.986169 -7061072.500297
-1358.844314 7343.116312 -839.994671
UTC=2024-01-26T15:26:02.000000
-1077015.003055 -91384.112826 -7107269.969998
-1101.170961 7433.014569 71.009982
UTC=2024-01-26T15:28:02.000000
-1192796.217284 800063.560357 -7044073.849342
-826.135693 7404.700472 980.921326
UTC=2024-01-26T15:30:02.000000
-1274842.378464 1681019.061023 -6872445.676865
-539.975595 7258.324140 1875.918939
UTC=2024-01-26T15:32:02.000000
-1322200.715573 2537416.220757 -6594995.071551
-249.075261 6995.880671 2742.384981
UTC=2024-01-26T15:34:02.000000
-1334687.390126 3355538.542428 -6215944.665969
40.154609 6621.200009 3567.085840
UTC=2024-01-26T15:36:02.000000
-1312883.227863 4122237.461115 -5741072.270548
321.401360 6139.907983 4337.366914
UTC=2024-01-26T15:38:02.000000
-1258114.523395 4825144.088993 -5177630.357257
588.572912 5559.361498 5041.335870
UTC=2024-01-26T15:40:02.000000
-1172419.469776 5452871.995998 -4534243.324447
835.916152 4888.559982 5668.050930
UTC=2024-01-26T15:42:02.000000
-1058500.424722 5995207.147455 -3820782.432616
1058.133823 4138.020454 6207.701672
UTC=2024-01-26T15:44:02.000000
-919662.538088 6443281.027961 -3048220.032884
1250.494046 3319.623753 6651.772709
UTC=2024-01-26T15:46:02.000000
-759739.831133 6789724.035874 -2228465.068942
1408.929920 2446.439280 6993.194377
UTC=2024-01-26T15:48:02.000000
-583010.053088 7028795.842468 -1374181.106486
1530.125964 1532.514444 7226.479052
UTC=2024-01-26T15:50:02.000000
-394099.988151 7156488.981627 -498589.978073
1611.591783 592.643090 7347.825631
UTC=2024-01-26T15:52:02.000000
-197882.784730 7170603.580866 384735.798584
1651.719294 -357.885789 7355.201751
UTC=2024-01-26T15:54:02.000000
630.233158 7070790.690371 1262088.690013
1649.817590 -1303.559315 7248.395082
UTC=2024-01-26T15:56:02.000000
196400.544155 6858562.055608 2119845.584458
1606.124335 -2228.926406 7029.022223
UTC=2024-01-26T15:58:02.000000
384473.524845 6537265.950032 2944685.409374
1521.797076 -3118.873217 6700.491724
UTC=2024-01-26T16:00:02.000000
560087.320054 6112031.172704 3723800.705287
1398.885373 -3958.880848 6267.943077
UTC=2024-01-26T16:02:02.000000
718777.637172 5589680.809331 4445100.270743
1240.290319 -4735.268432 5738.159759
UTC=2024-01-26T16:04:02.000000
856476.028935 4978616.809112 5097400.820217
1049.694209 -5435.447997 5119.464984
UTC=2024-01-26T16:06:02.000000
969598.565640 4288674.926220 5670600.942924
831.476626 -6048.135279 4421.537279
UTC=2024-01-26T16:08:02.000000
1055124.473463 3530959.249182 6155834.293473
590.626976 -6563.503770 3655.256999
UTC=2024-01-26T16:10:02.000000
1110662.733921 2717657.582251 6545603.757398
332.632519 -6973.340901 2832.532907
UTC=2024-01-26T16:12:02.000000
1134504.961937 1861840.317936 6833893.441766
63.364027 -7271.166856 1966.111389
UTC=2024-01-26T16:14:02.000000
1125664.351251 977246.669158 7016257.431505
-211.043485 -7452.327011 1069.377770
UTC=2024-01-26T16:16:02.000000
1083899.944353 78062.070205 7089884.137592
-484.315019 -7514.044886 156.153330
UTC=2024-01-26T16:18:02.000000
1009725.875192 -821309.315861 7053637.278980
-750.162109 -7455.457542 -759.493837
UTC=2024-01-26T16:20:02.000000
904405.298558 -1706475.720059 6908073.194243
-1002.410742 -7277.633419 -1663.456983
UTC=2024-01-26T16:22:02.000000
769929.049332 -2563288.614773 6655433.096513
-1235.127650 -6983.553848 -2541.795118
UTC=2024-01-26T16:24:02.000000
608979.329104 -3378070.272170 6299610.760767
-1442.743881 -6578.074388 -3380.943023
UTC=2024-01-26T16:26:02.000000
424878.890214 -4137834.071858 5846094.676705
-1620.170303 -6067.841448 -4167.918811
UTC=2024-01-26T16:28:02.000000
221527.152179 -4830493.486259 5301887.006912
-1762.902075 -5461.192768 -4890.506995
UTC=2024-01-26T16:30:02.000000
3324.044359 -5445058.476725 4675400.651998
-1867.118538 -4768.045640 -5537.442050
UTC=2024-01-26T16:32:02.000000
-224917.852524 -5971817.001222 3976333.641117
-1929.777457 -3999.754081 -6098.602835
UTC=2024-01-26T16:34:02.000000
-458071.565321 -6402496.414602 3215520.979788
-1948.692353 -3168.921253 -6565.187575
UTC=2024-01-26T16:36:02.000000
-690802.031372 -6730401.100297 2404766.908429
-1922.589215 -2289.190059 -6929.868338
UTC=2024-01-26T16:38:02.000000
-917677.981396 -6950523.380672 1556660.204225
-1851.143909 -1375.012001 -7186.915619
UTC=2024-01-26T16:40:02.000000
-1133287.641656 -7059626.515452 684375.618507
-1735.007735 -441.406781 -7332.311037
UTC=2024-01-26T16:42:02.000000
-1332355.775098 -7056296.223922 -198536.811448
-1575.801392 496.317638 -7363.826382
UTC=2024-01-26T16:44:02.000000
-1509858.398399 -6940958.701293 -1078368.859000
-1376.085440 1422.840176 -7281.056053
UTC=2024-01-26T16:46:02.000000
-1661132.931248 -6715865.910499 -1941473.089523
-1139.313467 2323.096802 -7085.415975
UTC=2024-01-26T16:48:02.000000
-1781981.691957 -6385048.935338 -2774479.830464
-869.767959 3182.542570 -6780.111901
UTC=2024-01-26T16:50:02.000000
-1868766.557721 -5954240.355309 -3564508.500927
-572.476910 3987.405466 -6370.075871
UTC=2024-01-26T16:52:02.000000
-1918492.506600 -5430767.108705 -4299369.071964
-253.112482 4724.921684 -5861.865368
UTC=2024-01-26T16:54:02.000000
-1928878.167242 -4823416.953521 -4967749.496251
82.122886 5383.538938 -5263.532378
UTC=2024-01-26T16:56:02.000000
-1898412.281813 -4142282.565088 -5559386.323049
426.617092 5953.086987 -4584.475898
UTC=2024-01-26T16:58:02.000000
-1826395.288382 -3398586.843065 -6065216.854249
773.475626 6424.920594 -3835.281747
UTC=2024-01-26T17:00:02.000000
-1712965.337262 -2604492.635180 -6477511.310031
1115.653432 6792.036518 -3027.549174
UTC=2024-01-26T17:02:02.000000
-1559108.333051 -1772900.178829 -6789983.256419
1446.088192 7049.159186 -2173.702815
UTC=2024-01-26T17:04:02.000000
-1366652.235203 -917236.412919 -6997877.313050
1757.829223 7192.792550 -1286.804561
UTC=2024-01-26T17:06:02.000000
-1138246.025073 -51239.458376 -7098034.381543
2044.164843 7221.248848 -380.365713
UTC=2024-01-26T17:08:02.000000
-877323.348166 811258.709042 -7088934.321280
2298.749733 7134.650037 531.839494
UTC=2024-01-26T17:10:02.000000
-588051.294840 1656548.710283 -6970716.466229
2515.724252 6934.913508 1435.959270
UTC=2024-01-26T17:12:02.000000
-275265.391119 2471257.153287 -6745177.640145
2689.825782 6625.713961 2318.250110
UTC=2024-01-26T17:14:02.000000
55608.715206 3242554.655544 -6415748.367694
2816.499969 6212.433798 3165.258970
UTC=2024-01-26T17:16:02.000000
398646.600248 3958356.577239 -5987446.299941
2892.003942 5702.087081 3964.019865
UTC=2024-01-26T17:18:02.000000
747527.732525 4607512.587145 -5466806.337711
2913.492159 5103.213117 4702.240756
UTC=2024-01-26T17:20:02.000000
1095647.846987 5179982.869990 -4861788.971701
2879.093214 4425.759926 5368.485068
UTC=2024-01-26T17:22:02.000000
1436239.820622 5666998.794114 -4181666.365732
2787.973205 3680.938537 5952.358715
UTC=2024-01-26T17:24:02.000000
1762500.956526 6061204.131356 -3436886.691552
2640.378535 2881.047345 6444.682772
UTC=2024-01-26T17:26:02.000000
2067724.215062 6356774.220123 -2638918.734363
2437.659456 2039.280484 6837.651588
UTC=2024-01-26T17:28:02.000000
2345431.073118 6549510.856957 -1800078.153130
2182.272754 1169.513686 7124.979146
UTC=2024-01-26T17:30:02.000000
2589503.211403 6636910.044442 -933337.369801
1877.759002 286.066727 7302.023832
UTC=2024-01-26T17:32:02.000000
2794309.892731 6618200.178304 -52122.319156
1528.693882 -596.549837 7365.881170
UTC=2024-01-26T17:34:02.000000
2954828.071197 6494349.476645 829899.781107
1140.616047 -1463.892224 7315.440845
UTC=2024-01-26T17:36:02.000000
3066752.562973 6268042.718907 1699037.510332
719.933954 -2301.836797 7151.411562
UTC=2024-01-26T17:38:02.000000
3126593.818043 5943627.801315 2541793.462727
273.812822 -3096.829401 6876.313987
UTC=2024-01-26T17:40:02.000000
3131761.154703 5527032.957174 3345079.553363
-189.954266 -3836.124133 6494.439972
UTC=2024-01-26T17:42:02.000000
3080629.629416 5025656.204428 4096425.316515
-663.089401 -4508.004692 6011.775675
UTC=2024-01-26T17:44:02.000000
2972588.956331 4448229.887185 4784175.359804
-1136.988127 -5101.981046 5435.900732
UTC=2024-01-26T17:46:02.000000
2808072.273705 3804662.338937 5397672.497007
-1602.891858 -5608.968670 4775.843537
UTC=2024-01-26T17:48:02.000000
2588565.255786 3105861.283076 5927421.374625
-2052.041969 -6021.413557 4041.912528
UTC=2024-01-26T17:50:02.000000
2316596.936153 2363544.104148 6365232.282025
-2475.834241 -6333.390087 3245.532255
UTC=2024-01-26T17:52:02.000000
1995711.509994 1590037.385931 6704344.607757
-2865.980303 -6540.681972 2399.063589
UTC=2024-01-26T17:54:02.000000
1630421.090863 798068.695223 6939527.039792
-3214.660959 -6640.825758 1515.600010
UTC=2024-01-26T17:56:02.000000
1226140.877477 555.700218 7067153.516304
-3514.666306 -6633.115467 608.770924
UTC=2024-01-26T17:58:02.000000
789108.059054 -789604.407109 7085256.355015
-3759.528551 -6518.597437 -307.446484
UTC=2024-01-26T18:00:02.000000
326284.988405 -1559744.015862 6993555.515123
-3943.649514 -6300.043210 -1218.937275
UTC=2024-01-26T18:02:02.000000
-154752.156994 -2297628.677013 6793462.699475
-4062.414892 -5981.889369 -2111.655030
UTC=2024-01-26T18:04:02.000000
-645937.498149 -2991652.363508 6488060.568366
-4112.291510 -5570.156887 -2971.832396
UTC=2024-01-26T18:06:02.000000
-1138849.847640 -3631021.103837 6082056.875235
-4090.902028 -5072.338760 -3786.182998
UTC=2024-01-26T18:08:02.000000
-1624855.479989 -4205922.357762 5581715.774619
-3997.092744 -4497.278522 -4542.083823
UTC=2024-01-26T18:10:02.000000
-2095258.735177 -4707679.274905 4994766.878552
-3830.993072 -3855.036650 -5227.766669
UTC=2024-01-26T18:12:02.000000
-2541458.254125 -5128887.404714 4330290.771501
-3594.048271 -3156.730000 -5832.515964
UTC=2024-01-26T18:14:02.000000
-2955105.288903 -5463530.359869 3598581.239148
-3289.020629 -2414.342189 -6346.857259
UTC=2024-01-26T18:16:02.000000
-3328260.248264 -5707071.224803 2810986.215627
-2919.960348 -1640.511347 -6762.720187
UTC=2024-01-26T18:18:02.000000
-3653544.409220 -5856518.091697 1979730.920355
-2492.154808 -848.312670 -7073.575251
UTC=2024-01-26T18:20:02.000000
-3924284.169060 -5910462.941031 1117725.604042
-2012.053794 -51.029843 -7274.552366
UTC=2024-01-26T18:22:02.000000
-4134644.626952 -5869092.419689 238360.755613
-1487.166680 738.082649 -7362.529556
UTC=2024-01-26T18:24:02.000000
-4279749.403238 -5734170.167955 -644706.401213
-925.936525 1506.035295 -7336.190591
UTC=2024-01-26T18:26:02.000000
-4355783.928888 -5508990.885602 -1517770.519952
-337.590322 2240.338781 -7196.050477
UTC=2024-01-26T18:28:02.000000
-4360079.554278 -5198306.631676 -2367297.340868
268.029504 2929.229048 -6944.439748
UTC=2024-01-26T18:30:02.000000
-4291176.636230 -4808227.303382 -3180138.716272
880.646411 3561.871527 -6585.451213
UTC=2024-01-26T18:32:02.000000
-4148865.331027 -4346098.160858 -3943739.149888
1489.738521 4128.538514 -6124.852545
UTC=2024-01-26T18:34:02.000000
-3934203.712545 -3820357.825825 -4646330.151364
2084.726837 4620.757301 -5569.972021
UTC=2024-01-26T18:36:02.000000
-3649513.462364 -3240380.140049 -5277109.633213
2655.161180 5031.431826 -4929.563619
UTC=2024-01-26T18:38:02.000000
-3298353.413734 -2616303.082021 -5826403.710290
3190.901889 5354.934922 -4213.649010
UTC=2024-01-26T18:40:02.000000
-2885471.963444 -1958848.653299 -6285808.747041
3682.290204 5587.167866 -3433.348905
UTC=2024-01-26T18:42:02.000000
-2416739.473780 -1279137.073920 -6648312.732469
4120.312287 5725.596163 -2600.705140
UTC=2024-01-26T18:44:02.000000
-1899061.614457 -588498.386972 -6908394.350478
4496.750235 5769.255746 -1728.488376
UTC=2024-01-26T18:46:02.000000
-1340275.831997 101714.904198 -7062098.840872
4804.312456 5718.730347 -830.006013
UTC=2024-01-26T18:48:02.000000
-749033.093976 780311.123324 -7107091.539707
5036.751520 5576.109181 81.077071
UTC=2024-01-26T18:50:02.000000
-134665.714135 1436437.125740 -7042689.725375
5188.975705 5344.934015 990.926049
UTC=2024-01-26T18:52:02.000000
492956.874475 2059748.079581 -6869871.816032
5257.139610 5030.121971 1885.718278
UTC=2024-01-26T18:54:02.000000
1123583.232494 2640567.793795 -6591265.176325
5238.736109 4637.884286 2751.827767
UTC=2024-01-26T18:56:02.000000
1746744.724432 3170037.812384 -6211110.454873
5132.660501 4175.619618 3576.024139
UTC=2024-01-26T18:58:02.000000
2351926.629869 3640252.670030 -5735202.807427
4939.255888 3651.789985 4345.660327
UTC=2024-01-26T19:00:02.000000
2928743.688077 4044379.315324 -5170810.893432
4660.339434 3075.784084 5048.855152
UTC=2024-01-26T19:02:02.000000
3467117.604278 4376759.770944 -4526574.010201
4299.209478 2457.771654 5674.676615
UTC=2024-01-26T19:04:02.000000
3957453.959735 4632995.026636 -3812377.281362
3860.626839 1808.536587 6213.321844
UTC=2024-01-26T19:06:02.000000
4390815.294449 4810008.010708 -3039205.903249
3350.769875 1139.295798 6656.287192
UTC=2024-01-26T19:08:02.000000
4759086.672059 4906083.905707 -2218979.662347
2777.152674 461.503692 6996.522353
UTC=2024-01-26T19:10:02.000000
5055129.955811 4920886.907712 -1364370.782844
2148.522605 -213.343862 7228.558057
UTC=2024-01-26T19:12:02.000000
5272924.129660 4855452.804692 -488607.013684
1474.724340 -873.918146 7348.620545
UTC=2024-01-26T19:14:02.000000
5407687.002200 4712156.559782 394736.569729
766.531224 -1509.260978 7354.703767
UTC=2024-01-26T19:16:02.000000
5455976.004420 4494656.240335 1271952.382840
35.466190 -2108.977140 7246.610003
UTC=2024-01-26T19:18:02.000000
5415766.651741 4207814.140078 2129418.491950
-706.393600 -2663.421925 7025.964511
UTC=2024-01-26T19:20:02.000000
5286506.007409 3857596.038785 2953816.614702
-1446.638265 -3163.876047 6696.195598
UTC=2024-01-26T19:22:02.000000
5069138.743877 3450950.898991 3732344.959175
-2172.755065 -3602.694958 6262.469517
UTC=2024-01-26T19:24:02.000000
4766105.998535 2995674.173457 4452921.318944
-2872.352943 -3973.434183 5731.594044
UTC=2024-01-26T19:26:02.000000
4381317.728004 2500257.673592 5104372.572030
-3533.377118 -4270.944282 5111.891159
UTC=2024-01-26T19:28:02.000000
3920099.455184 1973730.188661 5676608.558008
-4144.327141 -4491.435044 4413.062207
UTC=2024-01-26T19:30:02.000000
3389113.211272 1425491.382755 6160777.275987
-4694.458339 -4632.520156 3646.011432
UTC=2024-01-26T19:32:02.000000
2796256.144413 865142.217605 6549398.188551
-5173.958566 -4693.230008 2822.660280
UTC=2024-01-26T19:34:02.000000
2150538.884576 302316.022224 6836472.873275
-5574.106676 -4673.989106 1955.758901
UTC=2024-01-26T19:36:02.000000
1461945.875161 -253486.680820 7017573.530853
-5887.417114 -4576.579691 1058.702573
UTC=2024-01-26T19:38:02.000000
741278.884202 -793058.348327 7089908.552375
-6107.773916 -4404.092348 145.330391
UTC=2024-01-26T19:40:02.000000
-14.045239 -1307637.104191 7052363.055527
-6230.537327 -4160.849514 -770.285085
UTC=2024-01-26T19:42:02.000000
-750021.081524 -1789049.093354 6905514.712758
-6252.630105 -3852.312508 -1674.042076
UTC=2024-01-26T19:44:02.000000
-1496558.111046 -2229838.698731 6651624.671633
-6172.598982 -3484.970199 -2552.018619
UTC=2024-01-26T19:46:02.000000
-2227365.847767 -2623384.256156 6294604.192094
-5990.649321 -3066.211584 -3390.664887
UTC=2024-01-26T19:48:02.000000
-2930310.708094 -2963998.524344 5839959.017650
-5708.675549 -2604.200301 -4176.988752
UTC=2024-01-26T19:50:02.000000
-3593588.601437 -3247013.484507 5294710.043543
-5330.272556 -2107.733553 -4898.766292
UTC=2024-01-26T19:52:02.000000
-4205927.038872 -3468846.663700 4667288.519428
-4860.695603 -1586.079027 -5544.746867
UTC=2024-01-26T19:54:02.000000
-4756780.510689 -3627047.592359 3967408.371613
-4306.792718 -1048.807341 -6104.831913
UTC=2024-01-26T19:56:02.000000
-5236516.332467 -3720323.856336 3205917.912455
-3676.912091 -505.620076 -6570.239467
UTC=2024-01-26T19:58:02.000000
-5636587.937466 -3748546.509320 2394632.694828
-2980.785659 33.822036 -6933.655796
UTC=2024-01-26T20:00:02.000000
-5949692.166354 -3712734.599301 1546150.691044
-2229.376032 560.076637 -7189.374910
UTC=2024-01-26T20:02:02.000000
-6169906.072291 -3615018.193970 673652.753316
-1434.691596 1064.098122 -7333.402437
UTC=2024-01-26T20:04:02.000000
-6292800.273457 -3458580.648275 -209307.309160
-609.580874 1537.403544 -7363.526207
UTC=2024-01-26T20:06:02.000000
-6315526.484726 -3247581.807286 -1089019.496456
232.492579 1972.226127 -7279.360086
UTC=2024-01-26T20:08:02.000000
-6236876.584855 -2987063.302924 -1951837.537041
1077.698948 2361.658174 -7082.348612
UTC=2024-01-26T20:10:02.000000
-6057311.424276 -2682838.187875 -2784396.348239
1912.092315 2699.767282 -6775.724143
UTC=2024-01-26T20:12:02.000000
-5778960.190854 -2341368.223973 -3573822.759913
2721.853954 2981.687636 -6364.439365
UTC=2024-01-26T20:14:02.000000
-5405590.529050 -1969631.471383 -4307936.338988
3493.534062 3203.689393 -5855.067974
UTC=2024-01-26T20:16:02.000000
-4942550.528379 -1574983.185243 -4975436.606945
4214.278331 3363.220752 -5255.679964
UTC=2024-01-26T20:18:02.000000
-4396684.271102 -1165013.062732 -5566074.148250
4872.042594 3458.927599 -4575.696679
UTC=2024-01-26T20:20:02.000000
-3776222.625562 -747401.582362 -6070802.814762
5455.787959 3490.647704 -3825.721963
UTC=2024-01-26T20:22:02.000000
-3090652.280508 -329778.581023 -6481911.008591
5955.649245 3459.380663 -3017.364264
UTC=2024-01-26T20:24:02.000000
-2350565.895320 80413.310216 -6793131.282167
6363.081646 3367.236672 -2163.053717
UTC=2024-01-26T20:26:02.000000
-1567495.812383 476047.901524 -6999727.742613
6670.987154 3217.366750 -1275.854169
UTC=2024-01-26T20:28:02.000000
-753734.357142 850435.648242 -7098560.831818
6873.812451 3013.883855 -369.276865
UTC=2024-01-26T20:30:02.000000
77856.675823 1197433.837985 -7088129.807043
6967.631253 2761.771582 542.907165
UTC=2024-01-26T20:32:02.000000
914045.072924 1511544.691571 -6968593.201567
6950.206882 2466.778024 1446.842412
UTC=2024-01-26T20:34:02.000000
1741434.743138 1788000.895456 -6741767.983405
6821.051532 2135.310601 2328.778700
UTC=2024-01-26T20:36:02.000000
2546677.120674 2022837.544519 -6411104.869783
6581.447367 1774.314519 3175.267740
UTC=2024-01-26T20:38:02.000000
3316683.995595 2212949.031730 -5981640.691873
6234.448292 1391.143900 3973.354887
UTC=2024-01-26T20:40:02.000000
4038838.569507 2356130.106178 -5459928.144542
5784.852625 993.428683 4710.759327
UTC=2024-01-26T20:42:02.000000
4701202.795509 2451101.027079 -4853944.089995
5239.165635 588.941189 5376.057726
UTC=2024-01-26T20:44:02.000000
5292718.117494 2497516.195191 -4172975.256250
4605.524311 185.454047 5958.872447
UTC=2024-01-26T20:46:02.000000
5803394.965902 2495955.592391 -3427482.329659
3893.587747 -209.402669 6450.041831
UTC=2024-01-26T20:48:02.000000
6224487.806170 2447899.239797 -2628944.720914
3114.407908 -588.281359 6841.774617
UTC=2024-01-26T20:50:02.000000
6548652.988089 2355684.992706 -1789686.765042
2280.265437 -944.255448 7127.803468
UTC=2024-01-26T20:52:02.000000
6770084.244312 2222449.889741 -922687.380499
1404.468531 -1270.953147 7303.502853
UTC=2024-01-26T20:54:02.000000
6884623.233731 2052056.128840 -41377.168644
501.134816 -1562.680023 7365.985046
UTC=2024-01-26T20:56:02.000000
6889841.585135 1849002.944394 840574.297957
-415.063754 -1814.529468 7314.159089
UTC=2024-01-26T20:58:02.000000
6785092.538121 1618326.756622 1709475.196861
-1329.145755 -2022.468206 7148.748744
UTC=2024-01-26T21:00:02.000000
6571532.544503 1365491.676701 2551830.104360
-2226.087106 -2183.412871 6872.299919
UTC=2024-01-26T21:02:02.000000
6252109.532235 1096272.074452 3354556.044633
-3091.097298 -2295.281645 6489.129416
UTC=2024-01-26T21:04:02.000000
5831519.292095 816630.658529 4105190.696938
-3909.880200 -2357.020596 6005.249554
UTC=2024-01-26T21:06:02.000000
5316130.609893 532594.550410 4792089.218984
-4668.886972 -2368.607785 5428.250178
UTC=2024-01-26T21:08:02.000000
4713882.273432 250132.585590 5404605.778358
-5355.536981 -2331.032800 4767.169847
UTC=2024-01-26T21:10:02.000000
4034153.573876 -24964.322785 5933258.537312
-5958.436668 -2246.263259 4032.340140
UTC=2024-01-26T21:12:02.000000
3287610.502990 -287196.934479 6369873.827566
-6467.561064 -2117.180208 3235.201742
UTC=2024-01-26T21:14:02.000000
2486032.480052 -531462.809775 6707708.361153
-6874.401184 -1947.503119 2388.123125
UTC=2024-01-26T21:16:02.000000
1642122.446020 -753151.911044 6941549.414478
-7172.094275 -1741.703650 1504.213503
UTC=2024-01-26T21:18:02.000000
769302.367953 -948231.092071 7067791.903337
-7355.535379 -1504.907321 597.122306
UTC=2024-01-26T21:20:02.000000
-118502.523987 -1113315.902768 7084490.537836
-7421.451087 -1242.781001 -319.170471
UTC=2024-01-26T21:22:02.000000
-1007086.563323 -1245728.575937 6991387.347590
-7368.446939 -961.415771 -1230.556816
UTC=2024-01-26T21:24:02.000000
-1882190.750380 -1343541.510769 6789914.847372
-7197.029976 -667.201693 -2123.003600
UTC=2024-01-26T21:26:02.000000
-2729730.937211 -1405605.306402 6483175.135591
-6909.605091 -366.697062 -2982.749215
UTC=2024-01-26T21:28:02.000000
-3536024.663161 -1431561.257068 6075895.964343
-6510.458820 -66.500858 -3796.494117
UTC=2024-01-26T21:30:02.000000
-4288014.876448 -1421838.670730 5574362.868457
-6005.716628 226.873567 -4551.609948
UTC=2024-01-26T21:32:02.000000
-4973485.854863 -1377636.842166 4986326.393664
-5403.259164 507.128450 -5236.340771
UTC=2024-01-26T21:34:02.000000
-5581267.354053 -1300891.389668 4320885.792714
-4712.608367 768.310278 -5839.995207
UTC=2024-01-26T21:36:02.000000
-6101422.972556 -1194225.557220 3588350.488036
-3944.779334 1004.931853 -6353.122441
UTC=2024-01-26T21:38:02.000000
-6525419.261823 -1060887.445457 2800081.812013
-3112.109987 1212.083568 -6767.665674
UTC=2024-01-26T21:40:02.000000
-6846273.440044 -904674.565702 1968317.020543
-2228.072388 1385.534305 -7077.107274
UTC=2024-01-26T21:42:02.000000
-7058675.976511 -729846.935325 1105976.418159
-1307.039845 1521.819990 -7276.598496
UTC=2024-01-26T21:44:02.000000
-7159083.434230 -541030.594241 226457.568188
-364.030751 1618.314784 -7363.045285
UTC=2024-01-26T21:46:02.000000
-7145780.101745 -343113.651500 -656578.824514
585.556302 1673.283891 -7335.162489
UTC=2024-01-26T21:48:02.000000
-7018907.066667 -141137.166231 -1529427.601568
1526.220574 1685.916500 -7193.493964
UTC=2024-01-26T21:50:02.000000
-6780457.833812 59816.480698 -2378557.540046
2442.632230 1656.334241 -6940.388408
UTC=2024-01-26T21:52:02.000000
-6434242.317680 254735.043456 -3190825.613774
3319.892885 1585.581756 -6579.958811
UTC=2024-01-26T21:54:02.000000
-5985818.648376 438785.785616 -3953684.451603
4143.807139 1475.599563 -6118.001039
UTC=2024-01-26T21:56:02.000000
-5442394.230531 607420.114849 -4655377.105264
4901.119192 1329.172747 -5561.871743
UTC=2024-01-26T21:58:02.000000
-4812700.054574 756471.015797 -5285116.302074
5579.725421 1149.863427 -4920.350232
UTC=2024-01-26T22:00:02.000000
-4106841.053899 882241.499052 -5833245.712199
6168.858221 941.928088 -4203.478858
UTC=2024-01-26T22:02:02.000000
-3336126.231518 981582.202938 -6291381.417254
6659.241084 710.220314 -3422.392285
UTC=2024-01-26T22:04:02.000000
-2512881.984938 1051956.813974 -6652532.069201
7043.211271 460.086492 -2589.135519
UTC=2024-01-26T22:06:02.000000
-1650252.379565 1091494.849533 -6911197.471345
7314.819514 197.258834 -1716.484619
UTC=2024-01-26T22:08:02.000000
-761988.778030 1099031.007964 -7063444.628057
7469.901654 -72.261969 -817.751617
UTC=2024-01-26T22:10:02.000000
137766.925476 1074130.224096 -7106960.884219
7506.117858 -342.325536 93.399696
UTC=2024-01-26T22:12:02.000000
1034702.805472 1017098.544326 -7041085.695252
7422.979082 -606.750440 1003.126678
UTC=2024-01-26T22:14:02.000000
1914560.482596 928979.598635 -6866820.870074
7221.865985 -859.445399 1897.600820
UTC=2024-01-26T22:16:02.000000
2763358.334642 811536.512443 -6586816.904751
6906.005486 -1094.529577 2763.203300
UTC=2024-01-26T22:18:02.000000
3567610.884267 667219.694560 -6205336.427796
6480.429827 -1306.448673 3586.716257
UTC=2024-01-26T22:20:02.000000
4314541.417240 499120.638160 -5728194.970160
5951.907178 -1490.090835 4355.505545
UTC=2024-01-26T22:22:02.000000
4992285.503052 310912.398378 -5162680.038455
5328.858549 -1640.892023 5057.703107
UTC=2024-01-26T22:24:02.000000
5590083.172127 106777.819007 -4517447.964392
4621.249031 -1754.936244 5682.394840
UTC=2024-01-26T22:26:02.000000
6098455.694830 -108673.873680 -3802398.466310
3840.441007 -1829.047056 6219.799928
UTC=2024-01-26T22:28:02.000000
6509363.338604 -330500.583528 -3028528.785160
2999.025807 -1860.865069 6661.433192
UTC=2024-01-26T22:30:02.000000
6816341.683651 -553529.425758 -2207768.885968
2110.632501 -1848.912364 7000.259713
UTC=2024-01-26T22:32:02.000000
7014612.892094 -772465.343083 -1352798.886866
1189.701937 -1792.636207 7230.831744
UTC=2024-01-26T22:34:02.000000
7101168.546468 -982003.791319 -476852.060899
251.241673 -1692.433895 7349.392742
UTC=2024-01-26T22:36:02.000000
7074822.349530 -1176945.304519 406492.972219
-689.430999 -1549.658653 7353.954428
UTC=2024-01-26T22:38:02.000000
6936231.100043 -1352309.465409 1283527.712556
-1616.961472 -1366.603598 7244.344456
UTC=2024-01-26T22:40:02.000000
6687882.807946 -1503445.702399 2140632.450108
-2516.228830 -1146.464979 7022.214922
UTC=2024-01-26T22:42:02.000000
6334052.177302 -1626138.173059 2964494.389638
-3372.621745 -893.279668 6691.020398
UTC=2024-01-26T22:44:02.000000
5880723.697885 -1716702.044084 3742320.057598
-4172.295512 -611.847353 6255.948257
UTC=2024-01-26T22:46:02.000000
5335485.257796 -1772069.724821 4462037.890562
-4902.409806 -307.638373 5723.824482
UTC=2024-01-26T22:48:02.000000
4707394.528043 -1789864.737027 5112487.644063
-5551.341083 13.318928 5102.989164
UTC=2024-01-26T22:50:02.000000
4006821.759346 -1768461.454973 5683593.711987
-6108.865549 344.558913 4403.154609
UTC=2024-01-26T22:52:02.000000
3245271.736985 -1707030.162052 6166520.159291
-6566.322603 679.303816 3635.239049
UTC=2024-01-26T22:54:02.000000
2435188.435527 -1605566.548905 6553804.226363
-6916.736374 1010.596835 2811.179892
UTC=2024-01-26T22:56:02.000000
1589747.136769 -1464905.226951 6839467.612356
-7154.908430 1331.435286 1943.748921
UTC=2024-01-26T22:58:02.000000
722636.669368 -1286716.983636 7019104.824559
-7277.486548 1634.908701 1046.353620
UTC=2024-01-26T23:00:02.000000
-152164.415650 -1073489.540989 7089947.122923
-7282.996909 1914.333920 132.831856
UTC=2024-01-26T23:02:02.000000
-1020613.743710 -828492.498804 7050902.036987
-7171.848285 2163.383791 -782.749655
UTC=2024-01-26T23:04:02.000000
-1868830.157630 -555727.045015 6902568.910388
-6946.314124 2376.213355 -1686.294244
UTC=2024-01-26T23:06:02.000000
-2683315.222886 -259860.754811 6647230.435781
-6610.490892 2547.580219 -2563.875662
UTC=2024-01-26T23:08:02.000000
-3451168.495198 53851.476640 6288820.298809
-6170.236526 2672.955908 -3401.937378
UTC=2024-01-26T23:10:02.000000
-4160294.006344 379659.253704 5832866.635420
-5633.084508 2748.626526 -4187.495757
UTC=2024-01-26T23:12:02.000000
-4799594.713770 711419.940206 5286411.065922
-5008.128224 2771.782256 -4908.342522
UTC=2024-01-26T23:14:02.000000
-5359151.438926 1042711.809617 4657904.056386
-4305.879965 2740.593010 -5553.237207
UTC=2024-01-26T23:16:02.000000
-5830383.232290 1366955.355393 3957077.381740
-3538.099985 2654.267035 -6112.094647
UTC=2024-01-26T23:18:02.000000
-6206185.609203 1677540.366854 3194795.355332
-2717.602399 2513.089280 -6576.150835
UTC=2024-01-26T23:20:02.000000
-6481044.540693 1967956.395987 2382886.977847
-1858.043472 2318.438190 -6938.115495
UTC=2024-01-26T23:22:02.000000
-6651123.793862 2231923.852444 1533960.994041
-973.690330 2072.780578 -7192.303457
UTC=2024-01-26T23:24:02.000000
-6714323.372244 2463523.226734 661206.385576
-79.169018 1779.643753 -7334.744926
UTC=2024-01-26T23:26:02.000000
-6670306.654551 2657319.169487 -221818.151097
810.800509 1443.558302 -7363.256297
UTC=2024-01-26T23:28:02.000000
-6520495.956245 2808476.410127 -1101401.066290
1681.666575 1069.980343 -7277.476852
UTC=2024-01-26T23:30:02.000000
-6268036.752593 2912865.212413 -1963897.115730
2519.303345 665.195339 -7078.870441
UTC=2024-01-26T23:32:02.000000
-5917731.451209 2967154.221577 -2795945.037494
3310.263188 236.202881 -6770.697946
UTC=2024-01-26T23:34:02.000000
-5475943.513324 2968888.126700 -3584679.196465
4042.012245 -209.419445 -6357.943802
UTC=2024-01-26T23:36:02.000000
-4950475.281014 2916548.484498 -4317930.511972
4703.135333 -663.658953 -5847.213359
UTC=2024-01-26T23:38:02.000000
-4350422.732326 2809597.032987 -4984413.445154
5283.514151 -1118.217656 -5246.603539
UTC=2024-01-26T23:40:02.000000
-3686010.727784 2648500.707916 -5573896.074886
5774.473550 -1564.665360 -4565.550568
UTC=2024-01-26T23:42:02.000000
-2968412.988747 2434738.518707 -6077350.994138
6168.889893 -1994.589270 -3814.666634
UTC=2024-01-26T23:44:02.000000
-2209560.474645 2170790.454974 -6487086.609698
6461.280068 -2399.744503 -3005.573347
UTC=2024-01-26T23:46:02.000000
-1421940.373077 1860108.296280 -6796856.934753
6647.862311 -2772.203208 -2150.709517
UTC=2024-01-26T23:48:02.000000
-618390.603121 1507069.326868 -7001948.287483
6726.575045 -3104.490398 -1263.145143
UTC=2024-01-26T23:50:02.000000
188107.056458 1116914.046246 -7099243.990550
6697.079804 -3389.714740 -356.395486
UTC=2024-01-26T23:52:02.000000
984632.658936 695668.924054 -7087267.057129
6560.743402 -3621.688209 555.755431
UTC=2024-01-26T23:54:02.000000
1758531.516893 250054.701265 -6966201.165884
6320.611656 -3795.047002 1459.448410
UTC=2024-01-26T23:56:02.000000
2497611.910485 -212619.025007 -6737887.745036
5981.342571 -3905.356498 2340.943575
UTC=2024-01-26T23:58:02.000000
3190334.174220 -684570.908617 -6405800.757319
5549.132170 -3949.204020 3186.804190
