UTC=2024-01-14T00:00:02.000000
-6217467.734543 3358812.396348 1279897.956149
-378.313539 2080.846265 -7245.810516
UTC=2024-01-14T00:02:02.000000
-6212796.641289 3582088.353179 402712.614440
454.723060 1633.220660 -7354.989187
UTC=2024-01-14T00:04:02.000000
-6108953.275189 3749205.884411 -480727.860349
1272.295777 1146.136559 -7349.938812
UTC=2024-01-14T00:06:02.000000
-5908598.495407 3855901.251110 -1356707.957278
2061.068315 627.579267 -7230.830950
UTC=2024-01-14T00:08:02.000000
-5615958.521819 3898912.948632 -2211642.554051
2808.328369 86.241008 -6999.663847
UTC=2024-01-14T00:10:02.000000
-5236735.971822 3876056.723674 -3032293.674579
3502.216326 -468.643929 -6660.213232
UTC=2024-01-14T00:12:02.000000
-4777995.459378 3786280.539424 -3805979.198560
4131.923777 -1027.469046 -6217.951841
UTC=2024-01-14T00:14:02.000000
-4248026.703167 3629698.568023 -4520769.964760
4687.865742 -1580.433018 -5679.935079
UTC=2024-01-14T00:16:02.000000
-3656189.121104 3407604.119969 -5165671.881489
5161.820702 -2117.714518 -5054.667590
UTC=2024-01-14T00:18:02.000000
-3012741.343839 3122461.526312 -5730790.465587
5547.036995 -2629.645383 -4351.944916
UTC=2024-01-14T00:20:02.000000
-2328660.076219 2777877.963834 -6207476.347628
5838.311111 -3106.873907 -3582.696135
UTC=2024-01-14T00:22:02.000000
-1615450.336326 2378555.525226 -6588450.802141
6032.047919 -3540.530037 -2758.804111
UTC=2024-01-14T00:24:02.000000
-884950.963205 1930224.266597 -6867908.621252
6126.279113 -3922.373822 -1892.913762
UTC=2024-01-14T00:26:02.000000
-149139.510352 1439558.449537 -7041598.639494
6120.659146 -4244.931191 -998.249627
UTC=2024-01-14T00:28:02.000000
580061.110230 914076.886824 -7106882.022056
6016.438287 -4501.619417 -88.430007
UTC=2024-01-14T00:30:02.000000
1290972.143506 362029.054346 -7062768.855463
5816.428890 -4686.863257 822.713972
UTC=2024-01-14T00:32:02.000000
1972343.077970 -207732.558540 -6909931.672761
5524.942233 -4796.203644 1721.338552
UTC=2024-01-14T00:34:02.000000
2613526.426262 -785891.714150 -6650695.735385
5147.703377 -4826.384129 2593.771887
UTC=2024-01-14T00:36:02.000000
3204642.031184 -1362817.486511 -6289007.216307
4691.757910 -4775.427376 3426.703280
UTC=2024-01-14T00:38:02.000000
3736728.582248 -1928721.294702 -5830378.702084
4165.355127 -4642.692298 4207.365009
UTC=2024-01-14T00:40:02.000000
4201881.038547 -2473820.517053 -5281813.176167
3577.827617 -4428.926258 4923.718378
UTC=2024-01-14T00:42:02.000000
4593371.692449 -2988506.829241 -4651704.709964
2939.437376 -4136.287833 5564.647771
UTC=2024-01-14T00:44:02.000000
4905751.646827 -3463515.395960 -3949717.075062
2261.207631 -3768.340367 6120.135061
UTC=2024-01-14T00:46:02.000000
5134931.821665 -3890092.043006 -3186642.065091
1554.748477 -3330.025373 6581.425464
UTC=2024-01-14T00:48:02.000000
5278242.015640 -4260155.812967 -2374238.178182
832.063743 -2827.609872 6941.187283
UTC=2024-01-14T00:50:02.000000
5334465.730083 -4566453.194330 -1525051.413369
105.343326 -2268.601855 7193.647523
UTC=2024-01-14T00:52:02.000000
5303849.822645 -4802700.876368 -652221.161820
-613.250156 -1661.642569 7334.706505
UTC=2024-01-14T00:54:02.000000
5188087.983064 -4963713.693839 230726.029298
-1311.801878 -1016.367991 7362.022815
UTC=2024-01-14T00:56:02.000000
4990278.039672 -5045514.312980 1110090.952239
-1978.859325 -343.242909 7275.066056
UTC=2024-01-14T00:58:02.000000
4714853.961393 -5045421.681079 1972220.438830
-2603.640128 346.625091 7075.133103
UTC=2024-01-14T01:00:02.000000
4367493.713715 -4962116.325116 2803725.464930
-3176.222642 1041.684235 6765.322605
UTC=2024-01-14T01:02:02.000000
3955005.734145 -4795681.378547 3591694.431122
-3687.714423 1730.144659 6350.481616
UTC=2024-01-14T01:04:02.000000
3485196.105200 -4547618.374181 4323898.115357
-4130.403213 2400.192220 5837.118548
UTC=2024-01-14T01:06:02.000000
2966719.449393 -4220837.231488 4988982.182616
-4497.876207 3040.203319 5233.284457
UTC=2024-01-14T01:08:02.000000
2408917.341423 -3819620.953455 5576643.888349
-4785.109436 3638.949654 4548.429419
UTC=2024-01-14T01:10:02.000000
1821647.620555 -3349566.398001 6077790.633619
-4988.531377 4185.794867 3793.244120
UTC=2024-01-14T01:12:02.000000
1215107.612043 -2817501.823853 6484677.977961
-5106.057932 4670.880355 2979.475266
UTC=2024-01-14T01:14:02.000000
599655.226059 -2231383.675152 6791025.026219
-5137.095724 5085.288162 2119.736795
UTC=2024-01-14T01:16:02.000000
-14368.940619 -1600174.479772 6992106.781939
-5082.520381 5421.191388 1227.313738
UTC=2024-01-14T01:18:02.000000
-616815.304778 -933703.754440 7084823.079062
-4944.631272 5671.988970 315.968609
UTC=2024-01-14T01:20:02.000000
-1197892.649267 -242513.569095 7067743.754578
-4727.089981 5832.423534 -600.261536
UTC=2024-01-14T01:22:02.000000
-1748327.002676 462308.701766 6941129.415222
-4434.840573 5898.678919 -1507.268441
UTC=2024-01-14T01:24:02.000000
-2259509.720331 1169308.230818 6706927.729574
-4074.010061 5868.458296 -2391.076491
UTC=2024-01-14T01:26:02.000000
-2723632.746009 1866848.685151 6368745.335448
-3651.793962 5741.041203 -3238.045250
UTC=2024-01-14T01:28:02.000000
-3133809.172671 2543303.817131 5931795.726377
-3176.326954 5517.320912 -4035.066927
UTC=2024-01-14T01:30:02.000000
-3484177.671427 3187252.322469 5402823.417673
-2656.542761 5199.819873 -4769.765852
UTC=2024-01-14T01:32:02.000000
-3769989.225243 3787672.749548 4790004.232775
-2102.019110 4792.675516 -5430.693982
UTC=2024-01-14T01:34:02.000000
-3987674.422824 4334135.261024 4102822.821588
-1522.809357 4301.601778 -6007.515958
UTC=2024-01-14T01:36:02.000000
-4134889.888636 4816986.978399 3351928.466702
-929.263667 3733.820024 -6491.184702
UTC=2024-01-14T01:38:02.000000
-4210542.767523 5227527.095143 2548970.609260
-331.841726 3097.956308 -6874.103233
UTC=2024-01-14T01:40:02.000000
-4214792.281316 5558167.500027 1706416.477412
259.079771 2403.904722 -7150.258251
UTC=2024-01-14T01:42:02.000000
-4149028.576691 5802575.553940 837354.541502
833.392392 1662.667312 -7315.324298
UTC=2024-01-14T01:44:02.000000
-4015829.695177 5955796.467995 -44713.145232
1381.436479 886.174228 -7366.746079
UTC=2024-01-14T01:46:02.000000
-3818896.800916 6014352.372479 -926087.138035
1894.182459 87.072399 -7303.794389
UTC=2024-01-14T01:48:02.000000
-3562968.542920 5976314.376891 -1793090.723265
2363.394254 -721.508156 -7127.575875
UTC=2024-01-14T01:50:02.000000
-3253716.644007 5841346.197024 -2632288.750237
2781.779828 -1526.193850 -6841.000223
UTC=2024-01-14T01:52:02.000000
-2897625.259852 5610719.152078 -3430700.066602
3143.106770 -2313.604714 -6448.711469
UTC=2024-01-14T01:54:02.000000
-2501858.363180 5287298.637321 -4176000.390588
3442.290866 -3070.591583 -5956.995407
UTC=2024-01-14T01:56:02.000000
-2074117.488780 4875502.650469 -4856712.135002
3675.465744 -3784.463559 -5373.653987
UTC=2024-01-14T01:58:02.000000
-1622493.202703 4381234.219266 -5462377.540060
3840.017440 -4443.193091 -4707.858025
UTC=2024-01-14T02:00:02.000000
-1155313.785524 3811790.283763 -5983714.090082
3934.599159 -5035.607876 -3969.997678
UTC=2024-01-14T02:02:02.000000
-680993.242561 3175747.828966 -6412750.778241
3959.125950 -5551.575141 -3171.510677
UTC=2024-01-14T02:04:02.000000
-207881.516586 2482829.309688 -6742942.489068
3914.742813 -5982.159915 -2324.691876
UTC=2024-01-14T02:06:02.000000
255879.916964 1743751.036021 -6969261.560717
3803.768601 -6319.753088 -1442.507700
UTC=2024-01-14T02:08:02.000000
702494.967920 970056.948006 -7088267.536949
3629.629074 -6558.187870 -538.413381
UTC=2024-01-14T02:10:02.000000
1124641.159064 173939.575820 -7098154.359685
3396.777075 -6692.835926 373.837742
UTC=2024-01-14T02:12:02.000000
1515587.168146 -631949.564845 -6998774.692402
3110.594836 -6720.686709 1280.386315
UTC=2024-01-14T02:14:02.000000
1869297.865346 -1434697.409161 -6791641.158493
2777.284808 -6640.398662 2167.455863
UTC=2024-01-14T02:16:02.000000
2180526.037497 -2221331.915464 -6479905.453666
2403.756926 -6452.334683 3021.536005
UTC=2024-01-14T02:18:02.000000
2444889.937266 -2979027.841190 -6068315.475166
1997.504502 -6158.581251 3829.563189
UTC=2024-01-14T02:20:02.000000
2658935.686727 -3695314.326003 -5563150.627615
1566.476593 -5762.957150 4579.109970
UTC=2024-01-14T02:22:02.000000
2820183.538462 -4358281.177722 -4972133.203896
1118.934542 -5270.977746 5258.587294
UTC=2024-01-14T02:24:02.000000
2927156.396162 -4956778.430717 -4304317.105257
663.303491 -4689.786164 5857.417874
UTC=2024-01-14T02:26:02.000000
2979390.678804 -5480607.180466 -3569956.623575
208.025390 -4028.075779 6366.200593
UTC=2024-01-14T02:28:02.000000
2977429.254837 -5920699.465723 -2780355.064188
-238.593206 -3295.979479 6776.880444
UTC=2024-01-14T02:30:02.000000
2922796.076329 -6269282.160532 -1947694.033796
-668.532193 -2504.918104 7082.896284
UTC=2024-01-14T02:32:02.000000
2817952.883303 -6520021.409383 -1084846.417099
-1074.206805 -1667.426832 7279.308125
UTC=2024-01-14T02:34:02.000000
2666238.092219 -6668144.047772 -205175.176278
-1448.614129 -796.943913 7362.902128
UTC=2024-01-14T02:36:02.000000
2471788.856668 -6710531.985905 677677.866115
-1785.464893 92.423518 7332.251066
UTC=2024-01-14T02:38:02.000000
2239448.561080 -6645788.274345 1550008.603002
-2079.295604 986.138679 7187.749109
UTC=2024-01-14T02:40:02.000000
1974661.470622 -6474272.930427 2398270.114480
-2325.570921 1869.501650 6931.617669
UTC=2024-01-14T02:42:02.000000
1683356.368041 -6198106.294547 3209289.378646
-2520.760921 2727.916225 6567.856433
UTC=2024-01-14T02:44:02.000000
1371822.588186 -5821141.281340 3970476.514890
-2662.393810 3547.144900 6102.169871
UTC=2024-01-14T02:46:02.000000
1046580.956209 -5348905.333309 4670023.342228
-2749.085588 4313.555895 5541.862317
UTC=2024-01-14T02:48:02.000000
714252.729182 -4788513.817708 5297088.054111
-2780.546438 5014.353511 4895.713365
UTC=2024-01-14T02:50:02.000000
381428.817398 -4148556.147792 5841963.475475
-2757.566673 5637.801535 4173.825733
UTC=2024-01-14T02:52:02.000000
54542.557461 -3438956.566233 6296225.356192
-2681.973852 6173.418796 3387.447998
UTC=2024-01-14T02:54:02.000000
-260251.486499 -2670813.537650 6652858.565975
-2556.575615 6612.140045 2548.785040
UTC=2024-01-14T02:56:02.000000
-557190.759174 -1856221.690752 6906360.484193
-2385.083769 6946.448265 1670.809313
UTC=2024-01-14T02:58:02.000000
-831007.981806 -1008078.923114 7052821.835233
-2172.025490 7170.491021 767.072060
UTC=2024-01-14T03:00:02.000000
-1077023.140604 -139880.483137 7089984.283842
-1922.643929 7280.178674 -148.496952
UTC=2024-01-14T03:02:02.000000
-1291222.870389 734496.819030 7017273.365223
-1642.787035 7273.250106 -1061.797134
UTC=2024-01-14T03:04:02.000000
-1470325.779975 1601016.683361 6835806.740089
-1338.785795 7149.312812 -1958.760859
UTC=2024-01-14T03:06:02.000000
-1611832.927465 2445708.709809 6548378.097037
-1017.328696 6909.858335 -2825.555620
UTC=2024-01-14T03:08:02.000000
-1714062.945430 3254894.234573 6159416.803337
-685.331555 6558.253828 -3648.786407
UTC=2024-01-14T03:10:02.000000
-1776171.283063 4015409.478999 5674923.326550
-349.802538 6099.704893 -4415.695414
UTC=2024-01-14T03:12:02.000000
-1798153.163771 4714822.738341 5102381.294866
-17.707783 5541.195367 -5114.353789
UTC=2024-01-14T03:14:02.000000
-1780830.512670 5341642.678097 4450646.207241
304.163483 4891.395603 -5733.857528
UTC=2024-01-14T03:16:02.000000
-1725822.529481 5885513.375708 3729811.440719
609.334189 4160.534823 -6264.507955
UTC=2024-01-14T03:18:02.000000
-1635500.799874 6337392.212441 2951053.634996
891.761184 3360.244197 -6697.975524
UTC=2024-01-14T03:20:02.000000
-1512930.004386 6689707.526088 2126459.251996
1145.956723 2503.375603 -7027.449484
UTC=2024-01-14T03:22:02.000000
-1361794.138571 6936492.445701 1268834.487679
1367.104070 1603.784672 -7247.762967
UTC=2024-01-14T03:24:02.000000
-1186310.142148 7073491.035295 391502.255585
1551.151678 676.090637 -7355.483324
UTC=2024-01-14T03:26:02.000000
-991131.300160 7098235.093525 -491909.939958
1694.890543 -264.572904 -7348.975808
UTC=2024-01-14T03:28:02.000000
-781242.151260 7010089.774096 -1367688.528875
1796.017413 -1202.832413 -7228.443801
UTC=2024-01-14T03:30:02.000000
-561847.315283 6810264.784508 -2222254.189934
1853.171307 -2123.365837 -6995.913973
UTC=2024-01-14T03:32:02.000000
-338257.489813 6501791.879826 -3042377.388583
1865.945578 -3011.170531 -6655.177933
UTC=2024-01-14T03:34:02.000000
-115775.109043 6089471.398815 -3815385.665045
1834.882469 -3851.813737 -6211.713923
UTC=2024-01-14T03:36:02.000000
100418.343731 5579789.269364 -4529360.171734
1761.449808 -4631.674355 -5672.584262
UTC=2024-01-14T03:38:02.000000
305370.940457 4980805.923470 -5173318.088785
1647.996949 -5338.166739 -5046.302877
UTC=2024-01-14T03:40:02.000000
494462.615775 4302019.994994 -5737377.822178
1497.693942 -5959.937381 -4342.683130
UTC=2024-01-14T03:42:02.000000
663499.085013 3554209.814988 -6212905.045201
1314.452540 -6487.038055 -3572.670071
UTC=2024-01-14T03:44:02.000000
808795.418580 2749255.884702 -6592637.688855
1102.834326 -6911.068392 -2748.158534
UTC=2024-01-14T03:46:02.000000
927248.144513 1899948.272801 -6870788.660362
867.951364 -7225.284822 -1881.805577
UTC=2024-01-14T03:48:02.000000
1016394.872458 1019782.561569 -7043126.332035
615.357488 -7424.685528 -986.848130
UTC=2024-01-14T03:50:02.000000
1074460.521172 122746.619100 -7107032.901964
350.935069 -7506.076059 -76.914640
UTC=2024-01-14T03:52:02.000000
1100389.727254 -776898.966475 -7061539.915013
80.776527 -7468.110219 834.166925
UTC=2024-01-14T03:54:02.000000
1093864.747127 -1664843.623470 -6907340.559387
-188.936540 -7311.300590 1732.561283
UTC=2024-01-14T03:56:02.000000
1055309.111714 -2526949.378307 -6646779.696629
-452.050634 -7038.008757 2604.604871
UTC=2024-01-14T03:58:02.000000
985877.148446 -3349471.838788 -6283822.682779
-702.560093 -6652.429544 3436.984505
UTC=2024-01-14T04:00:02.000000
887428.761719 -4119278.144286 -5824001.488414
-934.730504 -6160.548985 4216.936924
UTC=2024-01-14T04:02:02.000000
762490.118557 -4824057.152769 -5274337.075804
-1143.210185 -5570.061041 4932.438359
UTC=2024-01-14T04:04:02.000000
614201.051955 -5452518.704363 -4643240.070668
-1323.141546 -4890.270454 5572.381626
UTC=2024-01-14T04:06:02.000000
446249.336693 -5994579.859951 -3940389.833831
-1470.266369 -4131.968979 6126.758475
UTC=2024-01-14T04:08:02.000000
262793.021386 -6441534.037497 -3176592.119338
-1581.019607 -3307.275089 6586.830484
UTC=2024-01-14T04:10:02.000000
68372.261711 -6786199.439903 -2363617.469546
-1652.610239 -2429.451404 6945.280786
UTC=2024-01-14T04:12:02.000000
-132187.771358 -7023044.145945 -1514021.970754
-1683.089087 -1512.695054 7196.355944
UTC=2024-01-14T04:14:02.000000
-333881.133137 -7148283.952357 -640952.423662
-1671.399150 -571.895681 7335.980175
UTC=2024-01-14T04:16:02.000000
-531630.202784 -7159950.139864 242060.118614
-1617.406312 377.622254 7361.835685
UTC=2024-01-14T04:18:02.000000
-720397.283203 -7057925.759662 1121314.508117
-1521.910254 1320.364956 7273.411289
UTC=2024-01-14T04:20:02.000000
-895296.289046 -6843949.635264 1983157.864210
-1386.634642 2240.943349 7072.023073
UTC=2024-01-14T04:22:02.000000
-1051701.903605 -6521587.032762 2814204.156458
-1214.194635 3124.351527 6760.796129
UTC=2024-01-14T04:24:02.000000
-1185353.440722 -6096167.405518 3601548.310233
-1008.041161 3956.236495 6344.608575
UTC=2024-01-14T04:26:02.000000
-1292450.971159 -5574690.649938 4332971.098219
-772.390135 4723.149617 5829.994251
UTC=2024-01-14T04:28:02.000000
-1369742.212242 -4965705.076578 4997130.774061
-512.136884 5412.767170 5225.022620
UTC=2024-01-14T04:30:02.000000
-1414598.038147 -4279160.458000 5583739.356860
-232.754635 6014.086695 4539.163120
UTC=2024-01-14T04:32:02.000000
-1425075.312314 -3526238.341312 6083721.382659
59.816540 6517.609327 3783.124930
UTC=2024-01-14T04:34:02.000000
-1399965.503420 -2719162.539610 6489351.392295
359.294668 6915.481954 2968.666584
UTC=2024-01-14T04:36:02.000000
-1338828.099388 -1870995.496868 6794368.443124
659.182054 7201.594774 2108.407899
UTC=2024-01-14T04:38:02.000000
-1242009.049923 -995424.045640 6994068.493124
952.889620 7371.664133 1215.644932
UTC=2024-01-14T04:40:02.000000
-1110644.136909 -106536.368392 7085373.395602
1233.864121 7423.290173 304.145323
UTC=2024-01-14T04:42:02.000000
-946646.816347 781405.511741 7066875.425862
1495.719719 7355.977708 -612.050610
UTC=2024-01-14T04:44:02.000000
-752680.217743 1654194.744612 6938858.003323
1732.369087 7171.139451 -1518.832158
UTC=2024-01-14T04:46:02.000000
-532113.782521 2497907.266392 6703291.725006
1938.147830 6872.069072 -2402.224592
UTC=2024-01-14T04:48:02.000000
-288965.407167 3299124.521906 6363805.832683
2107.931477 6463.887165 -3248.591676
UTC=2024-01-14T04:50:02.000000
-27830.086235 4045148.443805 5925635.585416
2237.243706 5953.466495 -4044.836740
UTC=2024-01-14T04:52:02.000000
246204.034663 4724205.693651 5395545.496515
2322.357833 5349.326957 -4778.600448
UTC=2024-01-14T04:54:02.000000
527651.218343 5325638.096165 4781729.458219
2360.388063 4661.512241 -5438.452416
UTC=2024-01-14T04:56:02.000000
810733.561029 5840076.171734 4093687.333931
2349.360323 3901.424763 -6014.085974
UTC=2024-01-14T04:58:02.000000
1089493.812393 6259591.015702 3342080.963258
2288.270083 3081.646289 -6496.464651
UTC=2024-01-14T05:00:02.000000
1357915.276865 6577825.971139 2538571.399358
2177.136054 2215.758454 -6878.006514
UTC=2024-01-14T05:02:02.000000
1610045.194017 6790100.559352 1695634.538483
2017.004772 1318.075040 -7152.726862
UTC=2024-01-14T05:04:02.000000
1840118.156237 6893484.074756 826363.682020
1809.950232 403.401380 -7316.337888
UTC=2024-01-14T05:06:02.000000
2042677.946528 6886838.453714 -55739.157234
1559.044678 -513.234604 -7366.324347
UTC=2024-01-14T05:08:02.000000
2212694.393796 6770829.147739 -936978.652453
1268.306277 -1416.846329 -7301.983704
UTC=2024-01-14T05:10:02.000000
2345672.846479 6547904.349176 -1803684.484544
942.629019 -2292.751395 -7124.433867
UTC=2024-01-14T05:12:02.000000
2437754.115820 6222243.034953 -2642428.663310
587.693408 -3126.827763 -6836.589030
UTC=2024-01-14T05:14:02.000000
2485802.573380 5799672.870031 -3440237.995980
209.859152 -3905.759143 -6443.102661
UTC=2024-01-14T05:16:02.000000
2487480.453721 5287559.529338 -4184797.594536
-183.957500 -4617.264398 -5950.274139
UTC=2024-01-14T05:18:02.000000
2441306.606549 4694670.289621 -4864641.019853
-586.418868 -5250.294380 -5365.922093
UTC=2024-01-14T05:20:02.000000
2346698.759564 4031016.055544 -5469324.010716
-989.904563 -5795.195755 -4699.238281
UTC=2024-01-14T05:22:02.000000
2203999.059305 3307675.637088 -5989579.788782
-1386.651636 -6243.843525 -3960.628643
UTC=2024-01-14T05:24:02.000000
2014482.544581 2536605.569471 -6417454.600799
-1768.899020 -6589.749259 -3161.540225
UTC=2024-01-14T05:26:02.000000
1780348.402752 1730439.024823 -6746421.418121
-2129.027750 -6828.132949 -2314.273539
UTC=2024-01-14T05:28:02.000000
1504694.949184 902278.083461 -6971471.327917
-2459.693559 -6955.965068 -1431.799869
UTC=2024-01-14T05:30:02.000000
1191478.553036 65482.131248 -7089182.991116
-2753.962255 -6971.988182 -527.576153
UTC=2024-01-14T05:32:02.000000
845456.552163 -766544.960494 -7097769.512721
-3005.439208 -6876.716175 384.646614
UTC=2024-01-14T05:34:02.000000
472115.371574 -1580565.874813 -6997101.996452
-3208.385855 -6672.403367 1291.017258
UTC=2024-01-14T05:36:02.000000
77585.322862 -2363715.685267 -6788710.708514
-3357.827203 -6362.993050 2177.762817
UTC=2024-01-14T05:38:02.000000
-331457.507276 -3103701.400764 -6475765.070017
-3449.659394 -5954.064094 3031.370160
UTC=2024-01-14T05:40:02.000000
-747901.532105 -3788993.540064 -6063030.354087
-3480.741233 -5452.744851 3838.786601
UTC=2024-01-14T05:42:02.000000
-1164319.840490 -4409005.537446 -5556801.496756
-3448.970971 -4867.603908 4587.600172
UTC=2024-01-14T05:44:02.000000
-1573099.184641 -4954259.595627 -4964815.236865
-3353.354879 -4208.529912 5266.224285
UTC=2024-01-14T05:46:02.000000
-1966576.199357 -5416536.479816 -4296139.824164
-3194.058123 -3486.583213 5864.084032
UTC=2024-01-14T05:48:02.000000
-2337178.416895 -5789005.914855 -3561042.937726
-2972.433268 -2713.822021 6371.791908
UTC=2024-01-14T05:50:02.000000
-2677567.320955 -6066334.925362 -2770839.410676
-2691.026168 -1903.109710 6781.308368
UTC=2024-01-14T05:52:02.000000
-2980780.813598 -6244772.102234 -1937720.573294
-2353.559948 -1067.906154 7086.087752
UTC=2024-01-14T05:54:02.000000
-3240372.289683 -6322205.766922 -1074567.046181
-1964.893905 -222.040845 7281.207248
UTC=2024-01-14T05:56:02.000000
-3450543.083898 -6298193.774414 -194747.514878
-1530.953592 620.531937 7363.469316
UTC=2024-01-14T05:58:02.000000
-3606264.866807 -6173963.480385 688092.587091
-1058.634705 1445.982663 7331.467096
UTC=2024-01-14T06:00:02.000000
-3703389.290208 -5952381.965580 1560248.285817
-555.686670 2240.853194 7185.618076
UTC=2024-01-14T06:02:02.000000
-3738742.337551 -5637896.767241 2408174.260261
-30.574133 2992.300467 6928.161632
UTC=2024-01-14T06:04:02.000000
-3710200.977683 -5236448.254193 3218701.246207
507.677790 3688.322599 6563.116265
UTC=2024-01-14T06:06:02.000000
-3616750.603008 -4755356.252423 3979245.483499
1049.648884 4317.962983 6096.207323
UTC=2024-01-14T06:08:02.000000
-3458522.091471 -4203183.363378 4678007.676840
1585.697313 4871.494017 5534.764093
UTC=2024-01-14T06:10:02.000000
-3236807.795896 -3589577.769092 5304157.704031
2106.136425 5340.573222 4887.585666
UTC=2024-01-14T06:12:02.000000
-2954056.292480 -2925099.475187 5848001.878481
2601.412088 5718.363345 4164.786297
UTC=2024-01-14T06:14:02.000000
-2613846.023872 -2221034.123447 6301130.652029
3062.275093 5999.619634 3377.625081
UTC=2024-01-14T06:16:02.000000
-2220838.827862 -1489197.992301 6656545.497570
3479.945223 6180.751824 2538.329724
UTC=2024-01-14T06:18:02.000000
-1780713.881380 -741736.659088 6908763.697064
3846.273414 6259.866126 1659.900428
UTC=2024-01-14T06:20:02.000000
-1300083.093796 9078.942664 7053898.077248
4153.884287 6236.762357 755.895603
UTC=2024-01-14T06:22:02.000000
-786390.763644 751053.993369 7089712.558765
4396.301594 6112.905023 -159.755598
UTC=2024-01-14T06:24:02.000000
-247797.980259 1472267.646808 7015654.985971
4568.074981 5891.387208 -1072.951590
UTC=2024-01-14T06:26:02.000000
306947.264127 2161264.818738 6832865.386181
4664.890154 5576.865751 -1969.625537
UTC=2024-01-14T06:28:02.000000
868652.164216 2807238.637189 6544159.327908
4683.661405 5175.469967 -2835.952219
UTC=2024-01-14T06:30:02.000000
1427831.073182 3400200.739091 6153987.048472
4622.604724 4694.693738 -3658.545260
UTC=2024-01-14T06:32:02.000000
1974865.304701 3931137.889996 5668368.858148
4481.294871 4143.272976 -4424.656134
UTC=2024-01-14T06:34:02.000000
2500168.799841 4392152.612103 5094806.796519
4260.706151 3531.042104 -5122.370956
UTC=2024-01-14T06:36:02.000000
2994357.242159 4776585.147397 4442172.595385
3963.225392 2868.764775 -5740.806523
UTC=2024-01-14T06:38:02.000000
3448416.632524 5079113.913587 3720573.513673
3592.633794 2167.950239 -6270.280035
UTC=2024-01-14T06:40:02.000000
3853869.185032 5295834.209401 2941198.685783
3154.081631 1440.672039 -6702.472831
UTC=2024-01-14T06:42:02.000000
4202934.218133 5424313.035129 2116144.711103
2654.018699 699.343248 -7030.602888
UTC=2024-01-14T06:44:02.000000
4488677.288432 5463615.726231 1258224.564129
2100.082463 -43.510034 -7249.526669
UTC=2024-01-14T06:46:02.000000
4705146.458838 5414307.289248 380765.136314
1500.987993 -775.458293 -7355.840015
UTC=2024-01-14T06:48:02.000000
4847492.461138 5278426.353529 -502606.280435
866.370059 -1484.409581 -7347.944958
UTC=2024-01-14T06:50:02.000000
4912069.037513 5059431.421476 -1378179.795339
206.615193 -2158.825189 -7226.063839
UTC=2024-01-14T06:52:02.000000
4896512.294699 4762122.471833 -2232381.193662
-467.322597 -2787.917990 -6992.231508
UTC=2024-01-14T06:54:02.000000
4799797.028633 4392539.516220 -3051987.258572
-1144.119537 -3361.837172 -6650.253159
UTC=2024-01-14T06:56:02.000000
4622268.751577 3957840.197588 -3824333.953789
-1812.289329 -3871.831405 -6205.627426
UTC=2024-01-14T06:58:02.000000
4365650.702174 3466159.433817 -4537513.231491
-2460.389262 -4310.384043 -5665.434807
UTC=2024-01-14T07:00:02.000000
4033026.804284 2926454.594703 -5180555.129991
-3077.216655 -4671.319772 -5038.205909
UTC=2024-01-14T07:02:02.000000
3628801.226581 2348339.596465 -5743592.819113
-3652.001523 -4949.881706 -4333.768710
UTC=2024-01-14T07:04:02.000000
3158635.374607 1741911.546705 -6218008.244922
-4174.589091 -5142.779136 -3563.078628
UTC=2024-01-14T07:06:02.000000
2629363.869540 1117573.363584 -6596556.624916
-4635.606998 -5248.206749 -2738.037111
UTC=2024-01-14T07:08:02.000000
2048891.586780 485855.795321 -6873468.730339
-5026.612758 -5265.835748 -1871.304215
UTC=2024-01-14T07:10:02.000000
1426074.195041 -142758.114475 -7044531.004925
-5340.223600 -5196.784114 -976.118781
UTC=2024-01-14T07:12:02.000000
770583.172278 -758004.304434 -7107144.156256
-5570.246166 -5043.574637 -66.112569
UTC=2024-01-14T07:14:02.000000
92756.518955 -1350002.334988 -7060358.151033
-5711.779379 -4810.064311 844.889984
UTC=2024-01-14T07:16:02.000000
-596561.354884 -1909410.378304 -6904884.442775
-5761.298048 -4501.358622 1743.051049
UTC=2024-01-14T07:18:02.000000
-1286189.595278 -2427569.790192 -6643086.718576
-5716.731524 -4123.722472 2614.703935
UTC=2024-01-14T07:20:02.000000
-1964788.959927 -2896637.863003 -6278948.544163
-5577.517316 -3684.469264 3446.548810
UTC=2024-01-14T07:22:02.000000
-2621044.945425 -3309706.128905 -5818018.383340
-5344.635134 -3191.835365 4225.833330
UTC=2024-01-14T07:24:02.000000
-3243854.410145 -3660903.477059 -5267333.084080
-5020.630559 -2654.851081 4940.535213
UTC=2024-01-14T07:26:02.000000
-3822513.679349 -3945482.749634 -4635318.645083
-4609.611785 -2083.191759 5579.555896
UTC=2024-01-14T07:28:02.000000
-4346904.042441 -4159888.308914 -3931668.467706
-4117.212030 -1487.012965 6132.898804
UTC=2024-01-14T07:30:02.000000
-4807671.451606 -4301803.523048 -3167201.027643
-3550.530273 -876.779944 6591.836862
UTC=2024-01-14T07:32:02.000000
-5196397.307986 -4370177.148769 -2353697.871514
-2918.040325 -263.086151 6949.070710
UTC=2024-01-14T07:34:02.000000
-5505756.375329 -4365227.419228 -1503723.889101
-2229.468307 343.535439 7198.864530
UTC=2024-01-14T07:36:02.000000
-5729658.294861 -4288423.493086 -630432.769485
-1495.642056 932.800363 7337.157234
UTC=2024-01-14T07:38:02.000000
-5863369.473704 -4142444.422950 252639.278543
-728.315171 1494.858443 7361.646189
UTC=2024-01-14T07:40:02.000000
-5903612.362476 -3931116.295271 1131788.201447
60.034406 2020.472083 7271.843361
UTC=2024-01-14T07:42:02.000000
-5848639.023983 -3659328.263611 1993361.357745
856.429930 2501.188516 7069.092447
UTC=2024-01-14T07:44:02.000000
-5698276.948700 -3332929.027150 2823976.066360
1647.630190 2929.490880 6756.541599
UTC=2024-01-14T07:46:02.000000
-5453946.677964 -2958606.868074 3610732.936925
2420.364890 3298.921799 6339.086116
UTC=2024-01-14T07:48:02.000000
-5118651.007615 -2543755.969360 4341420.822805
3161.573687 3604.189991 5823.283976
UTC=2024-01-14T07:50:02.000000
-4696935.503514 -2096331.332185 5004709.150093
3858.641591 3841.249591 5217.229456
UTC=2024-01-14T07:52:02.000000
-4194822.091646 -1624696.457140 5590323.455518
4499.611257 4007.343041 4530.405104
UTC=2024-01-14T07:54:02.000000
-3619718.187988 -1137467.331422 6089202.860631
5073.381220 4101.022095 3773.528230
UTC=2024-01-14T07:56:02.000000
-2980302.345598 -643354.871706 6493638.128448
5569.898237 4122.151192 2958.377540
UTC=2024-01-14T07:58:02.000000
-2286387.859647 -151008.639465 6797387.327669
5980.329320 4071.881296 2097.595218
UTC=2024-01-14T08:00:02.000000
-1548767.639957 331134.338057 6995767.267612
6297.201252 3952.592599 1204.485714
UTC=2024-01-14T08:02:02.000000
-779043.900840 794993.084721 7085721.386503
6514.517205 3767.827422 292.822340
UTC=2024-01-14T08:04:02.000000
10555.291097 1232977.506694 7065864.058884
6627.858395 3522.209651 -623.353037
UTC=2024-01-14T08:06:02.000000
807370.454178 1638112.445222 6936500.687279
6634.465367 3221.346955 -1529.932466
UTC=2024-01-14T08:08:02.000000
1598513.637946 2004149.105735 6699623.247747
6533.297107 2871.717203 -2412.948695
UTC=2024-01-14T08:10:02.000000
2371076.774306 2325661.919360 6358881.311261
6325.062973 2480.541433 -3258.774865
UTC=2024-01-14T08:12:02.000000
3112342.742932 2598129.885903 5919529.485664
6012.237106 2055.652090 -4054.320570
UTC=2024-01-14T08:14:02.000000
3809996.817546 2818001.495078 5388350.827799
5599.046312 1605.350143 -4787.236106
UTC=2024-01-14T08:16:02.000000
4452334.208817 2982741.964214 4773556.115898
5091.418666 1138.254623 -5446.106127
UTC=2024-01-14T08:18:02.000000
5028460.208708 3090862.121630 4084661.138290
4496.915921 663.147379 -6020.624602
UTC=2024-01-14T08:20:02.000000
5528481.460635 3141928.468314 3332342.554753
3824.644434 188.812282 -6501.782915
UTC=2024-01-14T08:22:02.000000
5943682.147245 3136552.923383 2528271.832371
3085.095976 -276.137110 -6882.029134
UTC=2024-01-14T08:24:02.000000
6266680.819597 3076363.338527 1684933.143394
2289.990188 -723.408160 -7155.392389
UTC=2024-01-14T08:26:02.000000
6491566.597028 2963955.473688 815426.257127
1452.081495 -1145.187494 -7317.599969
UTC=2024-01-14T08:28:02.000000
6614010.057634 2802826.475477 -66742.405698
584.933734 -1534.288942 -7366.157176
UTC=2024-01-14T08:30:02.000000
6631345.850046 2597291.353040 -947876.029363
-297.324820 -1884.288951 -7300.388745
UTC=2024-01-14T08:32:02.000000
6542625.264473 2352384.519493 -1814305.905491
-1180.251722 -2189.636181 -7121.435356
UTC=2024-01-14T08:34:02.000000
6348639.411331 2073749.784853 -2652608.327620
-2049.335982 -2445.740374 -6832.235110
UTC=2024-01-14T08:36:02.000000
6051911.506960 1767520.016226 -3449817.317383
-2890.263034 -2649.051218 -6437.464285
UTC=2024-01-14T08:38:02.000000
5656658.251624 1440189.202488 -4193627.687833
-3689.163893 -2797.106461 -5943.442381
UTC=2024-01-14T08:40:02.000000
5168721.656304 1098480.214396 -4872585.162328
-4432.857583 -2888.554822 -5358.007717
UTC=2024-01-14T08:42:02.000000
4595473.423570 749211.598621 -5476259.666278
-5109.062816 -2923.150455 -4690.366493
UTC=2024-01-14T08:44:02.000000
3945695.469862 399166.171129 -5995400.122026
-5706.587782 -2901.728998 -3950.934974
UTC=2024-01-14T08:46:02.000000
3229438.619171 54963.724464 -6422069.563696
-6215.503244 -2826.162975 -3151.169322
UTC=2024-01-14T08:48:02.000000
2457861.832539 -277059.920477 -6749758.893018
-6627.290968 -2699.301328 -2303.379145
UTC=2024-01-14T08:50:02.000000
1643055.757117 -590965.627658 -6973478.009403
-6934.958651 -2524.892642 -1420.541596
UTC=2024-01-14T08:52:02.000000
797853.351460 -881313.749576 -7089825.130502
-7133.143457 -2307.497329 -516.119887
UTC=2024-01-14T08:54:02.000000
-64370.917197 -1143255.472478 -7097033.386069
-7218.192832 -2052.384119 396.133243
UTC=2024-01-14T08:56:02.000000
-929909.396361 -1372611.335992 -6994994.308382
-7188.213974 -1765.422089 1302.360153
UTC=2024-01-14T08:58:02.000000
-1784935.026912 -1565936.591418 -6785259.424996
-7043.114461 -1452.967628 2188.784348
UTC=2024-01-14T09:00:02.000000
-2615718.448512 -1720572.374301 -6471018.796606
-6784.614123 -1121.741195 3041.905376
UTC=2024-01-14T09:02:02.000000
-3408844.704968 -1834681.808146 -6057056.871861
-6416.230302 -778.701823 3848.679034
UTC=2024-01-14T09:04:02.000000
-4151427.897833 -1907271.266129 -5549687.130892
-5943.258408 -430.923130 4596.697876
UTC=2024-01-14T09:06:02.000000
-4831321.828152 -1938196.211433 -4956663.948862
-5372.718628 -85.460658 5274.386165
UTC=2024-01-14T09:08:02.000000
-5437321.886020 -1928151.053217 -4287071.782447
-4713.267721 250.780476 5871.180601
UTC=2024-01-14T09:10:02.000000
-5959355.136485 -1878643.292985 -3551193.234754
-3975.089277 571.175418 6377.704384
UTC=2024-01-14T09:12:02.000000
-6388655.217892 -1791952.154807 -2760356.477080
-3169.748648 869.508094 6785.934372
UTC=2024-01-14T09:14:02.000000
-6717917.797778 -1671072.095335 -1926763.865263
-2310.016116 1140.093661 7089.346455
UTC=2024-01-14T09:16:02.000000
-6941433.266903 -1519642.231634 -1063304.331140
-1409.663925 1377.890221 7283.040881
UTC=2024-01-14T09:18:02.000000
-7055193.444834 -1341863.013929 -183352.160660
-483.236682 1578.600373 7363.842312
UTC=2024-01-14T09:20:02.000000
-7056969.290772 -1142401.409808 699444.317013
454.201596 1738.758756 7330.366832
UTC=2024-01-14T09:22:02.000000
-6946357.312188 -926287.017486 1571379.972304
1387.334314 1855.796029 7183.054331
UTC=2024-01-14T09:24:02.000000
-6724793.500495 -698801.588051 2418911.925305
2300.865655 1928.085006 6924.165412
UTC=2024-01-14T09:26:02.000000
-6395534.472011 -465364.216772 3228876.047670
3179.792800 1954.966528 6557.742931
UTC=2024-01-14T09:28:02.000000
-5963606.122335 -231414.641044 3988696.882144
4009.674896 1936.754301 6089.540099
UTC=2024-01-14T09:30:02.000000
-5435720.650796 -2297.562241 4686586.659621
4776.887889 1874.713082 5526.910707
UTC=2024-01-14T09:32:02.000000
-4820164.695917 216849.258624 5311729.344791
5468.850557 1771.019457 4878.672258
UTC=2024-01-14T09:34:02.000000
-4126661.938289 421201.265370 5854447.317268
6074.225336 1628.705764 4154.954899
UTC=2024-01-14T09:36:02.000000
-3366212.634588 606345.385190 6306349.140282
6583.102321 1451.583584 3367.034872
UTC=2024-01-14T09:38:02.000000
-2550912.740573 768368.192423 6660456.003080
6987.152155 1244.152828 2527.148532
UTC=2024-01-14T09:40:02.000000
-1693756.528700 903932.692434 6911305.614963
7279.751714 1011.503767 1648.301390
UTC=2024-01-14T09:42:02.000000
-808425.712916 1010342.708904 7055032.124995
7456.078678 759.207112 744.061146
UTC=2024-01-14T09:44:02.000000
90930.518978 1085593.505907 7089421.623763
7513.173153 493.196128 -171.640236
UTC=2024-01-14T09:46:02.000000
989921.800199 1128408.033303 7013943.970330
7449.980614 219.645382 -1084.705343
UTC=2024-01-14T09:48:02.000000
1874146.608253 1138258.491700 6829760.519036
7267.370373 -55.153406 -1981.073949
UTC=2024-01-14T09:50:02.000000
2729422.847764 1115372.727585 6539707.548493
6968.126979 -324.919009 -2846.923860
UTC=2024-01-14T09:52:02.000000
3542016.183951 1060725.367137 6148255.714858
6556.921735 -583.507462 -3668.872392
UTC=2024-01-14T09:54:02.000000
4298863.013145 976013.815522 5661444.783599
6040.247787 -825.036786 -4434.183366
UTC=2024-01-14T09:56:02.000000
4987783.649249 863619.505957 5086794.670098
5426.327919 -1044.008661 -5130.954136
UTC=2024-01-14T09:58:02.000000
5597683.704274 726554.796233 4433194.218515
4725.006820 -1235.424220 -5748.304649
UTC=2024-01-14T10:00:02.000000
6118740.204538 568396.695077 3710766.895372
3947.601695 -1394.888075 -6276.567660
UTC=2024-01-14T10:02:02.000000
6542567.510996 393208.644504 2930714.956889
3106.717350 -1518.703549 -6707.456717
UTC=2024-01-14T10:04:02.000000
6862359.403105 205451.403822 2105145.123545
2216.037578 -1603.958384 -7034.204645
UTC=2024-01-14T10:06:02.000000
7073005.445606 9884.794051 1246878.708644
1290.100402 -1648.589062 -7251.688714
UTC=2024-01-14T10:08:02.000000
7171178.138793 -188536.993568 369248.171025
344.040520 -1651.426223 -7356.524519
UTC=2024-01-14T10:10:02.000000
7155388.877755 -384774.696291 -514115.582328
-606.675198 -1612.224453 -7347.131175
UTC=2024-01-14T10:12:02.000000
7026010.820250 -573815.496088 -1389501.578146
-1546.530198 -1531.669118 -7223.755165
UTC=2024-01-14T10:14:02.000000
6785268.372027 -750783.988434 -2243337.682748
-2460.233176 -1411.360851 -6988.459507
UTC=2024-01-14T10:16:02.000000
6437193.778897 -911050.136250 -3062406.081880
-3332.988133 -1253.781087 -6645.075707
UTC=2024-01-14T10:18:02.000000
5987552.341014 -1050331.873011 -3834051.084307
-4150.747910 -1062.237052 -6199.125378
UTC=2024-01-14T10:20:02.000000
5443738.192381 -1164789.925470 -4546375.688173
-4900.449579 -840.787558 -5657.710966
UTC=2024-01-14T10:22:02.000000
4814643.502526 -1251112.787475 -5188423.337277
-5570.220399 -594.154541 -5029.380246
UTC=2024-01-14T10:24:02.000000
4110504.676177 -1306590.622277 -5750342.514855
-6149.557593 -327.627088 -4323.976116
UTC=2024-01-14T10:26:02.000000
3342728.349585 -1329176.997702 -6223532.100873
-6629.482723 -46.953715 -3552.465720
UTC=2024-01-14T10:28:02.000000
2523701.103943 -1317536.922806 -6600765.470104
-7002.658525 241.777217 -2726.760366
UTC=2024-01-14T10:30:02.000000
1666586.869247 -1271080.288148 -6876293.006311
-7263.480041 532.259180 -1859.534425
UTC=2024-01-14T10:32:02.000000
785114.813446 -1189980.982451 -7045922.306763
-7408.139798 818.085429 -964.035855
UTC=2024-01-14T10:34:02.000000
-106638.952179 -1075181.481104 -7107075.827375
-7434.667741 1092.874155 -53.899105
UTC=2024-01-14T10:36:02.000000
-994472.924920 -928382.438822 -7058825.808600
-7342.944354 1350.390497 857.044319
UTC=2024-01-14T10:38:02.000000
-1864282.261186 -752017.830111 -6901906.855876
-7134.698116 1584.668086 1754.952279
UTC=2024-01-14T10:40:02.000000
-2702279.036462 -549215.462927 -6638705.456300
-6813.474337 1790.128185 2626.167514
UTC=2024-01-14T10:42:02.000000
-3495206.923075 -323743.786793 -6273226.766397
-6384.577792 1961.690471 3457.397870
UTC=2024-01-14T10:44:02.000000
-4230548.830812 -79945.579327 -5811040.197004
-5855.012689 2094.880608 4235.897354
UTC=2024-01-14T10:46:02.000000
-4896725.555615 177340.847283 -5259202.008748
-5233.386631 2185.929328 4949.662070
UTC=2024-01-14T10:48:02.000000
-5483281.034160 442871.550815 -4626155.575944
-4529.790818 2231.859631 5587.606486
UTC=2024-01-14T10:50:02.000000
-5981052.471724 711097.060583 -3921610.366385
-3755.661862 2230.568673 6139.745335
UTC=2024-01-14T10:52:02.000000
-6382321.522171 976271.199353 -3156399.319977
-2923.606302 2180.889709 6597.366262
UTC=2024-01-14T10:54:02.000000
-6680943.029805 1232566.282866 -2342316.568335
-2047.201828 2082.636585 6953.186562
UTC=2024-01-14T10:56:02.000000
-6872448.437138 1474192.412855 -1491937.561978
-1140.776437 1936.628167 7201.487582
UTC=2024-01-14T10:58:02.000000
-6954121.752949 1695518.683397 -618424.078706
-219.168430 1744.693614 7338.234239
UTC=2024-01-14T11:00:02.000000
-6925044.790380 1891193.151592 264683.347386
702.542119 1509.647550 7361.158367
UTC=2024-01-14T11:02:02.000000
-6786110.207648 2056258.897746 1143680.200255
1609.298141 1235.251139 7269.800155
UTC=2024-01-14T11:04:02.000000
-6540002.926792 2186264.184446 2004916.337325
2486.330436 926.150524 7065.525935
UTC=2024-01-14T11:06:02.000000
-6191149.538428 2277363.783737 2835014.352777
3319.423673 587.792157 6751.508218
UTC=2024-01-14T11:08:02.000000
-5745636.600913 2326408.870985 3621083.244495
4095.167768 226.317251 6332.669045
UTC=2024-01-14T11:10:02.000000
-5211099.743173 2331023.331519 4350923.160326
4801.191541 -151.557475 5815.586853
UTC=2024-01-14T11:12:02.000000
-4596586.517958 2289665.222905 5013216.967683
5426.365196 -538.668151 5208.372896
UTC=2024-01-14T11:14:02.000000
-3912396.840428 2201672.288663 5597705.819424
5960.972121 -927.540284 4520.529096
UTC=2024-01-14T11:16:02.000000
-3169904.393986 2067290.846472 6095346.806607
6396.855720 -1310.529296 3762.791755
UTC=2024-01-14T11:18:02.000000
-2381361.670341 1887687.465556 6498450.608573
6727.543140 -1679.967235 2946.952287
UTC=2024-01-14T11:20:02.000000
-1559692.513763 1664942.856632 6800796.448186
6948.329240 -2028.310335 2085.661912
UTC=2024-01-14T11:22:02.000000
-718276.724058 1402028.450008 6997723.187550
7056.324561 -2348.280175 1192.230013
UTC=2024-01-14T11:24:02.000000
129269.092795 1102766.317310 7086196.569769
7050.473850 -2633.000221 280.429910
UTC=2024-01-14T11:26:02.000000
969311.974480 771773.007625 7064853.115182
6931.557745 -2876.126862 -635.699356
UTC=2024-01-14T11:28:02.000000
1788421.613251 414388.127149 6934019.835342
6702.166779 -3071.972827 -1542.055408
UTC=2024-01-14T11:30:02.000000
2573584.799193 36588.512639 6695709.840742
6366.652165 -3215.623588 -2424.672013
UTC=2024-01-14T11:32:02.000000
3312412.804269 -355111.045183 6353593.977523
5931.057400 -3303.044544 -3269.921141
UTC=2024-01-14T11:34:02.000000
3993338.974453 -753769.116657 5912947.795485
5403.021690 -3331.174192 -4064.719314
UTC=2024-01-14T11:36:02.000000
4605803.085295 -1152139.418835 5380574.251681
4791.657133 -3298.005298 -4796.725755
UTC=2024-01-14T11:38:02.000000
5140419.620505 -1542801.253032 4764703.030867
4107.404654 -3202.646617 -5454.534022
UTC=2024-01-14T11:40:02.000000
5589127.584940 -1918296.111112 4074867.185607
3361.869159 -3045.365067 -6027.858058
UTC=2024-01-14T11:42:02.000000
5945318.997681 -2271268.369731 3321757.938676
2567.628228 -2827.610502 -6507.709539
UTC=2024-01-14T11:44:02.000000
6203942.741247 -2594607.395331 2517059.240415
1738.014264 -2552.013502 -6886.555225
UTC=2024-01-14T11:46:02.000000
6361581.399868 -2881587.732311 1673265.095115
886.884519 -2222.356471 -7158.447042
UTC=2024-01-14T11:48:02.000000
6416500.111945 -3126004.572435 803482.537504
28.382471 -1843.524136 -7319.133349
UTC=2024-01-14T11:50:02.000000
6368665.413573 -3322301.581786 -78777.218280
-823.321246 -1421.424141 -7366.138027
UTC=2024-01-14T11:52:02.000000
6219733.566947 -3465687.809481 -959814.626886
-1654.277358 -962.886850 -7298.804700
UTC=2024-01-14T11:54:02.000000
5973008.492543 -3552241.156647 -1825961.374779
-2451.016120 -475.539819 -7118.306758
UTC=2024-01-14T11:56:02.000000
5633369.914340 -3578995.686358 -2663798.022933
-3200.780440 32.332229 -6827.610983
UTC=2024-01-14T11:58:02.000000
5207174.831932 -3544011.600287 -3460365.942871
-3891.741252 551.938317 -6431.417986
UTC=2024-01-14T12:00:02.000000
4702134.063133 -3446426.305679 -4203369.972392
-4513.193918 1074.142984 -5936.066516
UTC=2024-01-14T12:02:02.000000
4127167.031170 -3286485.855652 -4881368.039784
-5055.725847 1589.633180 -5349.413909
UTC=2024-01-14T12:04:02.000000
3492238.004457 -3065555.854200 -5483944.732041
-5511.355192 2089.090817 -4680.686781
UTC=2024-01-14T12:06:02.000000
2808178.115060 -2786112.221919 -6001865.685833
-5873.629501 2563.354638 -3940.314578
UTC=2024-01-14T12:08:02.000000
2086497.494113 -2451713.151411 -6427211.919182
-6137.694628 3003.573779 -3139.763412
UTC=2024-01-14T12:10:02.000000
1339190.117511 -2066952.437005 -6753494.007502
-6300.347741 3401.365465 -2291.361835
UTC=2024-01-14T12:12:02.000000
578533.921388 -1637394.210958 -6975743.874195
-6360.059098 3748.962543 -1408.104013
UTC=2024-01-14T12:14:02.000000
-183109.549661 -1169491.295426 -7090583.095935
-6316.961731 4039.341724 -503.458747
UTC=2024-01-14T12:16:02.000000
-933492.994275 -670488.534534 -7096268.596154
-6172.819790 4266.345086 408.817424
UTC=2024-01-14T12:18:02.000000
-1660676.525897 -148312.120560 -6992716.173030
-5930.984041 4424.793253 1314.865215
UTC=2024-01-14T12:20:02.000000
-2353214.268831 388554.083552 -6781501.186624
-5596.323399 4510.586164 2200.916040
UTC=2024-01-14T12:22:02.000000
-3000331.282196 931203.301109 -6465836.597492
-5175.135513 4520.788970 3053.475174
UTC=2024-01-14T12:24:02.000000
-3592089.195639 1470450.296166 -6050529.214729
-4675.048310 4453.706551 3859.503896
UTC=2024-01-14T12:26:02.000000
-4119539.281706 1996983.812941 -5541913.832502
-4104.907234 4308.942515 4606.605972
UTC=2024-01-14T12:28:02.000000
-4574860.629439 2501525.331001 -4947764.743130
-3474.639258 4087.444657 5283.218098
UTC=2024-01-14T12:30:02.000000
-4951480.581322 2974991.723360 -4277184.355364
-2795.093001 3791.521705 5878.798059
UTC=2024-01-14T12:32:02.000000
-5244174.872600 3408658.203307 -3540470.448579
-2077.863600 3424.834735 6383.991944
UTC=2024-01-14T12:34:02.000000
-5449146.294399 3794319.321707 -2748963.853231
-1335.107019 2992.371569 6790.796694
UTC=2024-01-14T12:36:02.000000
-5564079.626698 4124444.949495 -1914877.098838
-579.331945 2500.387161 7092.709116
UTC=2024-01-14T12:38:02.000000
-5588171.295656 4392327.394887 -1051106.799559
176.812715 1956.317209 7284.850562
UTC=2024-01-14T12:40:02.000000
-5522132.785213 4592216.528587 -171032.375794
920.762443 1368.664688 7364.066561
UTC=2024-01-14T12:42:02.000000
-5368167.010900 4719439.894580 711695.355689
1640.262617 746.861780 7328.997959
UTC=2024-01-14T12:44:02.000000
-5129917.521524 4770504.219399 1583372.077933
2323.593603 101.099836 7180.113717
UTC=2024-01-14T12:46:02.000000
-4812391.537906 4743175.759412 2430459.241079
2959.781168 -557.851458 6919.703508
UTC=2024-01-14T12:48:02.000000
-4421858.657836 4636538.300714 3239800.326266
3538.790355 -1218.835842 6551.835229
UTC=2024-01-14T12:50:02.000000
-3965727.701120 4451027.424090 3998830.127656
4051.695089 -1870.514309 6082.280883
UTC=2024-01-14T12:52:02.000000
-3452404.877191 4188440.064322 4695773.134518
4490.819527 -2501.570253 5518.410541
UTC=2024-01-14T12:54:02.000000
-2891136.482407 3851919.696768 5319827.858450
4849.855830 -3100.911890 4869.063949
UTC=2024-01-14T12:56:02.000000
-2291839.064823 3445917.341408 5861334.034271
5123.952933 -3657.870553 4144.394078
UTC=2024-01-14T12:58:02.000000
-1664920.896900 2976129.490098 6311919.948545
5309.773519 -4162.387256 3355.693742
UTC=2024-01-14T13:00:02.000000
-1021098.383201 2449414.259066 6664628.062466
5405.520881 -4605.188617 2515.206610
UTC=2024-01-14T13:02:02.000000
-371211.445265 1873687.682098 6914017.338798
5410.929694 -4977.939603 1635.933694
UTC=2024-01-14T13:04:02.000000
273959.064163 1257802.502026 7056243.063056
5327.245357 -5273.387151 731.445627
UTC=2024-01-14T13:06:02.000000
903870.314963 611410.408796 7089112.805096
5157.179374 -5485.487443 -184.324062
UTC=2024-01-14T13:08:02.000000
1508389.441978 -55189.617095 7012117.982923
4904.840296 -5609.513106 -1097.277479
UTC=2024-01-14T13:10:02.000000
2077956.306221 -731215.193838 6826441.691395
4575.649427 -5642.149797 -1993.352020
UTC=2024-01-14T13:12:02.000000
2603735.020974 -1405574.895404 6534942.110764
4176.237941 -5581.571107 -2858.725789
UTC=2024-01-14T13:14:02.000000
3077752.317127 -2067050.195792 6142111.625862
3714.330904 -5427.493358 -3680.018110
UTC=2024-01-14T13:16:02.000000
3493020.826936 -2704482.897177 5654011.482813
3198.610383 -5181.208252 -4444.495328
UTC=2024-01-14T13:18:02.000000
3843644.913168 -3306964.737942 5078182.457903
2638.563774 -4845.589379 -5140.264130
UTC=2024-01-14T13:20:02.000000
4124907.656498 -3864026.509537 4423532.526036
2044.320754 -4425.075261 -5756.462511
UTC=2024-01-14T13:22:02.000000
4333337.467801 -4365823.330854 3700202.046877
1426.476246 -3925.622463 -6283.441908
UTC=2024-01-14T13:24:02.000000
4466752.672054 -4803312.446680 2919408.064630
795.902334 -3354.627758 -6712.932299
UTC=2024-01-14T13:26:02.000000
4524283.195637 -5168419.835089 2093269.779775
163.553620 -2720.818921 -7038.190416
UTC=2024-01-14T13:28:02.000000
4506368.450732 -5454191.847726 1234617.806994
-459.733042 -2034.115881 -7254.120544
UTC=2024-01-14T13:30:02.000000
4414731.212346 -5654928.560828 356790.597078
-1063.437793 -1305.463611 -7357.366550
UTC=2024-01-14T13:32:02.000000
4252328.285856 -5766295.610000 -526577.904747
-1637.542799 -546.645049 -7346.367253
UTC=2024-01-14T13:34:02.000000
4023279.438562 -5785412.849560 -1401776.089966
-2172.713944 229.923168 -7221.391998
UTC=2024-01-14T13:36:02.000000
3732774.884428 -5710916.662424 -2255233.985910
-2660.469525 1011.420019 -6984.525787
UTC=2024-01-14T13:38:02.000000
3386964.476455 -5542994.924523 -3073738.606448
-3093.319322 1784.846802 -6639.624211
UTC=2024-01-14T13:40:02.000000
2992831.093924 -5283394.302732 -3844642.245564
-3464.888426 2537.261155 -6192.236558
UTC=2024-01-14T13:42:02.000000
2558050.724028 -4935399.764558 -4556059.243634
-3770.013386 3256.004325 -5649.493589
UTC=2024-01-14T13:44:02.000000
2090842.909179 -4503787.284905 -5197047.775725
-4004.806243 3928.920468 -5019.970078
UTC=2024-01-14T13:46:02.000000
1599815.478565 -3994751.189164 -5757773.789434
-4166.686818 4544.557580 -4313.527050
UTC=2024-01-14T13:48:02.000000
1093806.733012 -3415808.768935 -6229655.494445
-4254.394576 5092.347038 -3541.146144
UTC=2024-01-14T13:50:02.000000
581727.412790 -2775684.156856 -6605487.404171
-4267.979006 5562.770118 -2714.753977
UTC=2024-01-14T13:52:02.000000
72405.363797 -2084173.078098 -6879542.667626
-4208.764178 5947.508976 -1847.036176
UTC=2024-01-14T13:54:02.000000
-425564.139320 -1351990.885227 -7047652.754361
-4079.291173 6239.573554 -951.247815
UTC=2024-01-14T13:56:02.000000
-903960.217632 -590606.643212 -7107264.565504
-3883.246106 6433.408436 -41.026429
UTC=2024-01-14T13:58:02.000000
-1355069.025967 187934.547402 -7057474.962451
-3625.378689 6524.981420 869.798217
UTC=2024-01-14T14:00:02.000000
-1771805.689343 971198.603385 -6899042.469431
-3311.404312 6511.852032 1767.391988
UTC=2024-01-14T14:02:02.000000
-2147823.563116 1746556.958853 -6634376.717525
-2947.891969 6393.226460 2638.101979
UTC=2024-01-14T14:04:02.000000
-2477609.672149 2501386.222346 -6267505.636244
-2542.147709 6169.989328 3468.639401
UTC=2024-01-14T14:06:02.000000
-2756565.788920 3223270.980243 -5804020.601277
-2102.088604 5844.722983 4246.267774
UTC=2024-01-14T14:08:02.000000
-2981073.577214 3900207.179791 -5250998.852138
-1636.106522 5421.697911 4958.990017
UTC=2024-01-14T14:10:02.000000
-3148543.155995 4520803.039640 -4616903.451509
-1152.925264 4906.839802 5595.737947
UTC=2024-01-14T14:12:02.000000
-3257443.622972 5074473.930614 -3911460.630847
-661.443875 4307.661090 6146.556280
UTC=2024-01-14T14:14:02.000000
-3307314.409156 5551626.967300 -3145516.218620
-170.575958 3633.159851 6602.764980
UTC=2024-01-14T14:16:02.000000
-3298757.765579 5943832.440412 -2330873.831007
310.904215 2893.702996 6957.105938
UTC=2024-01-14T14:18:02.000000
-3233412.467529 6243979.514542 -1480115.423830
774.523240 2100.876039 7203.887211
UTC=2024-01-14T14:20:02.000000
-3113907.910635 6446411.220257 -606406.134558
1212.269208 1267.289714 7339.095634
UTC=2024-01-14T14:22:02.000000
-2943800.240270 6547035.154732 276711.745171
1616.730374 406.376139 7360.470466
UTC=2024-01-14T14:24:02.000000
-2727492.040436 6543409.101169 1155533.431174
1981.235428 -467.836287 7267.572979
UTC=2024-01-14T14:26:02.000000
-2470135.153728 6434796.734907 2016411.924698
2299.987604 -1340.989157 7061.802151
UTC=2024-01-14T14:28:02.000000
-2177519.442668 6222191.402260 2845976.778853
2568.164180 -2198.655735 6746.360031
UTC=2024-01-14T14:30:02.000000
-1855951.195651 5908309.048211 3631346.954822
2781.991389 -3026.594415 6326.188549
UTC=2024-01-14T14:32:02.000000
-1512123.903533 5497551.115275 4360334.559010
2938.796460 -3810.996136 5807.881476
UTC=2024-01-14T14:34:02.000000
-1152984.050379 4995938.069469 5021636.510940
3037.039889 -4538.725820 5199.570659
UTC=2024-01-14T14:36:02.000000
-785594.020503 4411014.560657 5605010.552884
3076.328315 -5197.550854 4510.776456
UTC=2024-01-14T14:38:02.000000
-416995.811055 3751729.140379 6101431.896675
3057.389020 -5776.336944 3752.243227
UTC=2024-01-14T14:40:02.000000
-54078.736521 3028291.158833 6503230.000036
2982.031781 -6265.234118 2935.765216
UTC=2024-01-14T14:42:02.000000
296547.176963 2252007.166701 6804202.911385
2853.090269 -6655.828201 2073.993564
UTC=2024-01-14T14:44:02.000000
628669.761500 1435100.566466 6999708.807705
2674.348184 -6941.273796 1180.245942
UTC=2024-01-14T14:46:02.000000
936583.417766 590516.480949 7086733.689712
2450.448216 -7116.402023 268.300915
UTC=2024-01-14T14:48:02.000000
1215186.130382 -268284.136475 7063934.761504
2186.789588 -7177.796362 -647.798363
UTC=2024-01-14T14:50:02.000000
1460063.619366 -1127538.934029 6931660.508733
1889.415845 -7123.859557 -1553.941892
UTC=2024-01-14T14:52:02.000000
1667559.465413 -1973404.995006 6691946.124269
1564.893539 -6954.849233 -2436.161357
UTC=2024-01-14T14:54:02.000000
1834830.241447 -2792182.352388 6348484.485397
1220.184123 -6672.890691 -3280.831474
UTC=2024-01-14T14:56:02.000000
1959884.850599 -3570537.539126 5906572.584880
862.508531 -6281.961701 -4074.876279
UTC=2024-01-14T14:58:02.000000
2041607.314109 -4295723.293043 5373033.454932
499.207905 -5787.843514 -4805.970303
UTC=2024-01-14T15:00:02.000000
2079762.917680 -4955790.589523 4756114.786167
137.606423 -5198.045082 -5462.724625
UTC=2024-01-14T15:02:02.000000
2074988.094417 -5539790.647943 4065365.643371
-215.124062 -4521.710051 -6034.870003
UTC=2024-01-14T15:04:02.000000
2028763.605512 -6037963.495124 3311490.955960
-552.107524 -3769.481638 -6513.439585
UTC=2024-01-14T15:06:02.000000
1943370.661928 -6441907.815057 2506185.726989
-866.900118 -2953.330310 -6890.922349
UTC=2024-01-14T15:08:02.000000
1821831.773432 -6744728.754799 1661952.397697
-1153.610169 -2086.359499 -7161.391290
UTC=2024-01-14T15:10:02.000000
1667837.516182 -6941161.323799 791904.135572
-1407.013619 -1182.591895 -7320.611160
UTC=2024-01-14T15:12:02.000000
1485660.076336 -7027666.472579 -90443.362976
-1622.656599 -256.730088 -7366.119384
UTC=2024-01-14T15:14:02.000000
1280055.385832 -7002497.460893 -971388.328160
-1796.944101 676.104752 -7297.283880
UTC=2024-01-14T15:16:02.000000
1056155.829127 -6865732.605970 -1837263.319415
-1927.205556 1600.662225 -7115.303802
UTC=2024-01-14T15:18:02.000000
819356.627922 -6619274.658807 -2674652.867856
-2011.735238 2501.829766 -6823.172070
UTC=2024-01-14T15:20:02.000000
575199.047923 -6266818.411918 -3470605.345027
-2049.805735 3364.895241 -6425.613190
UTC=2024-01-14T15:22:02.000000
329252.858670 -5813787.488839 -4212835.465125
-2041.668072 4175.798281 -5928.990523
UTC=2024-01-14T15:24:02.000000
86999.906573 -5267241.602774 -4889913.790063
-1988.530983 4921.368390 -5341.181290
UTC=2024-01-14T15:26:02.000000
-146278.348414 -4635757.038343 -5491439.661633
-1892.516663 5589.532227 -4671.429483
UTC=2024-01-14T15:28:02.000000
-365606.966621 -3929283.644949 -6008195.862604
-1756.600054 6169.499723 -3930.186869
UTC=2024-01-14T15:30:02.000000
-566415.373801 -3158980.960949 -6432283.086876
-1584.531685 6651.923264 -3128.936985
UTC=2024-01-14T15:32:02.000000
-744625.228466 -2337037.022986 -6757232.899377
-1380.749339 7029.028609 -2280.013068
UTC=2024-01-14T15:34:02.000000
-896727.061792 -1476473.079609 -6978098.431037
-1150.279244 7294.717767 -1396.410278
UTC=2024-01-14T15:36:02.000000
-1019844.582412 -590937.519430 -7091522.724414
-898.629766 7444.648416 -491.600858
UTC=2024-01-14T15:38:02.000000
-1111785.757400 305508.585207 -7095784.489643
-631.677414 7476.291270 420.658956
UTC=2024-01-14T15:40:02.000000
-1171079.977095 1198610.842971 -6990820.855376
-355.549770 7388.957553 1326.514807
UTC=2024-01-14T15:42:02.000000
-1197001.050919 2074143.554898 -6778228.091516
-76.506150 7183.814096 2212.200618
UTC=2024-01-14T15:44:02.000000
-1189575.759613 2918131.896593 -6461239.941218
199.183496 6863.873233 3064.220839
UTC=2024-01-14T15:46:02.000000
-1149577.867637 3717072.276896 -6044684.010091
465.359643 6433.969649 3869.539729
UTC=2024-01-14T15:48:02.000000
-1078507.515163 4458147.784069 -5534914.976434
716.095715 5900.701613 4615.772064
UTC=2024-01-14T15:50:02.000000
-978556.210227 5129435.359683 -4939725.571184
945.814413 5272.353580 5291.366998
UTC=2024-01-14T15:52:02.000000
-852558.115256 5720102.026745 -4268235.153288
1149.400726 4558.788000 5885.795375
UTC=2024-01-14T15:54:02.000000
-703928.021357 6220586.017589 -3530756.446327
1322.309751 3771.303123 6389.724645
UTC=2024-01-14T15:56:02.000000
-536586.951056 6622759.247480 -2738642.332480
1460.664627 2922.465989 6795.176672
UTC=2024-01-14T15:58:02.000000
-354876.707571 6920068.343712 -1904114.336738
1561.342107 2025.919493 7095.675518
UTC=2024-01-14T16:00:02.000000
-163465.087692 7107650.537326 -1040074.635677
1622.043034 1096.158589 7286.371095
UTC=2024-01-14T16:02:02.000000
32756.600851 7182421.498894 -159904.873939
1641.349115 148.286646 7364.136377
UTC=2024-01-14T16:04:02.000000
228781.585368 7143132.788442 722745.055002
1618.758442 -802.246632 7327.636585
UTC=2024-01-14T16:06:02.000000
419598.625050 6990396.849521 1594174.558436
1554.698371 -1739.923531 7177.363714
UTC=2024-01-14T16:08:02.000000
600303.027232 6726678.180673 2440851.454115
1450.513782 -2649.440494 6915.627347
UTC=2024-01-14T16:10:02.000000
766205.122521 6356251.502583 3249627.516232
1308.437137 -3515.972733 6546.508003
UTC=2024-01-14T16:12:02.000000
912934.264102 5885128.975606 4007947.247063
1131.544967 -4325.430343 6075.788576
UTC=2024-01-14T16:14:02.000000
1036536.775704 5320957.613482 4704046.403087
923.697117 -5064.694861 5510.859323
UTC=2024-01-14T16:16:02.000000
1133564.472175 4672887.659687 5327137.973107
689.441941 -5721.869116 4860.585280
UTC=2024-01-14T16:18:02.000000
1201151.768184 3951414.807502 5867577.887395
433.926340 -6286.450255 4135.124585
UTC=2024-01-14T16:20:02.000000
1237081.454885 3168203.823795 6317010.946885
162.789651 -6749.481925 3345.772501
UTC=2024-01-14T16:22:02.000000
1239836.559915 2335894.438668 6668496.671603
-117.956731 -7103.690735 2504.780507
UTC=2024-01-14T16:24:02.000000
1208637.809107 1467892.923522 6916612.511717
-402.049720 -7343.589641 1625.163047
UTC=2024-01-14T16:26:02.000000
1143466.319963 578153.003856 7057533.220015
-683.100426 -7465.549477 720.493053
UTC=2024-01-14T16:28:02.000000
1045071.083576 -319049.370341 7089085.988339
-954.721104 -7467.833971 -195.292476
UTC=2024-01-14T16:30:02.000000
914961.108600 -1209345.000035 7010782.717159
-1210.654026 -7350.628392 -1108.087178
UTC=2024-01-14T16:32:02.000000
755382.146655 -2078502.116373 6823827.623281
-1444.898930 -7116.033865 -2003.826034
UTC=2024-01-14T16:34:02.000000
569278.321076 -2912654.586909 6531100.145962
-1651.836787 -6768.036815 -2868.688484
UTC=2024-01-14T16:36:02.000000
360239.175178 -3698524.953565 6137112.735727
-1826.348360 -6312.447126 -3689.313750
UTC=2024-01-14T16:38:02.000000
132433.279168 -4423637.407899 5647943.763670
-1963.919285 -5756.798950 -4452.993870
UTC=2024-01-14T16:40:02.000000
-109470.309204 -5076518.437790 5071148.321195
-2060.738240 -5110.244195 -5147.855022
UTC=2024-01-14T16:42:02.000000
-360392.041382 -5646883.877024 4415646.986589
-2113.790100 -4383.430190 -5763.046123
UTC=2024-01-14T16:44:02.000000
-614942.465162 -6125808.770322 3691591.284045
-2120.936596 -3588.330922 -6288.932280
UTC=2024-01-14T16:46:02.000000
-867531.238553 -6505874.706433 2910207.659803
-2080.975956 -2738.046978 -6717.258838
UTC=2024-01-14T16:48:02.000000
-1112481.926333 -6781292.024529 2083622.951592
-1993.679464 -1846.585206 -7041.295118
UTC=2024-01-14T16:50:02.000000
-1344150.310363 -6947994.767581 1224674.286664
-1859.816385 -928.627210 -7255.953513
UTC=2024-01-14T16:52:02.000000
-1557044.598634 -7003706.211342 346705.192897
-1681.154119 0.734812 -7357.894930
UTC=2024-01-14T16:54:02.000000
-1745943.457775 -6947971.565056 -536647.998747
-1460.426531 926.272552 -7345.584738
UTC=2024-01-14T16:56:02.000000
-1906009.320332 -6782158.062225 -1411674.305440
-1201.286315 1832.892036 -7219.314014
UTC=2024-01-14T16:58:02.000000
-2032894.861747 -6509422.873747 -2264806.776894
-908.239023 2705.898456 -6981.187685
UTC=2024-01-14T17:00:02.000000
-2122840.477116 -6134649.709077 -3082837.903293
-586.558753 3531.253067 -6635.081609
UTC=2024-01-14T17:02:02.000000
-2172760.486847 -5664355.232402 -3853127.793584
-242.184881 4295.817668 -6186.563872
UTC=2024-01-14T17:04:02.000000
-2180316.014290 -5106567.601617 -4563800.689412
118.395761 4987.572373 -5642.780479
UTC=2024-01-14T17:06:02.000000
-2143973.184673 -4470680.910796 -5203926.207167
488.274672 5595.799431 -5012.317405
UTC=2024-01-14T17:08:02.000000
-2063045.927380 -3767289.427876 -5763683.134552
860.252522 6111.236995 -4305.048424
UTC=2024-01-14T17:10:02.000000
-1937722.791900 -3008005.023554 -6234504.205983
1226.974509 6526.205903 -3531.970305
UTC=2024-01-14T17:12:02.000000
-1769077.297951 -2205260.944033 -6609200.239710
1581.069149 6834.709711 -2705.022963
UTC=2024-01-14T17:14:02.000000
-1559061.733421 -1372105.628270 -6882061.909873
1915.283651 7032.499579 -1836.899270
UTC=2024-01-14T17:16:02.000000
-1310485.110491 -521990.585926 -7048938.835827
2222.613465 7117.110745 -940.857395
UTC=2024-01-14T17:18:02.000000
-1026975.677467 331444.653850 -7107296.115299
2496.430632 7087.873768 -30.532777
UTC=2024-01-14T17:20:02.000000
-712928.148952 1174587.438580 -7056248.553050
2730.608641 6945.903380 880.245614
UTC=2024-01-14T17:22:02.000000
-373436.565603 1994064.681100 -6896572.579263
2919.636708 6694.070217 1777.644369
UTC=2024-01-14T17:24:02.000000
-14213.905241 2776950.697905 -6630695.873283
3058.728412 6336.951998 2648.005965
UTC=2024-01-14T17:26:02.000000
358501.396730 3510968.606384 -6262665.068270
3143.929545 5880.771475 3478.038483
UTC=2024-01-14T17:28:02.000000
738050.986484 4184682.325849 -5798089.969221
3172.209068 5333.300641 4255.012266
UTC=2024-01-14T17:30:02.000000
1117472.026251 4787675.706125 -5244065.197399
3141.535531 4703.747037 4966.940022
UTC=2024-01-14T17:32:02.000000
1489621.299788 5310717.351935 -4609070.053628
3050.943866 4002.624952 5602.762640
UTC=2024-01-14T17:34:02.000000
1847306.264693 5745908.023146 -3902845.942360
2900.583015 3241.593068 6152.533251
UTC=2024-01-14T17:36:02.000000
2183420.473240 6086807.062824 -3136252.851063
2691.741741 2433.270936 6607.582091
UTC=2024-01-14T17:38:02.000000
2491080.976714 6328535.948662 -2321106.725217
2426.855568 1591.039259 6960.671139
UTC=2024-01-14T17:40:02.000000
2763765.142498 6467856.452768 -1469999.101136
2109.488940 728.816607 7206.133269
UTC=2024-01-14T17:42:02.000000
2995443.670976 6503220.788637 -596101.473852
1744.289881 -139.183340 7339.985851
UTC=2024-01-14T17:44:02.000000
3180706.619182 6434791.854676 287041.945363
1336.919212 -998.705278 7360.009687
UTC=2024-01-14T17:46:02.000000
3314879.584316 6264433.045332 1165728.779921
893.958135 -1835.704320 7265.792435
UTC=2024-01-14T17:48:02.000000
3394127.611737 5995668.208365 2026316.407544
422.795635 -2636.591867 7058.742103
UTC=2024-01-14T17:50:02.000000
3415544.339541 5633612.378635 2855439.585450
-68.504102 -3388.475753 6742.067646
UTC=2024-01-14T17:52:02.000000
3377224.364235 5184874.350753 3640223.720447
-571.347921 -4079.389296 6320.724991
UTC=2024-01-14T17:54:02.000000
3278317.428172 4657433.041182 4368489.189104
-1076.770423 -4698.494063 5801.324332
UTC=2024-01-14T17:56:02.000000
3119062.749050 4060491.305268 5028943.611027
-1575.610185 -5236.259463 5192.020757
UTC=2024-01-14T17:58:02.000000
2900801.761075 3404309.201334 5611358.008856
-2058.685031 -5684.616423 4502.353684
UTC=2024-01-14T18:00:02.000000
2625971.194071 2700021.988825 6106722.804626
-2516.948341 -6037.062579 3743.079487
UTC=2024-01-14T18:02:02.000000
2298077.238683 1959447.019958 6507383.904582
-2941.650092 -6288.744933 2926.004264
UTC=2024-01-14T18:04:02.000000
1921650.022512 1194881.744002 6807157.474108
-3324.500931 -6436.521413 2063.791967
UTC=2024-01-14T18:06:02.000000
1502179.225021 418896.947929 7001420.650045
-3657.821337 -6478.978343 1169.761986
UTC=2024-01-14T18:08:02.000000
1046032.637910 -355870.278314 7087178.696523
-3934.677647 -6416.422862 257.699681
UTC=2024-01-14T18:10:02.000000
560358.742720 -1116922.401103 7063109.330774
-4149.013353 -6250.868950 -658.341712
UTC=2024-01-14T18:12:02.000000
52974.102596 -1852103.600288 6929582.152635
-4295.769080 -5985.987140 -1564.251387
UTC=2024-01-14T18:14:02.000000
-467762.768084 -2549794.433169 6688653.216909
-4370.987657 -5627.032857 -2446.067692
UTC=2024-01-14T18:16:02.000000
-993088.893748 -3199096.446386 6344034.474192
-4371.896794 -5180.747951 -3290.188008
UTC=2024-01-14T18:18:02.000000
-1513982.968000 -3790003.386165 5901039.066468
-4296.973992 -4655.240441 -4083.558417
UTC=2024-01-14T18:20:02.000000
-2021319.156678 -4313557.722217 5366504.467163
-4146.009073 -4059.858692 -4813.859496
UTC=2024-01-14T18:22:02.000000
-2506027.438223 -4761990.982876 4748692.555651
-3920.147166 -3405.045268 -5469.703924
UTC=2024-01-14T18:24:02.000000
-2959257.284413 -5128844.827988 4057165.928177
-3621.900381 -2702.161945 -6040.831896
UTC=2024-01-14T18:26:02.000000
-3372540.680041 -5409069.705665 3302641.622732
-3255.125573 -1963.291901 -6518.290276
UTC=2024-01-14T18:28:02.000000
-3737950.781946 -5599098.735102 2496825.007088
-2824.975814 -1201.027879 -6894.582957
UTC=2024-01-14T18:30:02.000000
-4048253.609195 -5696895.975971 1652226.912075
-2337.832211 -428.255383 -7163.802256
UTC=2024-01-14T18:32:02.000000
-4297049.903247 -5701977.842468 781966.178459
-1801.207020 342.077424 -7321.737793
UTC=2024-01-14T18:34:02.000000
-4478903.670816 -5615406.675647 -100438.894457
-1223.620078 1097.191468 -7365.952445
UTC=2024-01-14T18:36:02.000000
-4589454.581681 -5439756.727923 -981286.461263
-614.452752 1824.705405 -7295.829487
UTC=2024-01-14T18:38:02.000000
-4625511.358284 -5179052.825693 -1846910.632430
16.221956 2512.860987 -7112.583041
UTC=2024-01-14T18:40:02.000000
-4585123.787615 -4838682.808663 -2683899.692747
657.824354 3150.732639 -6819.226832
UTC=2024-01-14T18:42:02.000000
-4467631.942832 -4425286.249180 -3479308.323733
1299.462133 3728.412065 -6420.506376
UTC=2024-01-14T18:44:02.000000
-4273691.900197 -3946622.737031 -4220859.817465
1930.126842 4237.164297 -5922.801176
UTC=2024-01-14T18:46:02.000000
-4005278.017283 -3411423.091473 -4897135.075029
2538.887624 4669.556600 -5334.003275
UTC=2024-01-14T18:48:02.000000
-3665662.109473 -2829226.624040 -5497745.694277
3115.082451 5019.561300 -4663.372705
UTC=2024-01-14T18:50:02.000000
-3259370.169697 -2210208.022908 -6013488.411189
3648.499355 5282.625474 -3921.373732
UTC=2024-01-14T18:52:02.000000
-2792118.127475 -1564997.601228 -6436479.413353
4129.545783 5455.713526 -3119.503587
UTC=2024-01-14T18:54:02.000000
-2270727.684304 -904497.903646 -6760267.380546
4549.410499 5537.324115 -2270.107921
UTC=2024-01-14T18:56:02.000000
-1703023.741296 -239700.075789 -6979923.686321
4900.206702 5527.477506 -1386.186939
UTC=2024-01-14T18:58:02.000000
-1097715.994619 418496.636865 -7092109.522556
5175.093650 5427.677093 -481.207681
UTC=2024-01-14T19:00:02.000000
-464266.514953 1059459.928172 -7095121.290388
5368.391401 5240.859654 431.074599
UTC=2024-01-14T19:02:02.000000
187255.792672 1672992.607795 -6988913.679026
5475.680186 4971.326227 1336.807625
UTC=2024-01-14T19:04:02.000000
846331.571973 2249491.335008 -6775100.769056
5493.887826 4624.660085 2222.217323
UTC=2024-01-14T19:06:02.000000
1502157.880003 2780095.114288 -6456934.997107
5421.369807 4207.631870 3073.805543
UTC=2024-01-14T19:08:02.000000
2143822.528357 3256820.948401 -6039262.382222
5257.957187 3728.083834 3878.542051
UTC=2024-01-14T19:10:02.000000
2760483.382469 3672684.589731 -5528455.082668
5004.989663 3194.796338 4624.051809
UTC=2024-01-14T19:12:02.000000
3341550.212745 4021804.840360 -4932321.959527
4665.326761 2617.349576 5298.795247
UTC=2024-01-14T19:14:02.000000
3876866.876496 4299490.522694 -4259997.259224
4243.339805 2005.969450 5892.252557
UTC=2024-01-14T19:16:02.000000
4356890.751597 4502307.799507 -3521807.564859
3744.874486 1371.356236 6395.099890
UTC=2024-01-14T19:18:02.000000
4772865.930319 4628126.184130 -2729118.123665
3177.182039 724.500314 6799.376271
UTC=2024-01-14T19:20:02.000000
5116986.010897 4676141.853057 -1894160.570079
2548.818518 76.490622 7098.624321
UTC=2024-01-14T19:22:02.000000
5382543.698625 4646877.859502 -1029844.807666
1869.522082 -561.680863 7288.016817
UTC=2024-01-14T19:24:02.000000
5564063.179789 4542160.453764 -149557.182575
1150.050413 -1179.318383 7364.452584
UTC=2024-01-14T19:26:02.000000
5657411.873708 4365072.126093 733050.510987
402.002290 -1766.211358 7326.616557
UTC=2024-01-14T19:28:02.000000
5659889.895611 4119882.237448 1604277.687124
-362.377235 -2312.819775 7175.013579
UTC=2024-01-14T19:30:02.000000
5570294.774866 3811955.923563 2450593.701823
-1130.414408 -2810.447861 6911.968263
UTC=2024-01-14T19:32:02.000000
5388958.905580 3447643.476818 3258854.333587
-1889.241108 -3251.395347 6541.586405
UTC=2024-01-14T19:34:02.000000
5117758.889225 3034152.931019 4016511.296950
-2626.027311 -3629.086706 6069.679287
UTC=2024-01-14T19:36:02.000000
4760097.039629 2579408.404183 4711810.630042
-3328.211930 -3938.177701 5503.652159
UTC=2024-01-14T19:38:02.000000
4320856.252133 2091897.967745 5333975.963585
-3983.714758 -4174.621677 4852.372703
UTC=2024-01-14T19:40:02.000000
3806329.094353 1580514.895781 5873375.888186
-4581.157482 -4335.719093 4126.026250
UTC=2024-01-14T19:42:02.000000
3224121.603647 1054394.177892 6321671.021327
-5110.057025 -4420.142036 3335.929988
UTC=2024-01-14T19:44:02.000000
2583035.522032 522748.290175 6671938.450906
-5560.994078 -4427.921892 2494.343252
UTC=2024-01-14T19:46:02.000000
1892931.589381 -5293.825170 6918773.796364
-5925.762088 -4360.412976 1614.285414
UTC=2024-01-14T19:48:02.000000
1164575.477771 -520842.917146 7058371.214915
-6197.508028 -4220.246839 709.346106
UTC=2024-01-14T19:50:02.000000
409467.738313 -1015398.990469 7088579.409159
-6370.854260 -4011.266075 -206.524153
UTC=2024-01-14T19:52:02.000000
-360338.957742 -1480991.397939 7008932.489492
-6441.990492 -3738.434803 -1119.219356
UTC=2024-01-14T19:54:02.000000
-1132432.548599 -1910307.464293 6820656.280771
-6408.747079 -3407.736373 -2014.685304
UTC=2024-01-14T19:56:02.000000
-1894241.374027 -2296807.638530 6526649.715866
-6270.638550 -3026.051174 -2879.123307
UTC=2024-01-14T19:58:02.000000
-2633237.887997 -2634825.373797 6131442.993397
-6028.890043 -2601.028079 -3699.174569
UTC=2024-01-14T20:00:02.000000
-3337145.419107 -2919651.788619 5641133.355360
-5686.459698 -2140.956403 -4462.116007
UTC=2024-01-14T20:02:02.000000
-3994145.667742 -3147603.649795 5063295.790088
-5248.020824 -1654.614085 -5156.076168
UTC=2024-01-14T20:04:02.000000
-4593081.069506 -3316072.320163 4406869.099689
-4719.900680 -1151.105798 -5770.226228
UTC=2024-01-14T20:06:02.000000
-5123648.538197 -3423553.005719 3682020.219643
-4109.996900 -639.696304 -6294.953908
UTC=2024-01-14T20:08:02.000000
-5576581.524280 -3469653.940103 2899988.584746
-3427.667373 -129.643702 -6722.021776
UTC=2024-01-14T20:10:02.000000
-5943817.401700 -3455085.636097 2072912.130617
-2683.593489 369.966829 -7044.716293
UTC=2024-01-14T20:12:02.000000
-6218646.097024 -3381629.952051 1213636.386606
-1889.604511 850.393253 -7257.976131
UTC=2024-01-14T20:14:02.000000
-6395835.886311 -3252088.786257 335510.393634
-1058.474875 1303.403352 -7358.482595
UTC=2024-01-14T20:16:02.000000
-6471733.799794 -3070213.820297 -547826.174165
-203.704763 1721.423338 -7344.718749
UTC=2024-01-14T20:18:02.000000
-6444338.457616 -2840619.042405 -1422661.559715
660.722256 2097.677638 -7217.001846
UTC=2024-01-14T20:20:02.000000
-6313342.524170 -2568677.437873 -2275431.544752
1520.598433 2426.309461 -6977.466910
UTC=2024-01-14T20:22:02.000000
-6080144.511544 -2260404.904752 -3092934.647702
2361.741799 2702.474146 -6630.013984
UTC=2024-01-14T20:24:02.000000
-5747830.813952 -1922334.266607 -3862539.563984
3170.244283 2922.411008 -6180.230099
UTC=2024-01-14T20:26:02.000000
-5321128.285398 -1561382.092380 -4572381.237271
3932.711247 3083.490632 -5635.278505
UTC=2024-01-14T20:28:02.000000
-4806329.127291 -1184711.354825 -5211542.289368
4636.484536 3184.237797 -5003.766972
UTC=2024-01-14T20:30:02.000000
-4211189.711955 -799592.662598 -5770217.294139
5269.852583 3224.331540 -4295.592143
UTC=2024-01-14T20:32:02.000000
-3544805.713564 -413267.048929 -6239857.100001
5822.233433 3204.579807 -3521.765782
UTC=2024-01-14T20:34:02.000000
-2817466.861663 -32813.041763 -6613291.862268
6284.332306 3126.873623 -2694.234008
UTC=2024-01-14T20:36:02.000000
-2040494.162092 334979.516515 -6884832.194858
6648.277352 2994.120975 -1825.694125
UTC=2024-01-14T20:38:02.000000
-1226062.073121 683726.817333 -7050348.008532
6907.732106 2810.167384 -929.405724
UTC=2024-01-14T20:40:02.000000
-387008.857958 1007558.539240 -7107324.781042
7057.983122 2579.709870 -19.003807
UTC=2024-01-14T20:42:02.000000
463362.478926 1301213.963343 -7054897.377324
7096.007426 2308.193064 891.685793
UTC=2024-01-14T20:44:02.000000
1311490.549474 1560125.223225 -6893862.650880
7020.532024 2001.702478 1788.820424
UTC=2024-01-14T20:46:02.000000
2143768.402380 1780487.581042 -6626669.482347
6832.072605 1666.850849 2658.742072
UTC=2024-01-14T20:48:02.000000
2946758.755141 1959315.211982 -6257385.157812
6532.941756 1310.652710 3488.167595
UTC=2024-01-14T20:50:02.000000
3707408.851007 2094481.588173 -5791638.789682
6127.229730 940.393097 4264.379462
UTC=2024-01-14T20:52:02.000000
4413261.704548 2184744.093306 -5236542.869806
5620.769354 563.497139 4975.402743
UTC=2024-01-14T20:54:02.000000
5052662.172201 2229752.882244 -4600592.878379
5021.078759 187.396174 5610.194418
UTC=2024-01-14T20:56:02.000000
5614953.686562 2230043.271536 -3893544.354880
4337.263871 -180.611468 6158.825043
UTC=2024-01-14T20:58:02.000000
6090661.530063 2187011.556798 -3126269.345900
3579.893939 -533.496878 6612.641332
UTC=2024-01-14T21:00:02.000000
6471659.999075 2102874.721958 -2310593.977146
2760.855801 -864.632441 6964.421515
UTC=2024-01-14T21:02:02.000000
6751319.604676 1980614.573443 -1459117.790040
1893.165239 -1167.919711 7208.517430
UTC=2024-01-14T21:04:02.000000
6924629.947866 1823906.892570 -585018.213139
990.754709 -1437.909788 7340.962056
UTC=2024-01-14T21:06:02.000000
6988295.748051 1637036.928744 298156.683409
68.233258 -1669.910391 7359.556072
UTC=2024-01-14T21:08:02.000000
6940802.345178 1424803.168757 1176702.962458
-859.371894 -1860.072302 7263.903901
UTC=2024-01-14T21:10:02.000000
6782451.096993 1192411.810847 2036978.505434
-1776.866059 -2005.460800 7055.434246
UTC=2024-01-14T21:12:02.000000
6515362.566765 945363.446080 2865621.613452
-2669.170960 -2104.110782 6737.383338
UTC=2024-01-14T21:14:02.000000
6143446.343338 689334.874891 3649764.225753
-3521.590647 -2155.053088 6314.730892
UTC=2024-01-14T21:16:02.000000
5672339.363135 430058.960141 4377236.317695
-4320.075697 -2158.321573 5794.111254
UTC=2024-01-14T21:18:02.000000
5109313.776191 173205.293787 5036756.841237
-5051.457650 -2114.931937 5183.686121
UTC=2024-01-14T21:20:02.000000
4463158.002302 -75735.818199 5618109.409856
-5703.671461 -2026.849982 4493.012138
UTC=2024-01-14T21:22:02.000000
3744031.624352 -311564.255239 6112299.501419
-6265.959158 -1896.933881 3732.866558
UTC=2024-01-14T21:24:02.000000
2963298.589093 -529472.487543 6511690.111128
-6729.030782 -1728.855591 2915.067584
UTC=2024-01-14T21:26:02.000000
2133342.524444 -725138.340517 6810115.678760
-7085.202693 -1527.016920 2052.289847
UTC=2024-01-14T21:28:02.000000
1267366.688020 -894806.794667 7002973.540254
-7328.516716 -1296.451793 1157.873883
UTC=2024-01-14T21:30:02.000000
379180.921410 -1035359.449974 7087291.462027
-7454.832891 -1042.717142 245.617727
UTC=2024-01-14T21:32:02.000000
-517020.085836 -1144370.244995 7061770.145208
-7461.884508 -771.775318 -670.427978
UTC=2024-01-14T21:34:02.000000
-1406883.799401 -1220146.882498 6926801.404162
-7349.310811 -489.872467 -1576.162335
UTC=2024-01-14T21:36:02.000000
-2276129.206819 -1261757.209473 6684462.103801
-7118.663366 -203.409718 -2457.635171
UTC=2024-01-14T21:38:02.000000
-3110775.482701 -1269040.042589 6338484.410747
-6773.390260 81.185717 -3301.239690
UTC=2024-01-14T21:40:02.000000
-3897368.087335 -1242600.748289 5894202.917261
-6318.807520 357.585860 -4093.910683
UTC=2024-01-14T21:42:02.000000
-4623199.294104 -1183791.898894 5358477.087480
-5762.031692 619.686228 -4823.332258
UTC=2024-01-14T21:44:02.000000
-5276518.557798 -1094678.858052 4739589.427519
-5111.879806 861.732143 -5478.135302
UTC=2024-01-14T21:46:02.000000
-5846728.898775 -977990.575071 4047120.493892
-4378.735927 1078.437745 -6048.084708
UTC=2024-01-14T21:48:02.000000
-6324565.359303 -837056.567315 3291802.523764
-3574.387282 1265.096811 -6524.246642
UTC=2024-01-14T21:50:02.000000
-6702252.695634 -675731.351213 2485354.282739
-2711.843805 1417.681272 -6899.137197
UTC=2024-01-14T21:52:02.000000
-6973639.972958 -498307.658689 1640298.344906
-1805.128295 1532.928687 -7166.865862
UTC=2024-01-14T21:54:02.000000
-7134307.419964 -309420.268078 769762.742443
-869.027905 1608.410693 -7323.247167
UTC=2024-01-14T21:56:02.000000
-7181642.576072 -113942.634821 -112728.396574
81.167079 1642.584894 -7365.874737
UTC=2024-01-14T21:58:02.000000
-7114884.441559 83121.618347 -993471.222974
1029.935876 1634.827919 -7294.163876
UTC=2024-01-14T22:00:02.000000
-6935134.236922 276749.790208 -1858801.361921
1961.808249 1585.444675 -7109.353370
UTC=2024-01-14T22:02:02.000000
-6645333.383004 462010.971112 -2695310.904096
2861.626949 1495.656910 -6814.473033
UTC=2024-01-14T22:04:02.000000
-6250210.079598 634174.563541 -3490060.810780
3714.816136 1367.575053 -6414.295139
UTC=2024-01-14T22:06:02.000000
-5756193.470266 788814.161172 -4230784.213227
4507.641693 1204.148327 -5915.229522
UTC=2024-01-14T22:08:02.000000
-5171299.182035 921904.204388 -4906075.390388
5227.431727 1009.095505 -5325.196645
UTC=2024-01-14T22:10:02.000000
-4504989.566404 1029907.426431 -5505562.460061
5862.776599 786.820968 -4653.479994
UTC=2024-01-14T22:12:02.000000
-3768011.947162 1109851.473362 -6020061.169439
6403.695081 542.318359 -3910.562005
UTC=2024-01-14T22:14:02.000000
-2972218.575622 1159393.202177 -6441708.425207
6841.773435 281.062328 -3107.949153
UTC=2024-01-14T22:16:02.000000
-2130371.854671 1176869.787426 -6764074.313360
7170.272455 8.898719 -2257.991740
UTC=2024-01-14T22:18:02.000000
-1255937.863736 1161336.494678 -6982252.270806
7384.214790 -268.070528 -1373.695533
UTC=2024-01-14T22:20:02.000000
-362871.672792 1112590.030542 -7092926.124310
7480.434070 -543.610059 -468.530714
UTC=2024-01-14T22:22:02.000000
534601.775128 1031177.410651 -7094414.956391
7457.601910 -811.469936 443.747264
UTC=2024-01-14T22:24:02.000000
1422209.545878 918390.478516 -6986696.966818
7316.250533 -1065.506683 1349.273995
UTC=2024-01-14T22:26:02.000000
2285854.199987 776245.796234 -6771410.463151
7058.767219 -1299.805218 2234.278265
UTC=2024-01-14T22:28:02.000000
3111834.319067 607450.197434 -6451831.283074
6689.358471 -1508.794857 3085.270948
UTC=2024-01-14T22:30:02.000000
3887059.657227 415352.620949 -6032827.408829
6213.991400 -1687.363771 3889.236027
UTC=2024-01-14T22:32:02.000000
4599257.709066 203882.384133 -5520791.337088
5640.313527 -1830.967574 4633.811224
UTC=2024-01-14T22:34:02.000000
5237169.835794 -22524.802470 -4923550.679363
4977.557426 -1935.726886 5307.471593
UTC=2024-01-14T22:36:02.000000
5790734.179701 -259012.296592 -4250256.302606
4236.411738 -1998.519817 5899.718140
UTC=2024-01-14T22:38:02.000000
6251250.956257 -500398.230294 -3511248.741112
3428.860860 -2017.059670 6401.249407
UTC=2024-01-14T22:40:02.000000
6611527.378968 -741279.770478 -2717904.848462
2568.005133 -1989.959999 6804.120829
UTC=2024-01-14T22:42:02.000000
6865999.435176 -976144.141267 -1882465.822048
1667.852993 -1916.780572 7101.894556
UTC=2024-01-14T22:44:02.000000
7010826.916472 -1199483.847786 -1017848.664595
743.085335 -1798.052314 7289.763000
UTC=2024-01-14T22:46:02.000000
7043959.178892 -1405913.768528 -137444.651806
-191.195262 -1635.283036 7364.642420
UTC=2024-01-14T22:48:02.000000
6965170.210765 -1590287.673598 745091.845943
-1119.725959 -1430.942014 7325.240868
UTC=2024-01-14T22:50:02.000000
6776061.359169 -1747811.533629 1616060.729688
-2027.358938 -1188.422030 7172.089395
UTC=2024-01-14T22:52:02.000000
6480031.465795 -1874151.057183 2461934.994687
-2899.328733 -911.980461 6907.539531
UTC=2024-01-14T22:54:02.000000
6082214.799170 -1965530.596348 3269577.260569
-3721.520063 -606.655710 6535.722463
UTC=2024-01-14T22:56:02.000000
5589388.033270 -2018821.331824 4026448.830805
-4480.714210 -278.172738 6062.469554
UTC=2024-01-14T22:58:02.000000
5009848.997070 -2031617.071863 4720807.490710
-5164.811785 67.169862 5495.203706
UTC=2024-01-14T23:00:02.000000
4353270.597826 -2002295.621211 5341890.838820
-5763.024060 422.625330 4842.809706
UTC=2024-01-14T23:02:02.000000
3630532.973162 -1930064.883563 5880083.120218
-6266.046938 781.127519 4115.485825
UTC=2024-01-14T23:04:02.000000
2853536.296528 -1814992.989321 6327062.208740
-6666.203128 1135.428953 3324.562879
UTC=2024-01-14T23:06:02.000000
2034999.338494 -1658021.723817 6675924.418887
-6957.541571 1478.238862 2482.320345
UTC=2024-01-14T23:08:02.000000
1188247.342916 -1460963.446977 6921287.096003
-7135.916264 1802.362067 1601.796393
UTC=2024-01-14T23:10:02.000000
326992.214558 -1226481.165419 7059367.603067
-7199.033633 2100.839181 696.585498
UTC=2024-01-14T23:12:02.000000
-534890.872613 -958052.148690 7088037.822986
-7146.466282 2367.080167 -219.365127
UTC=2024-01-14T23:14:02.000000
-1383586.992860 -659915.961306 7006854.458735
-6979.642199 2594.991044 -1131.955223
UTC=2024-01-14T23:16:02.000000
-2205562.429604 -337007.441032 6817065.444796
-6701.812697 2779.097830 -2027.131542
UTC=2024-01-14T23:18:02.000000
-2987780.341086 5124.624979 6521592.314055
-6317.997056 2914.660289 -2891.087161
UTC=2024-01-14T23:20:02.000000
-3717908.605882 360411.904870 6124988.580799
-5834.906575 2997.775734 -3710.463031
UTC=2024-01-14T23:22:02.000000
-4384517.067830 722372.627218 5633373.824359
-5260.843380 3025.470439 -4472.551171
UTC=2024-01-14T23:24:02.000000
-4977260.867962 1084227.885234 5054343.552935
-4605.570071 2995.777838 -5165.492640
UTC=2024-01-14T23:26:02.000000
-5487046.755923 1439026.483079 4396855.798162
-3880.155841 2907.801714 -5778.469586
UTC=2024-01-14T23:28:02.000000
-5906179.057555 1779776.045547 3671095.152498
-3096.791987 2761.757187 -6301.885020
UTC=2024-01-14T23:30:02.000000
-6228482.395834 2099577.855880 2888316.519185
-2268.590573 2558.991617 -6727.523135
UTC=2024-01-14T23:32:02.000000
-6449399.210542 2391762.797844 2060670.494568
-1409.365095 2301.982141 -7048.693859
UTC=2024-01-14T23:34:02.000000
-6566059.886939 2650025.710107 1201012.581439
-533.393039 1994.311368 -7260.358215
UTC=2024-01-14T23:36:02.000000
-6577323.048647 2868555.175978 322698.846905
344.842991 1640.614458 -7359.224483
UTC=2024-01-14T23:38:02.000000
-6483784.608122 3042155.378063 -560627.391866
1210.913587 1246.501768 -7343.804083
UTC=2024-01-14T23:40:02.000000
-6287755.883442 3166357.432172 -1435253.806945
2050.700421 818.460383 -7214.436197
UTC=2024-01-14T23:42:02.000000
-5993211.254344 3237517.831105 -2287618.184282
2850.645717 363.738835 -6973.280106
UTC=2024-01-14T23:44:02.000000
-5605706.033196 3252901.816246 -3104524.549067
3597.996846 -109.790218 -6624.268241
UTC=2024-01-14T23:46:02.000000
-5132266.755313 3210749.362841 -3873351.042485
4281.019837 -593.778969 -6173.020746
UTC=2024-01-14T23:48:02.000000
-4581257.217230 3110322.982075 -4582245.938615
4889.189731 -1079.559440 -5626.731444
UTC=2024-01-14T23:50:02.000000
-3962223.700250 2951936.529729 -5220308.423703
5413.347433 -1558.304065 -4994.030382
UTC=2024-01-14T23:52:02.000000
-3285723.169294 2736964.797015 -5777751.531762
5845.824295 -2021.183967 -4284.824063
UTC=2024-01-14T23:54:02.000000
-2563138.817918 2467834.439559 -6246045.612578
6180.532812 -2459.522613 -3510.134392
UTC=2024-01-14T23:56:02.000000
-1806485.480702 2147996.366743 -6618041.865984
6413.042988 -2864.951540 -2681.921258
UTC=2024-01-14T23:58:02.000000
-1028208.277787 1781879.835703 -6888073.168828
6540.615344 -3229.555933 -1812.888435
