UTC=2024-01-17T00:00:02.000000
-481383.416673 -965177.078004 7090930.417205
-6532.507263 3747.586719 66.009482
UTC=2024-01-17T00:02:02.000000
-1255562.653140 -502399.471691 7043882.416657
-6353.308799 3954.948575 -849.138647
UTC=2024-01-17T00:04:02.000000
-2002142.803453 -18585.086201 6887659.585822
-6073.295630 4097.454238 -1751.231773
UTC=2024-01-17T00:06:02.000000
-2709336.001964 478236.775240 6624665.751649
-5697.892756 4171.179097 -2626.363875
UTC=2024-01-17T00:08:02.000000
-3366096.985119 979634.027227 6258952.212091
-5234.034545 4173.348101 -3461.016585
UTC=2024-01-17T00:10:02.000000
-3962297.649584 1476914.264625 5796159.252674
-4690.052397 4102.408487 -4242.258449
UTC=2024-01-17T00:12:02.000000
-4488886.924358 1961274.996366 5243433.753460
-4075.541316 3958.086215 -4957.943881
UTC=2024-01-17T00:14:02.000000
-4938033.228298 2423959.532988 4609323.070300
-3401.202583 3741.422703 -5596.909603
UTC=2024-01-17T00:16:02.000000
-5303246.459466 2856415.700229 3903645.856725
-2678.661011 3454.784357 -6149.159629
UTC=2024-01-17T00:18:02.000000
-5579477.119395 3250454.113468 3137341.890027
-1920.267875 3101.846893 -6606.030828
UTC=2024-01-17T00:20:02.000000
-5763191.015726 3598403.246850 2322303.027488
-1138.891245 2687.557223 -6960.341801
UTC=2024-01-17T00:22:02.000000
-5852418.056276 3893258.420824 1471187.175677
-347.692391 2218.068880 -7206.527472
UTC=2024-01-17T00:24:02.000000
-5846773.113353 4128820.906682 597217.516628
440.114613 1700.641685 -7340.745487
UTC=2024-01-17T00:26:02.000000
-5747447.966050 4299823.517166 -286028.331266
1211.500147 1143.519884 -7360.939291
UTC=2024-01-17T00:28:02.000000
-5557175.412391 4402040.480387 -1164835.214485
1953.848690 555.791058 -7266.876980
UTC=2024-01-17T00:30:02.000000
-5280165.834625 4432379.196942 -2025570.153603
2655.187177 -52.775637 -7060.158166
UTC=2024-01-17T00:32:02.000000
-4922016.859748 4388951.008092 -2854900.278443
3304.401282 -671.914929 -6744.174313
UTC=2024-01-17T00:34:02.000000
-4489598.903028 4271119.518294 -3640003.559874
3891.421411 -1291.052891 -6324.033434
UTC=2024-01-17T00:36:02.000000
-3990919.820421 4079526.061750 -4368768.740688
4407.383652 -1899.499499 -5806.453107
UTC=2024-01-17T00:38:02.000000
-3434972.212719 3816092.351178 -5029980.819654
4844.758849 -2486.636924 -5199.629658
UTC=2024-01-17T00:40:02.000000
-2831567.219205 3484000.620401 -5613489.465928
5197.446033 -3042.103130 -4513.085630
UTC=2024-01-17T00:42:02.000000
-2191158.867701 3087652.607086 -6110358.993678
5460.842355 -3555.964310 -3757.515402
UTC=2024-01-17T00:44:02.000000
-1524660.998606 2632607.714107 -6512998.610585
5631.892133 -4018.887641 -2944.608124
UTC=2024-01-17T00:46:02.000000
-843260.547655 2125501.389713 -6815270.360555
5709.098687 -4422.295247 -2086.857149
UTC=2024-01-17T00:48:02.000000
-158231.083058 1573946.306218 -7012574.558542
5692.511267 -4758.500654 -1197.376258
UTC=2024-01-17T00:50:02.000000
519250.864064 986417.556665 -7101913.064690
5583.690663 -5020.835730 -289.714021
UTC=2024-01-17T00:52:02.000000
1178284.660446 372123.675876 -7081930.660808
5385.666377 -5203.763643 622.328057
UTC=2024-01-17T00:54:02.000000
1808418.102232 -259135.685888 -6952933.563071
5102.868344 -5302.984753 1524.893786
UTC=2024-01-17T00:56:02.000000
2399810.060504 -897123.279945 -6716884.593188
4741.035884 -5315.517786 2404.259059
UTC=2024-01-17T00:58:02.000000
2943381.964564 -1531326.793362 -6377376.296017
4307.120967 -5239.769667 3247.018407
UTC=2024-01-17T01:00:02.000000
3430956.340758 -2151128.555047 -5939581.457857
3809.169907 -5075.585113 4040.268387
UTC=2024-01-17T01:02:02.000000
3855381.009822 -2745980.857166 -5410182.166432
3256.202916 -4824.291560 4771.790937
UTC=2024-01-17T01:04:02.000000
4210637.242993 -3305585.174363 -4797275.462854
2658.062752 -4488.713429 5430.253163
UTC=2024-01-17T01:06:02.000000
4491928.415183 -3820070.815491 -4110256.343381
2025.247550 -4073.151864 6005.382802
UTC=2024-01-17T01:08:02.000000
4695748.707724 -4280170.081806 -3359680.637055
1368.743864 -3583.347890 6488.132651
UTC=2024-01-17T01:10:02.000000
4819930.940317 -4677387.583836 -2557108.096159
699.843752 -3026.418524 6870.843774
UTC=2024-01-17T01:12:02.000000
4863671.552554 -5004159.872838 -1714927.054228
29.949007 -2410.761578 7147.387164
UTC=2024-01-17T01:14:02.000000
4827531.604924 -5254002.132704 -846163.287578
-629.633149 -1745.932410 7313.286026
UTC=2024-01-17T01:16:02.000000
4713413.069605 -5421637.889549 35724.063985
-1267.895126 -1042.486656 7365.806717
UTC=2024-01-17T01:18:02.000000
4524510.929287 -5503108.556753 917055.404496
-1874.326209 -311.802440 7304.015687
UTC=2024-01-17T01:20:02.000000
4265242.104066 -5495860.405904 1784148.755139
-2439.103226 434.120066 7128.808229
UTC=2024-01-17T01:22:02.000000
3941151.942149 -5398806.149629 2623538.591977
-2953.269530 1182.876012 6842.889966
UTC=2024-01-17T01:24:02.000000
3558800.937059 -5212360.568392 3422190.370353
-3408.886384 1921.873329 6450.728557
UTC=2024-01-17T01:26:02.000000
3125634.380810 -4938449.227508 4167707.634534
-3799.165753 2638.562597 5958.474319
UTC=2024-01-17T01:28:02.000000
2649837.829167 -4580489.833127 4848527.411355
-4118.572871 3320.660925 5373.848044
UTC=2024-01-17T01:30:02.000000
2140181.777184 -4143347.152585 5454100.733129
-4362.903835 3956.368436 4706.003802
UTC=2024-01-17T01:32:02.000000
1605858.792604 -3633262.722288 5975055.421039
-4529.334632 4534.572659 3965.373544
UTC=2024-01-17T01:34:02.000000
1056316.120379 -3057760.518688 6403338.919631
-4616.445651 5045.041709 3163.486973
UTC=2024-01-17T01:36:02.000000
501087.381552 -2425531.120605 6732338.582733
-4624.213600 5478.590701 2312.781345
UTC=2024-01-17T01:38:02.000000
-50373.293406 -1746296.809639 6956979.028175
-4553.978999 5827.232563 1426.408018
UTC=2024-01-17T01:40:02.000000
-588851.882769 -1030659.795078 7073796.351706
-4408.393391 6084.310632 518.041381
UTC=2024-01-17T01:42:02.000000
-1105527.890603 -289935.181116 7080988.871323
-4191.351039 6244.617201 -398.323601
UTC=2024-01-17T01:44:02.000000
-1592118.526062 464028.686551 6978443.305589
-3907.903623 6304.486599 -1308.576049
UTC=2024-01-17T01:46:02.000000
-2041011.515047 1219039.849066 6767736.416129
-3564.156358 6261.867804 -2198.693270
UTC=2024-01-17T01:48:02.000000
-2445384.678533 1962759.727791 6452112.257965
-3167.151601 6116.374811 -3054.943364
UTC=2024-01-17T01:50:02.000000
-2799310.672879 2682904.907849 6036435.296290
-2724.738353 5869.316329 -3864.084289
UTC=2024-01-17T01:52:02.000000
-3097845.493150 3367451.158852 5527119.720533
-2245.432707 5523.701806 -4613.562356
UTC=2024-01-17T01:54:02.000000
-3337099.736020 4004836.467004 4932035.081688
-1738.269188 5084.219959 -5291.707448
UTC=2024-01-17T01:56:02.000000
-3514291.140011 4584159.972053 4260388.812480
-1212.637917 4557.190561 -5887.922349
UTC=2024-01-17T01:58:02.000000
-3627777.172810 5095373.209389 3522586.635029
-678.115351 3950.484493 -6392.861645
UTC=2024-01-17T02:00:02.000000
-3677066.871310 5529459.796202 2730072.291142
-144.288390 3273.410210 -6798.596123
UTC=2024-01-17T02:02:02.000000
-3662811.494749 5878599.336729 1895148.883761
379.422246 2536.565170 -7098.753162
UTC=2024-01-17T02:04:02.000000
-3586774.151533 6136311.978977 1030785.260065
883.934271 1751.664795 -7288.625627
UTC=2024-01-17T02:06:02.000000
-3451779.232098 6297581.466623 150410.639505
1360.669425 931.352403 -7365.261230
UTC=2024-01-17T02:08:02.000000
-3261642.283798 6358953.308465 -732300.075404
1801.711600 88.974374 -7327.524170
UTC=2024-01-17T02:10:02.000000
-3021081.847775 6318604.757283 -1603645.912711
2199.950312 -761.661026 -7176.116968
UTC=2024-01-17T02:12:02.000000
-2735614.572370 6176384.833523 -2450119.861052
2549.214595 -1606.543658 -6913.560739
UTC=2024-01-17T02:14:02.000000
-2411436.123384 5933823.295543 -3258622.988082
2844.371369 -2431.710276 -6544.122549
UTC=2024-01-17T02:16:02.000000
-2055292.331958 5594110.882737 -4016669.142430
3081.394706 -3223.481757 -6073.732804
UTC=2024-01-17T02:18:02.000000
-1674343.029665 5162050.620771 -4712578.026666
3257.416493 -3968.704193 -5509.868985
UTC=2024-01-17T02:20:02.000000
-1276021.579506 4643981.749973 -5335652.302993
3370.747563 -4654.960972 -4861.412254
UTC=2024-01-17T02:22:02.000000
-867893.132803 4047679.436378 -5876337.264520
3420.879511 -5270.769000 -4138.499294
UTC=2024-01-17T02:24:02.000000
-457513.784515 3382231.369592 -6326361.640150
3408.466657 -5805.765474 -3352.354004
UTC=2024-01-17T02:26:02.000000
-52293.375547 2657893.307229 -6678856.896960
3335.282925 -6250.869293 -2515.099141
UTC=2024-01-17T02:28:02.000000
340635.125038 1885927.391262 -6928453.715756
3204.157042 -6598.407697 -1639.569170
UTC=2024-01-17T02:30:02.000000
714537.779555 1078426.272905 -7071356.645933
3018.897497 -6842.229620 -739.129081
UTC=2024-01-17T02:32:02.000000
1063192.145631 248124.670395 -7105396.240367
2784.204844 -6977.798384 172.517361
UTC=2024-01-17T02:34:02.000000
1380988.360402 -591798.949850 -7030058.377291
2505.570191 -7002.265230 1081.517850
UTC=2024-01-17T02:36:02.000000
1663017.336700 -1427927.937814 -6846490.468448
2189.162915 -6914.514739 1974.063005
UTC=2024-01-17T02:38:02.000000
1905145.281537 -2246817.232327 -6557485.396667
1841.715791 -6715.192022 2836.568205
UTC=2024-01-17T02:40:02.000000
2104074.054502 -3035205.469443 -6167443.620603
1470.402304 -6406.714820 3655.854974
UTC=2024-01-17T02:42:02.000000
2257386.396532 -3780227.927295 -5682313.399044
1082.708665 -5993.273994 4419.338600
UTC=2024-01-17T02:44:02.000000
2363575.371792 -4469627.369602 -5109507.325135
686.297089 -5480.791945 5115.230357
UTC=2024-01-17T02:46:02.000000
2422057.045870 -5091957.356204 -4457795.973720
288.865709 -4876.846418 5732.713589
UTC=2024-01-17T02:48:02.000000
2433166.461663 -5636775.897909 -3737181.181948
-101.990927 -4190.584068 6262.112687
UTC=2024-01-17T02:50:02.000000
2398136.725479 -6094826.953144 -2958748.835760
-478.922767 -3432.600495 6695.062849
UTC=2024-01-17T02:52:02.000000
2319061.400477 -6458205.291497 -2134502.290280
-834.962085 -2614.785798 7024.661656
UTC=2024-01-17T02:54:02.000000
2198840.331080 -6720501.026757 -1277178.653527
-1163.659800 -1750.138412 7245.601913
UTC=2024-01-17T02:56:02.000000
2041110.239243 -6876920.104844 -400050.655823
-1459.203219 -852.552239 7354.281022
UTC=2024-01-17T02:58:02.000000
1850161.191786 -6924377.142893 483282.939183
-1716.533930 63.430718 7348.874187
UTC=2024-01-17T03:00:02.000000
1630840.398050 -6861558.591845 1359112.757063
-1931.438089 982.862620 7229.369111
UTC=2024-01-17T03:02:02.000000
1388446.015035 -6688955.646897 2213838.039972
-2100.625830 1890.661082 6997.586475
UTC=2024-01-17T03:04:02.000000
1128612.599243 -6408863.361956 3034184.598773
-2221.787583 2771.887347 6657.138766
UTC=2024-01-17T03:06:02.000000
857191.176578 -6025347.875348 3807416.067158
-2293.629009 3612.005794 6213.363424
UTC=2024-01-17T03:08:02.000000
580126.605530 -5544182.658739 4521535.216258
-2315.880076 4397.136766 5673.223294
UTC=2024-01-17T03:10:02.000000
303335.141089 -4972755.560405 5165471.945576
-2289.284329 5114.292325 5045.185580
UTC=2024-01-17T03:12:02.000000
32584.530829 -4319948.246516 5729255.184643
-2215.565255 5751.597946 4339.073419
UTC=2024-01-17T03:14:02.000000
-226620.325104 -3595990.665895 6204165.730752
-2097.369828 6298.487652 3565.898671
UTC=2024-01-17T03:16:02.000000
-469144.215700 -2812293.610409 6582867.729769
-1938.199741 6745.870834 2737.672415
UTC=2024-01-17T03:18:02.000000
-690319.218616 -1981263.721435 6859516.968528
-1742.325887 7086.259836 1867.213405
UTC=2024-01-17T03:20:02.000000
-886031.212333 -1116104.396579 7029846.699843
-1514.690474 7313.880651 967.962436
UTC=2024-01-17T03:22:02.000000
-1052794.206979 -230604.227607 7091230.575151
-1260.801901 7424.767293 53.784147
UTC=2024-01-17T03:24:02.000000
-1187811.454433 661083.957781 7042721.018369
-986.618767 7416.822691 -861.240648
UTC=2024-01-17T03:26:02.000000
-1289022.034616 1544669.660957 6885062.941707
-698.425312 7289.853010 -1763.018674
UTC=2024-01-17T03:28:02.000000
-1355132.368037 2405953.868096 6620683.040765
-402.705094 7045.576301 -2637.647205
UTC=2024-01-17T03:30:02.000000
-1385632.468981 3231057.769969 6253654.785889
-106.013191 6687.606511 -3471.616309
UTC=2024-01-17T03:32:02.000000
-1380796.789980 4006648.011188 5789639.175123
185.153739 6221.410762 -4252.010334
UTC=2024-01-17T03:34:02.000000
-1341669.301460 4720155.065401 5235801.745564
464.487871 5654.239240 -4966.701179
UTC=2024-01-17T03:36:02.000000
-1270033.417112 5359981.839041 4600706.398644
725.993882 4995.029898 -5604.543546
UTC=2024-01-17T03:38:02.000000
-1168366.922653 5915698.448317 3894186.037664
964.114276 4254.272032 -6155.561386
UTC=2024-01-17T03:40:02.000000
-1039782.802659 6378218.777958 3127192.615313
1173.836024 3443.846370 -6611.105376
UTC=2024-01-17T03:42:02.000000
-887957.792511 6739957.370705 2311628.242478
1350.795122 2576.848120 -6964.016216
UTC=2024-01-17T03:44:02.000000
-717048.151389 6994961.517198 1460157.783560
1491.377292 1667.354420 -7208.757993
UTC=2024-01-17T03:46:02.000000
-531595.178051 7139014.645425 586008.226516
1592.790533 730.182304 -7341.511808
UTC=2024-01-17T03:48:02.000000
-336422.884800 7169709.916655 -297241.790129
1653.122988 -219.366521 -7360.245434
UTC=2024-01-17T03:50:02.000000
-136529.881561 7086492.203125 -1175879.389353
1671.381081 -1165.780089 -7264.757921
UTC=2024-01-17T03:52:02.000000
63021.865595 6890665.861176 -2036277.481823
1647.502236 -2093.626189 -7056.674549
UTC=2024-01-17T03:54:02.000000
257218.332284 6585368.754227 -2865111.319307
1582.345331 -2987.821483 -6739.399261
UTC=2024-01-17T03:56:02.000000
441202.735068 6175515.097296 -3649568.007242
1477.666742 -3833.885369 -6318.045396
UTC=2024-01-17T03:58:02.000000
610380.870044 5667708.252885 -4377546.076306
1336.077621 -4618.185459 -5799.337674
UTC=2024-01-17T04:00:02.000000
760520.147703 5070125.226085 -5037841.446517
1160.981986 -5328.161979 -5191.484401
UTC=2024-01-17T04:02:02.000000
887840.230211 4392375.879851 -5620316.607955
956.499180 -5952.523950 -4504.027026
UTC=2024-01-17T04:04:02.000000
989093.434970 3645340.352671 -6116050.859476
727.370767 -6481.416845 -3747.675972
UTC=2024-01-17T04:06:02.000000
1061633.283632 2840987.923792 -6517470.092559
478.857736 -6906.563874 -2934.132904
UTC=2024-01-17T04:08:02.000000
1103470.365255 1992180.925126 -6818454.386996
216.631369 -7221.371992 -2075.901391
UTC=2024-01-17T04:10:02.000000
1113314.703820 1112467.932940 -7014423.293214
-53.341889 -7421.008852 -1186.105890
UTC=2024-01-17T04:12:02.000000
1090604.100427 215868.560000 -7102399.226501
-324.918633 -7502.463764 -278.304225
UTC=2024-01-17T04:14:02.000000
1035518.137703 -683347.402835 -7081047.976344
-591.900068 -7464.581544 633.704178
UTC=2024-01-17T04:16:02.000000
948977.427508 -1570883.273215 -6950696.052602
-848.154124 -7308.067357 1536.071340
UTC=2024-01-17T04:18:02.000000
832628.607892 -2432637.749385 -6713325.558806
-1087.731710 -7035.468433 2415.080932
UTC=2024-01-17T04:20:02.000000
688815.370745 -3254924.588254 -6372547.934695
-1304.984672 -6651.151052 3257.324992
UTC=2024-01-17T04:22:02.000000
520535.102299 -4024688.504526 -5933555.080856
-1494.684764 -6161.252345 4049.904302
UTC=2024-01-17T04:24:02.000000
331382.135566 -4729712.580453 -5403046.734301
-1652.128214 -5573.592234 4780.617017
UTC=2024-01-17T04:26:02.000000
125478.607320 -5358814.295041 -4789136.084471
-1773.238963 -4897.572095 5438.137875
UTC=2024-01-17T04:28:02.000000
-92606.683283 -5902027.956199 -4101233.603289
-1854.663295 -4144.046954 6012.200988
UTC=2024-01-17T04:30:02.000000
-317949.932094 -6350769.775461 -3349909.306405
-1893.850486 -3325.164045 6493.773934
UTC=2024-01-17T04:32:02.000000
-545372.854789 -6697981.960659 -2546735.271101
-1889.119874 -2454.177119 6875.212819
UTC=2024-01-17T04:34:02.000000
-769550.310350 -6938253.333717 -1704110.223522
-1839.711305 -1545.238396 7150.407181
UTC=2024-01-17T04:36:02.000000
-985122.796316 -7067912.989398 -835067.871573
-1745.815628 -613.158455 7314.901751
UTC=2024-01-17T04:38:02.000000
-1186811.386304 -7085094.021515 46927.328499
-1608.584901 326.850452 7365.984701
UTC=2024-01-17T04:40:02.000000
-1369532.666845 -6989765.839507 928193.056189
-1430.122319 1259.439914 7302.743686
UTC=2024-01-17T04:42:02.000000
-1528511.225788 -6783734.286986 1795046.965519
-1213.450719 2169.396942 7126.092188
UTC=2024-01-17T04:44:02.000000
-1659386.912370 -6470608.915108 2634025.560738
-962.457364 3041.917992 6838.759202
UTC=2024-01-17T04:46:02.000000
-1758314.267154 -6055737.810796 3432099.481755
-681.819052 3862.873846 6445.240132
UTC=2024-01-17T04:48:02.000000
-1822051.774205 -5546111.632492 4176880.730912
-376.907628 4619.056896 5951.711735
UTC=2024-01-17T04:50:02.000000
-1848038.974675 -4950239.504178 4856817.659132
-53.683990 5298.400676 5365.915233
UTC=2024-01-17T04:52:02.000000
-1834460.403774 -4278000.427224 5461374.904387
281.416262 5890.171039 4697.024499
UTC=2024-01-17T04:54:02.000000
-1780295.029011 -3540472.599769 5981196.356213
621.610680 6385.142735 3955.490536
UTC=2024-01-17T04:56:02.000000
-1685349.641403 -2749743.663106 6408247.383309
959.907699 6775.735159 3152.855483
UTC=2024-01-17T04:58:02.000000
-1550275.762842 -1918707.444930 6735934.573709
1289.242171 7056.106125 2301.567150
UTC=2024-01-17T05:00:02.000000
-1376570.542493 -1060850.610140 6959203.372747
1602.607524 7222.229093 1414.792693
UTC=2024-01-17T05:02:02.000000
-1166561.786975 -190031.324064 7074612.176879
1893.187964 7271.943019 506.212785
UTC=2024-01-17T05:04:02.000000
-923377.145867 679745.479215 7080381.952878
2154.490830 7204.963769 -410.175445
UTC=2024-01-17T05:06:02.000000
-650897.362955 1534553.414070 6976422.406245
2380.478704 7022.881856 -1320.258251
UTC=2024-01-17T05:08:02.000000
-353694.132159 2360767.946887 6764333.507815
2565.692938 6729.129944 -2210.012616
UTC=2024-01-17T05:10:02.000000
-36953.712280 3145284.094567 6447382.296313
2705.367400 6328.922277 -3065.710436
UTC=2024-01-17T05:12:02.000000
293612.400724 3875725.548364 6030455.544457
2795.530531 5829.174198 -3874.117938
UTC=2024-01-17T05:14:02.000000
631868.524695 4540642.705772 5519988.350850
2833.098883 5238.395146 -4622.695918
UTC=2024-01-17T05:16:02.000000
971366.416080 5129696.365961 4923869.216271
2815.958809 4566.559249 -5299.792936
UTC=2024-01-17T05:18:02.000000
1305465.507996 5633824.270305 4251321.775155
2743.026208 3824.944242 -5894.837976
UTC=2024-01-17T05:20:02.000000
1627459.094931 6045386.569954 3512765.373783
2614.291173 3025.950949 -6398.498623
UTC=2024-01-17T05:22:02.000000
1930705.934829 6358289.907677 2719656.133075
2430.855981 2182.915468 -6802.860581
UTC=2024-01-17T05:24:02.000000
2208763.060601 6568085.001782 1884306.920103
2194.920365 1309.862879 -7101.576757
UTC=2024-01-17T05:26:02.000000
2455516.609659 6672034.824949 1019692.650162
1909.763738 421.261929 -7289.978128
UTC=2024-01-17T05:28:02.000000
2665308.488415 6669152.015238 139243.608590
1579.692387 -468.237705 -7365.153834
UTC=2024-01-17T05:30:02.000000
2833055.554984 6560205.303128 -743368.592794
1209.969350 -1344.060328 -7325.998579
UTC=2024-01-17T05:32:02.000000
2954359.236317 6347695.113852 -1614449.111754
806.724152 -2191.962962 -7173.230147
UTC=2024-01-17T05:34:02.000000
3025603.019238 6035798.523376 -2460497.854691
376.841672 -2998.284712 -6909.371095
UTC=2024-01-17T05:36:02.000000
3044035.618286 5630285.062045 -3268423.456465
-72.165137 -3750.184399 -6538.699914
UTC=2024-01-17T05:38:02.000000
3007837.854615 5138404.769324 -4025749.151636
-532.299134 -4435.862549 -6067.163282
UTC=2024-01-17T05:40:02.000000
2916171.696001 4568751.628654 -4720805.902299
-995.230507 -5044.747611 -5502.255191
UTC=2024-01-17T05:42:02.000000
2769210.922348 3931106.546244 -5342909.957188
-1452.451249 -5567.652997 -4852.877865
UTC=2024-01-17T05:44:02.000000
2568153.370715 3236263.253860 -5882522.510248
-1895.426954 -5996.903668 -4129.184612
UTC=2024-01-17T05:46:02.000000
2315214.900657 2495840.648999 -6331389.777301
-2315.750860 -6326.435836 -3342.409067
UTC=2024-01-17T05:48:02.000000
2013604.962789 1722085.152998 -6682661.586901
-2705.293646 -6551.862576 -2504.679706
UTC=2024-01-17T05:50:02.000000
1667484.997909 927667.190749 -6930987.564695
-3056.340579 -6670.507792 -1628.834362
UTC=2024-01-17T05:52:02.000000
1281910.526883 125474.987707 -7072591.347584
-3361.727880 -6681.417746 -728.238251
UTC=2024-01-17T05:54:02.000000
862756.974967 -671591.891579 -7105322.652291
-3614.975228 -6585.354304 183.405560
UTC=2024-01-17T05:56:02.000000
416630.524682 -1450826.595183 -7028685.936617
-3810.401445 -6384.758619 1092.252657
UTC=2024-01-17T05:58:02.000000
-49234.052652 -2199913.039563 -6843846.391685
-3943.228381 -6083.692027 1984.497333
UTC=2024-01-17T06:00:02.000000
-527087.961702 -2907116.694212 -6553614.728943
-4009.683734 -5687.774862 2846.552383
UTC=2024-01-17T06:02:02.000000
-1008794.523717 -3561466.816033 -6162408.948994
-4007.087266 -5204.098195 3665.249120
UTC=2024-01-17T06:04:02.000000
-1485964.431759 -4152926.154276 -5676193.059278
-3933.919789 -4641.110146 4428.018945
UTC=2024-01-17T06:06:02.000000
-1950098.809995 -4672546.702700 -5102394.197719
-3789.882991 -4008.494797 5123.076333
UTC=2024-01-17T06:08:02.000000
-2392738.427626 -5112609.535027 -4449797.334126
-3575.940941 -3317.025790 5739.607293
UTC=2024-01-17T06:10:02.000000
-2805616.440719 -5466745.389961 -3728417.801812
-3294.336512 -2578.393554 6267.948225
UTC=2024-01-17T06:12:02.000000
-3180811.576342 -5730033.512526 -2949353.321586
-2948.583246 -1805.016983 6699.748978
UTC=2024-01-17T06:14:02.000000
-3510899.049465 -5899077.055080 -2124617.268061
-2543.435360 -1009.840390 7028.122552
UTC=2024-01-17T06:16:02.000000
-3789096.327263 -5972053.116860 -1266954.892960
-2084.830752 -206.113995 7247.778523
UTC=2024-01-17T06:18:02.000000
-4009400.186048 -5948735.558190 -389644.932521
-1579.802865 592.839341 7355.131158
UTC=2024-01-17T06:20:02.000000
-4166711.550373 -5830489.443170 493709.721188
-1036.366704 1373.861843 7348.373068
UTC=2024-01-17T06:22:02.000000
-4256945.407501 -5620237.080770 1369398.256998
-463.383902 2124.196409 7227.517427
UTC=2024-01-17T06:24:02.000000
-4277123.144098 -5322395.921456 2223821.199655
129.595276 2831.718909 6994.403995
UTC=2024-01-17T06:26:02.000000
-4225444.852053 -4942789.477823 3043707.827627
732.505532 3485.152756 6652.663528
UTC=2024-01-17T06:28:02.000000
-4101340.331606 -4488533.922421 3816327.439783
1334.948148 4074.260494 6207.652418
UTC=2024-01-17T06:30:02.000000
-3905497.728392 -3967902.882685 4529691.059724
1926.381756 4590.015594 5666.357756
UTC=2024-01-17T06:32:02.000000
-3639869.013603 -3390173.031285 5172739.668772
2496.315688 5024.748279 5037.267335
UTC=2024-01-17T06:34:02.000000
-3307652.645241 -2765454.487365 5735515.259738
3034.496610 5372.252597 4330.217407
UTC=2024-01-17T06:36:02.000000
-2913254.124917 -2104510.301116 6209312.961986
3531.089897 5627.862847 3556.229155
UTC=2024-01-17T06:38:02.000000
-2462225.328994 -1418568.191668 6586812.889253
3976.852082 5788.507758 2727.334184
UTC=2024-01-17T06:40:02.000000
-1961183.476308 -719127.027034 6862190.045307
4363.298493 5852.741970 1856.381088
UTC=2024-01-17T06:42:02.000000
-1417710.763212 -17761.850554 7031199.541610
4682.852399 5820.735387 956.821696
UTC=2024-01-17T06:44:02.000000
-840237.981525 674067.669442 7091237.286972
4928.967939 5694.235150 42.520416
UTC=2024-01-17T06:46:02.000000
-237913.332290 1345204.128829 7041378.014552
5096.253766 5476.522337 -872.441128
UTC=2024-01-17T06:48:02.000000
379542.740276 1984972.501324 6882388.976289
5180.580256 5172.342025 -1773.970372
UTC=2024-01-17T06:50:02.000000
1001994.479403 2583350.417342 6616718.764599
5179.167855 4787.808682 -2648.171755
UTC=2024-01-17T06:52:02.000000
1619056.976761 3131125.781032 6248461.663465
5090.653205 4330.293089 -3481.545170
UTC=2024-01-17T06:54:02.000000
2220269.238126 3620040.307821 5783298.401573
4915.138382 3808.299325 -4261.182943
UTC=2024-01-17T06:56:02.000000
2795272.173424 4042917.211778 5228413.172408
4654.223453 3231.322924 -4974.968610
UTC=2024-01-17T06:58:02.000000
3333988.899853 4393770.450886 4592386.590311
4311.008330 2609.684072 -5611.776558
UTC=2024-01-17T07:00:02.000000
3826802.980220 4667892.938060 3885066.222466
3890.061297 1954.349803 -6161.642885
UTC=2024-01-17T07:02:02.000000
4264732.615526 4861923.760423 3117417.376232
3397.384519 1276.757592 -6615.933249
UTC=2024-01-17T07:04:02.000000
4639598.387195 4973892.078805 2301352.605730
2840.326583 588.600135 -6967.518170
UTC=2024-01-17T07:06:02.000000
4944177.084613 5003235.006069 1449544.159096
2227.457961 -98.382231 -7210.881851
UTC=2024-01-17T07:08:02.000000
5172341.485329 4950791.104947 575224.086216
1568.449804 -772.608251 -7342.227660
UTC=2024-01-17T07:10:02.000000
5319182.296443 4818768.220350 -308027.382703
873.897658 -1422.873861 -7359.556825
UTC=2024-01-17T07:12:02.000000
5381107.611040 4610685.740036 -1186499.346456
155.130640 -2038.556017 -7262.691594
UTC=2024-01-17T07:14:02.000000
5355919.232276 4331293.660680 -2046568.782979
-575.985963 -2609.797341 -7053.271403
UTC=2024-01-17T07:16:02.000000
5242864.432386 3986470.339584 -2874916.850243
-1307.262815 -3127.675762 -6734.717517
UTC=2024-01-17T07:18:02.000000
5042661.623738 3583101.265218 -3658738.761830
-2026.406875 -3584.349521 -6312.161880
UTC=2024-01-17T07:20:02.000000
4757499.657610 3128942.087760 -4385943.387562
-2721.240000 -3973.175869 -5792.347990
UTC=2024-01-17T07:22:02.000000
4391011.220091 2632468.592697 -5045339.217361
-3379.910833 -4288.809230 -5183.501900
UTC=2024-01-17T07:24:02.000000
3948221.488665 2102716.851101 -5626803.224067
-3991.094832 -4527.264708 -4495.179230
UTC=2024-01-17T07:26:02.000000
3435473.508627 1549117.697701 -6121430.687820
-4544.182387 -4685.951148 -3738.101018
UTC=2024-01-17T07:28:02.000000
2860331.804005 981328.730472 -6521664.539867
-5029.452479 -4763.679954 -2923.976233
UTC=2024-01-17T07:30:02.000000
2231466.429276 409066.728005 -6821402.657199
-5438.223726 -4760.648184 -2065.313785
UTC=2024-01-17T07:32:02.000000
1558520.292467 -158056.429173 -7016082.821520
-5762.983734 -4678.399641 -1175.240505
UTC=2024-01-17T07:34:02.000000
851961.359196 -710692.486506 -7102746.144217
-5997.514817 -4519.774289 -267.319011
UTC=2024-01-17T07:36:02.000000
122920.639849 -1239908.099478 -7080077.288621
-6136.997561 -4288.832569 644.653114
UTC=2024-01-17T07:38:02.000000
-616980.288618 -1737325.850451 -6948421.569661
-6178.087963 -3990.764100 1546.825121
UTC=2024-01-17T07:40:02.000000
-1355810.793929 -2195254.149564 -6709780.534644
-6118.989781 -3631.793092 2425.476171
UTC=2024-01-17T07:42:02.000000
-2081520.107492 -2606804.894161 -6367784.623477
-5959.502480 -3219.066088 3267.210733
UTC=2024-01-17T07:44:02.000000
-2782130.448443 -2965996.563597 -5927643.053345
-5701.046305 -2760.525160 4059.140773
UTC=2024-01-17T07:46:02.000000
-3445932.525440 -3267842.048984 -5396072.188909
-5346.677179 -2264.779658 4789.066589
UTC=2024-01-17T07:48:02.000000
-4061681.586568 -3508420.331162 -4781201.356413
-4901.076129 -1740.962500 5445.670759
UTC=2024-01-17T07:50:02.000000
-4618789.855875 -3684929.802603 -4092455.876829
-4370.502034 -1198.570917 6018.699313
UTC=2024-01-17T07:52:02.000000
-5107511.962533 -3795722.295956 -3340419.251603
-3762.722213 -647.303997 6499.131170
UTC=2024-01-17T07:54:02.000000
-5519120.261269 -3840317.182195 -2536675.397870
-3086.911867 -96.892745 6879.339382
UTC=2024-01-17T07:56:02.000000
-5846066.050988 -3819394.690327 -1693632.578426
-2353.519755 443.075669 7153.233229
UTC=2024-01-17T07:58:02.000000
-6082122.913868 -3734768.195135 -824331.872383
-1574.106213 963.331126 7316.374103
UTC=2024-01-17T08:00:02.000000
-6222509.054729 -3589335.918805 57756.839899
-761.154414 1455.090679 7366.066076
UTC=2024-01-17T08:02:02.000000
-6263985.629026 -3387012.788055 938947.887160
72.140141 1910.218029 7301.416910
UTC=2024-01-17T08:04:02.000000
-6204928.215430 -3132643.659635 1805558.445960
912.107376 2321.374891 7123.367079
UTC=2024-01-17T08:06:02.000000
-6045368.766618 -2831899.278666 2644127.758444
1744.852460 2682.154674 6834.670226
UTC=2024-01-17T08:08:02.000000
-5787007.950235 -2491157.974412 3441631.744592
2556.498407 2987.186158 6439.841104
UTC=2024-01-17T08:10:02.000000
-5433198.142740 -2117376.000812 4185690.347966
3333.436845 3232.222372 5945.082306
UTC=2024-01-17T08:12:02.000000
-4988896.108259 -1717948.417325 4864763.106542
4062.574782 3414.203819 5358.161145
UTC=2024-01-17T08:14:02.000000
-4460587.855629 -1300564.713675 5468328.372692
4731.552418 3531.285234 4688.266188
UTC=2024-01-17T08:16:02.000000
-3856188.399410 -873062.557739 5987044.964801
5328.946206 3582.842231 3945.857327
UTC=2024-01-17T08:18:02.000000
-3184917.530863 -443281.673641 6412894.788588
5844.464609 3569.461018 3142.495234
UTC=2024-01-17T08:20:02.000000
-2457153.292688 -18920.606330 6739303.446819
6269.121308 3492.899298 2290.647359
UTC=2024-01-17T08:22:02.000000
-1684266.605848 392600.107634 6961237.054478
6595.375467 3356.020792 1403.489119
UTC=2024-01-17T08:24:02.000000
-878440.681732 784266.282528 7075275.524948
6817.247481 3162.721214 494.708565
UTC=2024-01-17T08:26:02.000000
-52477.690614 1149588.805663 7079662.071574
6930.415331 2917.839809 -421.694238
UTC=2024-01-17T08:28:02.000000
780404.882845 1482710.790086 6974328.580042
6932.290080 2627.056470 -1331.608464
UTC=2024-01-17T08:30:02.000000
1606785.694006 1778501.703046 6760896.622839
6822.069519 2296.776642 -2221.017992
UTC=2024-01-17T08:32:02.000000
2413255.730432 2032636.830877 6442653.901433
6600.763760 1934.003517 -3076.202842
UTC=2024-01-17T08:34:02.000000
3186636.345908 2241661.155333 6024506.952961
6271.201937 1546.206399 -3883.935780
UTC=2024-01-17T08:36:02.000000
3914196.738339 2403036.968776 5512909.757446
5838.011755 1141.180376 -4631.687394
UTC=2024-01-17T08:38:02.000000
4583866.497795 2515174.326487 4915768.218539
5307.560490 726.902610 -5307.818659
UTC=2024-01-17T08:40:02.000000
5184440.006948 2577444.240863 4242322.529792
4687.880785 311.387145 -5901.760478
UTC=2024-01-17T08:42:02.000000
5705770.849058 2590174.006143 3503007.519559
3988.570966 -97.468564 -6404.204788
UTC=2024-01-17T08:44:02.000000
6138949.961336 2554623.770764 2709290.684795
3220.625946 -492.038199 -6807.268383
UTC=2024-01-17T08:46:02.000000
6476463.474004 2472945.717471 1873493.851193
2396.275348 -865.104307 -7104.619488
UTC=2024-01-17T08:48:02.000000
6712329.185979 2348126.450683 1008599.036459
1528.779941 -1210.000227 -7291.603733
UTC=2024-01-17T08:50:02.000000
6842206.476976 2183913.110964 128041.761693
632.198312 -1520.736235 -7365.328585
UTC=2024-01-17T08:52:02.000000
6863477.110876 1984725.435406 -754503.917668
-278.865789 -1792.109736 -7324.716414
UTC=2024-01-17T08:54:02.000000
6775294.876251 1755555.370535 -1625343.957686
-1189.523775 -2019.800220 -7170.509066
UTC=2024-01-17T08:56:02.000000
6578604.889833 1501856.686141 -2470981.789556
-2084.852927 -2200.441864 -6905.252903
UTC=2024-01-17T08:58:02.000000
6276131.268402 1229426.971912 -3278332.591800
-2950.171286 -2331.676869 -6533.250800
UTC=2024-01-17T09:00:02.000000
5872332.566839 944284.807477 -4034928.776821
-3771.294843 -2412.182329 -6060.470369
UTC=2024-01-17T09:02:02.000000
5373327.293038 652545.126941 -4729113.112596
-4534.780816 -2441.674011 -5494.427499
UTC=2024-01-17T09:04:02.000000
4786791.565033 360295.468344 -5350215.933718
-5228.145396 -2420.887824 -4844.040171
UTC=2024-01-17T09:06:02.000000
4121832.360067 73475.752800 -5888714.071454
-5840.055001 -2351.539837 -4119.471853
UTC=2024-01-17T09:08:02.000000
3388839.014347 -202236.056449 -6336370.475239
-6360.497772 -2236.269407 -3331.965863
UTC=2024-01-17T09:10:02.000000
2599315.246693 -461530.656445 -6686352.995576
-6780.934646 -2078.568278 -2493.661308
UTC=2024-01-17T09:12:02.000000
1765695.336798 -699564.627134 -6933330.354509
-7094.411665 -1882.694183 -1617.403602
UTC=2024-01-17T09:14:02.000000
901148.113520 -912046.751079 -7073546.181314
-7295.655891 -1653.576020 -716.564986
UTC=2024-01-17T09:16:02.000000
19370.198494 -1095312.166953 -7104870.738076
-7381.153308 -1396.705238 195.149170
UTC=2024-01-17T09:18:02.000000
-865627.891248 -1246383.146094 -7026829.427117
-7349.192431 -1118.024103 1103.888405
UTC=2024-01-17T09:20:02.000000
-1739740.148660 -1363016.366353 -6840609.264960
-7199.897235 -823.810397 1995.841816
UTC=2024-01-17T09:22:02.000000
-2588986.055736 -1443735.825618 -6549042.424738
-6935.233216 -520.554134 2857.433357
UTC=2024-01-17T09:24:02.000000
-3399730.301618 -1487850.839554 -6156566.883732
-6558.983641 -214.833822 3675.503991
UTC=2024-01-17T09:26:02.000000
-4158899.349506 -1495459.432624 -5669165.926058
-6076.722469 86.804649 4437.489620
UTC=2024-01-17T09:28:02.000000
-4854193.277368 -1467436.839288 -5094285.019504
-5495.755538 377.974707 5131.616576
UTC=2024-01-17T09:30:02.000000
-5474288.129723 -1405408.929429 -4440725.857070
-4825.025749 652.572570 5747.084059
UTC=2024-01-17T09:32:02.000000
-6009025.683890 -1311711.063932 -3718519.113239
-4074.997583 904.896715 6274.238901
UTC=2024-01-17T09:34:02.000000
-6449587.536925 -1189332.870583 -2938776.404448
-3257.508924 1129.762924 6704.745683
UTC=2024-01-17T09:36:02.000000
-6788649.248468 -1041849.647283 -2113522.879791
-2385.588722 1322.611010 7031.737532
UTC=2024-01-17T09:38:02.000000
-7020511.111559 -873341.732701 -1255513.043558
-1473.250871 1479.598273 7249.945386
UTC=2024-01-17T09:40:02.000000
-7141202.753580 -688303.311231 -378032.146979
-535.261607 1597.683409 7355.808737
UTC=2024-01-17T09:42:02.000000
-7148557.739985 -491541.924105 505313.617977
413.123923 1674.693640 7347.546874
UTC=2024-01-17T09:44:02.000000
-7042256.454486 -288071.647237 1380813.083604
1356.425136 1709.364820 7225.195566
UTC=2024-01-17T09:46:02.000000
-6823836.720151 -83002.438327 2234869.011305
2279.211913 1701.365550 6990.615668
UTC=2024-01-17T09:48:02.000000
-6496671.113272 118572.262920 3054215.592996
3166.380727 1651.301465 6647.462336
UTC=2024-01-17T09:50:02.000000
-6065911.446823 311687.150669 3826130.219727
4003.425475 1560.697696 6201.119495
UTC=2024-01-17T09:52:02.000000
-5538401.619137 491613.203629 4538635.094833
4776.690855 1431.958667 5658.597307
UTC=2024-01-17T09:54:02.000000
-4922561.529986 653959.824858 5180684.906274
5473.601864 1268.309424 5028.403289
UTC=2024-01-17T09:56:02.000000
-4228245.027667 794769.063945 5742337.561998
6082.865192 1073.722080 4320.390894
UTC=2024-01-17T09:58:02.000000
-3466575.329149 910600.035899 6214906.179575
6594.646228 852.825973 3545.598389
UTC=2024-01-17T10:00:02.000000
-2649760.488402 998601.706219 6591090.577448
7000.721385 610.805084 2716.068167
UTC=2024-01-17T10:02:02.000000
-1790892.421932 1056573.090390 6865086.406984
7294.601898 353.290928 1844.654722
UTC=2024-01-17T10:04:02.000000
-903732.919257 1083009.926664 7032670.239079
7471.622942 86.243580 944.818163
UTC=2024-01-17T10:06:02.000000
-2491.299695 1077136.753148 7091260.284921
7528.998315 -184.171059 30.426579
UTC=2024-01-17T10:08:02.000000
898403.425558 1038924.115292 7039953.530732
7465.856795 -451.706119 -884.441941
UTC=2024-01-17T10:10:02.000000
1784533.323488 969090.819651 6879538.842491
7283.253920 -710.158551 -1785.701345
UTC=2024-01-17T10:12:02.000000
2641722.093076 869091.080267 6612485.806437
6984.156913 -953.495396 -2659.458797
UTC=2024-01-17T10:14:02.000000
3456262.545101 741086.675774 6242909.557602
6573.409310 -1175.977303 -3492.215817
UTC=2024-01-17T10:16:02.000000
4215138.065166 587904.496607 5776510.979020
6057.662316 -1372.277654 -4271.075055
UTC=2024-01-17T10:18:02.000000
4906233.850004 412980.113736 5220492.919853
5445.277269 -1537.597399 -4983.932636
UTC=2024-01-17T10:20:02.000000
5518535.309626 220287.895260 4583453.600640
4746.207942 -1667.772053 -5619.668000
UTC=2024-01-17T10:22:02.000000
6042310.566895 14259.263884 3875257.268780
3971.851053 -1759.362584 -6168.331466
UTC=2024-01-17T10:24:02.000000
6469272.966684 -200309.233859 3106883.207987
3134.864332 -1809.734982 -6621.316036
UTC=2024-01-17T10:26:02.000000
6792719.948874 -418356.714965 2290255.194980
2248.953407 -1817.127875 -6971.510139
UTC=2024-01-17T10:28:02.000000
7007644.873402 -634665.906822 1438054.451331
1328.638660 -1780.701901 -7213.419782
UTC=2024-01-17T10:30:02.000000
7110820.199949 -843975.373183 563519.244459
389.008536 -1700.562886 -7343.269422
UTC=2024-01-17T10:32:02.000000
7100849.924026 -1041093.595363 -319766.096865
-554.546287 -1577.770126 -7359.077273
UTC=2024-01-17T10:34:02.000000
6978188.765945 -1221012.742969 -1198088.974089
-1486.617515 -1414.320951 -7260.687939
UTC=2024-01-17T10:36:02.000000
6745127.977919 -1379019.128066 -2057827.584333
-2392.049912 -1213.112549 -7049.767700
UTC=2024-01-17T10:38:02.000000
6405748.643525 -1510797.961152 -2885667.669957
-3256.211752 -977.884955 -6729.765800
UTC=2024-01-17T10:40:02.000000
5965843.639320 -1612530.140690 -3668812.287140
-4065.245117 -713.145442 -6305.840328
UTC=2024-01-17T10:42:02.000000
5432810.728497 -1680978.874811 -4395181.005538
-4806.296006 -424.075070 -5784.755647
UTC=2024-01-17T10:44:02.000000
4815519.619819 -1713564.309780 -5053595.217175
-5467.717694 -116.423780 -5174.754849
UTC=2024-01-17T10:46:02.000000
4124156.112567 -1708425.185793 -5633946.929255
-6039.249970 203.601262 -4485.411749
UTC=2024-01-17T10:48:02.000000
3370046.425078 -1664466.463597 -6127348.393155
-6512.167200 529.458052 -3727.460325
UTC=2024-01-17T10:50:02.000000
2565466.200922 -1581391.802834 -6526260.691711
-6879.386778 854.398608 -2912.618191
UTC=2024-01-17T10:52:02.000000
1723437.990789 -1459720.494616 -6824601.310891
-7135.556411 1171.598443 -2053.410188
UTC=2024-01-17T10:54:02.000000
857519.523477 -1300789.043796 -7017829.467648
-7277.115298 1474.282477 -1162.974888
UTC=2024-01-17T10:56:02.000000
-18413.244585 -1106737.705077 -7103008.517682
-7302.324251 1755.851477 -254.878171
UTC=2024-01-17T10:58:02.000000
-890385.448064 -880481.810645 -7078845.846023
-7211.272806 2010.006537 657.076234
UTC=2024-01-17T11:00:02.000000
-1744542.221613 -625668.523557 -6945710.349219
-7005.868474 2230.870003 1559.032235
UTC=2024-01-17T11:02:02.000000
-2567365.048481 -346619.084788 -6705627.009291
-6689.800520 2413.103169 2437.276669
UTC=2024-01-17T11:04:02.000000
-3345881.879808 -48257.709774 -6362248.570862
-6268.476023 2552.012686 3278.422200
UTC=2024-01-17T11:06:02.000000
-4067869.219480 263972.065886 -5920805.876763
-5748.951544 2643.652947 4069.586444
UTC=2024-01-17T11:08:02.000000
-4722044.693770 584202.731529 -5388035.516854
-5139.835823 2684.917171 4798.587456
UTC=2024-01-17T11:10:02.000000
-5298245.964249 906248.269859 -4772085.015134
-4451.166958 2673.616693 5454.120807
UTC=2024-01-17T11:12:02.000000
-5787594.243377 1223718.829405 -4082396.566712
-3694.272162 2608.553182 6025.944354
UTC=2024-01-17T11:14:02.000000
-6182638.590298 1530142.673059 -3329568.818022
-2881.590689 2489.566305 6505.053374
UTC=2024-01-17T11:16:02.000000
-6477477.828464 1819092.584820 -2525198.747337
-2026.478091 2317.561403 6883.838883
UTC=2024-01-17T11:18:02.000000
-6667857.662857 2084314.458531 -1681705.570092
-1142.989251 2094.518254 7156.227741
UTC=2024-01-17T11:20:02.000000
-6751240.611986 2319855.688947 -812138.900257
-245.641443 1823.477200 7317.804826
UTC=2024-01-17T11:22:02.000000
-6726846.293333 2520190.136152 70026.101516
650.841224 1508.496855 7365.905091
UTC=2024-01-17T11:24:02.000000
-6595660.413163 2680336.787210 951102.392084
1531.792040 1154.592115 7299.668087
UTC=2024-01-17T11:26:02.000000
-6360412.217975 2795969.801331 1817409.145660
2382.861921 767.651925 7120.059336
UTC=2024-01-17T11:28:02.000000
-6025520.772876 2863517.208705 2655490.549254
3190.278416 354.332231 6829.857374
UTC=2024-01-17T11:30:02.000000
-5597011.196206 2880245.638291 3452330.590057
3941.084908 -78.068137 6433.603548
UTC=2024-01-17T11:32:02.000000
-5082403.002781 2844329.248445 4195560.156083
4623.367696 -521.746796 5937.520742
UTC=2024-01-17T11:34:02.000000
-4490572.706989 2754901.353161 4873651.886022
5226.453394 -968.544949 5349.393485
UTC=2024-01-17T11:36:02.000000
-3831594.915359 2612088.181820 5476099.472952
5741.072341 -1410.098372 4678.430722
UTC=2024-01-17T11:38:02.000000
-3116565.269612 2417024.298152 5993579.598715
6159.498711 -1837.991617 3935.112874
UTC=2024-01-17T11:40:02.000000
-2357407.956289 2171849.284560 6418094.136246
6475.664719 -2243.916405 3131.014638
UTC=2024-01-17T11:42:02.000000
-1566671.862315 1879685.481900 6743090.070547
6685.236893 -2619.826887 2278.613637
UTC=2024-01-17T11:44:02.000000
-757319.579263 1544597.581968 6963555.783325
6785.656673 -2958.087030 1391.089027
UTC=2024-01-17T11:46:02.000000
57486.336377 1171534.965346 7076093.593852
6776.150889 -3251.610734 482.128700
UTC=2024-01-17T11:48:02.000000
864597.577835 766257.713940 7078969.027846
6657.727018 -3493.993617 -434.269118
UTC=2024-01-17T11:50:02.000000
1651092.034562 335247.365446 6972135.874599
6433.139988 -3679.635474 -1343.998286
UTC=2024-01-17T11:52:02.000000
2404480.368207 -114396.498893 6757237.156436
6106.836804 -3803.854016 -2233.044227
UTC=2024-01-17T11:54:02.000000
3112904.765619 -575072.733891 6437582.107565
5684.881769 -3862.987894 -3087.685681
UTC=2024-01-17T11:56:02.000000
3765327.383393 -1038806.444478 6018098.603801
5174.858148 -3854.482603 -3894.700288
UTC=2024-01-17T11:58:02.000000
4351705.412871 -1497386.379496 5505261.176932
4585.743407 -3776.964002 -4641.566195
UTC=2024-01-17T12:00:02.000000
4863149.659575 -1942509.870168 4906995.248323
3927.761402 -3630.289222 -5316.654724
UTC=2024-01-17T12:02:02.000000
5292064.624339 -2365932.644393 4232558.858534
3212.221341 -3415.578377 -5909.414998
UTC=2024-01-17T12:04:02.000000
5632267.873031 -2759621.331783 3492402.291413
2451.331378 -3135.225795 -6410.556931
UTC=2024-01-17T12:06:02.000000
5879085.235528 -3115905.527239 2698006.606561
1657.983764 -2792.881019 -6812.215625
UTC=2024-01-17T12:08:02.000000
6029419.415769 -3427625.975723 1861704.380889
845.529979 -2393.404634 -7108.084141
UTC=2024-01-17T12:10:02.000000
6081791.437349 -3688276.209763 996485.684498
27.550426 -1942.802249 -7293.529840
UTC=2024-01-17T12:12:02.000000
6036353.259489 -3892134.211898 115791.411514
-782.393907 -1448.123457 -7365.681219
UTC=2024-01-17T12:14:02.000000
5894871.142213 -4034380.813298 -766701.185188
-1570.999185 -917.344966 -7323.478282
UTC=2024-01-17T12:16:02.000000
5660680.074595 -4111202.467818 -1637297.638678
-2325.463154 -359.223892 -7167.692329
UTC=2024-01-17T12:18:02.000000
5338609.946207 -4119875.379590 -2482504.757764
-3033.709237 216.861236 -6900.900113
UTC=2024-01-17T12:20:02.000000
4934885.848931 -4058830.093352 -3289244.256538
-3684.592929 801.079316 -6527.428323
UTC=2024-01-17T12:22:02.000000
4457004.951909 -3927695.013875 -4045057.906153
-4268.086417 1383.327609 -6053.266915
UTC=2024-01-17T12:24:02.000000
3913592.784952 -3727318.072397 -4738300.265856
-4775.434805 1953.414010 -5485.951195
UTC=2024-01-17T12:26:02.000000
3314242.623174 -3459766.390277 -5358315.961562
-5199.282470 2501.240994 -4834.421099
UTC=2024-01-17T12:28:02.000000
2669341.632165 -3128304.341542 -5895598.543064
-5533.765870 3016.979650 -4108.857074
UTC=2024-01-17T12:30:02.000000
1989888.018516 -2737351.549189 -6341929.209352
-5774.572329 3491.231173 -3320.512101
UTC=2024-01-17T12:32:02.000000
1287302.331310 -2292421.652066 -6690495.504078
-5918.981091 3915.187952 -2481.542182
UTC=2024-01-17T12:34:02.000000
573235.127630 -1800041.873458 -6935988.261924
-5965.878594 4280.788129 -1604.812687
UTC=2024-01-17T12:36:02.000000
-140625.019500 -1267655.514450 -7074674.941974
-5915.739923 4580.846328 -703.703856
UTC=2024-01-17T12:38:02.000000
-842739.954534 -703509.475871 -7104450.152915
-5770.588803 4809.173453 208.075895
UTC=2024-01-17T12:40:02.000000
-1521904.759362 -116528.070060 -7024864.053973
-5533.945906 4960.686172 1116.674188
UTC=2024-01-17T12:42:02.000000
-2167423.326718 483825.687101 -6837128.059471
-5210.756244 5031.503830 2008.287449
UTC=2024-01-17T12:44:02.000000
-2769273.763546 1087699.357221 -6544097.839158
-4807.295158 5019.029340 2869.345298
UTC=2024-01-17T12:46:02.000000
-3318261.903013 1685009.317691 -6150234.373616
-4331.064678 4922.016486 3686.693450
UTC=2024-01-17T12:48:02.000000
-3806161.757887 2265606.135222 -5661543.020407
-3790.678686 4740.622292 4447.777761
UTC=2024-01-17T12:50:02.000000
-4225841.162255 2819445.303075 -5085490.071003
-3195.729517 4476.442314 5140.835921
UTC=2024-01-17T12:52:02.000000
-4571370.013252 3336760.591979 -4430896.209907
-2556.631222 4132.517554 5755.087273
UTC=2024-01-17T12:54:02.000000
-4838108.556868 3808236.600538 -3707808.286333
-1884.446183 3713.316384 6280.903507
UTC=2024-01-17T12:56:02.000000
-5022774.504036 4225177.946559 -2927351.221086
-1190.705318 3224.694647 6709.972620
UTC=2024-01-17T12:58:02.000000
-5123487.602487 4579671.617930 -2101560.587751
-487.211159 2673.821207 7035.451694
UTC=2024-01-17T13:00:02.000000
-5139790.143039 4864738.863967 -1243198.563025
214.163667 2069.079724 7252.094001
UTC=2024-01-17T13:02:02.000000
-5072642.888319 5074473.607614 -365555.527992
901.686427 1419.940842 7356.358522
UTC=2024-01-17T13:04:02.000000
-4924395.262348 5204163.832737 517759.556412
1563.980975 736.806163 7346.485697
UTC=2024-01-17T13:06:02.000000
-4698730.379244 5250392.534269 1393035.585048
2190.227872 30.826033 7222.537737
UTC=2024-01-17T13:08:02.000000
-4400586.214271 5211115.794293 2246678.889706
2770.365093 -686.300001 6986.406549
UTC=2024-01-17T13:10:02.000000
-4036053.568042 5085716.004474 3065430.855449
3295.268572 -1402.535229 6641.775362
UTC=2024-01-17T13:12:02.000000
-3612254.026361 4875029.422610 3836578.977045
3756.905873 -2105.721577 6194.048392
UTC=2024-01-17T13:14:02.000000
-3137201.196482 4581347.716802 4548157.733397
4148.461487 -2783.796065 5650.253182
UTC=2024-01-17T13:16:02.000000
-2619648.158386 4208393.635376 5189136.319387
4464.441486 -3425.006243 5018.917534
UTC=2024-01-17T13:18:02.000000
-2068924.132114 3761271.047784 5749589.828039
4700.747335 -4018.119577 4309.918400
UTC=2024-01-17T13:20:02.000000
-1494764.031684 3246390.738202 6220851.081273
4854.720954 -4552.617797 3534.311169
UTC=2024-01-17T13:22:02.000000
-907134.436012 2671373.732138 6595641.069936
4925.159176 -5018.877232 2704.144461
UTC=2024-01-17T13:24:02.000000
-316059.719979 2044934.272241 6868176.530188
4912.297233 -5408.324892 1832.267937
UTC=2024-01-17T13:26:02.000000
268548.822984 1376745.140131 7034254.991697
4817.778644 -5713.582212 932.145314
UTC=2024-01-17T13:28:02.000000
837059.163972 677286.303317 7091316.117962
4644.602997 -5928.593071 17.647471
UTC=2024-01-17T13:30:02.000000
1380276.864060 -42320.071291 7038478.534784
4397.050140 -6048.726479 -897.146201
UTC=2024-01-17T13:32:02.000000
1889593.489410 -770486.292013 6876553.046310
4080.590734 -6070.869000 -1798.146209
UTC=2024-01-17T13:34:02.000000
2357123.280182 -1495345.766703 6608031.429026
3701.779623 -5993.494569 -2671.459661
UTC=2024-01-17T13:36:02.000000
2775826.244412 -2204946.440585 6237050.865533
3268.137379 -5816.711926 -3503.589894
UTC=2024-01-17T13:38:02.000000
3139616.143589 -2887448.835913 5769334.004996
2788.015125 -5542.289885 -4281.642961
UTC=2024-01-17T13:40:02.000000
3443451.230561 -3531325.312812 5212104.772950
2270.444194 -5173.654750 -4993.523661
UTC=2024-01-17T13:42:02.000000
3683406.492276 -4125557.563264 4573981.016289
1724.978753 -4715.862056 -5628.126390
UTC=2024-01-17T13:44:02.000000
3856726.466423 -4659829.085136 3864844.561897
1161.527410 -4175.540822 -6175.520870
UTC=2024-01-17T13:46:02.000000
3961856.935259 -5124708.855050 3095689.775549
590.172429 -3560.802586 -6627.121185
UTC=2024-01-17T13:48:02.000000
3998454.941617 -5511822.401087 2278453.031298
20.988287 -2881.122265 -6975.836823
UTC=2024-01-17T13:50:02.000000
3967376.720430 -5814006.618412 1425825.343913
-536.143579 -2147.186910 -7216.199994
UTC=2024-01-17T13:52:02.000000
3870643.537823 -6025444.652319 551051.370874
-1071.717157 -1370.714232 -7344.464033
UTC=2024-01-17T13:54:02.000000
3711386.408256 -6141777.778319 -332281.061705
-1576.769296 -564.255841 -7358.665477
UTC=2024-01-17T13:56:02.000000
3493771.108080 -6160192.821197 -1210458.076590
-2043.045243 259.021099 -7258.670987
UTC=2024-01-17T13:58:02.000000
3222903.721939 -6079481.351228 -2069859.375469
-2463.149545 1085.577439 -7046.168098
UTC=2024-01-17T14:00:02.000000
2904720.166330 -5900070.212250 -2897174.643618
-2830.666404 1901.738173 -6724.628184
UTC=2024-01-17T14:02:02.000000
2545862.034352 -5624023.020739 -3679614.027819
-3140.266103 2693.939957 -6299.239227
UTC=2024-01-17T14:04:02.000000
2153541.133393 -5255012.173933 -4405107.973481
-3387.785544 3448.972322 -5776.797308
UTC=2024-01-17T14:06:02.000000
1735396.378601 -4798262.775222 -5062492.239833
-3570.274193 4154.203070 -5165.571025
UTC=2024-01-17T14:08:02.000000
1299346.998236 -4260470.767657 -5641675.773267
-3686.012187 4797.783071 -4475.152338
UTC=2024-01-17T14:10:02.000000
853444.661371 -3649697.497299 -6133789.858885
-3734.510369 5368.834701 -3716.292883
UTC=2024-01-17T14:12:02.000000
405726.884257 -2975242.799837 -6531316.727446
-3716.488011 5857.620399 -2900.726688
UTC=2024-01-17T14:14:02.000000
-35925.453447 -2247499.093882 -6828196.516671
-3633.827125 6255.691082 -2040.987192
UTC=2024-01-17T14:16:02.000000
-463923.930123 -1477788.952289 -7019911.959114
-3489.507817 6556.012233 -1150.219573
UTC=2024-01-17T14:18:02.000000
-871099.706545 -678188.883777 -7103550.577778
-3287.528996 6753.068884 -241.993845
UTC=2024-01-17T14:20:02.000000
-1250820.577662 138658.364200 -7077844.233764
-3032.820035 6842.950682 669.886636
UTC=2024-01-17T14:22:02.000000
-1597096.689308 959740.211891 -6943185.728916
-2731.139284 6823.413237 1571.573157
UTC=2024-01-17T14:24:02.000000
-1904673.269131 1771877.275016 -6701623.213879
-2388.959948 6693.927016 2449.356986
UTC=2024-01-17T14:26:02.000000
-2169109.275735 2561930.771267 -6356832.266142
-2013.351410 6455.701417 3289.852568
UTC=2024-01-17T14:28:02.000000
-2386841.645841 3317012.164182 -5914066.039793
-1611.854985 6111.697321 4080.185323
UTC=2024-01-17T14:30:02.000000
-2555233.806039 4024692.459087 -5380082.499794
-1192.348612 5666.608135 4808.179918
UTC=2024-01-17T14:32:02.000000
-2672607.968585 4673207.997136 -4763049.357086
-762.910389 5126.820058 5462.547943
UTC=2024-01-17T14:34:02.000000
-2738260.402505 5251659.447330 -4072426.307073
-331.671446 4500.336657 6033.074703
UTC=2024-01-17T14:36:02.000000
-2752458.764286 5750199.571884 -3318825.873551
93.334390 3796.668979 6510.786591
UTC=2024-01-17T14:38:02.000000
-2716421.627746 6160206.684054 -2513855.531494
504.316159 3026.709351 6888.099757
UTC=2024-01-17T14:40:02.000000
-2632280.701063 6474441.360003 -1669941.891665
893.870302 2202.572213 7158.969326
UTC=2024-01-17T14:42:02.000000
-2503025.747617 6687181.173484 -800138.535203
1255.121470 1337.391094 7319.005663
UTC=2024-01-17T14:44:02.000000
-2332433.589516 6794330.468083 82077.514992
1581.847329 445.110771 7365.553996
UTC=2024-01-17T14:46:02.000000
-2124982.606545 6793504.345133 963018.745237
1868.597268 -459.744982 7297.771966
UTC=2024-01-17T14:48:02.000000
-1885753.359174 6684081.567126 1829007.054877
2110.801508 -1362.352340 7116.657087
UTC=2024-01-17T14:50:02.000000
-1620317.772219 6467224.202780 2666593.110732
2304.851512 -2247.856944 6825.017442
UTC=2024-01-17T14:52:02.000000
-1334620.283041 6145865.668888 3462770.516367
2448.154421 -3101.633362 6427.415610
UTC=2024-01-17T14:54:02.000000
-1034853.810853 5724668.109585 4205181.706449
2539.165141 -3909.536065 5930.087590
UTC=2024-01-17T14:56:02.000000
-727333.122150 5209949.987580 4882312.880424
2577.399602 -4658.147238 5340.840665
UTC=2024-01-17T14:58:02.000000
-418367.312969 4609583.913187 5483674.204219
2563.432827 -5335.018234 4668.903999
UTC=2024-01-17T15:00:02.000000
-114134.828751 3932868.666284 5999960.205112
2498.858718 -5928.857986 3924.763207
UTC=2024-01-17T15:02:02.000000
179435.665390 3190379.087572 6423191.197035
2386.236662 -6429.720552 3119.997817
UTC=2024-01-17T15:04:02.000000
456777.200946 2393794.811980 6746832.883932
2229.022513 -6829.160570 2267.086296
UTC=2024-01-17T15:06:02.000000
712787.159573 1555712.455796 6965892.910312
2031.484460 -7120.361006 1379.216650
UTC=2024-01-17T15:08:02.000000
942919.000936 689443.485129 7076993.902450
1798.604881 -7298.238749 470.082789
UTC=2024-01-17T15:10:02.000000
1143261.565767 -191198.273845 7078422.120063
1535.972491 -7359.514559 -446.313596
UTC=2024-01-17T15:12:02.000000
1310604.951764 -1072116.796180 6970152.850881
1249.666178 -7302.773287 -1355.858149
UTC=2024-01-17T15:14:02.000000
1442492.014519 -1939159.835039 6753851.335962
946.131981 -7128.494916 -2244.533288
UTC=2024-01-17T15:16:02.000000
1537254.783269 -2778346.782301 6432849.077193
632.055195 -6839.059505 -3098.619905
UTC=2024-01-17T15:18:02.000000
1594035.245501 -3576095.743325 6012095.566468
314.227050 -6438.725579 -3904.905057
UTC=2024-01-17T15:20:02.000000
1612789.974467 -4319445.814006 5498085.291460
-0.588859 -5933.571914 -4650.884344
UTC=2024-01-17T15:22:02.000000
1594279.085868 -4996270.651765 4898761.398980
-305.785119 -5331.414312 -5324.947620
UTC=2024-01-17T15:24:02.000000
1540039.801627 -5595481.280852 4223397.529649
-595.038780 -4641.707804 -5916.561579
UTC=2024-01-17T15:26:02.000000
1452344.635926 -6107215.044785 3482457.252190
-862.438847 -3875.408354 -6416.457335
UTC=2024-01-17T15:28:02.000000
1334144.624789 -6523005.104434 2687432.373012
-1102.606646 -3044.791995 -6816.789880
UTC=2024-01-17T15:30:02.000000
1188998.842336 -6835927.257218 1850664.035583
-1310.804140 -2163.259134 -7111.269449
UTC=2024-01-17T15:32:02.000000
1020991.583448 -7040721.895821 985148.926481
-1483.030060 -1245.113349 -7295.277345
UTC=2024-01-17T15:34:02.000000
834639.036688 -7133887.950446 104333.070385
-1616.100547 -305.317831 -7365.956498
UTC=2024-01-17T15:36:02.000000
634786.788827 -7113746.063321 -778103.696145
-1707.718505 640.777200 -7322.273430
UTC=2024-01-17T15:38:02.000000
426500.860159 -6980467.661544 -1648467.592281
-1756.511315 1577.722015 -7165.026513
UTC=2024-01-17T15:40:02.000000
214955.598452 -6736070.500442 -2493269.184009
-1762.047392 2490.238294 -6896.816154
UTC=2024-01-17T15:42:02.000000
5320.672598 -6384382.335667 -3299436.635649
-1724.834531 3363.480981 -6521.990605
UTC=2024-01-17T15:44:02.000000
-197350.629175 -5930973.479599 -4054520.748697
-1646.299531 4183.294563 -6046.562194
UTC=2024-01-17T15:46:02.000000
-388229.423948 -5383059.287583 -4746887.853583
-1528.747042 4936.455010 -5478.087757
UTC=2024-01-17T15:48:02.000000
-562813.107884 -4749375.556747 -5365896.566922
-1375.299061 5610.877731 -4825.523812
UTC=2024-01-17T15:50:02.000000
-717019.060512 -4040030.577494 -5902056.576029
-1189.819372 6195.801315 -4099.070814
UTC=2024-01-17T15:52:02.000000
-847268.373328 -3266336.599764 -6347167.697451
-976.823550 6681.944746 -3310.000995
UTC=2024-01-17T15:54:02.000000
-950558.214827 -2440624.196423 -6694437.729519
-741.380147 7061.636296 -2470.477452
UTC=2024-01-17T15:56:02.000000
-1024521.843072 -1576042.886312 -6938578.078172
-489.003765 7328.912362 -1593.366004
UTC=2024-01-17T15:58:02.000000
-1067475.463285 -686351.608695 -7075876.946443
-225.543172 7479.590289 -692.049873
UTC=2024-01-17T16:00:02.000000
-1078451.287150 214298.388325 -7104250.055375
42.937200 7511.320048 219.761485
UTC=2024-01-17T16:02:02.000000
-1057216.174549 1111584.910282 -7023268.375398
310.277432 7423.604880 1128.219798
UTC=2024-01-17T16:04:02.000000
-1004275.956120 1991237.881054 -6834163.798436
570.341117 7217.809200 2019.523313
UTC=2024-01-17T16:06:02.000000
-920865.452607 2839261.798267 -6539812.384865
817.134933 6897.141176 2880.100581
UTC=2024-01-17T16:08:02.000000
-808924.119399 3642155.412484 -6144695.698699
1044.927812 6466.622822 3696.797354
UTC=2024-01-17T16:10:02.000000
-671057.533650 4387125.918210 -5654839.044453
1248.368133 5933.026176 4457.069878
UTC=2024-01-17T16:12:02.000000
-510485.154204 5062293.937435 -5077727.223246
1422.593604 5304.787566 5149.167770
UTC=2024-01-17T16:14:02.000000
-330975.382255 5656886.997150 -4422198.118432
1563.334257 4591.897682 5762.320913
UTC=2024-01-17T16:16:02.000000
-136768.629721 6161417.701981 -3698314.210103
1667.008314 3805.757179 6286.918011
UTC=2024-01-17T16:18:02.000000
67510.442399 6567842.868017 -2917213.604660
1730.806266 2959.005342 6714.669085
UTC=2024-01-17T16:20:02.000000
276949.915566 6869700.763793 -2090942.359222
1752.760191 2065.325504 7038.755433
UTC=2024-01-17T16:22:02.000000
486454.967193 7062223.273149 -1232269.836520
1731.797207 1139.221950 7253.960426
UTC=2024-01-17T16:24:02.000000
690857.600942 7142419.806704 -354489.904312
1667.774762 195.773239 7356.773783
UTC=2024-01-17T16:26:02.000000
885029.386545 7109130.583580 528788.589314
1561.495531 -749.631051 7345.465922
UTC=2024-01-17T16:28:02.000000
1063994.574012 6963047.402905 1403858.198991
1414.697556 -1681.567008 7220.125876
UTC=2024-01-17T16:30:02.000000
1223040.480268 6706701.352128 2257131.433316
1230.020011 -2584.848623 6982.661218
UTC=2024-01-17T16:32:02.000000
1357822.786192 6344418.276868 3075357.275733
1010.954075 -3444.791843 6636.764100
UTC=2024-01-17T16:34:02.000000
1464464.067006 5882243.218223 3845832.077791
761.776826 -4247.470916 6187.852414
UTC=2024-01-17T16:36:02.000000
1539643.196195 5327834.442173 4556600.998897
487.468766 -4979.961400 5642.970368
UTC=2024-01-17T16:38:02.000000
1580673.801639 4690329.851933 5196646.545662
193.607589 -5630.565216 5010.672017
UTC=2024-01-17T16:40:02.000000
1585568.720822 3980187.504009 5756059.589679
-113.748774 -6189.002921 4300.845468
UTC=2024-01-17T16:42:02.000000
1553090.910106 3209007.013923 6226189.332002
-428.176980 -6646.550510 3524.549160
UTC=2024-01-17T16:44:02.000000
1482789.593022 2389334.884033 6599773.836707
-743.017972 -6996.170200 2693.841039
UTC=2024-01-17T16:46:02.000000
1375020.693579 1534455.818912 6871048.471188
-1051.507533 -7232.610532 1821.585184
UTC=2024-01-17T16:48:02.000000
1230951.524634 658174.040618 7035830.479510
-1346.908882 -7352.471385 921.247785
UTC=2024-01-17T16:50:02.000000
1052549.632708 -225410.731008 7091579.305660
-1622.643142 -7354.231235 6.701996
UTC=2024-01-17T16:52:02.000000
842556.021703 -1102130.012612 7037434.150963
-1872.420014 -7238.267973 -907.964005
UTC=2024-01-17T16:54:02.000000
604442.803362 -1957974.318242 6874227.071665
-2090.365539 -7006.848335 -1808.658493
UTC=2024-01-17T16:56:02.000000
342355.850182 -2779317.646126 6604471.205314
-2271.144007 -6664.089434 -2681.489661
UTC=2024-01-17T16:58:02.000000
61043.320519 -3553136.037015 6232323.972739
-2410.070488 -6215.892859 -3512.980568
UTC=2024-01-17T17:00:02.000000
-234228.426386 -4267215.586573 5763525.187996
-2503.208959 -5669.839893 -4290.264939
UTC=2024-01-17T17:02:02.000000
-537770.200474 -4910347.408596 5205312.970451
-2547.462650 -5035.080295 -5001.267273
UTC=2024-01-17T17:04:02.000000
-843575.829983 -5472508.663998 4566317.760736
-2540.658681 -4322.208611 -5634.891116
UTC=2024-01-17T17:06:02.000000
-1145437.302336 -5945026.451874 3856432.801488
-2481.614773 -3543.097234 -6181.217510
UTC=2024-01-17T17:08:02.000000
-1437066.435919 -6320719.160394 3086662.308037
-2370.182682 -2710.693564 -6631.675010
UTC=2024-01-17T17:10:02.000000
-1712220.550459 -6594012.639696 2268950.897586
-2207.271406 -1838.804263 -6979.184227
UTC=2024-01-17T17:12:02.000000
-1964829.927108 -6761029.549312 1415996.605150
-1994.853573 -941.861244 -7218.288432
UTC=2024-01-17T17:14:02.000000
-2189124.216986 -6819648.971393 541049.444384
-1735.939045 -34.662509 -7345.258315
UTC=2024-01-17T17:16:02.000000
-2379754.125919 -6769534.572788 -342300.097139
-1434.525982 867.891147 -7358.156825
UTC=2024-01-17T17:18:02.000000
-2531906.132625 -6612130.978065 -1220338.371562
-1095.532784 1751.061940 -7256.870646
UTC=2024-01-17T17:20:02.000000
-2641407.876349 -6350628.476774 -2079447.574341
-724.710957 2600.536056 -7043.107188
UTC=2024-01-17T17:22:02.000000
-2704821.945123 -5989896.953392 -2906322.399010
-328.538841 3402.675023 -6720.358599
UTC=2024-01-17T17:24:02.000000
-2719525.801439 -5536390.396820 -3688180.298121
85.902635 4144.753501 -6293.830137
UTC=2024-01-17T17:26:02.000000
-2683775.985872 -4998024.306182 -4412960.863769
511.066479 4815.170655 -5770.331624
UTC=2024-01-17T17:28:02.000000
-2596755.550041 -4384029.801747 -5069510.581068
939.081763 5403.627197 -5158.144615
UTC=2024-01-17T17:30:02.000000
-2458604.276159 -3704788.316852 -5647750.663201
1361.898109 5901.272711 -4466.873685
UTC=2024-01-17T17:32:02.000000
-2270431.459601 -2971650.289649 -6138826.196410
1771.431942 6300.825242 -3707.283921
UTC=2024-01-17T17:34:02.000000
-2034310.978438 -2196741.152680 -6535234.955695
2159.715309 6596.662925 -2891.124443
UTC=2024-01-17T17:36:02.000000
-1753258.666167 -1392758.206072 -6830934.236355
2519.039811 6784.883552 -2030.939553
UTC=2024-01-17T17:38:02.000000
-1431193.089263 -572762.270817 -7021424.864657
2842.090080 6863.333409 -1139.878955
UTC=2024-01-17T17:40:02.000000
-1072880.627745 250032.572060 -7103812.535987
3122.072503 6831.610028 -231.510019
UTC=2024-01-17T17:42:02.000000
-683865.284613 1062468.148306 -7076846.986123
3352.840517 6691.043834 680.364616
UTC=2024-01-17T17:44:02.000000
-270384.070216 1851648.333703 -6940938.895614
3529.008161 6444.663429 1581.896854
UTC=2024-01-17T17:46:02.000000
160730.516371 2605139.526948 -6698154.406264
3646.054330 6097.139516 2459.373205
UTC=2024-01-17T17:48:02.000000
602160.633726 3311163.935726 -6352187.874824
3700.427350 5654.717911 3299.403469
UTC=2024-01-17T17:50:02.000000
1046224.724564 3958782.984316 -5908311.097094
3689.628970 5125.120626 4089.118940
UTC=2024-01-17T17:52:02.000000
1485008.092434 4538067.416608 -5373299.760866
3612.282680 4517.427654 4816.353161
UTC=2024-01-17T17:54:02.000000
1910501.136881 5040252.690241 -4755338.210504
3468.191268 3841.947175 5469.826560
UTC=2024-01-17T17:56:02.000000
2314743.260170 5457877.132441 -4063901.701200
3258.372453 3110.056129 6039.333461
UTC=2024-01-17T17:58:02.000000
2689969.608161 5784899.356346 -3309617.286447
2985.071568 2334.018132 6515.909454
UTC=2024-01-17T18:00:02.000000
3028758.228678 6016793.178164 -2504105.336461
2651.755227 1526.788285 6891.989374
UTC=2024-01-17T18:02:02.000000
3324174.905922 6150617.684886 -1659802.826925
2263.077597 701.795066 7161.550102
UTC=2024-01-17T18:04:02.000000
3569912.156242 6185060.249368 -789770.895410
1824.817177 -127.291851 7320.229678
UTC=2024-01-17T18:06:02.000000
3760419.008325 6120450.931423 92510.102604
1343.787106 -946.804730 7365.414673
UTC=2024-01-17T18:08:02.000000
3891018.658225 5958747.592799 973353.920800
827.723480 -1743.321842 7296.292829
UTC=2024-01-17T18:10:02.000000
3958011.571283 5703491.959155 1839085.967825
285.154386 -2503.905833 7113.870915
UTC=2024-01-17T18:12:02.000000
3958761.595115 5359737.993378 2676261.140399
-274.751697 -3216.325900 6820.963527
UTC=2024-01-17T18:14:02.000000
3891762.945130 4933953.855191 3471878.890146
-842.353588 -3869.280873 6422.153539
UTC=2024-01-17T18:16:02.000000
3756686.159751 4433897.905611 4213589.916178
-1407.715653 -4452.595564 5923.694281
UTC=2024-01-17T18:18:02.000000
3554403.009315 3868474.184512 4889890.504551
-1960.785269 -4957.376366 5333.407509
UTC=2024-01-17T18:20:02.000000
3286988.551361 3247569.676894 5490303.002899
-2491.591978 -5376.156166 4660.544655
UTC=2024-01-17T18:22:02.000000
2957700.651058 2581876.218194 6005536.936103
-2990.419640 -5703.001409 3915.611025
UTC=2024-01-17T18:24:02.000000
2570939.688038 1882702.258433 6427629.226454
-3447.970857 -5933.578940 3110.196916
UTC=2024-01-17T18:26:02.000000
2132188.022072 1161777.495020 6750063.673829
-3855.537510 -6065.206366 2256.793074
UTC=2024-01-17T18:28:02.000000
1647929.831546 431053.814542 6967866.931003
-4205.154991 -6096.861499 1368.590410
UTC=2024-01-17T18:30:02.000000
1125553.440730 -297493.120888 7077681.049648
-4489.740976 -6029.167454 459.290240
UTC=2024-01-17T18:32:02.000000
573237.539338 -1012060.175572 7077813.082199
-4703.226140 -5864.370602 -457.094160
UTC=2024-01-17T18:34:02.000000
-177.599575 -1701208.482275 6968259.837132
-4840.671630 -5606.283924 -1366.447434
UTC=2024-01-17T18:36:02.000000
-585332.018218 -2354046.954406 6750707.800980
-4898.370092 -5260.209567 -2254.758726
UTC=2024-01-17T18:38:02.000000
-1172498.774660 -2960405.155688 6428507.979962
-4873.922867 -4832.836787 -3108.330867
UTC=2024-01-17T18:40:02.000000
-1751744.451529 -3510992.525702 6006626.621886
-4766.296801 -4332.120658 -3913.970356
UTC=2024-01-17T18:42:02.000000
-2313096.398705 -3997542.832485 5491573.668661
-4575.879231 -3767.155738 -4659.175176
UTC=2024-01-17T18:44:02.000000
-2846715.555124 -4412942.342668 4891307.849130
-4304.512479 -3148.029098 -5332.334776
UTC=2024-01-17T18:46:02.000000
-3343071.359231 -4751338.723723 4215117.664639
-3955.492356 -2485.646250 -5922.928232
UTC=2024-01-17T18:48:02.000000
-3793114.312990 -5008227.988598 3473479.724972
-3533.532267 -1791.541303 -6421.702816
UTC=2024-01-17T18:50:02.000000
-4188442.556550 -5180517.947984 2677897.044124
-3044.701185 -1077.676554 -6820.828216
UTC=2024-01-17T18:52:02.000000
-4521459.951568 -5266567.287073 1840719.940924
-2496.342816 -356.234920 -7114.035021
UTC=2024-01-17T18:54:02.000000
-4785522.575825 -5266198.867011 974951.432871
-1896.962169 360.600567 -7296.730783
UTC=2024-01-17T18:56:02.000000
-4975069.861205 -5180686.529648 94040.728527
-1256.084974 1060.866097 -7366.082762
UTC=2024-01-17T18:58:02.000000
-5085737.558619 -5012715.846568 -788331.447964
-584.094950 1733.032066 -7321.071528
UTC=2024-01-17T19:00:02.000000
-5114449.700576 -4766319.390394 -1658472.033674
107.953155 2366.212191 -7162.510741
UTC=2024-01-17T19:02:02.000000
-5059487.025122 -4446787.586124 -2502894.672681
808.537127 2950.359451 -6893.024487
UTC=2024-01-17T19:04:02.000000
-4920530.471027 -4060557.487465 -3308533.554637
1505.877515 3476.436084 -6516.984735
UTC=2024-01-17T19:06:02.000000
-4698679.473148 -3615082.938617 -4062947.974600
2188.146917 3936.554715 -6040.420725
UTC=2024-01-17T19:08:02.000000
-4396445.266128 -3118689.317878 -4754514.550908
2843.677090 4324.094664 -5470.904095
UTC=2024-01-17T19:10:02.000000
-4017719.523763 -2580415.820072 -5372604.125075
3461.161962 4633.791855 -4817.408130
UTC=2024-01-17T19:12:02.000000
-3567719.327257 -2009848.891705 -5907740.507995
4029.847873 4861.796944 -4090.148081
UTC=2024-01-17T19:14:02.000000
-3052910.205529 -1416950.265329 -6351739.355982
4539.709372 5005.707778 -3300.410042
UTC=2024-01-17T19:16:02.000000
-2480908.755081 -811882.686014 -6697825.872648
4981.613754 5064.574899 -2460.369151
UTC=2024-01-17T19:18:02.000000
-1860366.452460 -204836.614245 -6940730.066845
5347.468279 5038.880162 -1582.897882
UTC=2024-01-17T19:20:02.000000
-1200837.302191 394138.996023 -7076758.876262
5630.341916 4930.490824 -681.375615
UTC=2024-01-17T19:22:02.000000
-512631.838729 975299.530125 -7103846.323857
5824.575206 4742.602057 230.489554
UTC=2024-01-17T19:24:02.000000
193341.568900 1529359.904612 -7021581.547514
5925.877276 4479.662442 1138.851548
UTC=2024-01-17T19:26:02.000000
905745.773232 2047639.578892 -6831214.767146
5931.407225 4147.285072 2029.901232
UTC=2024-01-17T19:28:02.000000
1612993.697115 2522196.750611 -6535641.305040
5839.849238 3752.150192 2890.063537
UTC=2024-01-17T19:30:02.000000
2303433.961247 2945949.432942 -6139361.821008
5651.453710 3301.887646 3706.189059
UTC=2024-01-17T19:32:02.000000
2965540.596258 3312781.620682 -5648419.785402
5368.061533 2804.943671 4465.744549
UTC=2024-01-17T19:34:02.000000
3588104.061699 3617632.950908 -5070316.820190
4993.105452 2270.443318 5156.990593
UTC=2024-01-17T19:36:02.000000
4160421.678864 3856571.467284 -4413906.352705
4531.594858 1708.041480 5769.167513
UTC=2024-01-17T19:38:02.000000
4672484.239529 4026847.379895 -3689265.189962
3990.067963 1127.757751 6292.674543
UTC=2024-01-17T19:40:02.000000
5115154.975159 4126926.403125 -2907544.148008
3376.510281 539.801349 6719.238634
UTC=2024-01-17T19:42:02.000000
5480336.713652 4156501.891673 -2080799.756953
2700.243023 -45.606076 7042.060499
UTC=2024-01-17T19:44:02.000000
5761124.380190 4116485.398408 -1221809.371432
1971.787105 -618.414004 7255.945754
UTC=2024-01-17T19:46:02.000000
5951938.917670 4008975.086430 -343872.181401
1202.691771 -1168.925660 7357.405244
UTC=2024-01-17T19:48:02.000000
6048639.527419 3837202.746213 539399.897909
405.345473 -1687.972986 7344.725834
UTC=2024-01-17T19:50:02.000000
6048611.828126 3605460.076529 1414298.239858
-407.237855 -2167.086154 7218.012780
UTC=2024-01-17T19:52:02.000000
5950828.989366 3319005.509092 2267236.275435
-1221.652349 -2598.646041 6979.192427
UTC=2024-01-17T19:54:02.000000
5755884.498135 2983954.159588 3084966.548258
-2024.339145 -2976.014275 6631.982958
UTC=2024-01-17T19:56:02.000000
5465995.767784 2607153.047635 3854792.230979
-2801.832931 -3293.647902 6181.828934
UTC=2024-01-17T19:58:02.000000
5084978.125405 2196044.135604 4564768.403094
-3541.007188 -3547.186067 5635.796909
UTC=2024-01-17T20:00:02.000000
4618190.582393 1758518.851257 5203888.731976
-4229.294030 -3733.505119 5002.441650
UTC=2024-01-17T20:02:02.000000
4072456.048906 1302767.590779 5762256.297155
-4854.901699 -3850.749875 4291.673072
UTC=2024-01-17T20:04:02.000000
3455955.033535 837126.569821 6231235.837782
-5407.026622 -3898.344390 3514.576335
UTC=2024-01-17T20:06:02.000000
2778096.564999 369925.374014 6603583.111443
-5876.022440 -3876.968350 2683.218846
UTC=2024-01-17T20:08:02.000000
2049370.413018 -90661.073916 6873551.885738
-6253.547333 -3788.511828 1810.469964
UTC=2024-01-17T20:10:02.000000
1281182.043593 -536754.592597 7036979.013683
-6532.703795 -3636.019690 909.812394
UTC=2024-01-17T20:12:02.000000
485671.731324 -960908.067113 7091345.797304
-6708.159611 -3423.617069 -4.864945
UTC=2024-01-17T20:14:02.000000
-324478.735730 -1356229.510178 7035814.179060
-6776.234692 -3156.414326 -919.473735
UTC=2024-01-17T20:16:02.000000
-1136248.598760 -1716494.073916 6871238.406247
-6734.968645 -2840.401030 -1819.932074
UTC=2024-01-17T20:18:02.000000
-1936487.103002 -2036242.325773 6600151.874434
-6584.159182 -2482.322714 -2692.368820
UTC=2024-01-17T20:20:02.000000
-2712125.621105 -2310863.090733 6226730.475370
-6325.380043 -2089.550254 -3523.310349
UTC=2024-01-17T20:22:02.000000
-3450391.712945 -2536660.916101 5756733.614429
-5961.994966 -1669.952760 -4299.873561
UTC=2024-01-17T20:24:02.000000
-4139023.046330 -2710907.379919 5197420.308695
-5499.132490 -1231.752657 -5009.982909
UTC=2024-01-17T20:26:02.000000
-4766475.273802 -2831874.258135 4557440.428507
-4943.617661 -783.371432 -5642.563899
UTC=2024-01-17T20:28:02.000000
-5322120.338097 -2898847.891993 3846703.676003
-4303.878701 -333.270508 -6187.722110
UTC=2024-01-17T20:30:02.000000
-5796431.833585 -2912124.553336 3076228.150365
-3589.826281 110.205073 -6636.904426
UTC=2024-01-17T20:32:02.000000
-6181154.433379 -2872987.305571 2257970.304094
-2812.707315 538.978760 -6983.048803
UTC=2024-01-17T20:34:02.000000
-6469453.819890 -2783664.821806 1404637.690977
-1984.925400 945.392397 -7220.719828
UTC=2024-01-17T20:36:02.000000
-6656042.770922 -2647271.985240 529487.133270
-1119.823393 1322.357971 -7346.210851
UTC=2024-01-17T20:38:02.000000
-6737280.142889 -2467733.438874 -353886.597459
-231.454497 1663.487728 -7357.605344
UTC=2024-01-17T20:40:02.000000
-6711241.435070 -2249692.344569 -1231768.431208
665.668418 1963.212755 -7254.817815
UTC=2024-01-17T20:42:02.000000
-6577757.859038 -1998405.998092 -2090542.716136
1556.840172 2216.880409 -7039.585865
UTC=2024-01-17T20:44:02.000000
-6338423.781873 -1719631.209610 -2916909.667140
2427.423009 2420.828846 -6715.426708
UTC=2024-01-17T20:46:02.000000
-5996573.245920 -1419502.018445 -3698094.873013
3263.102195 2572.439538 -6287.564822
UTC=2024-01-17T20:48:02.000000
-5557226.298397 -1104402.511659 -4422048.296063
4050.132010 2670.166566 -5762.829071
UTC=2024-01-17T20:50:02.000000
-5027006.770832 -780837.445124 -5077629.317077
4775.565527 2713.544043 -5149.524250
UTC=2024-01-17T20:52:02.000000
-4414033.434382 -455303.422753 -5654774.978424
5427.467599 2703.168720 -4457.279533
UTC=2024-01-17T20:54:02.000000
-3727787.085796 -134163.517279 -6144648.831281
5995.101580 2640.661558 -3696.877947
UTC=2024-01-17T20:56:02.000000
-2978956.997290 176472.395654 -6539768.585522
6469.086619 2528.610257 -2880.075294
UTC=2024-01-17T20:58:02.000000
-2179270.141468 470859.254214 -6834111.960300
6841.529161 2370.493483 -2019.419289
UTC=2024-01-17T21:00:02.000000
-1341305.694287 743718.569007 -7023200.658358
7106.135544 2170.593928 -1128.063264
UTC=2024-01-17T21:02:02.000000
-478297.807232 990329.418829 -7104161.572988
7258.295273 1933.905001 -219.575534
UTC=2024-01-17T21:04:02.000000
396070.236237 1206607.386626 -7075765.398878
7295.141475 1666.022864 692.244635
UTC=2024-01-17T21:06:02.000000
1267878.296876 1389170.191626 -6938444.057708
7215.602733 1373.035456 1593.539966
UTC=2024-01-17T21:08:02.000000
2123187.375624 1535389.932322 -6694285.842533
7020.437282 1061.407386 2470.595240
UTC=2024-01-17T21:10:02.000000
2948259.291662 1643430.846095 -6347006.779704
6712.233165 737.855395 3310.028801
UTC=2024-01-17T21:12:02.000000
3729775.120635 1712271.887443 -5901898.974825
6295.382543 409.219813 4098.984598
UTC=2024-01-17T21:14:02.000000
4455049.036403 1741713.917989 -5365756.909741
5776.037084 82.337842 4825.309188
UTC=2024-01-17T21:16:02.000000
5112236.029129 1732371.754669 -4746781.981785
5162.045015 -236.083226 5477.739427
UTC=2024-01-17T21:18:02.000000
5690529.693425 1685650.808231 -4054464.406923
4462.848153 -539.595542 6046.087209
UTC=2024-01-17T21:20:02.000000
6180345.807802 1603708.366496 -3299444.074370
3689.350678 -822.136165 6521.406027
UTC=2024-01-17T21:22:02.000000
6573488.843166 1489400.193869 -2493352.142516
2853.765374 -1078.145675 6896.146956
UTC=2024-01-17T21:24:02.000000
6863298.095370 1346213.428271 -1648634.332245
1969.425057 -1302.678544 7164.305218
UTC=2024-01-17T21:26:02.000000
7044769.052308 1178186.647222 -778358.286395
1050.561624 -1491.505663 7321.537203
UTC=2024-01-17T21:28:02.000000
7114646.888237 989818.544290 103991.400868
112.061342 -1641.199781 7365.249218
UTC=2024-01-17T21:30:02.000000
7071489.386150 785967.694686 984726.455039
-830.794007 -1749.199872 7294.645522
UTC=2024-01-17T21:32:02.000000
6915699.012341 571745.257607 1850172.412368
-1762.587285 -1813.864608 7110.754923
UTC=2024-01-17T21:34:02.000000
6649522.167420 352402.572198 2686887.600425
-2668.051319 -1834.501627 6816.421961
UTC=2024-01-17T21:36:02.000000
6277014.644729 133216.712939 3481877.861752
-3532.339796 -1811.374145 6416.249789
UTC=2024-01-17T21:38:02.000000
5803975.295500 -80623.617035 4222803.046606
-4341.291668 -1745.686378 5916.516930
UTC=2024-01-17T21:40:02.000000
5237849.292889 -284128.653786 4898171.066853
-5081.665836 -1639.543139 5325.060359
UTC=2024-01-17T21:42:02.000000
4587604.162943 -472613.046286 5497517.496250
-5741.368597 -1495.902760 4651.144721
UTC=2024-01-17T21:44:02.000000
3863579.544030 -641793.920226 6011566.846027
-6309.653787 -1318.500432 3905.291656
UTC=2024-01-17T21:46:02.000000
3077315.713489 -787878.827975 6432373.025614
-6777.282501 -1111.759823 3099.106678
UTC=2024-01-17T21:48:02.000000
2241364.112263 -907642.739128 6753438.335721
-7136.660736 -880.696949 2245.092760
UTC=2024-01-17T21:50:02.000000
1369083.078645 -998492.773175 6969809.953260
-7381.952243 -630.813306 1356.462172
UTC=2024-01-17T21:52:02.000000
474421.169920 -1058519.596933 7078152.761583
-7509.167103 -367.979511 446.929176
UTC=2024-01-17T21:54:02.000000
-428307.611054 -1086534.393703 7076797.174148
-7516.210708 -98.313274 -469.495198
UTC=2024-01-17T21:56:02.000000
-1324653.036706 -1082091.146283 6965762.660424
-7402.909482 171.944102 -1378.704478
UTC=2024-01-17T21:58:02.000000
-2200259.493081 -1045493.799641 6746757.154487
-7171.011800 436.556120 -2266.697445
UTC=2024-01-17T22:00:02.000000
-3041095.413838 -977788.030242 6423152.605684
-6824.165070 689.417891 -3119.773612
UTC=2024-01-17T22:02:02.000000
-3833679.103452 -880738.022094 5999937.185999
-6367.877919 924.679195 -3924.730850
UTC=2024-01-17T22:04:02.000000
-4565298.176745 -756788.787678 5483643.088908
-5809.448768 1136.862820 -4669.071187
UTC=2024-01-17T22:06:02.000000
-5224218.400437 -609014.342250 4882249.982222
-5157.861248 1320.981464 -5341.200888
UTC=2024-01-17T22:08:02.000000
-5799877.974203 -441052.376459 4205065.017266
-4423.647199 1472.644869 -5930.619439
UTC=2024-01-17T22:10:02.000000
-6283063.566763 -257026.669527 3462581.031379
-3618.719141 1588.156867 -6428.092459
UTC=2024-01-17T22:12:02.000000
-6666065.003190 -61458.642335 2666315.352743
-2756.184859 1664.599453 -6825.804719
UTC=2024-01-17T22:14:02.000000
-6942806.264320 140830.437340 1828630.593230
-1850.133534 1699.902912 -7117.505797
UTC=2024-01-17T22:16:02.000000
-7108948.775408 344824.296145 962539.528850
-915.391206 1692.893361 -7298.626724
UTC=2024-01-17T22:18:02.000000
-7161964.303759 545421.189256 81497.939519
32.740675 1643.323826 -7366.364425
UTC=2024-01-17T22:20:02.000000
-7101175.602840 737546.012035 -800810.690140
978.760559 1551.885137 -7319.732169
UTC=2024-01-17T22:22:02.000000
-6927763.576032 916262.274140 -1670694.149626
1907.246775 1420.192519 -7159.569121
UTC=2024-01-17T22:24:02.000000
-6644741.671585 1076881.220028 -2514669.265969
2803.120793 1250.753292 -6888.514861
UTC=2024-01-17T22:26:02.000000
-6256899.076200 1215066.227404 -3319675.818226
3651.911890 1046.918752 -6510.968618
UTC=2024-01-17T22:28:02.000000
-5770711.604359 1326929.815488 -4073282.486425
4440.019693 812.809427 -6032.992634
UTC=2024-01-17T22:30:02.000000
-5194223.885333 1409120.838421 -4763879.022288
5154.932061 553.228240 -5462.187681
UTC=2024-01-17T22:32:02.000000
-4536906.796846 1458900.490193 -5380852.626879
5785.420631 273.560224 -4807.551308
UTC=2024-01-17T22:34:02.000000
-3809493.267112 1474205.626664 -5914745.930543
6321.703672 -20.337657 -4079.315447
UTC=2024-01-17T22:36:02.000000
-3023796.489820 1453698.349216 -6357395.057735
6755.578577 -322.255433 -3288.777228
UTC=2024-01-17T22:38:02.000000
-2192513.782252 1396801.068074 -6702046.763029
7080.528400 -625.750904 -2448.119600
UTC=2024-01-17T22:40:02.000000
-1329019.129152 1303717.136621 -6943453.425138
7291.802137 -924.271933 -1570.220552
UTC=2024-01-17T22:42:02.000000
-447148.477068 1175436.349527 -7077944.978599
7386.456752 -1211.283967 -668.464201
UTC=2024-01-17T22:44:02.000000
439018.691380 1013725.535088 -7103478.674545
7363.377858 -1480.390967 243.440764
UTC=2024-01-17T22:46:02.000000
1315379.499847 821104.650057 -7019667.676066
7223.292514 -1725.457497 1151.635706
UTC=2024-01-17T22:48:02.000000
2168028.590148 600808.119336 -6827787.105514
6968.759181 -1940.731059 2042.313512
UTC=2024-01-17T22:50:02.000000
2983475.287153 356731.978713 -6530756.368771
6604.123172 -2120.955291 2901.907497
UTC=2024-01-17T22:52:02.000000
3748854.692430 93367.814547 -6133098.879448
6135.455387 -2261.479126 3717.282651
UTC=2024-01-17T22:54:02.000000
4452129.557035 -184276.204228 -5640879.146518
5570.463414 -2358.359404 4475.918776
UTC=2024-01-17T22:56:02.000000
5082280.874699 -470765.712124 -5061618.264845
4918.392611 -2408.450892 5166.090689
UTC=2024-01-17T22:58:02.000000
5629485.124581 -760341.006275 -4404187.086222
4189.897023 -2409.488694 5777.058699
UTC=2024-01-17T23:00:02.000000
6085273.786597 -1047026.743454 -3678677.268682
3396.877711 -2360.153452 6299.243697
UTC=2024-01-17T23:02:02.000000
6442672.319978 -1324748.609214 -2896252.072758
2552.300811 -2260.121911 6724.391132
UTC=2024-01-17T23:04:02.000000
6696315.839841 -1587454.894971 -2068978.222572
1669.991349 -2110.097297 7045.721589
UTC=2024-01-17T23:06:02.000000
6842538.533978 -1829240.373903 -1209640.836883
764.401851 -1911.817084 7258.060421
UTC=2024-01-17T23:08:02.000000
6879434.232782 -2044469.729290 -331544.546466
-149.634720 -1668.038203 7357.938124
UTC=2024-01-17T23:10:02.000000
6806886.768868 -2227898.016996 551695.823351
-1057.161987 -1382.501985 7343.664517
UTC=2024-01-17T23:12:02.000000
6626568.735196 -2374785.337328 1426371.656899
-1943.368379 -1059.872318 7215.369895
UTC=2024-01-17T23:14:02.000000
6341908.146115 -2481002.923717 2278899.522681
-2793.852371 -705.656133 6975.008135
UTC=2024-01-17T23:16:02.000000
5958023.681641 -2543128.429041 3096038.401780
-3594.879083 -326.101197 6626.323899
UTC=2024-01-17T23:18:02.000000
5481629.926995 -2558527.775249 3865100.854766
-4333.624399 71.923267 6174.783509
UTC=2024-01-17T23:20:02.000000
4920914.788384 -2525421.966228 4574153.439739
-4998.389185 481.057958 5627.467920
UTC=2024-01-17T23:22:02.000000
4285393.410497 -2442937.634847 5212203.371318
-5578.781418 893.591487 4992.952984
UTC=2024-01-17T23:24:02.000000
3585740.781339 -2311140.727641 5769369.660313
-6065.889271 1301.605368 4281.164682
UTC=2024-01-17T23:26:02.000000
2833605.619522 -2131052.130576 6237034.507377
-6452.413202 1697.127794 3503.199847
UTC=2024-01-17T23:28:02.000000
2041411.112154 -1904645.145041 6607972.970539
-6732.758923 2072.281073 2671.145376
UTC=2024-01-17T23:30:02.000000
1222145.801988 -1634825.468995 6876460.510886
-6903.107346 2419.427353 1797.888757
UTC=2024-01-17T23:32:02.000000
389147.824405 -1325393.703223 7038357.183013
-6961.454748 2731.312999 896.918278
UTC=2024-01-17T23:34:02.000000
-444113.632340 -980990.940664 7091167.536297
-6907.619719 3001.205497 -17.879720
UTC=2024-01-17T23:36:02.000000
-1264256.174959 -607028.511334 7034076.310615
-6743.225457 3223.020655 -932.421296
UTC=2024-01-17T23:38:02.000000
-2058198.681053 -209602.814432 6867960.225488
-6471.661585 3391.444456 -1832.624566
UTC=2024-01-17T23:40:02.000000
-2813369.779751 204603.856974 6595375.648722
-6098.022535 3502.043486 -2704.610555
UTC=2024-01-17T23:42:02.000000
-3517907.732627 628435.029461 6220522.163888
-5629.025354 3551.363252 -3534.904920
UTC=2024-01-17T23:44:02.000000
-4160849.092936 1054382.677915 5749181.948115
-5072.905219 3537.011846 -4310.639171
UTC=2024-01-17T23:46:02.000000
-4732303.335187 1474719.039835 5188635.017781
-4439.285079 3457.729290 -5019.750426
UTC=2024-01-17T23:48:02.000000
-5223610.347168 1881635.828792 4547550.887847
-3739.020964 3313.440316 -5651.175210
UTC=2024-01-17T23:50:02.000000
-5627477.776630 2267388.328729 3835857.434026
-2984.020528 3105.282412 -6195.033334
UTC=2024-01-17T23:52:02.000000
-5938095.321378 2624441.473574 3064588.871654
-2187.042610 2835.611330 -6642.791857
UTC=2024-01-17T23:54:02.000000
-6151224.201132 2945615.222905 2245715.055433
-1361.483386 2507.983430 -6987.412981
UTC=2024-01-17T23:56:02.000000
-6264260.024657 3224226.382869 1391954.045444
-521.146611 2127.114046 -7223.484896
UTC=2024-01-17T23:58:02.000000
-6276266.810182 3454223.702057 516570.287865
320.007695 1698.805479 -7347.326378
