UTC=2024-01-09T00:00:02.000000
2361396.067531 -2466905.719548 6309379.495545
-6181.198787 2698.050733 3360.641062
UTC=2024-01-09T00:02:02.000000
1606360.844004 -2118424.421447 6662698.435914
-6385.364862 3103.093233 2520.425676
UTC=2024-01-09T00:04:02.000000
833110.753422 -1723970.684343 6912726.166473
-6484.532675 3462.974446 1641.341703
UTC=2024-01-09T00:06:02.000000
54299.874211 -1289411.730796 7055608.030420
-6478.086275 3770.353046 736.959512
UTC=2024-01-09T00:08:02.000000
-717447.334353 -821448.752269 7089141.663574
-6367.130571 4018.692365 -178.786788
UTC=2024-01-09T00:10:02.000000
-1469740.401708 -327512.910119 7012808.622802
-6154.452625 4202.382596 -1091.798926
UTC=2024-01-09T00:12:02.000000
-2190621.437099 184352.783766 6827782.032184
-5844.463126 4316.853485 -1988.016258
UTC=2024-01-09T00:14:02.000000
-2868755.312183 705624.192791 6536909.938757
-5443.115787 4358.671535 -2853.617907
UTC=2024-01-09T00:16:02.000000
-3493608.955651 1227437.502589 6144674.399310
-4957.805962 4325.621045 -3675.224307
UTC=2024-01-09T00:18:02.000000
-4055617.359488 1740739.406103 5657126.614779
-4397.251083 4216.768920 -4440.095878
UTC=2024-01-09T00:20:02.000000
-4546333.996351 2236444.056444 5081798.226261
-3771.349759 4032.512268 -5136.331048
UTC=2024-01-09T00:22:02.000000
-4958562.917790 2705594.429072 4427588.958917
-3091.016493 3774.602550 -5753.061832
UTC=2024-01-09T00:24:02.000000
-5286469.550889 3139524.844878 3704631.606667
-2367.994226 3446.141350 -6280.633040
UTC=2024-01-09T00:26:02.000000
-5525668.296831 3530021.575884 2924136.689877
-1614.655121 3051.553124 -6710.763359
UTC=2024-01-09T00:28:02.000000
-5673285.436260 3869478.771968 2098218.729997
-843.788793 2596.534041 -7036.690579
UTC=2024-01-09T00:30:02.000000
-5727995.815436 4151046.504447 1239705.965264
-68.376144 2087.969808 -7253.300879
UTC=2024-01-09T00:32:02.000000
-5690031.584212 4368766.864847 361936.434011
698.648691 1533.820542 -7357.223154
UTC=2024-01-09T00:34:02.000000
-5561162.637524 4517695.008244 -521454.702953
1444.627639 942.986848 -7346.884265
UTC=2024-01-09T00:36:02.000000
-5344650.028164 4594003.025918 -1396753.191591
2157.403900 325.156533 -7222.541611
UTC=2024-01-09T00:38:02.000000
-5045172.371481 4595064.076758 -2250385.495862
2825.544289 -309.372409 -6986.278303
UTC=2024-01-09T00:40:02.000000
-4668726.663828 4519513.968340 -3069135.172982
3438.539780 -949.885832 -6641.951279
UTC=2024-01-09T00:42:02.000000
-4222506.701635 4367289.498673 -3840351.095106
3986.979948 -1585.447867 -6195.109004
UTC=2024-01-09T00:44:02.000000
-3714762.159093 4139643.210136 -4552143.782269
4462.698685 -2205.097291 -5652.876059
UTC=2024-01-09T00:46:02.000000
-3154642.092902 3839134.875498 -5193566.539377
4858.888377 -2798.039968 -5023.815749
UTC=2024-01-09T00:48:02.000000
-2552026.967626 3469600.450807 -5754778.960676
5170.177778 -3353.829249 -4317.778063
UTC=2024-01-09T00:50:02.000000
-1917352.388275 3036099.812107 -6227192.018150
5392.694395 -3862.542777 -3545.740465
UTC=2024-01-09T00:52:02.000000
-1261426.901439 2544843.438700 -6603592.552395
5524.097474 -4314.952981 -2719.624877
UTC=2024-01-09T00:54:02.000000
-595247.957001 2003099.951099 -6878245.178158
5563.577061 -4702.674383 -1852.108180
UTC=2024-01-09T00:56:02.000000
70180.627162 1419086.935753 -7046971.873897
5511.831326 -5018.298457 -956.438352
UTC=2024-01-09T00:58:02.000000
724027.218036 801846.278102 -7107209.408440
5371.024514 -5255.513832 -46.250884
UTC=2024-01-09T01:00:02.000000
1355805.486943 161105.817604 -7058044.811903
5144.736744 -5409.217665 864.618457
UTC=2024-01-09T01:02:02.000000
1955539.740256 -492871.755887 -6900227.489163
4837.882969 -5475.612172 1762.330979
UTC=2024-01-09T01:04:02.000000
2513919.455913 -1149450.069237 -6636158.490390
4456.618757 -5452.278900 2633.228221
UTC=2024-01-09T01:06:02.000000
3022442.138676 -1797788.498699 -6269857.604351
4008.235853 -5338.240109 3464.021342
UTC=2024-01-09T01:08:02.000000
3473542.400804 -2427017.722590 -5806908.177257
3501.041423 -5134.002847 4241.968925
UTC=2024-01-09T01:10:02.000000
3860706.478386 -3026420.360766 -5254380.198565
2944.231289 -4841.595673 4955.069436
UTC=2024-01-09T01:12:02.000000
4178569.499237 -3585613.777184 -4620729.504691
2347.729733 -4464.565313 5592.256939
UTC=2024-01-09T01:14:02.000000
4422992.919892 -4094730.536323 -3915675.219860
1722.024157 -4007.945549 6143.569617
UTC=2024-01-09T01:16:02.000000
4591122.145405 -4544594.274867 -3150057.403950
1077.996914 -3478.210328 6600.314864
UTC=2024-01-09T01:18:02.000000
4681423.000582 -4926888.114162 -2335675.012571
426.740819 -2883.194545 6955.228295
UTC=2024-01-09T01:20:02.000000
4693695.330372 -5234311.818498 -1485106.084308
-220.636781 -2231.987066 7202.611069
UTC=2024-01-09T01:22:02.000000
4629062.663071 -5460724.097464 -611512.685208
-853.214962 -1534.788265 7338.444549
UTC=2024-01-09T01:24:02.000000
4489937.959223 -5601266.058650 271565.939840
-1460.456732 -802.741146 7360.471708
UTC=2024-01-09T01:26:02.000000
4279966.064410 -5652463.203258 1150427.967545
-2032.398305 -47.742781 7268.246182
UTC=2024-01-09T01:28:02.000000
4003943.953585 -5612303.328245 2011427.841897
-2559.831079 717.769966 7063.151120
UTC=2024-01-09T01:30:02.000000
3667719.869365 -5480287.859639 2841194.438360
-3034.467627 1481.043334 6748.369420
UTC=2024-01-09T01:32:02.000000
3278074.257659 -5257456.516597 3626843.914896
-3449.080264 2229.231811 6328.828190
UTC=2024-01-09T01:34:02.000000
2842585.296130 -4946384.248850 4356184.020886
-3797.617932 2949.631818 5811.108819
UTC=2024-01-09T01:36:02.000000
2369482.158724 -4551150.691077 5017905.794058
-4075.294934 3629.906008 5203.329798
UTC=2024-01-09T01:38:02.000000
1867489.079293 -4077283.097144 5601759.579227
-4278.653509 4258.299180 4515.002325
UTC=2024-01-09T01:40:02.000000
1345663.601015 -3531674.175972 6098712.793307
-4405.600972 4823.842581 3756.870671
UTC=2024-01-09T01:42:02.000000
813231.836362 -2922476.228129 6501086.831071
-4455.418969 5316.539958 2940.724877
UTC=2024-01-09T01:44:02.000000
279424.577496 -2258974.624602 6802671.157619
-4428.742544 5727.528927 2079.210834
UTC=2024-01-09T01:46:02.000000
-246682.706240 -1551442.911913 6998814.415586
-4327.516345 6049.224142 1185.637271
UTC=2024-01-09T01:48:02.000000
-756323.560546 -810981.777840 7086492.550681
-4154.934752 6275.446088 273.783736
UTC=2024-01-09T01:50:02.000000
-1241186.077626 -49343.495558 7064353.045833
-3915.365127 6401.530213 -642.304505
UTC=2024-01-09T01:52:02.000000
-1693548.253132 721255.145479 6932734.521335
-3614.254551 6424.411557 -1548.521239
UTC=2024-01-09T01:54:02.000000
-2106401.073361 1488328.795968 6693661.818816
-3258.020037 6342.687644 -2430.902757
UTC=2024-01-09T01:56:02.000000
-2473557.757482 2239325.705889 6350816.763064
-2853.926904 6156.659331 -3275.829745
UTC=2024-01-09T01:58:02.000000
-2789747.597240 2961833.537501 5909484.899359
-2409.954626 5868.350713 -4070.226003
UTC=2024-01-09T02:00:02.000000
-3050693.213725 3643786.029222 5376478.428014
-1934.655224 5481.502152 -4801.755866
UTC=2024-01-09T02:02:02.000000
-3253170.351037 4273667.279169 4760035.687646
-1437.002063 5001.538326 -5459.018251
UTC=2024-01-09T02:04:02.000000
-3395048.696803 4840710.439627 4069697.659745
-926.226735 4435.505820 -6031.733677
UTC=2024-01-09T02:06:02.000000
-3475312.849040 5335087.041965 3316162.704487
-411.650764 3791.979125 -6510.920270
UTC=2024-01-09T02:08:02.000000
-3494062.745623 5748082.923203 2511121.113658
97.486907 3080.931064 -6889.052009
UTC=2024-01-09T02:10:02.000000
-3452493.535134 6072256.643568 1667072.201244
592.199872 2313.572023 -7160.190628
UTC=2024-01-09T02:12:02.000000
-3352855.265042 6301577.353185 797127.350856
1063.919862 1502.170073 -7320.088864
UTC=2024-01-09T02:14:02.000000
-3198393.124100 6431539.714240 -85198.176636
1504.654998 659.845012 -7366.274294
UTC=2024-01-09T02:16:02.000000
-2993269.437643 6459252.225292 -966201.582992
1907.134379 -199.665879 -7298.098805
UTC=2024-01-09T02:18:02.000000
-2742469.035831 6383496.549719 -1832212.709197
2264.942427 -1062.257616 -7116.754096
UTC=2024-01-09T02:20:02.000000
-2451689.188932 6204755.536955 -2669813.254256
2572.637332 -1913.725571 -6825.234114
UTC=2024-01-09T02:22:02.000000
-2127217.606986 5925210.301419 -3466048.414178
2825.831106 -2740.009059 -6428.256804
UTC=2024-01-09T02:24:02.000000
-1775802.389727 5548708.598850 -4208628.734230
3021.246588 -3527.432521 -5932.176020
UTC=2024-01-09T02:26:02.000000
-1404516.359424 5080704.162481 -4886119.263026
3156.752349 -4262.941866 -5344.855869
UTC=2024-01-09T02:28:02.000000
-1020618.811906 4528169.541192 -5488112.159244
3231.371845 -4934.310582 -4675.526653
UTC=2024-01-09T02:30:02.000000
-631417.287159 3899484.994189 -6005381.661718
3245.274472 -5530.335203 -3934.632142
UTC=2024-01-09T02:32:02.000000
-244131.641981 3204304.661099 -6430019.417574
3199.745054 -6041.015868 -3133.654416
UTC=2024-01-09T02:34:02.000000
134236.723354 2453402.754090 -6755547.694835
3097.128680 -6457.706273 -2284.923173
UTC=2024-01-09T02:36:02.000000
497027.888350 1658503.851046 -6977009.976487
2940.758943 -6773.232107 -1401.432875
UTC=2024-01-09T02:38:02.000000
838037.275189 832099.618851 -7091039.791234
2734.876594 -6981.998982 -496.657388
UTC=2024-01-09T02:40:02.000000
1151618.940304 -12745.985690 -7095906.726759
2484.534683 -7080.075593 415.640562
UTC=2024-01-09T02:42:02.000000
1432776.765439 -862600.394237 -6991539.644153
2195.491771 -7065.257657 1321.601872
UTC=2024-01-09T02:44:02.000000
1677242.254457 -1703871.974997 -6779526.813132
1874.097121 -6937.102876 2207.458928
UTC=2024-01-09T02:46:02.000000
1881538.470268 -2523022.792233 -6463094.063792
1527.174106 -6696.950333 3059.717046
UTC=2024-01-09T02:48:02.000000
2043029.497520 -3306782.834974 -6047061.169636
1161.895071 -6347.926752 3865.335568
UTC=2024-01-09T02:50:02.000000
2159954.604071 -4042364.188677 -5537775.922961
785.651830 -5894.934707 4611.922603
UTC=2024-01-09T02:52:02.000000
2231446.405582 -4717670.962492 -4943024.219754
405.918669 -5344.592118 5287.931596
UTC=2024-01-09T02:54:02.000000
2257532.557181 -5321500.301786 -4271918.275788
30.116069 -4705.151036 5882.831819
UTC=2024-01-09T02:56:02.000000
2239121.090080 -5843732.942575 -3534764.454665
-334.526664 -3986.399985 6387.280472
UTC=2024-01-09T02:58:02.000000
2177969.229030 -6275509.823582 -2742910.612443
-681.107907 -3199.528431 6793.287989
UTC=2024-01-09T03:00:02.000000
2076636.049137 -6609390.496471 -1908574.659684
-1003.187286 -2356.959360 7094.366706
UTC=2024-01-09T03:02:02.000000
1938419.484939 -6839489.313439 -1044656.578312
-1294.909577 -1472.148976 7285.654040
UTC=2024-01-09T03:04:02.000000
1767279.498750 -6961586.618536 -164537.046981
-1551.114951 -559.365982 7364.016989
UTC=2024-01-09T03:06:02.000000
1567748.179336 -6973210.780645 718134.289624
-1767.442506 366.565480 7328.110586
UTC=2024-01-09T03:08:02.000000
1344828.970994 -6873690.324618 1589655.356857
-1940.409726 1290.510723 7178.411973
UTC=2024-01-09T03:10:02.000000
1103887.186550 -6664174.440157 2436491.262127
-2067.476290 2197.308120 6917.225132
UTC=2024-01-09T03:12:02.000000
850534.283428 -6347619.642145 3245490.863196
-2147.085980 3072.040864 6548.631900
UTC=2024-01-09T03:14:02.000000
590508.195755 -5928744.629917 4004095.845421
-2178.687985 3900.298820 6078.415046
UTC=2024-01-09T03:16:02.000000
329552.845271 -5413954.524708 4700538.676044
-2162.730756 4668.424753 5513.952327
UTC=2024-01-09T03:18:02.000000
73299.471766 -4811236.395333 5324026.617477
-2100.638142 5363.747992 4864.088624
UTC=2024-01-09T03:20:02.000000
-172847.779185 -4130027.882855 5864908.661348
-1994.761220 5974.795660 4138.981017
UTC=2024-01-09T03:22:02.000000
-403819.329993 -3381062.007708 6314822.974150
-1848.313340 6491.480507 3349.927686
UTC=2024-01-09T03:24:02.000000
-614979.100174 -2576191.194431 6666822.252229
-1665.291630 6905.254700 2509.173259
UTC=2024-01-09T03:26:02.000000
-802213.064380 -1728195.307260 6915475.853355
-1450.383245 7209.226951 1629.720335
UTC=2024-01-09T03:28:02.000000
-962005.934190 -850576.466178 7056949.645597
-1208.862365 7398.267334 725.142471
UTC=2024-01-09T03:30:02.000000
-1091505.099542 42657.621550 7089062.485807
-946.480193 7469.090003 -190.619019
UTC=2024-01-09T03:32:02.000000
-1188570.693817 937218.135401 7011317.920125
-669.343670 7420.301656 -1103.461033
UTC=2024-01-09T03:34:02.000000
-1251810.723181 1818763.947286 6824911.392107
-383.789336 7252.425456 -1999.322356
UTC=2024-01-09T03:36:02.000000
-1280601.019779 2673131.713776 6532713.035806
-96.256506 6967.898920 -2864.386493
UTC=2024-01-09T03:38:02.000000
-1275089.952147 3486564.223131 6139226.191602
186.839635 6571.046924 -3685.283425
UTC=2024-01-09T03:40:02.000000
-1236187.798841 4245933.910217 5650521.737869
459.237667 6068.026834 -4449.290165
UTC=2024-01-09T03:42:02.000000
-1165540.651525 4938958.119331 5074148.894331
714.955349 5466.748106 -5144.522867
UTC=2024-01-09T03:44:02.000000
-1065489.722794 5554403.241788 4419022.810886
948.410146 4776.763710 -5760.132301
UTC=2024-01-09T03:46:02.000000
-939016.139107 6082273.166996 3695289.323966
1154.537133 4009.117780 -6286.482405
UTC=2024-01-09T03:48:02.000000
-789672.894589 6513978.537763 2914170.271785
1328.885905 3176.185686 -6715.303172
UTC=2024-01-09T03:50:02.000000
-621505.090254 6842485.485607 2087789.384447
1467.722106 2291.477127 -7039.858259
UTC=2024-01-09T03:52:02.000000
-438958.594722 7062437.169206 1228980.686206
1568.111897 1369.393075 -7255.061560
UTC=2024-01-09T03:54:02.000000
-246780.211679 7170246.124465 351085.001271
1627.982465 424.979484 -7357.565183
UTC=2024-01-09T03:56:02.000000
-49911.517098 7164156.134033 -532262.653815
1646.166268 -526.333527 -7345.822628
UTC=2024-01-09T03:58:02.000000
146621.418973 7044271.610612 -1407351.656738
1622.424032 -1469.014406 -7220.121331
UTC=2024-01-09T04:00:02.000000
337819.363827 6812552.520092 -2260615.147901
1557.439811 -2387.714043 -6982.563248
UTC=2024-01-09T04:02:02.000000
518819.611147 6472776.594874 -3078844.912863
1452.800540 -3267.528116 -6637.013449
UTC=2024-01-09T04:04:02.000000
685002.341541 6030470.712922 -3849398.693960
1310.959609 -4094.250031 -6189.024373
UTC=2024-01-09T04:06:02.000000
832091.403427 5492812.577582 -4560396.577902
1135.180518 -4854.610751 -5645.728946
UTC=2024-01-09T04:08:02.000000
956247.276507 4868505.018334 -5200902.801799
929.463497 -5536.494053 -5015.705560
UTC=2024-01-09T04:10:02.000000
1054150.349282 4167626.221520 -5761090.029400
698.457499 -6129.121814 -4308.822598
UTC=2024-01-09T04:12:02.000000
1123072.762595 3401459.511362 -6232384.266374
447.358457 -6623.210751 -3536.072017
UTC=2024-01-09T04:14:02.000000
1160937.601311 2582305.806791 -6607588.929570
181.800907 -7011.102893 -2709.386817
UTC=2024-01-09T04:16:02.000000
1166364.700174 1723282.716770 -6880986.377937
-92.256591 -7286.857169 -1841.452786
UTC=2024-01-09T04:18:02.000000
1138702.483042 838114.209832 -7048417.492557
-368.649456 -7446.319595 -945.528713
UTC=2024-01-09T04:20:02.000000
1078045.462034 -59087.136989 -7107339.055902
-641.127690 -7487.173033 -35.255627
UTC=2024-01-09T04:22:02.000000
985237.087192 -954042.198179 -7056858.118394
-903.479765 -7408.960264 875.535640
UTC=2024-01-09T04:24:02.000000
861857.854193 -1832528.330151 -6897743.224708
-1149.652401 -7213.076615 1773.014828
UTC=2024-01-09T04:26:02.000000
710199.390949 -2680600.282471 -6632413.650380
-1373.865972 -6902.745673 2643.528578
UTC=2024-01-09T04:28:02.000000
533224.526678 -3484808.032105 -6264907.463391
-1570.733627 -6482.991087 3473.783848
UTC=2024-01-09T04:30:02.000000
334513.227603 -4232409.287272 -5800826.095859
-1735.373619 -5960.569796 4251.049653
UTC=2024-01-09T04:32:02.000000
118195.940919 -4911571.902336 -5247255.844418
-1863.509944 -5343.877578 4963.338907
UTC=2024-01-09T04:34:02.000000
-111125.105405 -5511564.196967 -4612667.759143
-1951.571220 -4642.839099 5599.590119
UTC=2024-01-09T04:36:02.000000
-348465.783665 -6022930.352959 -3906795.608680
-1996.776967 -3868.767958 6149.849161
UTC=2024-01-09T04:38:02.000000
-588559.412838 -6437647.066653 -3140492.656201
-1997.209224 -3034.195055 6605.438422
UTC=2024-01-09T04:40:02.000000
-825963.841475 -6749258.230767 -2325569.253243
-1951.869501 -2152.675810 6959.108518
UTC=2024-01-09T04:42:02.000000
-1055174.273518 -6952985.131418 -1474612.833018
-1860.716778 -1238.572052 7205.179238
UTC=2024-01-09T04:44:02.000000
-1270739.391761 -7045808.620442 -600792.499616
-1724.684539 -306.805733 7339.652255
UTC=2024-01-09T04:46:02.000000
-1467378.293856 -7026520.847394 282347.926079
-1545.677218 627.400922 7360.291188
UTC=2024-01-09T04:48:02.000000
-1640095.772133 -6895745.324202 1161104.538714
-1326.546178 1548.792428 7266.669988
UTC=2024-01-09T04:50:02.000000
-1784293.365037 -6655924.613887 2021831.937452
-1071.042618 2442.352220 7060.189503
UTC=2024-01-09T04:52:02.000000
-1895873.363583 -6311275.381788 2851161.587364
-783.747977 3293.572925 6744.056543
UTC=2024-01-09T04:54:02.000000
-1971333.302869 -5867711.619820 3636215.331497
-469.985190 4088.714511 6323.224382
UTC=2024-01-09T04:56:02.000000
-2007848.720508 -5332738.133906 4364809.668243
-135.712642 4815.040746 5804.298975
UTC=2024-01-09T04:58:02.000000
-2003342.562999 -4715317.301399 5025646.972093
212.590868 5461.027032 5195.417332
UTC=2024-01-09T05:00:02.000000
-1956540.349862 -4025712.491681 5608491.208055
568.049651 6016.544528 4506.111200
UTC=2024-01-09T05:02:02.000000
-1867009.687014 -3275310.367757 6104325.685871
923.528392 6473.024191 3747.140428
UTC=2024-01-09T05:04:02.000000
-1735182.881131 -2476426.262200 6505489.232988
1271.774002 6823.573162 2930.306285
UTC=2024-01-09T05:06:02.000000
-1562362.810497 -1642097.768448 6805790.145406
1605.552499 7063.059422 2068.268193
UTC=2024-01-09T05:08:02.000000
-1350712.546521 -785869.055905 7000597.818696
1917.783757 7188.181537 1174.350632
UTC=2024-01-09T05:10:02.000000
-1103228.884723 78431.150141 7086910.052746
2201.674448 7197.499646 262.335966
UTC=2024-01-09T05:12:02.000000
-823699.977043 936913.231754 7063396.392631
2450.850905 7091.438974 -653.728205
UTC=2024-01-09T05:14:02.000000
-516647.080198 1775850.022174 6930417.841442
2659.489206 6872.276721 -1559.733276
UTC=2024-01-09T05:16:02.000000
-187251.310800 2581896.665559 6690021.749651
2822.434737 6544.097890 -2441.716445
UTC=2024-01-09T05:18:02.000000
158733.309126 3342303.516352 6345912.089067
2935.310591 6112.724248 -3286.063066
UTC=2024-01-09T05:20:02.000000
515079.065213 4045119.433457 5903395.742467
2994.614257 5585.625424 -4079.706417
UTC=2024-01-09T05:22:02.000000
875194.829124 4679382.752751 5369304.756984
2997.804828 4971.801653 -4810.325886
UTC=2024-01-09T05:24:02.000000
1232245.974332 5235296.921992 4751895.200721
2943.375133 4281.645816 -5466.541344
UTC=2024-01-09T05:26:02.000000
1579281.568731 5704387.590444 4060722.927320
2830.900410 3526.770824 -6038.096887
UTC=2024-01-09T05:28:02.000000
1909366.702851 6079638.241300 3306499.246844
2661.079459 2719.831842 -6516.019711
UTC=2024-01-09T05:30:02.000000
2215718.685938 6355603.404000 2500925.890581
2435.746965 1874.317121 -6892.803056
UTC=2024-01-09T05:32:02.000000
2491842.100669 6528494.046026 1656510.828965
2157.853587 1004.305951 -7162.535627
UTC=2024-01-09T05:34:02.000000
2731660.950484 6596233.538688 786370.018801
1831.429093 124.215198 -7321.010376
UTC=2024-01-09T05:36:02.000000
2929644.293854 6558482.663725 -95981.526701
1461.515981 -751.456983 -7365.792374
UTC=2024-01-09T05:38:02.000000
3080923.073115 6416634.199209 -976845.179284
1054.087614 -1608.385159 -7296.260889
UTC=2024-01-09T05:40:02.000000
3181395.719215 6173776.766526 -1842557.219622
615.942681 -2432.672121 -7113.616373
UTC=2024-01-09T05:42:02.000000
3227819.923874 5834628.859713 -2679706.092491
154.581775 -3211.089961 -6820.854471
UTC=2024-01-09T05:44:02.000000
3217888.669055 5405444.518471 -3475344.694012
-321.932412 -3931.311441 -6422.707284
UTC=2024-01-09T05:46:02.000000
3150288.495245 4893892.414295 -4217193.184528
-805.129347 -4582.118102 -5925.544164
UTC=2024-01-09T05:48:02.000000
3024739.043140 4308912.230052 -4893828.100690
-1286.287788 -5153.571095 -5337.246858
UTC=2024-01-09T05:50:02.000000
2842013.544406 3660552.109013 -5494855.460914
-1756.595244 -5637.156626 -4667.065664
UTC=2024-01-09T05:52:02.000000
2603940.450227 2959790.454710 -6011065.442346
-2207.303360 -6025.901119 -3925.458409
UTC=2024-01-09T05:54:02.000000
2313386.269463 2218345.647504 -6434566.900482
-2629.885454 -6314.456588 -3123.914767
UTC=2024-01-09T05:56:02.000000
1974219.930477 1448477.524201 -6758900.040085
-3016.184522 -6499.152642 -2274.769483
UTC=2024-01-09T05:58:02.000000
1591260.186085 662784.467933 -6979126.688078
-3358.549821 -6578.019130 -1391.017990
UTC=2024-01-09T06:00:02.000000
1170206.670527 -126000.898722 -7091898.714297
-3649.973383 -6550.787916 -486.134860
UTC=2024-01-09T06:02:02.000000
717554.865220 -905215.239446 -7095504.056064
-3884.218886 -6418.876555 426.120243
UTC=2024-01-09T06:04:02.000000
240496.775684 -1662464.138338 -6989889.155609
-4055.931010 -6185.339302 1331.895711
UTC=2024-01-09T06:06:02.000000
-253190.897488 -2385814.715842 -6776659.321569
-4160.737197 -5854.803704 2217.424264
UTC=2024-01-09T06:08:02.000000
-755270.719497 -3063980.555548 -6459057.656910
-4195.346017 -5433.403151 3069.210507
UTC=2024-01-09T06:10:02.000000
-1257179.057723 -3686496.637593 -6041920.425311
-4157.623371 -4928.674811 3874.227668
UTC=2024-01-09T06:12:02.000000
-1750168.855433 -4243880.827458 -5531610.066134
-4046.656266 -4349.443276 4620.096344
UTC=2024-01-09T06:14:02.000000
-2225459.438017 -4727780.919105 -4935926.457477
-3862.804514 -3705.692737 5295.270268
UTC=2024-01-09T06:16:02.000000
-2674391.334444 -5131104.743194 -4263995.598891
-3607.731167 -3008.411292 5889.224205
UTC=2024-01-09T06:18:02.000000
-3088583.113053 -5448130.091347 -3526136.447959
-3284.405581 -2269.412709 6392.628362
UTC=2024-01-09T06:20:02.000000
-3460087.164215 -5674592.475745 -2733707.789670
-2897.083740 -1501.145546 6797.507691
UTC=2024-01-09T06:22:02.000000
-3781541.772763 -5807749.060059 -1898936.728663
-2451.265026 -716.486275 7097.388272
UTC=2024-01-09T06:24:02.000000
-4046316.259189 -5846416.836701 -1034730.681260
-1953.619151 71.482423 7287.424662
UTC=2024-01-09T06:26:02.000000
-4248645.497350 -5790983.540183 -154475.695004
-1411.882883 849.703192 7364.498766
UTC=2024-01-09T06:28:02.000000
-4383750.554256 -5643390.599290 728175.071128
-834.733165 1605.377072 7327.285145
UTC=2024-01-09T06:30:02.000000
-4447942.823982 -5407088.255052 1599518.852133
-231.638338 2326.194560 7176.285196
UTC=2024-01-09T06:32:02.000000
-4438708.906782 -5086963.228203 2446022.582719
387.313034 3000.559573 6913.821172
UTC=2024-01-09T06:34:02.000000
-4354774.160272 -4689240.744870 3254539.039648
1011.594441 3617.791544 6543.991687
UTC=2024-01-09T06:36:02.000000
-4196143.946624 -4221363.647209 4012515.915694
1630.431468 4168.305783 6072.598891
UTC=2024-01-09T06:38:02.000000
-3964121.541866 -3691851.077903 4708194.372158
2233.000040 4643.773431 5507.044727
UTC=2024-01-09T06:40:02.000000
-3661302.206449 -3110139.608444 5330792.948827
2808.622947 5037.250849 4856.191639
UTC=2024-01-09T06:42:02.000000
-3291544.257272 -2486411.239915 5870673.610418
3346.957361 5343.270580 4130.207691
UTC=2024-01-09T06:44:02.000000
-2859917.988766 -1831412.178378 6319488.614820
3838.175924 5557.905645 3340.401277
UTC=2024-01-09T06:46:02.000000
-2372633.365537 -1156265.095448 6670306.776189
4273.139755 5678.814168 2499.041793
UTC=2024-01-09T06:48:02.000000
-1836947.333269 -472277.577005 6917716.959764
4643.564513 5705.255257 1619.158205
UTC=2024-01-09T06:50:02.000000
-1261052.563983 209248.702413 7057906.439294
4942.159256 5638.061043 714.329241
UTC=2024-01-09T06:52:02.000000
-653950.994747 877204.253324 7088715.613846
5162.748013 5479.595805 -201.503475
UTC=2024-01-09T06:54:02.000000
-25312.748063 1520852.676231 7009669.652997
5300.388449 5233.701936 -1114.236424
UTC=2024-01-09T06:56:02.000000
614678.059946 2130003.482482 6821985.561543
5351.471560 4905.620438 -2009.810665
UTC=2024-01-09T06:58:02.000000
1255488.303975 2695173.920128 6528554.352735
5313.800564 4501.886832 -2874.418366
UTC=2024-01-09T07:00:02.000000
1886408.939157 3207737.348690 6133899.091368
5186.648478 4030.214050 -3694.699138
UTC=2024-01-09T07:02:02.000000
2496734.008711 3660056.979784 5644109.399407
4970.799308 3499.363709 -4457.937056
UTC=2024-01-09T07:04:02.000000
3075943.546539 4045603.038752 5066752.122411
4668.570001 2918.997621 -5152.261821
UTC=2024-01-09T07:06:02.000000
3613886.977409 4359050.583367 4410757.925416
4283.794094 2299.504526 -5766.842547
UTC=2024-01-09T07:08:02.000000
4100962.823170 4596356.272004 3686286.644623
3821.783906 1651.827946 -6292.050895
UTC=2024-01-09T07:10:02.000000
4528293.814565 4754814.270955 2904572.502535
3289.284439 987.280721 -6719.640795
UTC=2024-01-09T07:12:02.000000
4887892.300527 4833087.563898 2077748.216579
2694.355313 317.330159 -7042.901471
UTC=2024-01-09T07:14:02.000000
5172810.706827 4831214.665175 1218654.416436
2046.251834 -346.599891 -7256.763864
UTC=2024-01-09T07:16:02.000000
5377276.805451 4750591.843286 340636.171290
1355.278556 -993.339031 -7357.904644
UTC=2024-01-09T07:18:02.000000
5496808.429702 4593930.182135 -542670.746291
632.599147 -1612.177831 -7344.807440
UTC=2024-01-09T07:20:02.000000
5528304.775068 4365188.568956 -1417557.928066
-109.960701 -2193.059225 -7217.778615
UTC=2024-01-09T07:22:02.000000
5470113.525953 4069484.734169 -2270462.713528
-860.121147 -2726.754454 -6978.936264
UTC=2024-01-09T07:24:02.000000
5322072.174920 3712986.187793 -3088183.171503
-1605.369348 -3205.019755 -6632.163698
UTC=2024-01-09T07:26:02.000000
5085522.564194 3302784.014250 -3858085.466507
-2333.182510 -3620.725308 -6183.030641
UTC=2024-01-09T07:28:02.000000
4763298.811292 2846752.603995 -4568300.245327
-3031.248908 -3967.962472 -5638.688696
UTC=2024-01-09T07:30:02.000000
4359688.999560 2353397.677580 -5207904.462507
-3687.681665 -4242.128435 -5007.732433
UTC=2024-01-09T07:32:02.000000
3880372.214987 1831696.496795 -5767085.202730
-4291.216200 -4439.972384 -4300.042809
UTC=2024-01-09T07:34:02.000000
3332332.640954 1290934.165337 -6237284.180341
-4831.395132 -4559.615786 -3526.620607
UTC=2024-01-09T07:36:02.000000
2723752.341598 740538.869190 -6611321.431788
-5298.737399 -4600.550018 -2699.405507
UTC=2024-01-09T07:38:02.000000
2063885.226699 189918.968412 -6883496.649468
-5684.881919 -4563.607375 -1831.088045
UTC=2024-01-09T07:40:02.000000
1362915.066072 -351695.258919 -7049668.429849
-5982.712601 -4450.915189 -934.930108
UTC=2024-01-09T07:42:02.000000
631798.637201 -875403.656017 -7107311.797143
-6186.480879 -4265.835949 -24.576251
UTC=2024-01-09T07:44:02.000000
-117904.182362 -1372779.481425 -7055552.061887
-6291.896004 -4012.881893 886.144081
UTC=2024-01-09T07:46:02.000000
-874209.768166 -1836001.752775 -6895176.240167
-6296.198498 -3697.621012 1783.394971
UTC=2024-01-09T07:48:02.000000
-1624898.593927 -2257976.081803 -6628622.699774
-6198.224686 -3326.577100 2653.522745
UTC=2024-01-09T07:50:02.000000
-2357709.175048 -2632442.374203 -6259947.579190
-5998.442863 -2907.109912 3483.249035
UTC=2024-01-09T07:52:02.000000
-3060535.078283 -2954067.485030 -5794768.933827
-5698.971259 -2447.287809 4259.849812
UTC=2024-01-09T07:54:02.000000
-3721623.511702 -3218522.518451 -5240189.285234
-5303.584887 -1955.756901 4971.340349
UTC=2024-01-09T07:56:02.000000
-4329772.969353 -3422543.425325 -4604695.213104
-4817.688870 -1441.592249 5606.668772
UTC=2024-01-09T07:58:02.000000
-4874525.535215 -3563972.984894 -3898034.690056
-4248.259957 -914.139516 6155.892090
UTC=2024-01-09T08:00:02.000000
-5346350.861189 -3641783.642657 -3131073.856014
-3603.764499 -382.853248 6610.344675
UTC=2024-01-09T08:02:02.000000
-5736818.353981 -3656080.536090 -2315634.141853
-2894.043367 142.871416 6962.795401
UTC=2024-01-09T08:04:02.000000
-6038753.497840 -3608084.073674 -1464311.740410
-2130.163213 653.869941 7207.582732
UTC=2024-01-09T08:06:02.000000
-6246374.776263 -3500092.235847 -590282.444321
-1324.242685 1141.375022 7340.724861
UTC=2024-01-09T08:08:02.000000
-6355408.059450 -3335423.070373 292905.175913
-489.251199 1597.178704 7360.001422
UTC=2024-01-09T08:10:02.000000
-6363175.650970 -3118338.492138 1171544.630078
361.212904 2013.782132 7265.007571
UTC=2024-01-09T08:12:02.000000
-6268657.052000 -2853950.668118 2031990.870012
1213.170626 2384.535251 7057.170788
UTC=2024-01-09T08:14:02.000000
-6072519.360382 -2548112.783503 2860878.707520
2052.515485 2703.754815 6739.719445
UTC=2024-01-09T08:16:02.000000
-5777117.959765 -2207297.428721 3645335.687684
2865.257387 2966.814519 6317.627428
UTC=2024-01-09T08:18:02.000000
-5386467.127838 -1838464.977446 4373186.978223
3637.781327 3170.221733 5797.528470
UTC=2024-01-09T08:20:02.000000
-4906180.269528 -1448924.493675 5033146.806434
4357.087119 3311.661794 5187.582741
UTC=2024-01-09T08:22:02.000000
-4343383.243316 -1046191.362005 5614993.015478
5011.001526 3390.011238 4497.332607
UTC=2024-01-09T08:24:02.000000
-3706602.945924 -637844.407573 6109723.906878
5588.380551 3405.334443 3737.549288
UTC=2024-01-09T08:26:02.000000
-3005632.139440 -231384.499139 6509695.218393
6079.300074 3358.859843 2920.053671
UTC=2024-01-09T08:28:02.000000
-2251372.999770 165902.217152 6808734.378150
6475.218211 3252.926540 2057.519741
UTC=2024-01-09T08:30:02.000000
-1455663.151349 547073.328923 7002231.057016
6769.105834 3090.911907 1163.278560
UTC=2024-01-09T08:32:02.000000
-631087.418207 905650.095410 7087204.195983
6955.554991 2877.151715 251.120051
UTC=2024-01-09T08:34:02.000000
209222.161756 1235726.800818 7062345.015886
7030.866182 2616.843365 -664.907839
UTC=2024-01-09T08:36:02.000000
1051795.542309 1532067.771237 6928035.921100
6993.114887 2315.938019 -1570.700661
UTC=2024-01-09T08:38:02.000000
1883040.499896 1790190.743377 6686344.937655
6842.193824 1981.020086 -2452.303137
UTC=2024-01-09T08:40:02.000000
2689461.848662 2006435.107701 6340995.801428
6579.828620 1619.177630 -3296.107908
UTC=2024-01-09T08:42:02.000000
3457881.467836 2178014.417857 5897314.368315
6209.575694 1237.868981 -4089.054679
UTC=2024-01-09T08:44:02.000000
4175656.185098 2303052.371072 5362150.601106
5736.784455 844.781110 -4818.834653
UTC=2024-01-09T08:46:02.000000
4830888.971560 2380601.773105 4743777.088016
5168.528911 447.688762 -5474.075995
UTC=2024-01-09T08:48:02.000000
5412631.218943 2410646.505649 4051765.780081
4513.527000 54.310326 -6044.526040
UTC=2024-01-09T08:50:02.000000
5911073.250291 2394085.642408 3296841.994447
3782.014322 -327.844951 -6521.245190
UTC=2024-01-09T08:52:02.000000
6317715.762659 2332699.607616 2490717.702002
2985.568525 -691.619120 -6896.748418
UTC=2024-01-09T08:54:02.000000
6625521.073207 2229100.019372 1645909.126962
2136.938839 -1030.339837 -7165.139802
UTC=2024-01-09T08:56:02.000000
6829040.740063 2086663.317855 775538.704893
1249.824286 -1337.953068 -7322.226607
UTC=2024-01-09T08:58:02.000000
6924515.262509 1909449.660601 -106874.024232
338.633785 -1609.134553 -7365.593632
UTC=2024-01-09T09:00:02.000000
6909943.919205 1702109.336131 -987628.807949
-581.773644 -1839.388719 -7294.647152
UTC=2024-01-09T09:02:02.000000
6785122.940639 1469778.133996 -1853063.320908
-1496.349413 -2025.131191 -7110.610330
UTC=2024-01-09T09:04:02.000000
6551652.911520 1217964.216614 -2689770.159988
-2390.115562 -2163.748189 -6816.503132
UTC=2024-01-09T09:06:02.000000
6212913.725245 952429.255045 -3484809.217782
-3248.438611 -2253.632112 -6417.079273
UTC=2024-01-09T09:08:02.000000
5774007.960230 679066.761639 -4225910.134289
-4057.281746 -2294.193580 -5918.729622
UTC=2024-01-09T09:10:02.000000
5241674.762083 403780.196721 -4901661.582031
-4803.443335 -2285.852821 -5329.356681
UTC=2024-01-09T09:12:02.000000
4624176.761470 132363.486734 -5501683.741090
-5474.765896 -2230.008062 -4658.223945
UTC=2024-01-09T09:14:02.000000
3931163.546097 -129613.413377 -6016782.208296
-6060.319902 -2128.984115 -3915.797797
UTC=2024-01-09T09:16:02.000000
3173514.226793 -376911.945628 -6439082.372376
-6550.569149 -1985.967521 -3113.578640
UTC=2024-01-09T09:18:02.000000
2363161.454021 -604723.695625 -6762142.262734
-6937.510256 -1804.925968 -2263.910922
UTC=2024-01-09T09:20:02.000000
1512901.151565 -808758.633309 -6981042.546368
-7214.774298 -1590.515687 -1379.798014
UTC=2024-01-09T09:22:02.000000
636190.849102 -985321.839828 -7092454.818302
-7377.717429 -1347.980830 -474.720178
UTC=2024-01-09T09:24:02.000000
-253061.584932 -1131377.310424 -7094687.141759
-7423.485143 -1083.040198 437.560553
UTC=2024-01-09T09:26:02.000000
-1140714.933631 -1244598.159319 -6987706.678110
-7351.048359 -801.774650 1343.184614
UTC=2024-01-09T09:28:02.000000
-2012615.378112 -1323403.020627 -6773140.212424
-7161.227839 -510.508116 2228.383896
UTC=2024-01-09T09:30:02.000000
-2854818.360994 -1366977.779536 -6454251.439558
-6856.686230 -215.683480 3079.676047
UTC=2024-01-09T09:32:02.000000
-3653807.838356 -1375282.506339 -6035895.925025
-6441.898218 76.258843 3884.040648
UTC=2024-01-09T09:34:02.000000
-4396711.887169 -1349043.924747 -5524454.845689
-5923.115794 359.002638 4629.104346
UTC=2024-01-09T09:36:02.000000
-5071511.854313 -1289733.011462 -4927745.582168
-5308.292335 626.480093 5303.334542
UTC=2024-01-09T09:38:02.000000
-5667240.481131 -1199528.022294 -4254910.017554
-4606.978904 872.990485 5896.217998
UTC=2024-01-09T09:40:02.000000
-6174166.338843 -1081263.528316 -3516281.724040
-3830.197892 1093.314657 6398.435385
UTC=2024-01-09T09:42:02.000000
-6583961.048899 -938366.030752 -2723232.545044
-2990.281046 1282.823547 6802.027532
UTC=2024-01-09T09:44:02.000000
-6889845.085398 -774777.198628 -1888000.475358
-2100.676820 1437.574980 7100.539987
UTC=2024-01-09T09:46:02.000000
-7086709.187849 -594866.342863 -1023501.452378
-1175.737075 1554.396998 7289.147962
UTC=2024-01-09T09:48:02.000000
-7171208.344141 -403333.379922 -143127.147587
-230.469203 1630.962343 7364.761048
UTC=2024-01-09T09:50:02.000000
-7141824.333853 -205104.208152 739466.977880
719.730970 1665.837785 7326.079533
UTC=2024-01-09T09:52:02.000000
-6998896.621364 -5221.623865 1610578.625604
1659.343600 1658.511552 7173.625945
UTC=2024-01-09T09:54:02.000000
-6744620.545072 191266.049139 2456677.668244
2573.003702 1609.403281 6909.743431
UTC=2024-01-09T09:56:02.000000
-6383012.169954 379416.320287 3264622.571660
3445.776240 1519.853707 6538.555960
UTC=2024-01-09T09:58:02.000000
-5919840.520569 554501.349429 4021869.906625
4263.423364 1392.092380 6065.891867
UTC=2024-01-09T10:00:02.000000
-5362528.989276 712111.587232 4716672.498733
5012.648759 1229.184123 5499.173462
UTC=2024-01-09T10:02:02.000000
-4720028.828091 848251.942760 5338262.866944
5681.319049 1034.958822 4847.281733
UTC=2024-01-09T10:04:02.000000
-4002667.859759 959428.654061 5877019.058279
6258.654168 813.926828 4120.401675
UTC=2024-01-09T10:06:02.000000
-3221977.775548 1042725.149943 6324611.403742
6735.396013 571.179942 3329.856839
UTC=2024-01-09T10:08:02.000000
-2390502.732085 1095865.360371 6674128.238005
7103.949398 312.283286 2487.925665
UTC=2024-01-09T10:10:02.000000
-1521592.684074 1117263.809941 6920178.772089
7358.495367 43.161418 1607.642975
UTC=2024-01-09T10:12:02.000000
-629185.488417 1106061.344536 7058971.471709
7495.063490 -230.025468 702.595168
UTC=2024-01-09T10:14:02.000000
272417.846408 1062145.948599 7088368.489525
7511.578049 -501.006379 -213.275485
UTC=2024-01-09T10:16:02.000000
1168782.347054 986158.481782 7007916.453269
7407.884335 -763.525090 -1125.870264
UTC=2024-01-09T10:18:02.000000
2045569.888875 879483.396192 6818853.102711
7185.748921 -1011.465734 -2021.136372
UTC=2024-01-09T10:20:02.000000
2888768.457950 744224.371050 6524089.748148
6848.834694 -1238.977483 -2885.266834
UTC=2024-01-09T10:22:02.000000
3684917.238593 583165.198046 6128169.648779
6402.654953 -1440.595809 -3704.904469
UTC=2024-01-09T10:24:02.000000
4421324.056737 399716.450811 5637201.694140
5854.490985 -1611.357614 -4467.344876
UTC=2024-01-09T10:26:02.000000
5086271.400067 197848.617936 5058770.540782
5213.286432 -1746.911832 -5160.728220
UTC=2024-01-09T10:28:02.000000
5669208.404867 -17987.400295 4401823.846400
4489.517796 -1843.617640 -5774.229057
UTC=2024-01-09T10:30:02.000000
6160925.459438 -242950.599760 3676537.052919
3695.033336 -1898.626857 -6298.238968
UTC=2024-01-09T10:32:02.000000
6553707.662533 -471909.386519 2894157.137799
2842.862278 -1909.955192 -6724.534124
UTC=2024-01-09T10:34:02.000000
6841463.449926 -699548.734095 2066827.334085
1946.991420 -1876.537538 -7046.422377
UTC=2024-01-09T10:36:02.000000
7019825.223539 -920482.812068 1207396.212724
1022.126732 -1798.262470 -7258.857551
UTC=2024-01-09T10:38:02.000000
7086220.860089 -1129370.307086 329214.319586
83.443636 -1675.984029 -7358.533404
UTC=2024-01-09T10:40:02.000000
7039913.930939 -1321030.149758 -554079.098407
-853.686606 -1511.515741 -7343.952330
UTC=2024-01-09T10:42:02.000000
6882010.088174 -1490554.934627 -1428774.674960
-1773.978326 -1307.598008 -7215.442983
UTC=2024-01-09T10:44:02.000000
6615430.773696 -1633419.264700 -2281311.724406
-2662.499741 -1067.847019 -6975.150281
UTC=2024-01-09T10:46:02.000000
6244854.635447 -1745580.765011 -3098493.584637
-3504.937852 -796.683677 -6626.984880
UTC=2024-01-09T10:48:02.000000
5776628.550316 -1823571.518608 -3867694.867333
-4287.840536 -499.245123 -6176.541337
UTC=2024-01-09T10:50:02.000000
5218650.912666 -1864577.878452 -4577057.221719
-4998.835623 -181.280439 -5630.988839
UTC=2024-01-09T10:52:02.000000
4580230.159177 -1866507.207938 -5215670.582128
-5626.825075 150.961856 -4998.939139
UTC=2024-01-09T10:54:02.000000
3871921.397505 -1828040.688069 -5773737.189060
-6162.154609 490.854322 -4290.290809
UTC=2024-01-09T10:56:02.000000
3105344.851893 -1748671.076400 -6242715.621173
-6596.744917 831.520108 -3516.054794
UTC=2024-01-09T10:58:02.000000
2292990.861707 -1628724.707553 -6615443.810621
-6924.187827 1165.965101 -2688.180926
UTC=2024-01-09T11:00:02.000000
1448014.314874 -1469367.661786 -6886241.081963
-7139.827202 1487.209386 -1819.376631
UTC=2024-01-09T11:02:02.000000
584021.244590 -1272596.376243 -7050987.299259
-7240.804675 1788.414496 -922.912452
UTC=2024-01-09T11:04:02.000000
-285148.328770 -1041213.036801 -7107179.330174
-7226.080617 2063.011061 -12.436021
UTC=2024-01-09T11:06:02.000000
-1145638.656896 -778785.866920 -7053964.926758
-7096.430516 2304.820988 898.215861
UTC=2024-01-09T11:08:02.000000
-1983795.151880 -489594.906523 -6892154.267237
-6854.426291 2508.178911 1795.205699
UTC=2024-01-09T11:10:02.000000
-2786377.320645 -178563.590627 -6624208.305442
-6504.386811 2668.044411 2664.889244
UTC=2024-01-09T11:12:02.000000
-3540764.284098 148822.479673 -6254204.740265
-6052.308457 2780.105526 3493.993959
UTC=2024-01-09T11:14:02.000000
-4235151.756231 486608.912505 -5787782.537145
-5505.789935 2840.876261 4269.804316
UTC=2024-01-09T11:16:02.000000
-4858738.026653 828476.795181 -5232063.377300
-4873.921141 2847.780034 4980.353506
UTC=2024-01-09T11:18:02.000000
-5401895.418088 1167856.376615 -4595551.295155
-4167.157503 2799.225082 5614.599968
UTC=2024-01-09T11:20:02.000000
-5856325.289012 1498049.197802 -3888010.365942
-3397.164750 2694.665673 6162.614575
UTC=2024-01-09T11:22:02.000000
-6215192.392887 1812355.897168 -3120320.927079
-2576.635467 2534.636775 6615.748866
UTC=2024-01-09T11:24:02.000000
-6473236.248659 2104207.068710 -2304316.493402
-1719.087600 2320.770496 6966.789169
UTC=2024-01-09T11:26:02.000000
-6626857.030509 2367294.939929 -1452603.263899
-838.642151 2055.792811 7210.092348
UTC=2024-01-09T11:28:02.000000
-6674173.611733 2595703.138966 -578364.492563
50.218552 1743.493669 7341.700572
UTC=2024-01-09T11:30:02.000000
-6615051.676975 2784031.248639 304847.079259
932.907107 1388.671336 7359.424523
UTC=2024-01-09T11:32:02.000000
-6451100.521242 2927511.428530 1183324.570631
1794.994066 997.056202 7262.888953
UTC=2024-01-09T11:34:02.000000
-6185638.622865 3022114.674262 2043425.714202
2622.465417 575.213295 7053.545642
UTC=2024-01-09T11:36:02.000000
-5823628.547365 3064643.867653 2871791.014314
3401.973473 130.421048 6734.647936
UTC=2024-01-09T11:38:02.000000
-5371583.062856 3052811.476039 3655556.776407
4121.067013 -329.463117 6311.194352
UTC=2024-01-09T11:40:02.000000
-4837444.272246 2985300.109864 4382559.432605
4768.408717 -796.153264 5789.835998
UTC=2024-01-09T11:42:02.000000
-4230438.626380 2861804.716509 5041526.477816
5333.957459 -1261.088821 5178.750446
UTC=2024-01-09T11:44:02.000000
-3560912.046704 2683056.146897 5622251.343078
5809.119863 -1715.591712 4487.501081
UTC=2024-01-09T11:46:02.000000
-2840148.153163 2450825.723594 6115750.396736
6186.880854 -2151.025873 3726.877895
UTC=2024-01-09T11:48:02.000000
-2080172.619892 2167910.437008 6514399.283428
6461.900667 -2558.959427 2908.714216
UTC=2024-01-09T11:50:02.000000
-1293548.036888 1838099.066057 6812046.619181
6630.578182 -2931.319566 2045.692349
UTC=2024-01-09T11:52:02.000000
-493163.460354 1466120.225166 7004103.776986
6691.074647 -3260.538939 1151.144046
UTC=2024-01-09T11:54:02.000000
307977.407671 1057573.318168 7087611.373011
6643.317864 -3539.694013 238.858783
UTC=2024-01-09T11:56:02.000000
1096967.534639 618843.459226 7061282.146701
6488.985794 -3762.633739 -677.118115
UTC=2024-01-09T11:58:02.000000
1861204.164130 157001.556158 6925519.560709
6231.462739 -3924.098300 -1582.686466
UTC=2024-01-09T12:00:02.000000
2588589.926110 -320309.309533 6682412.427973
5875.775178 -4019.828763 -2463.890633
UTC=2024-01-09T12:02:02.000000
3267725.084978 -804999.924019 6335705.402374
5428.508064 -4046.662701 -3307.123341
UTC=2024-01-09T12:04:02.000000
3888088.354001 -1288671.376083 5890744.897125
4897.697268 -4002.613388 -4099.329573
UTC=2024-01-09T12:06:02.000000
4440203.220873 -1762760.219256 5354400.679606
4292.695183 -3886.933714 -4828.207862
UTC=2024-01-09T12:08:02.000000
4915786.853509 -2218689.812316 4734964.010305
3624.017923 -3700.156070 -5482.398676
UTC=2024-01-09T12:10:02.000000
5307879.958466 -2648025.411001 4042023.573216
2903.178485 -3444.115102 -6051.668738
UTC=2024-01-09T12:12:02.000000
5610955.044159 -3042630.558981 3286319.345841
2142.492380 -3121.944299 -6527.091893
UTC=2024-01-09T12:14:02.000000
5820999.761269 -3394821.172712 2479576.029489
1354.859061 -2738.042015 -6901.205345
UTC=2024-01-09T12:16:02.000000
5935573.515103 -3697514.157583 1634319.649523
553.537592 -2298.015355 -7168.136116
UTC=2024-01-09T12:18:02.000000
5953836.837138 -3944367.858795 763679.865343
-248.086515 -1808.597256 -7323.713371
UTC=2024-01-09T12:20:02.000000
5876551.905217 -4129910.406993 -118819.136186
-1036.743401 -1277.531450 -7365.541111
UTC=2024-01-09T12:22:02.000000
5706054.632193 -4249653.513544 -999474.624405
-1799.514591 -713.442258 -7293.045256
UTC=2024-01-09T12:24:02.000000
5446198.226721 -4300188.664530 -1864624.750875
-2524.067104 -125.674413 -7107.478269
UTC=2024-01-09T12:26:02.000000
5102269.873443 -4279263.612066 -2700866.136424
-3198.869164 475.874873 -6811.887228
UTC=2024-01-09T12:28:02.000000
4680882.661458 -4185838.004562 -3495265.630608
-3813.384526 1080.935277 -6411.049388
UTC=2024-01-09T12:30:02.000000
4189845.532569 -4020116.909213 -4235562.570777
-4358.244991 1679.051560 -5911.376527
UTC=2024-01-09T12:32:02.000000
3638014.315267 -3783561.765186 -4910357.669695
-4825.391777 2259.770708 -5320.790954
UTC=2024-01-09T12:34:02.000000
3035127.524873 -3478878.908218 -5509285.713936
-5208.188310 2812.827656 -4648.578037
UTC=2024-01-09T12:36:02.000000
2391630.671173 -3109986.454626 -6023169.167040
-5501.497719 3328.318731 -3905.218634
UTC=2024-01-09T12:38:02.000000
1718493.273312 -2681961.184391 -6444151.579709
-5701.729954 3796.863310 -3102.222662
UTC=2024-01-09T12:40:02.000000
1027021.140706 -2200966.036163 -6765810.824675
-5806.873531 4209.766302 -2251.953925
UTC=2024-01-09T12:42:02.000000
328666.565264 -1674158.648293 -6983249.811291
-5816.495487 4559.166780 -1367.432929
UTC=2024-01-09T12:44:02.000000
-365159.562409 -1109583.550759 -7093163.679282
-5731.712183 4838.164433 -462.145013
UTC=2024-01-09T12:46:02.000000
-1043270.923951 -516049.854290 -7093884.432989
-5555.141376 5040.934682 450.144335
UTC=2024-01-09T12:48:02.000000
-1694882.606870 97004.246274 -6985403.447951
-5290.843904 5162.833962 1355.576803
UTC=2024-01-09T12:50:02.000000
-2309779.543972 719658.727399 -6769371.052976
-4944.240659 5200.488795 2240.392332
UTC=2024-01-09T12:52:02.000000
-2878473.859836 1341668.783552 -6449073.732137
-4522.013343 5151.870974 3091.112296
UTC=2024-01-09T12:54:02.000000
-3392349.771986 1952629.973793 -6029389.347423
-4031.996239 5016.356764 3894.722774
UTC=2024-01-09T12:56:02.000000
-3843794.813119 2542149.629473 -5516720.318139
-3483.055468 4794.772236 4638.860115
UTC=2024-01-09T12:58:02.000000
-4226315.484975 3100022.513270 -4918904.028921
-2884.949178 4489.416650 5312.004136
UTC=2024-01-09T13:00:02.000000
-4534634.763189 3616407.530106 -4245100.296505
-2248.165100 4104.056631 5903.663778
UTC=2024-01-09T13:02:02.000000
-4764769.160182 4082002.295424 -3505657.687039
-1583.744956 3643.897569 6404.544669
UTC=2024-01-09T13:04:02.000000
-4914084.459139 4488212.816629 -2711960.137173
-903.103292 3115.528340 6806.711773
UTC=2024-01-09T13:06:02.000000
-4981328.732746 4827314.469090 -1876254.823538
-217.830575 2526.833027 7103.734241
UTC=2024-01-09T13:08:02.000000
-4966641.559688 5092601.032228 -1011464.145107
460.505618 1886.879806 7290.808781
UTC=2024-01-09T13:10:02.000000
-4871538.885536 5278518.566149 -130983.928862
1120.569395 1205.778956 7364.862856
UTC=2024-01-09T13:12:02.000000
-4698872.414243 5380780.318074 751528.500838
1751.466208 494.509451 7324.617253
UTC=2024-01-09T13:14:02.000000
-4452765.332040 5396459.824186 1622371.775333
2342.932222 -235.269821 7170.621580
UTC=2024-01-09T13:16:02.000000
-4138524.815848 5324059.829971 2468020.255412
2885.528007 -971.434060 6905.249610
UTC=2024-01-09T13:18:02.000000
-3762532.889731 5163555.112906 3275340.365518
3370.804660 -1701.610861 6532.651313
UTC=2024-01-09T13:20:02.000000
-3332118.902785 4916408.929955 4031799.236751
3791.442669 -2413.401310 6058.672977
UTC=2024-01-09T13:22:02.000000
-2855417.079151 4585563.050717 4725662.327041
4141.364481 -3094.599167 5490.754547
UTC=2024-01-09T13:24:02.000000
-2341211.776469 4175401.449911 5346177.036655
4415.824092 -3733.409643 4837.797438
UTC=2024-01-09T13:26:02.000000
-1798773.904587 3691688.352075 5883738.940100
4611.466097 -4318.656704 4110.008655
UTC=2024-01-09T13:28:02.000000
-1237691.887064 3141482.321096 6330038.064385
4726.356400 -4839.974697 3318.725099
UTC=2024-01-09T13:30:02.000000
-667700.813345 2533028.290264 6678183.320560
4759.982116 -5287.983617 2476.225483
UTC=2024-01-09T13:32:02.000000
-98513.296943 1875630.147332 6922804.051564
4713.225409 -5654.437857 1595.541367
UTC=2024-01-09T13:34:02.000000
460345.824288 1179505.998071 7060129.054449
4588.325442 -5932.368642 690.264054
UTC=2024-01-09T13:36:02.000000
999698.722040 455627.596900 7088041.251407
4388.813808 -6116.200936 -225.662350
UTC=2024-01-09T13:38:02.000000
1510864.835834 -284452.811174 7006108.223668
4119.431935 -6201.850417 -1138.136834
UTC=2024-01-09T13:40:02.000000
1985800.431602 -1028786.708184 6815589.073240
3786.034641 -6186.809311 -2033.103241
UTC=2024-01-09T13:42:02.000000
2417225.575836 -1765222.245803 6519416.618759
3395.477480 -6070.204115 -2896.755335
UTC=2024-01-09T13:44:02.000000
2798736.965028 -2481602.922461 6122155.456674
2955.493513 -5852.835705 -3715.737776
UTC=2024-01-09T13:46:02.000000
3124904.958046 -3165969.536943 5629935.454807
2474.552624 -5537.191141 -4477.351023
UTC=2024-01-09T13:48:02.000000
3391352.910526 -3806761.957201 5050361.338749
1961.709012 -5127.429917 -5169.745663
UTC=2024-01-09T13:50:02.000000
3594817.910105 -4393017.616922 4392399.312741
1426.443786 -4629.343347 -5782.110889
UTC=2024-01-09T13:52:02.000000
3733191.922634 -4914563.512463 3666241.262264
878.493918 -4050.284178 -6304.858810
UTC=2024-01-09T13:54:02.000000
3805541.824076 -5362197.524294 2883148.041345
327.675108 -3399.061777 -6729.786868
UTC=2024-01-09T13:56:02.000000
3812108.171581 -5727855.570095 2055274.251442
-216.297355 -2685.808892 -7050.224083
UTC=2024-01-09T13:58:02.000000
3754282.331230 -6004760.807457 1195477.002064
-743.988160 -1921.816734 -7261.150913
UTC=2024-01-09T14:00:02.000000
3634562.404847 -6187551.207375 317112.074509
-1246.414376 -1119.340785 -7359.286548
UTC=2024-01-09T14:02:02.000000
3456489.401322 -6272383.272740 -566178.370123
-1715.203423 -291.399204 -7343.148719
UTC=2024-01-09T14:04:02.000000
3224564.379116 -6257009.762568 -1440684.350596
-2142.752702 548.464383 -7213.089464
UTC=2024-01-09T14:06:02.000000
2944147.703780 -6140827.868130 -2292847.156027
-2522.362070 1386.425479 -6971.272332
UTC=2024-01-09T14:08:02.000000
2621344.097575 -5924898.549271 -3109474.508154
-2848.343026 2208.621065 -6621.631752
UTC=2024-01-09T14:10:02.000000
2262875.407681 -5611936.065696 -3877948.796674
-3116.112308 3001.400539 -6169.794133
UTC=2024-01-09T14:12:02.000000
1875943.825983 -5206267.819252 -4586423.273265
-3322.254572 3751.567477 -5622.958659
UTC=2024-01-09T14:14:02.000000
1468089.737180 -4713766.464634 -5224002.573611
-3464.551482 4446.598679 -4989.758440
UTC=2024-01-09T14:16:02.000000
1047047.419988 -4141756.963661 -5780905.844216
-3541.989620 5074.844519 -4280.108998
UTC=2024-01-09T14:18:02.000000
620600.931267 -3498900.476717 -6248610.699758
-3554.749002 5625.713603 -3505.039831
UTC=2024-01-09T14:20:02.000000
196442.730597 -2795057.442166 -6619976.161158
-3504.168570 6089.834478 -2676.514600
UTC=2024-01-09T14:22:02.000000
-217962.248254 -2041132.533189 -6889343.761931
-3392.690751 6459.196323 -1807.246995
UTC=2024-01-09T14:24:02.000000
-615504.818489 -1248904.094001 -7052616.293604
-3223.788843 6727.266506 -910.513254
UTC=2024-01-09T14:26:02.000000
-989550.225668 -430840.691157 -7107314.109668
-3001.881920 6889.088797 0.035319
UTC=2024-01-09T14:28:02.000000
-1334046.107800 400092.841671 -7052608.565762
-2732.240703 6941.358414 910.565206
UTC=2024-01-09T14:30:02.000000
-1643618.387828 1230636.926888 -6889332.705965
-2420.880358 6882.476280 1807.245459
UTC=2024-01-09T14:32:02.000000
-1913653.628977 2047444.565358 -6619969.770211
-2074.443013 6712.588166 2676.434982
UTC=2024-01-09T14:34:02.000000
-2140367.112997 2837291.806859 -6248619.520528
-1700.078522 6433.601908 3504.863250
UTC=2024-01-09T14:36:02.000000
-2320856.212337 3587289.615260 -5780942.336816
-1305.315820 6049.188238 4279.822656
UTC=2024-01-09T14:38:02.000000
-2453137.778062 4285093.811068 -5224080.470870
-897.928569 5564.751353 4989.353683
UTC=2024-01-09T14:40:02.000000
-2536169.371495 4919110.299128 -4586556.958788
-485.797718 4987.376552 5622.434499
UTC=2024-01-09T14:42:02.000000
-2569853.422982 5478691.756585 -3878151.961469
-76.765612 4325.739995 6169.163844
UTC=2024-01-09T14:44:02.000000
-2555023.807513 5954321.518976 -3109758.398200
321.510019 3589.988567 6620.921861
UTC=2024-01-09T14:46:02.000000
-2493415.184948 6337782.093216 -2293219.231559
701.696875 2791.602852 6970.519694
UTC=2024-01-09T14:48:02.000000
-2387615.647421 6622305.025603 -1441146.878894
1056.926248 1943.219119 7212.343266
UTC=2024-01-09T14:50:02.000000
-2241003.138723 6802697.045561 -566727.625912
1380.922972 1058.418978 7342.455832
UTC=2024-01-09T14:52:02.000000
-2057667.123010 6875440.835441 316484.435940
1668.122279 151.516335 7358.677600
UTC=2024-01-09T14:54:02.000000
-1842316.738992 6838768.363793 1194782.809728
1913.778383 -762.694949 7260.655969
UTC=2024-01-09T14:56:02.000000
-1600176.717551 6692701.402297 2054529.045066
2114.056980 -1669.224722 7049.873746
UTC=2024-01-09T14:58:02.000000
-1336873.846532 6439058.894473 2882370.985610
2266.099938 -2553.153878 6729.611326
UTC=2024-01-09T15:00:02.000000
-1058317.228547 6081432.865659 3665454.970704
2368.065136 -3399.892494 6304.884007
UTC=2024-01-09T15:02:02.000000
-770575.021338 5625133.888449 4391629.039571
2419.144821 -4195.428886 5782.355745
UTC=2024-01-09T15:04:02.000000
-479750.098564 5077106.716529 5049634.633381
2419.568027 -4926.581401 5170.230085
UTC=2024-01-09T15:06:02.000000
-191856.372889 4445816.253339 5629281.814269
2370.581521 -5581.227289 4478.084002
UTC=2024-01-09T15:08:02.000000
87300.350764 3741109.765692 6121604.314634
2274.397471 -6148.480929 3716.710764
UTC=2024-01-09T15:10:02.000000
352234.640093 2974057.148252 6518995.646384
2134.131568 -6618.878619 2897.946958
UTC=2024-01-09T15:12:02.000000
597885.284471 2156771.406479 6815322.485323
1953.724232 -6984.519835 2034.477627
UTC=2024-01-09T15:14:02.000000
819708.890510 1302213.643123 7006015.121187
1737.848881 -7239.188938 1139.644311
UTC=2024-01-09T15:16:02.000000
1013761.680887 423984.979438 7088133.936488
1491.807587 -7378.446248 227.239969
UTC=2024-01-09T15:18:02.000000
1176768.283604 -463890.387714 7060411.815422
1221.418988 -7399.690095 -688.684845
UTC=2024-01-09T15:20:02.000000
1306176.589839 -1347189.124882 6923273.258565
932.898398 -7302.209402 -1594.022580
UTC=2024-01-09T15:22:02.000000
1400197.888399 -2211716.977728 6678828.641850
632.732513 -7087.200595 -2474.816028
UTC=2024-01-09T15:24:02.000000
1457831.738591 -3043537.647372 6330844.075352
327.550637 -6757.763665 -3317.461658
UTC=2024-01-09T15:26:02.000000
1478875.067689 -3829199.424603 5884686.444714
23.990603 -6318.865760 -4108.917670
UTC=2024-01-09T15:28:02.000000
1463915.388230 -4555955.208549 5347243.979482
-271.429860 -5777.269201 -4836.901355
UTC=2024-01-09T15:30:02.000000
1414308.849871 -5211972.681599 4726824.191559
-552.438841 -5141.442243 -5490.070775
UTC=2024-01-09T15:32:02.000000
1332143.214587 -5786532.790553 4033029.916755
-813.135405 -4421.449453 -6058.210947
UTC=2024-01-09T15:34:02.000000
1220186.027373 -6270212.444753 3276612.907451
-1048.110126 -3628.795740 -6532.416275
UTC=2024-01-09T15:36:02.000000
1081818.855410 -6655046.194792 2469307.363143
-1252.556496 -2776.237746 -6905.240800
UTC=2024-01-09T15:38:02.000000
920958.767064 -6934664.368849 1623646.915494
-1422.371522 -1877.578531 -7170.826889
UTC=2024-01-09T15:40:02.000000
741968.776565 -7104404.986320 752767.260717
-1554.238006 -947.436858 -7325.013803
UTC=2024-01-09T15:42:02.000000
549559.183633 -7161396.832536 -129802.896569
-1645.696371 -0.994757 -7365.424448
UTC=2024-01-09T15:44:02.000000
348681.267974 -7104610.119933 -1010359.234753
-1695.195280 946.287672 -7291.511751
UTC=2024-01-09T15:46:02.000000
144416.786589 -6934872.824866 -1875241.518670
-1702.113621 1878.953267 -7104.553808
UTC=2024-01-09T15:48:02.000000
-58134.059714 -6654854.191895 -2711050.753665
-1666.764178 2781.815224 -6807.618730
UTC=2024-01-09T15:50:02.000000
-253964.012372 -6269016.574658 -3504860.636063
-1590.379273 3640.218300 -6405.503896
UTC=2024-01-09T15:52:02.000000
-438267.265376 -5783536.322904 -4244419.839545
-1475.076690 4440.292417 -5904.643088
UTC=2024-01-09T15:54:02.000000
-606542.634437 -5206195.271772 -4918340.968263
-1323.804983 5169.185121 -5312.977438
UTC=2024-01-09T15:56:02.000000
-754689.122036 -4546246.496970 -5516272.678475
-1140.272405 5815.259199 -4639.808142
UTC=2024-01-09T15:58:02.000000
-879092.096318 -3814257.734673 -6029053.444347
-928.861307 6368.267779 -3895.636048
UTC=2024-01-09T16:00:02.000000
-976698.421868 -3021935.477972 -6448845.142639
-694.530750 6819.500490 -3091.987308
UTC=2024-01-09T16:02:02.000000
-1045079.443750 -2181933.180322 -6769245.168777
-442.711536 7161.902228 -2241.229567
UTC=2024-01-09T16:04:02.000000
-1082480.955280 -1307647.114442 -6985376.099842
-179.194809 7390.159944 -1356.383964
UTC=2024-01-09T16:06:02.000000
-1087859.571348 -413003.287010 -7093952.997638
89.983333 7500.767017 -450.939341
UTC=2024-01-09T16:08:02.000000
-1060904.867778 487762.016420 -7093328.012286
358.663356 7492.062110 461.340333
UTC=2024-01-09T16:10:02.000000
-1002046.952123 1380324.543315 -6983512.272584
620.682413 7364.242259 1366.599614
UTC=2024-01-09T16:12:02.000000
-912449.730517 2250495.226426 -6766175.644062
869.993095 7119.360244 2251.079562
UTC=2024-01-09T16:14:02.000000
-793989.912429 3084441.499146 -6444624.220034
1100.782720 6761.300501 3101.299085
UTC=2024-01-09T16:16:02.000000
-649221.763937 3868904.950821 -6023755.636369
1307.590650 6295.737957 3904.246386
UTC=2024-01-09T16:18:02.000000
-481327.961415 4591411.899116 -5509991.182839
1485.422292 5730.061874 4647.569361
UTC=2024-01-09T16:20:02.000000
-294057.328296 5240473.661468 -4911185.712343
1629.853225 5073.282368 5319.758609
UTC=2024-01-09T16:22:02.000000
-91650.474723 5805774.079298 -4236515.298001
1737.127094 4335.908032 5910.333527
UTC=2024-01-09T16:24:02.000000
121245.781736 6278340.313488 -3496343.134151
1804.243760 3529.790670 6410.017144
UTC=2024-01-09T16:26:02.000000
339673.774425 6650693.449231 -2702065.430256
1829.033683 2667.945598 6810.894985
UTC=2024-01-09T16:28:02.000000
558468.345313 6916976.161185 -1865938.984763
1810.216636 1764.347482 7106.561222
UTC=2024-01-09T16:30:02.000000
772366.246753 7073054.169414 -1000892.408175
1747.443300 833.698381 7292.243407
UTC=2024-01-09T16:32:02.000000
976119.330184 7116588.533570 -120324.036343
1641.316594 -108.824818 7364.898855
UTC=2024-01-09T16:34:02.000000
1164609.061701 7047076.645045 762109.907304
1493.391569 -1047.839600 7323.279835
UTC=2024-01-09T16:36:02.000000
1332959.419847 6865860.348002 1632712.622516
1306.148763 -1968.032568 7167.958865
UTC=2024-01-09T16:38:02.000000
1476645.364495 6576101.587686 2477965.000371
1082.948341 -2854.426504 6901.321039
UTC=2024-01-09T16:40:02.000000
1591594.898570 6182726.298002 3284740.998133
827.969464 -3692.641094 6527.523501
UTC=2024-01-09T16:42:02.000000
1674282.686415 5692337.534219 4040516.576499
546.128561 -4469.146616 6052.427367
UTC=2024-01-09T16:44:02.000000
1721812.946979 5113099.032625 4733567.984219
242.984907 -5171.497711 5483.491122
UTC=2024-01-09T16:46:02.000000
1731989.750901 4454591.988725 5353156.162190
-75.378040 -5788.550324 4829.640338
UTC=2024-01-09T16:48:02.000000
1703372.502752 3727647.951934 5889692.105292
-402.474296 -6310.631377 4101.088356
UTC=2024-01-09T16:50:02.000000
1635317.020696 2944164.495080 6334881.718393
-731.538123 -6729.669047 3309.176762
UTC=2024-01-09T16:52:02.000000
1528001.056047 2116905.528593 6681850.777751
-1055.658812 -7039.313492 2466.196523
UTC=2024-01-09T16:54:02.000000
1382433.670871 1259289.089231 6925247.137416
-1367.914371 -7235.024191 1585.190732
UTC=2024-01-09T16:56:02.000000
1200448.494610 385166.899219 7061318.689758
-1661.506009 -7314.117942 679.750291
UTC=2024-01-09T16:58:02.000000
984681.092963 -491399.751875 7087967.585507
-1929.888758 -7275.788452 -236.175372
UTC=2024-01-09T17:00:02.000000
738530.630825 -1356366.260754 7004781.583825
-2166.902417 -7121.119379 -1148.478100
UTC=2024-01-09T17:02:02.000000
466106.096336 -2195930.302001 6813040.390244
-2366.897259 -6853.058430 -2043.100542
UTC=2024-01-09T17:04:02.000000
172157.852871 -2996752.893788 6515697.346223
-2524.852359 -6476.370677 -2906.241768
UTC=2024-01-09T17:06:02.000000
-138004.306295 -3746172.003430 6117335.709422
-2636.480840 -5997.555694 -3724.571257
UTC=2024-01-09T17:08:02.000000
-458604.868118 -4432404.113035 5624100.747035
-2698.322492 -5424.737340 -4485.415982
UTC=2024-01-09T17:10:02.000000
-783506.993107 -5044732.309303 5043610.053176
-2707.829352 -4767.548677 -5176.940659
UTC=2024-01-09T17:12:02.000000
-1106326.816834 -5573679.686468 4384841.535412
-2663.443491 -4036.997138 -5788.342676
UTC=2024-01-09T17:14:02.000000
-1420555.693248 -6011163.803012 3657997.650978
-2564.649980 -3245.282991 -6310.045033
UTC=2024-01-09T17:16:02.000000
-1719687.457386 -6350627.473373 2874348.327062
-2412.008783 -2405.591163 -6733.858315
UTC=2024-01-09T17:18:02.000000
-1997348.362156 -6587143.848262 2046055.887826
-2207.167582 -1531.870928 -7053.121159
UTC=2024-01-09T17:20:02.000000
-2247427.255904 -6717493.837843 1185983.864275
-1952.850302 -638.593101 -7262.826880
UTC=2024-01-09T17:22:02.000000
-2464202.418081 -6740213.275088 307492.557295
-1652.815068 259.507608 -7359.714818
UTC=2024-01-09T17:24:02.000000
-2642462.218221 -6655608.897559 -575774.249296
-1311.793241 1147.694885 -7342.327680
UTC=2024-01-09T17:26:02.000000
-2777617.189243 -6465742.736017 -1450107.423627
-935.407665 2011.493633 -7211.034569
UTC=2024-01-09T17:28:02.000000
-2865801.155094 -6174385.281629 -2301951.294259
-530.071975 2836.946429 -6968.019276
UTC=2024-01-09T17:30:02.000000
-2903959.137804 -5786938.561396 -3118119.045460
-102.871056 3610.858162 -6617.235224
UTC=2024-01-09T17:32:02.000000
-2889919.884491 -5310330.748154 -3886000.536083
338.574898 4321.023997 -6164.323270
UTC=2024-01-09T17:34:02.000000
-2822451.452732 -4752885.137471 -4593758.074085
786.255438 4956.426604 -5616.495260
UTC=2024-01-09T17:36:02.000000
-2701299.169531 -4124167.514367 -5230506.891629
1231.918031 5507.400121 -4982.397298
UTC=2024-01-09T17:38:02.000000
-2527205.728576 -3434815.552089 -5786478.250073
1667.217353 5965.765852 -4271.957124
UTC=2024-01-09T17:40:02.000000
-2301913.311254 -2696353.617324 -6253163.376486
2083.865908 6324.939799 -3496.217546
UTC=2024-01-09T17:42:02.000000
-2028147.531781 -1920996.409241 -6623436.623692
2473.785558 6580.010986 -2667.156763
UTC=2024-01-09T17:44:02.000000
-1709583.622770 -1121445.066991 -6891656.339735
2829.250110 6727.788094 -1797.497958
UTC=2024-01-09T17:46:02.000000
-1350796.189387 -310679.505632 -7053742.851620
3143.017782 6766.816940 -900.519359
UTC=2024-01-09T17:48:02.000000
-957193.399242 498249.758083 -7107233.850266
3408.458720 6697.371653 10.131326
UTC=2024-01-09T17:50:02.000000
-534936.096862 1292427.625908 -7051317.822397
3619.677603 6521.430046 920.620196
UTC=2024-01-09T17:52:02.000000
-90843.020103 2059276.388356 -6886844.925958
3771.621712 6242.627400 1817.116893
UTC=2024-01-09T17:54:02.000000
367716.471798 2786751.032450 -6616315.900897
3860.184542 5866.196310 2685.972786
UTC=2024-01-09T17:56:02.000000
832942.062012 3463526.555750 -6243848.725592
3882.304267 5398.888562 3513.916190
UTC=2024-01-09T17:58:02.000000
1296732.471593 4079173.964303 -5775121.547288
3836.037694 4848.865842 4288.246253
UTC=2024-01-09T18:00:02.000000
1750823.560039 4624322.205212 -5217293.435546
3720.623336 4225.577807 4997.012261
UTC=2024-01-09T18:02:02.000000
2186933.210570 5090804.689905 -4578903.201849
3536.529129 3539.623862 5629.200869
UTC=2024-01-09T18:04:02.000000
2596910.508252 5471787.461305 -3869745.748224
3285.475646 2802.584855 6174.919176
UTC=2024-01-09T18:06:02.000000
2972886.371121 5761875.965513 -3100727.710681
2970.438508 2026.838593 6625.557813
UTC=2024-01-09T18:08:02.000000
3307423.278593 5957198.858857 -2283703.930800
2595.629112 1225.358228 6973.947560
UTC=2024-01-09T18:10:02.000000
3593660.892780 6055466.268954 -1431296.240481
2166.445051 411.490865 7214.495113
UTC=2024-01-09T18:12:02.000000
3825453.992385 6056000.859862 -556697.377653
1689.392058 -401.274927 7343.294744
UTC=2024-01-09T18:14:02.000000
3997499.480652 5959740.386316 326536.566288
1171.980772 -1199.549574 7358.206551
UTC=2024-01-09T18:16:02.000000
4105449.686566 5769211.372848 1204701.061329
622.601757 -1970.283081 7258.900715
UTC=2024-01-09T18:18:02.000000
4146009.420761 5488474.315107 2064161.136344
50.379957 -2700.995666 7046.864869
UTC=2024-01-09T18:20:02.000000
4117014.607013 5123042.519038 2891568.696912
-534.985615 -3379.989572 6725.389268
UTC=2024-01-09T18:22:02.000000
4017490.437621 4679774.932879 3674076.287762
-1123.405020 -3996.569686 6299.511496
UTC=2024-01-09T18:24:02.000000
3847687.185570 4166744.882514 4399540.513169
-1704.578812 -4541.216851 5775.911420
UTC=2024-01-09T18:26:02.000000
3609094.514238 3593089.981636 5056712.878490
-2268.183874 -5005.735286 5162.804025
UTC=2024-01-09T18:28:02.000000
3304432.090922 2968845.309608 5635415.700509
-2804.074635 -5383.383021 4469.792030
UTC=2024-01-09T18:30:02.000000
2937617.699611 2304762.923978 6126697.762344
-3302.455026 -5668.962571 3707.684787
UTC=2024-01-09T18:32:02.000000
2513715.378408 1612123.091793 6522969.029358
-3754.045897 -5858.876898 2888.330156
UTC=2024-01-09T18:34:02.000000
2038863.126024 902539.727140 6818114.001346
-4150.253469 -5951.164214 2024.422145
UTC=2024-01-09T18:36:02.000000
1520181.521858 187764.178297 7007581.338338
-4483.318813 -5945.492814 1129.304415
UTC=2024-01-09T18:38:02.000000
965665.287585 -520509.250004 7088450.512739
-4746.453818 -5843.141886 216.781314
UTC=2024-01-09T18:40:02.000000
384059.034441 -1210834.921415 7059474.926769
-4933.968302 -5646.967545 -699.088246
UTC=2024-01-09T18:42:02.000000
-215281.286783 -1872201.212525 6921099.951265
-5041.380631 -5361.334592 -1604.197719
UTC=2024-01-09T18:44:02.000000
-822539.197095 -2494206.631251 6675456.197542
-5065.510420 -4992.030646 -2484.601512
UTC=2024-01-09T18:46:02.000000
-1427598.068579 -3067224.075646 6326327.736516
-5004.544405 -4546.154128 -3326.719791
UTC=2024-01-09T18:48:02.000000
-2020208.355417 -3582550.766426 5879097.040880
-4858.089790 -4031.991586 -4117.523051
UTC=2024-01-09T18:50:02.000000
-2590161.113229 -4032543.126113 5340667.493289
-4627.222251 -3458.886027 -4844.725658
UTC=2024-01-09T18:52:02.000000
-3127465.811032 -4410734.466386 4719361.991823
-4314.506492 -2837.080864 -5496.988578
UTC=2024-01-09T18:54:02.000000
-3622528.229533 -4711932.398406 4024797.568094
-3923.977015 -2177.540099 -6064.112045
UTC=2024-01-09T18:56:02.000000
-4066324.130999 -4932293.971459 3267738.201530
-3461.088413 -1491.757578 -6537.206544
UTC=2024-01-09T18:58:02.000000
-4450565.545559 -5069377.400823 2459928.523113
-2932.644051 -791.558818 -6908.841183
UTC=2024-01-09T19:00:02.000000
-4767857.236531 -5122169.482854 1613910.421944
-2346.700473 -88.891763 -7173.180032
UTC=2024-01-09T19:02:02.000000
-5011839.609682 -5091087.215979 742824.889402
-1712.438067 604.390741 -7326.088861
UTC=2024-01-09T19:04:02.000000
-5177314.600967 -4977953.556381 -139796.973048
-1040.007917 1276.744162 -7365.210220
UTC=2024-01-09T19:06:02.000000
-5260351.822699 -4785947.861623 -1020250.203732
-340.355466 1917.140421 -7290.008773
UTC=2024-01-09T19:08:02.000000
-5258372.148448 -4519531.801611 -1884875.608519
374.978319 2515.268183 -7101.780615
UTC=2024-01-09T19:10:02.000000
-5170206.493562 -4184352.084194 -2720277.902155
1094.069785 3061.716484 -6803.618800
UTC=2024-01-09T19:12:02.000000
-4996128.799931 -3787122.861132 -3513537.364659
1804.827736 3548.128927 -6400.342378
UTC=2024-01-09T19:14:02.000000
-4737863.366545 -3335491.259115 -4252411.408387
2495.205944 3967.331487 -5898.399704
UTC=2024-01-09T19:16:02.000000
-4398566.802960 -2837889.043470 -4925523.084848
3153.413672 4313.436074 -5305.747176
UTC=2024-01-09T19:18:02.000000
-3982785.056843 -2303373.510599 -5522533.431973
3768.118611 4581.914940 -4631.702129
UTC=2024-01-09T19:20:02.000000
-3496386.980682 -1741461.273570 -6034295.156247
4328.634705 4769.646125 -3886.780172
UTC=2024-01-09T19:22:02.000000
-2946476.232250 -1161958.096400 -6452986.040541
4825.095820 4874.933383 -3082.520362
UTC=2024-01-09T19:24:02.000000
-2341283.112638 -574787.994890 -6772220.795726
5248.616064 4897.498680 -2231.300879
UTC=2024-01-09T19:26:02.000000
-1690038.266219 10175.226823 -6987140.237011
5591.430057 4838.449410 -1346.146186
UTC=2024-01-09T19:28:02.000000
-1002831.155698 583271.112611 -7094477.473078
5847.007365 4700.223940 -440.540739
UTC=2024-01-09T19:30:02.000000
-290455.404809 1135208.622648 -7092602.409357
6010.159510 4486.529217 471.752090
UTC=2024-01-09T19:32:02.000000
435757.734254 1657213.494009 -6981543.743445
6077.127087 4202.255466 1376.878105
UTC=2024-01-09T19:34:02.000000
1164115.651989 2141164.801090 -6762989.474436
6045.660827 3853.386289 2261.068807
UTC=2024-01-09T19:36:02.000000
1882749.688653 2579720.012448 -6440264.517654
5915.082043 3446.891503 3110.843002
UTC=2024-01-09T19:38:02.000000
2579805.751030 2966426.149692 -6018284.917331
5686.317151 2990.605642 3913.195383
UTC=2024-01-09T19:40:02.000000
3243637.907272 3295815.390702 -5503489.255580
5361.908542 2493.090298 4655.784918
UTC=2024-01-09T19:42:02.000000
3863002.103542 3563484.112915 -4903748.397243
4946.010162 1963.496816 5327.112360
UTC=2024-01-09T19:44:02.000000
4427248.170744 3766154.608385 -4228253.200268
4444.358226 1411.412031 5916.707267
UTC=2024-01-09T19:46:02.000000
4926506.315764 3901717.453692 -3487380.359173
3864.209588 846.691878 6415.305150
UTC=2024-01-09T19:48:02.000000
5351864.040200 3969253.449183 -2692537.727305
3214.243625 279.289060 6815.009262
UTC=2024-01-09T19:50:02.000000
5695529.826836 3969034.899692 -1855991.535425
2504.441991 -280.920577 7109.433070
UTC=2024-01-09T19:52:02.000000
5950980.625874 3902505.520688 -990677.349566
1745.935303 -824.319358 7293.825469
UTC=2024-01-09T19:54:02.000000
6113088.991170 3772238.895137 -109998.062164
950.821512 -1341.722184 7365.161729
UTC=2024-01-09T19:56:02.000000
6178227.349528 3581876.406519 772387.454725
131.964782 -1824.545125 7322.208655
UTC=2024-01-09T19:58:02.000000
6144346.550532 3336045.445334 1642781.607681
-697.231657 -2264.963482 7165.555906
UTC=2024-01-09T20:00:02.000000
6011026.209485 3040259.855592 2487666.712918
-1523.064716 -2656.048661 6897.608648
UTC=2024-01-09T20:02:02.000000
5779496.167452 2700805.092448 3293921.002458
-2331.775597 -2991.888057 6522.551137
UTC=2024-01-09T20:04:02.000000
5452628.047771 2324610.013054 4049027.894530
-3109.801636 -3267.684828 6046.269515
UTC=2024-01-09T20:06:02.000000
5034896.955714 1919108.534522 4741273.786454
-3844.019659 -3479.827635 5476.238485
UTC=2024-01-09T20:08:02.000000
4532315.555898 1492094.568869 5359930.507889
-4521.961406 -3625.932453 4821.385881
UTC=2024-01-09T20:10:02.000000
3952342.394289 1051573.437704 5895421.627983
-5132.034765 -3704.861602 4091.951455
UTC=2024-01-09T20:12:02.000000
3303764.152374 605612.257950 6339468.880015
-5663.725737 -3716.719157 3299.298535
UTC=2024-01-09T20:14:02.000000
2596556.442929 162192.918104 6685215.409011
-6107.757097 -3662.813437 2455.724100
UTC=2024-01-09T20:16:02.000000
1841726.688639 -270929.438430 6927327.073385
-6456.232873 -3545.605943 1574.278681
UTC=2024-01-09T20:18:02.000000
1051140.155895 -686361.089285 7062071.419149
-6702.772817 -3368.646660 668.572794
UTC=2024-01-09T20:20:02.000000
237331.149901 -1077195.507288 7087372.319715
-6842.621072 -3136.489479 -247.433728
UTC=2024-01-09T20:22:02.000000
-586696.736605 -1437127.873505 7002839.589878
-6872.723804 -2854.591608 -1159.635656
UTC=2024-01-09T20:24:02.000000
-1407678.566160 -1760556.903036 6809774.043991
-6791.786030 -2529.201219 -2053.989387
UTC=2024-01-09T20:26:02.000000
-2212301.012587 -2042672.191881 6511147.952764
-6600.298797 -2167.229356 -2916.712540
UTC=2024-01-09T20:28:02.000000
-2987417.494462 -2279525.918838 6111562.589355
-6300.552344 -1776.120492 -3734.468250
UTC=2024-01-09T20:30:02.000000
-3720264.626184 -2468089.204040 5617182.973604
-5896.640539 -1363.722568 -4494.567833
UTC=2024-01-09T20:32:02.000000
-4398676.399710 -2606291.774639 5035647.067425
-5394.414236 -938.139236 -5185.183522
UTC=2024-01-09T20:34:02.000000
-5011290.579774 -2693043.530614 4375951.051527
-4801.403749 -507.576964 -5795.536959
UTC=2024-01-09T20:36:02.000000
-5547744.118186 -2728237.480516 3648312.694732
-4126.711757 -80.188819 -6316.074022
UTC=2024-01-09T20:38:02.000000
-5998854.156337 -2712734.220406 2864014.874620
-3380.881365 336.076582 -6738.622334
UTC=2024-01-09T20:40:02.000000
-6356781.628963 -2648328.625442 2035230.894369
-2575.737084 733.620240 -7056.537069
UTC=2024-01-09T20:42:02.000000
-6615173.878743 -2537699.246692 1174833.099588
-1724.191696 1105.338069 -7264.832033
UTC=2024-01-09T20:44:02.000000
-6769281.572102 -2384340.287170 296187.967498
-840.015720 1444.761022 -7360.268199
UTC=2024-01-09T20:46:02.000000
-6816047.707296 -2192478.163585 -587057.081907
62.396933 1746.173679 -7341.410944
UTC=2024-01-09T20:48:02.000000
-6754166.884833 -1966974.514385 -1461192.420632
968.292041 2004.720011 -7208.658247
UTC=2024-01-09T20:50:02.000000
-6584112.459179 -1713217.954001 -2312665.366156
1862.821732 2216.485009 -6964.222003
UTC=2024-01-09T20:52:02.000000
-6308132.050986 -1437007.298211 -3128295.129778
2731.305983 2378.555155 -6612.077680
UTC=2024-01-09T20:54:02.000000
-5930212.008496 -1144428.870297 -3895479.948614
3559.487791 2489.056796 -6157.884300
UTC=2024-01-09T20:56:02.000000
-5456011.916754 -841730.509582 -4602392.773660
4333.775972 2547.172564 -5608.874157
UTC=2024-01-09T20:58:02.000000
-4892770.944084 -535194.953842 -5238162.169370
5041.471521 2553.134931 -4973.717304
UTC=2024-01-09T21:00:02.000000
-4249188.222587 -231015.516416 -5793035.633297
5670.972869 2508.195087 -4262.364923
UTC=2024-01-09T21:02:02.000000
-3535280.160689 64823.418857 -6258523.007344
6211.954048 2414.574291 -3485.874680
UTC=2024-01-09T21:04:02.000000
-2762218.256633 346658.912744 -6627518.329448
6655.511547 2275.395929 -2656.228630
UTC=2024-01-09T21:06:02.000000
-1942150.817150 609252.845231 -6894399.976332
6994.288364 2094.602073 -1786.153401
UTC=2024-01-09T21:08:02.000000
-1088010.876818 847884.730337 -7055108.770677
7222.576940 1876.862352 -888.930902
UTC=2024-01-09T21:10:02.000000
-213313.630717 1058433.163259 -7107203.131652
7336.392530 1627.473798 21.792060
UTC=2024-01-09T21:12:02.000000
668053.566103 1237444.440032 -7049891.966703
7333.524930 1352.248880 932.182187
UTC=2024-01-09T21:14:02.000000
1542047.134733 1382187.701386 -6884046.619007
7213.588044 1057.403739 1828.398793
UTC=2024-01-09T21:16:02.000000
2394687.671994 1490696.317425 -6612189.563521
6978.036928 749.438642 2696.795513
UTC=2024-01-09T21:18:02.000000
3212280.583835 1561794.501976 -6238459.700217
6630.160045 435.012854 3524.111241
UTC=2024-01-09T21:20:02.000000
3981634.042687 1595108.712448 -5768554.642807
6175.040369 120.816849 4297.657578
UTC=2024-01-09T21:22:02.000000
4690271.427817 1591063.904590 -5209651.403017
5619.505331 -186.552281 5005.497275
UTC=2024-01-09T21:24:02.000000
5326636.418730 1550864.834538 -4570304.908658
4972.049384 -480.716045 5636.633994
UTC=2024-01-09T21:26:02.000000
5880286.377314 1476462.262983 -3860324.107858
4242.717854 -755.639957 6181.191962
UTC=2024-01-09T21:28:02.000000
6342070.225363 1370504.436682 -3090627.577845
3442.965992 -1005.753133 6630.579355
UTC=2024-01-09T21:30:02.000000
6704287.997973 1236274.698448 -2273080.138549
2585.493497 -1226.059130 6977.642562
UTC=2024-01-09T21:32:02.000000
6960828.449748 1077616.347592 -1420311.583351
1684.042710 -1412.238226 7216.806554
UTC=2024-01-09T21:34:02.000000
7107280.527192 898845.774945 -545520.378314
753.167490 -1560.739037 7344.184293
UTC=2024-01-09T21:36:02.000000
7141015.760842 704655.814113 337733.927556
-192.019691 -1668.848675 7357.654207
UTC=2024-01-09T21:38:02.000000
7061239.820535 500011.798675 1215745.322325
-1136.105408 -1734.746878 7256.902334
UTC=2024-01-09T21:40:02.000000
6869012.581525 290041.812114 2074879.748470
-2063.646912 -1757.545431 7043.442299
UTC=2024-01-09T21:42:02.000000
6567234.513602 79923.904755 2901793.513209
-2959.456746 -1737.300172 6720.591301
UTC=2024-01-09T21:44:02.000000
6160599.889625 -125227.048975 3683646.146680
-3808.869895 -1675.005674 6293.407103
UTC=2024-01-09T21:46:02.000000
5655518.317563 -320470.328306 4408303.899416
-4598.001931 -1572.561827 5768.591279
UTC=2024-01-09T21:48:02.000000
5060007.366186 -501145.213585 5064530.183154
-5313.976586 -1432.727770 5154.374809
UTC=2024-01-09T21:50:02.000000
4383557.845100 -662970.609557 5642160.786482
-5945.150716 -1259.057805 4460.371724
UTC=2024-01-09T21:52:02.000000
3636974.451543 -802135.294616 6132259.549953
-6481.295869 -1055.813737 3697.407128
UTC=2024-01-09T21:54:02.000000
2832196.658907 -915377.298097 6527253.362664
-6913.751792 -827.871594 2877.342290
UTC=2024-01-09T21:56:02.000000
1982102.668865 -1000051.445465 6821045.181228
-7235.551662 -580.617143 2012.886414
UTC=2024-01-09T21:58:02.000000
1100299.692897 -1054183.879278 7009104.463137
-7441.528175 -319.833685 1117.404295
UTC=2024-01-09T22:00:02.000000
200903.218253 -1076512.517195 7088533.270495
-7528.385645 -51.580189 204.706766
UTC=2024-01-09T22:02:02.000000
-701690.101029 -1066512.734966 7058107.575707
-7494.738248 217.931911 -711.152081
UTC=2024-01-09T22:04:02.000000
-1593032.783904 -1024408.184571 6918294.401219
-7341.125262 482.464116 -1616.075506
UTC=2024-01-09T22:06:02.000000
-2458857.213728 -951166.318789 6671244.911434
-7070.001288 735.879379 -2496.124199
UTC=2024-01-09T22:08:02.000000
-3285303.775830 -848478.708119 6320763.828001
-6685.705726 972.266669 -3337.710523
UTC=2024-01-09T22:10:02.000000
-4059144.376011 -718726.643961 5872255.250561
-6194.413266 1186.061054 -4127.800399
UTC=2024-01-09T22:12:02.000000
-4767997.925584 -564932.650586 5332643.943862
-5604.049414 1372.159533 -4854.116992
UTC=2024-01-09T22:14:02.000000
-5400533.740866 -390698.296149 4710272.482249
-4924.172964 1526.031810 -5505.338866
UTC=2024-01-09T22:16:02.000000
-5946658.980010 -200129.387013 4014775.385515
-4165.828621 1643.820084 -6071.285043
UTC=2024-01-09T22:18:02.000000
-6397686.548003 2250.160206 3256932.004661
-3341.370087 1722.427077 -6543.081562
UTC=2024-01-09T22:20:02.000000
-6746480.833024 211594.202559 2448500.505842
-2464.266990 1759.591075 -6913.314091
UTC=2024-01-09T22:22:02.000000
-6987578.338193 422838.268462 1602034.104088
-1548.878154 1753.942223 -7176.166543
UTC=2024-01-09T22:24:02.000000
-7117279.625172 630808.846291 730682.521089
-610.202707 1705.037652 -7327.528830
UTC=2024-01-09T22:26:02.000000
-7133710.310530 830335.900806 -152017.680721
336.386524 1613.379390 -7365.073619
UTC=2024-01-09T22:28:02.000000
-7036849.273999 1016366.221517 -1032359.840064
1275.421534 1480.409595 -7288.296489
UTC=2024-01-09T22:30:02.000000
-6828523.388719 1184074.731140 -1896686.237146
2191.614850 1308.482020 -7098.513997
UTC=2024-01-09T22:32:02.000000
-6512370.266669 1328971.415311 -2731605.047428
3070.118059 1100.819148 -6798.835986
UTC=2024-01-09T22:34:02.000000
-6093769.526262 1447002.017149 -3524202.859321
3896.791347 861.447464 -6394.111882
UTC=2024-01-09T22:36:02.000000
-5579742.516009 1534639.320602 -4262247.263002
4658.449146 595.109407 -5890.821994
UTC=2024-01-09T22:38:02.000000
-4978825.057802 1588963.416116 -4934375.050244
5343.068855 307.167026 -5296.950093
UTC=2024-01-09T22:40:02.000000
-4300916.513147 1607729.592594 -5530263.969519
5939.975433 3.492546 -4621.834905
UTC=2024-01-09T22:42:02.000000
-3557108.766952 1589422.586324 -6040785.505338
6439.990758 -309.648890 -3876.005639
UTC=2024-01-09T22:44:02.000000
-2759499.039237 1533296.327300 -6458137.595083
6835.555621 -625.723567 -3071.011163
UTC=2024-01-09T22:46:02.000000
-1920989.506606 1439398.723391 -6775956.172775
7120.827734 -938.052695 -2219.237557
UTC=2024-01-09T22:48:02.000000
-1055076.967221 1308581.495140 -6989404.006779
7291.745806 -1239.939954 -1333.714240
UTC=2024-01-09T22:50:02.000000
-175637.025088 1142494.591717 -7095236.745215
7346.061734 -1524.798221 -427.928945
UTC=2024-01-09T22:52:02.000000
703294.390668 943565.832807 -7091847.027912
7283.352629 -1786.270322 484.350982
UTC=2024-01-09T22:54:02.000000
1567740.653897 714965.942364 -6979287.498521
7105.029838 -2018.352363 1389.259866
UTC=2024-01-09T22:56:02.000000
2404003.348458 460558.862158 -6759270.360326
6814.310591 -2215.513666 2273.035775
UTC=2024-01-09T22:58:02.000000
3198876.019520 184838.346410 -6435143.760419
6416.167995 -2372.805771 3122.206679
UTC=2024-01-09T23:00:02.000000
3939850.833423 -107148.355251 -6011845.460879
5917.257463 -2485.969650 3923.782120
UTC=2024-01-09T23:02:02.000000
4615314.802187 -409889.084953 -5495834.139525
5325.821338 -2551.530361 4665.433379
UTC=2024-01-09T23:04:02.000000
5214734.076111 -717506.081864 -4894999.146847
4651.582834 -2566.883393 5335.676756
UTC=2024-01-09T23:06:02.000000
5728823.463827 -1023865.013650 -4218547.639611
3905.602967 -2530.367526 5924.062234
UTC=2024-01-09T23:08:02.000000
6149697.061121 -1322691.677899 -3476870.148793
3100.112617 -2441.320978 6421.344840
UTC=2024-01-09T23:10:02.000000
6470997.464736 -1607694.487377 -2681386.148336
2248.322229 -2300.120630 6819.646156
UTC=2024-01-09T23:12:02.000000
6688000.728523 -1872690.417617 -1844371.146413
1364.207795 -2108.200009 7112.600099
UTC=2024-01-09T23:14:02.000000
6797694.190618 -2111731.666314 -978767.607344
462.274124 -1868.042895 7295.474577
UTC=2024-01-09T23:16:02.000000
6798825.133729 -2319230.197938 -97983.008248
-442.693448 -1583.155407 7365.264946
UTC=2024-01-09T23:18:02.000000
6691918.978033 -2490077.668093 784321.753726
-1335.888782 -1258.015356 7320.760535
UTC=2024-01-09T23:20:02.000000
6479265.887619 -2619757.634203 1654449.869609
-2202.749602 -897.995969 7162.575677
UTC=2024-01-09T23:22:02.000000
6164875.656587 -2704447.625912 2498887.655049
-3029.220828 -509.272729 6893.143470
UTC=2024-01-09T23:24:02.000000
5754401.817531 -2741108.682933 3304520.506169
-3802.002190 -98.707883 6516.672889
UTC=2024-01-09T23:26:02.000000
5255036.690294 -2727559.987174 4058841.691490
-4508.784227 326.281317 6039.068640
UTC=2024-01-09T23:28:02.000000
4675380.262848 -2662537.124930 4750149.215853
-5138.445196 757.862301 5467.819147
UTC=2024-01-09T23:30:02.000000
4025287.004571 -2545733.378364 5367728.750097
-5681.228306 1187.930719 4811.874616
UTC=2024-01-09T23:32:02.000000
3315691.987607 -2377823.127465 5902019.947010
-6128.903096 1608.266016 4081.487996
UTC=2024-01-09T23:34:02.000000
2558420.609047 -2160466.322822 6344761.968169
-6474.876769 2010.687731 3288.035230
UTC=2024-01-09T23:36:02.000000
1765986.828465 -1896294.722742 6689117.429777
-6714.278119 2387.204229 2443.833154
UTC=2024-01-09T23:38:02.000000
951382.864816 -1588880.349761 6929773.837136
-6844.014626 2730.160561 1561.946932
UTC=2024-01-09T23:40:02.000000
127863.827918 -1242686.398284 7063021.336162
-6862.798572 3032.382017 655.988268
UTC=2024-01-09T23:42:02.000000
-691268.836231 -863001.437685 7086806.189000
-6771.142718 3287.308564 -260.086311
UTC=2024-01-09T23:44:02.000000
-1492881.964065 -455858.106698 7000760.145370
-6571.332961 3489.119485 -1172.174766
UTC=2024-01-09T23:46:02.000000
-2264220.823345 -27937.197184 6806205.890116
-6267.380399 3632.851456 -2066.230584
UTC=2024-01-09T23:48:02.000000
-2993112.097308 413541.645995 6506138.330777
-5864.950908 3714.503475 -2928.463561
UTC=2024-01-09T23:50:02.000000
-3668157.175841 860941.039942 6105181.714685
-5371.273275 3731.128138 -3745.541542
UTC=2024-01-09T23:52:02.000000
-4278913.149395 1306337.022229 5609522.641431
-4795.026104 3680.907983 -4504.791026
UTC=2024-01-09T23:54:02.000000
-4816058.714225 1741658.465435 5026819.076164
-4146.199153 3563.216611 -5194.395325
UTC=2024-01-09T23:56:02.000000
-5271541.980799 2158832.746626 4366085.900603
-3435.930121 3378.660229 -5803.587185
UTC=2024-01-09T23:58:02.000000
-5638707.145215 2549934.840284 3637558.062099
-2676.316407 3129.093185 -6322.827526
