UTC=2024-01-23T00:00:02.000000
2588277.684927 -317320.555346 -6699364.549967
5864.343305 -4011.241746 2456.204147
UTC=2024-01-23T00:02:02.000000
3266195.088069 -801018.351593 -6353773.435324
5419.742480 -4038.795294 3296.324461
UTC=2024-01-23T00:04:02.000000
3885692.019541 -1283815.503990 -5910258.020112
4892.088381 -3995.990802 4086.184240
UTC=2024-01-23T00:06:02.000000
4437338.304940 -1757207.048073 -5375587.484065
4290.522902 -3882.000667 4813.617110
UTC=2024-01-23T00:08:02.000000
4912871.528109 -2212663.578015 -4757939.495551
3625.340760 -3697.250941 5467.346062
UTC=2024-01-23T00:10:02.000000
5305325.698894 -2641783.324574 -4066782.568531
2907.826102 -3443.445152 6037.162802
UTC=2024-01-23T00:12:02.000000
5609139.545391 -3036445.851308 -3312737.568232
2150.075915 -3123.567274 6514.097612
UTC=2024-01-23T00:14:02.000000
5820242.497488 -3388964.699938 -2507419.260707
1364.803458 -2741.860475 6890.580888
UTC=2024-01-23T00:16:02.000000
5936115.734359 -3692235.816137 -1663259.625177
565.121000 -2303.777988 7160.582562
UTC=2024-01-23T00:18:02.000000
5955826.728645 -3939878.652093 -793316.069023
-235.683757 -1815.910912 7319.726898
UTC=2024-01-23T00:20:02.000000
5880036.258792 -4126366.933128 88932.895968
-1024.382632 -1285.886869 7365.383106
UTC=2024-01-23T00:22:02.000000
5710977.167183 -4247145.851668 969800.797815
-1788.042430 -722.247224 7296.723419
UTC=2024-01-23T00:24:02.000000
5452404.745745 -4298733.089196 1835611.529262
-2514.260794 -134.297761 7114.749503
UTC=2024-01-23T00:26:02.000000
5109519.407541 -4278800.224142 2672918.278108
-3191.390247 468.065026 6822.274194
UTC=2024-01-23T00:28:02.000000
4688863.884869 -4186233.050826 3468717.828545
-3808.737522 1074.531006 6423.867086
UTC=2024-01-23T00:30:02.000000
4198197.883464 -4021170.132451 4210656.858358
-4356.740969 1674.561831 5925.774396
UTC=2024-01-23T00:32:02.000000
3646352.491925 -3785018.863160 4887226.935920
-4827.130936 2257.581758 5335.810360
UTC=2024-01-23T00:34:02.000000
3043067.047677 -3480448.041813 5487944.295069
-5213.056466 2813.174702 4663.212430
UTC=2024-01-23T00:36:02.000000
2398813.325548 -3111357.604570 6003511.273012
-5509.175184 3331.268329 3918.484544
UTC=2024-01-23T00:38:02.000000
1724609.995633 -2682826.497823 6425957.872628
-5711.722813 3802.313401 3113.218748
UTC=2024-01-23T00:40:02.000000
1031831.038608 -2201039.927902 6748760.958316
-5818.544867 4217.448046 2259.906096
UTC=2024-01-23T00:42:02.000000
332011.871689 -1673197.478548 6966940.627811
-5829.104006 4568.652511 1371.742628
UTC=2024-01-23T00:44:02.000000
-363343.636734 -1107403.475858 7077132.844880
-5744.457840 4848.890208 462.430568
UTC=2024-01-23T00:46:02.000000
-1042952.193356 -512541.168185 7077638.189892
-5567.216144 5052.235100 -454.022296
UTC=2024-01-23T00:48:02.000000
-1695933.832548 101867.292065 6968446.490417
-5301.479457 5173.982399 -1363.503552
UTC=2024-01-23T00:50:02.000000
-2311986.047774 725813.329986 6751237.130560
-4952.756091 5210.744140 -2252.000119
UTC=2024-01-23T00:52:02.000000
-2881546.835323 1348964.743722 6429354.939310
-4527.860870 5160.525638 -3105.801444
UTC=2024-01-23T00:54:02.000000
-3395944.437715 1960836.538291 6007761.893909
-4034.795444 5022.783172 -3911.698291
UTC=2024-01-23T00:56:02.000000
-3847531.944089 2550967.630212 5492965.123972
-3482.615143 4798.464084 -4657.180824
UTC=2024-01-23T00:58:02.000000
-4229804.689920 3109101.021176 4892920.943714
-2881.274727 4490.022276 -5330.638349
UTC=2024-01-23T01:00:02.000000
-4537498.127403 3625363.974618 4216915.567314
-2241.458720 4101.403829 -5921.546786
UTC=2024-01-23T01:02:02.000000
-4766664.481491 4090445.002352 3475424.057004
-1574.396768 3638.008145 -6420.644240
UTC=2024-01-23T01:04:02.000000
-4914726.374599 4495764.570107 2679949.055908
-891.665143 3106.621705 -6820.091196
UTC=2024-01-23T01:06:02.000000
-4980506.061427 4833636.164001 1842841.480360
-204.979712 2515.322713 -7113.611493
UTC=2024-01-23T01:08:02.000000
-4964229.458265 5097413.645536 977105.568674
474.016199 1873.347739 -7296.608664
UTC=2024-01-23T01:10:02.000000
-4867504.960333 5281621.048886 96192.250051
1133.958466 1190.936339 -7366.245142
UTC=2024-01-23T01:12:02.000000
-4693277.793622 5382062.983770 -786215.465125
1763.964587 479.161512 -7321.498383
UTC=2024-01-23T01:14:02.000000
-4445759.817560 5395912.816098 -1656422.332102
2353.840670 -250.274362 -7163.185675
UTC=2024-01-23T01:16:02.000000
-4130335.668887 5321775.116070 -2500939.957491
2894.260042 -985.254225 -6893.929994
UTC=2024-01-23T01:18:02.000000
-3753449.428375 5159722.662930 -3306700.721411
3376.917671 -1713.463570 -6518.109359
UTC=2024-01-23T01:20:02.000000
-3322473.473474 4911306.420994 -4061263.006990
3794.666169 -2422.616865 -6041.760063
UTC=2024-01-23T01:22:02.000000
-2845563.274589 4579539.196385 -4753003.029751
4141.616000 -3100.670449 -5472.454318
UTC=2024-01-23T01:24:02.000000
-2331501.822873 4168854.394482 -5371290.690966
4413.206980 -3736.022947 -4819.156311
UTC=2024-01-23T01:26:02.000000
-1789537.298042 3685041.645120 -5906647.691128
4606.252230 -4317.703730 -4092.072801
UTC=2024-01-23T01:28:02.000000
-1229216.546495 3135159.860383 -6350886.813782
4718.962648 -4835.558210 -3302.485129
UTC=2024-01-23T01:30:02.000000
-660217.276509 2527429.164707 -6697229.791478
4750.943233 -5280.412590 -2462.562384
UTC=2024-01-23T01:32:02.000000
-92182.410660 1871104.686721 -6940402.435326
4703.161612 -5644.212315 -1585.173031
UTC=2024-01-23T01:34:02.000000
465440.538380 1176334.579581 -7076707.630590
4577.897643 -5920.147784 -683.702480
UTC=2024-01-23T01:36:02.000000
1003553.453354 454003.975838 -7104076.244754
4378.683628 -6102.762724 228.133117
UTC=2024-01-23T01:38:02.000000
1513553.353041 -284433.395577 -7022095.315506
4110.224042 -6188.051329 1136.479801
UTC=2024-01-23T01:40:02.000000
1987467.180517 -1027133.825980 -6832012.980553
3778.295789 -6173.529569 2027.537023
UTC=2024-01-23T01:42:02.000000
2418074.237060 -1762049.633220 -6536721.137451
3389.643200 -6058.289901 2887.740758
UTC=2024-01-23T01:44:02.000000
2799015.321487 -2477120.690808 -6140715.843201
2951.859258 -5843.037189 3703.948199
UTC=2024-01-23T01:46:02.000000
3124887.122420 -3160469.690986 -5650036.160615
2473.261534 -5530.117603 4463.617842
UTC=2024-01-23T01:48:02.000000
3391321.024115 -3800599.595492 -5072179.848569
1962.751286 -5123.518099 5155.013293
UTC=2024-01-23T01:50:02.000000
3595043.559373 -4386588.106256 -4415995.411607
1429.653279 -4628.821697 5767.385962
UTC=2024-01-23T01:52:02.000000
3733917.867830 -4908275.828785 -3691553.816147
883.560431 -4053.149605 6291.137461
UTC=2024-01-23T01:54:02.000000
3806966.392482 -5356446.408974 -2910000.556962
334.173551 -3405.082335 6717.984875
UTC=2024-01-23T01:56:02.000000
3814373.397037 -5722995.100274 -2083388.082493
-208.874403 -2694.542322 7041.119742
UTC=2024-01-23T01:58:02.000000
3757466.305899 -6001080.683219 -1224490.863450
-736.191831 -1932.639140 7255.335612
UTC=2024-01-23T02:00:02.000000
3638676.506413 -6185257.765990 -346606.583460
-1238.800066 -1131.494519 7357.134743
UTC=2024-01-23T02:02:02.000000
3461479.460628 -6271585.918088 536653.686746
-1708.303385 -304.033175 7344.799644
UTC=2024-01-23T02:04:02.000000
3230315.630347 -6257712.911001 1411581.487676
-2137.037484 536.237294 7218.429832
UTC=2024-01-23T02:06:02.000000
2950494.251107 -6142930.303982 2264590.244873
-2518.210086 1375.471349 6979.954476
UTC=2024-01-23T02:08:02.000000
2628081.046243 -5928198.707722 3082432.732748
-2846.023203 2199.737856 6633.090523
UTC=2024-01-23T02:10:02.000000
2269773.038347 -5616143.318441 3852411.592076
-3115.766053 2995.265098 6183.271347
UTC=2024-01-23T02:12:02.000000
1882763.821407 -5211020.404215 4562579.869891
-3323.883334 3748.680649 5637.552293
UTC=2024-01-23T02:14:02.000000
1474601.944324 -4718655.057171 5201928.358077
-3468.018695 4447.247024 5004.483921
UTC=2024-01-23T02:16:02.000000
1053045.729522 -4146351.931563 5760556.591662
-3547.034983 5079.078586 4293.969192
UTC=2024-01-23T02:18:02.000000
625916.654052 -3502780.230958 6229824.976417
-3561.013226 5633.350331 3517.087580
UTC=2024-01-23T02:20:02.000000
200954.979971 -2797835.817593 6602484.514848
-3511.218749 6100.468974 2685.905181
UTC=2024-01-23T02:22:02.000000
-214319.393030 -2042484.349177 6872783.962861
-3400.048504 6472.220935 1813.286628
UTC=2024-01-23T02:24:02.000000
-612738.708147 -1248587.855919 7036554.242206
-3230.962212 6741.900541 912.705175
UTC=2024-01-23T02:26:02.000000
-987610.073810 -428716.694849 7091269.802009
-3008.399305 6904.425256 -1.954575
UTC=2024-01-23T02:28:02.000000
-1332827.332590 404050.733639 7036085.566518
-2737.681986 6956.422206 -916.603782
UTC=2024-01-23T02:30:02.000000
-1642970.425707 1236337.016133 6871849.108684
-2424.903366 6896.288885 -1817.154385
UTC=2024-01-23T02:32:02.000000
-1913390.725218 2054680.618758 6601088.391856
-2076.806813 6724.230080 -2689.721577
UTC=2024-01-23T02:34:02.000000
-2140281.387986 2845753.869542 6227975.276065
-1700.656337 6442.272577 -3520.825455
UTC=2024-01-23T02:36:02.000000
-2320731.639873 3596581.202915 5758264.845937
-1304.098943 6054.253355 -4297.591630
UTC=2024-01-23T02:38:02.000000
-2452764.320065 4294754.326287 5199211.188491
-895.024484 5565.782396 -5007.943409
UTC=2024-01-23T02:40:02.000000
-2535356.353755 4928641.506053 4559459.907326
-481.419238 4984.178345 -5640.797426
UTC=2024-01-23T02:42:02.000000
-2568441.254081 5487586.966012 3848917.767824
-71.215163 4318.369508 -6186.247502
UTC=2024-01-23T02:44:02.000000
-2552893.609760 5962096.434030 3078600.937944
327.860134 3578.760569 -6635.736665
UTC=2024-01-23T02:46:02.000000
-2490495.701832 6344004.676120 2260464.002077
708.429816 2777.068526 -6982.204209
UTC=2024-01-23T02:48:02.000000
-2383886.903438 6626621.976971 1407212.592285
1063.609091 1926.134157 -7220.212558
UTC=2024-01-23T02:50:02.000000
-2236496.545643 6804856.184547 532102.381486
1387.137469 1039.704872 -7346.045880
UTC=2024-01-23T02:52:02.000000
-2052461.864368 6875307.459950 -351271.969316
1673.495047 132.197500 -7357.779044
UTC=2024-01-23T02:54:02.000000
-1836532.951732 6836333.646470 -1229194.395624
1918.003423 -781.553771 -7255.319053
UTC=2024-01-23T02:56:02.000000
-1593966.230093 6688083.776715 -2088048.232675
2116.915079 -1686.579267 -7040.410466
UTC=2024-01-23T02:58:02.000000
-1330408.916136 6432497.273186 -2914533.594417
2267.471307 -2568.051439 -6716.575534
UTC=2024-01-23T03:00:02.000000
-1051778.207047 6073271.976677 -3695875.937275
2367.934817 -3411.531008 -6289.033541
UTC=2024-01-23T03:02:02.000000
-764137.811173 5615803.025102 -4420024.221131
2417.601323 -4203.209574 -5764.604961
UTC=2024-01-23T03:04:02.000000
-473574.290840 5067093.008789 -5075835.553987
2416.791154 -4930.140348 -5151.581194
UTC=2024-01-23T03:06:02.000000
-186075.588163 4435636.212243 -5653242.968845
2366.821460 -5580.441186 -4459.577707
UTC=2024-01-23T03:08:02.000000
92585.975362 3731279.375276 -6143404.787356
2269.959224 -6143.482980 -3699.371427
UTC=2024-01-23T03:10:02.000000
356963.824249 2965061.295820 -6538833.188167
2129.353688 -6610.051191 -2882.718370
UTC=2024-01-23T03:12:02.000000
602038.133995 2149035.179029 -6833500.417944
1948.953809 -6972.471836 -2022.166197
UTC=2024-01-23T03:14:02.000000
823306.472259 1296077.502375 -7022922.839829
1733.417549 -7224.714013 -1130.871990
UTC=2024-01-23T03:16:02.000000
1016862.773639 419685.439081 -7104222.813286
1488.008755 -7362.475305 -222.413571
UTC=2024-01-23T03:18:02.000000
1179463.599583 -466234.381090 -7076167.859041
1218.488346 -7383.242631 689.399712
UTC=2024-01-23T03:20:02.000000
1308580.769198 -1347583.025252 -6939186.744232
930.996573 -7286.326928 1590.721329
UTC=2024-01-23T03:22:02.000000
1402439.791962 -2210288.871189 -6695362.886865
631.935104 -7072.872933 2467.850013
UTC=2024-01-23T03:24:02.000000
1460044.141276 -3040527.636195 -6348406.239029
327.847917 -6745.857304 3307.408166
UTC=2024-01-23T03:26:02.000000
1481184.779255 -3824941.572290 -5903603.318302
25.294331 -6310.074163 4096.530460
UTC=2024-01-23T03:28:02.000000
1466434.392654 -4550854.761064 -5367743.671835
-269.276565 -5772.079933 4823.063870
UTC=2024-01-23T03:30:02.000000
1417126.870380 -5206479.482753 -4749023.440791
-549.647567 -5140.106630 5475.746468
UTC=2024-01-23T03:32:02.000000
1335322.066351 -5781111.655329 -4056928.035296
-809.957119 -4423.963962 6044.382732
UTC=2024-01-23T03:34:02.000000
1223755.867314 -6265312.377654 -3302093.387442
-1044.818389 -3634.902399 6520.020583
UTC=2024-01-23T03:36:02.000000
1085776.681698 -6651070.979526 -2496147.189219
-1249.426564 -2785.445639 6895.107537
UTC=2024-01-23T03:38:02.000000
925269.625038 -6931946.520536 -1651532.283252
-1419.657132 -1889.197241 7163.632283
UTC=2024-01-23T03:40:02.000000
746569.380434 -7103184.207825 -781314.306448
-1552.155424 -960.616321 7321.243753
UTC=2024-01-23T03:42:02.000000
554363.409470 -7161803.303447 101023.132570
-1644.406356 -14.768687 7365.338139
UTC=2024-01-23T03:44:02.000000
353587.920936 -7106654.444300 981791.593778
-1694.786502 932.932585 7295.112149
UTC=2024-01-23T03:46:02.000000
149318.691966 -6938445.210033 1847315.727626
-1702.596898 1866.997460 7111.588833
UTC=2024-01-23T03:48:02.000000
-53340.808326 -6659732.652639 2684152.251524
-1668.075095 2772.138485 6817.607997
UTC=2024-01-23T03:50:02.000000
-249371.423644 -6274882.089133 3479305.331646
-1592.385673 3633.551671 6417.774777
UTC=2024-01-23T03:52:02.000000
-433948.004003 -5789993.087233 4220432.972239
-1477.590488 4437.176296 5918.363134
UTC=2024-01-23T03:54:02.000000
-602544.224156 -5212796.396584 4896040.795982
-1326.598389 5169.925467 5327.206548
UTC=2024-01-23T03:56:02.000000
-751030.258297 -4552523.540648 5495661.244033
-1143.095622 5819.906634 4653.559855
UTC=2024-01-23T03:58:02.000000
-875761.165788 -3819751.900374 6010014.986058
-931.462730 6376.612518 3907.944921
UTC=2024-01-23T04:00:02.000000
-973654.584060 -3026227.814448 6431152.365173
-696.678002 6831.092486 3101.967922
UTC=2024-01-23T04:02:02.000000
-1042255.990501 -2184671.975853 6752571.616689
-444.208520 7176.074744 2248.122726
UTC=2024-01-23T04:04:02.000000
-1079790.591630 -1308572.161960 6969314.362587
-179.896910 7406.061945 1359.608144
UTC=2024-01-23T04:06:02.000000
-1085201.445451 -411965.000094 7078038.746139
90.155169 7517.415437 450.132926
UTC=2024-01-23T04:08:02.000000
-1058173.155931 490790.345940 7077068.207260
359.711844 7508.403458 -466.290266
UTC=2024-01-23T04:10:02.000000
-999140.193644 1385242.552902 6966415.904920
622.532730 7379.223739 -1375.546331
UTC=2024-01-23T04:12:02.000000
-909279.755331 2257079.736678 6747784.665256
872.500382 7131.999551 -2263.623275
UTC=2024-01-23T04:14:02.000000
-790489.539473 3092358.913665 6424542.387974
1103.744151 6770.748573 -3116.815304
UTC=2024-01-23T04:16:02.000000
-645350.926583 3877730.298422 6001673.275336
1310.759771 6301.328676 -3921.923925
UTC=2024-01-23T04:18:02.000000
-477077.941628 4600653.355453 5485704.805262
1488.526276 5731.352774 -4666.458316
UTC=2024-01-23T04:20:02.000000
-289452.719569 5249601.197654 4884611.476266
1632.613317 5070.083349 -5338.824527
UTC=2024-01-23T04:22:02.000000
-86748.517715 5814250.735018 4207695.248698
1739.281846 4328.292048 -5928.524325
UTC=2024-01-23T04:24:02.000000
126358.475083 6285652.830224 3465443.955191
1805.567206 3518.079041 -6426.313059
UTC=2024-01-23T04:26:02.000000
344886.317867 6656382.463888 2669371.892186
1829.350798 2652.715387 -6824.360990
UTC=2024-01-23T04:28:02.000000
563652.998868 6920665.373096 1831838.979283
1809.423918 1746.395895 -7116.423229
UTC=2024-01-23T04:30:02.000000
777387.612512 7074473.341096 965854.710974
1745.517893 813.986628 -7297.934339
UTC=2024-01-23T04:32:02.000000
980844.409291 7115589.560289 84871.322395
1638.321460 -129.233015 -7366.091524
UTC=2024-01-23T04:34:02.000000
1168917.399477 7043641.983057 -797431.077119
1489.471497 -1067.842992 -7319.905047
UTC=2024-01-23T04:36:02.000000
1336752.370612 6860103.606848 -1667363.063651
1301.520555 -1986.557186 -7160.208072
UTC=2024-01-23T04:38:02.000000
1479853.992020 6568260.442953 -2511443.648105
1077.887844 -2870.488758 -6889.635303
UTC=2024-01-23T04:40:02.000000
1594185.981374 6173147.958545 -3316613.606330
822.792293 -3705.409138 -6512.569732
UTC=2024-01-23T04:42:02.000000
1676262.186985 5681457.254621 -4070440.391726
541.168535 -4477.991978 -6035.055863
UTC=2024-01-23T04:44:02.000000
1723226.673608 5101413.238033 -4761310.720082
238.567747 -5176.034900 -5464.681231
UTC=2024-01-23T04:46:02.000000
1732921.044966 4442627.970839 -5378607.203635
-78.955129 -5788.649504 -4810.430749
UTC=2024-01-23T04:48:02.000000
1703937.798994 3715933.432639 -5912866.607693
-404.960360 -6306.415811 -4082.528744
UTC=2024-01-23T04:50:02.000000
1635659.017011 2933197.114498 -6355918.636440
-732.749742 -6721.515373 -3292.269447
UTC=2024-01-23T04:52:02.000000
1528279.566645 2107123.541294 -6701003.112965
-1055.496209 -7027.828671 -2451.829323
UTC=2024-01-23T04:54:02.000000
1382815.036617 1251046.402622 -6942864.809618
-1366.369010 -7220.998291 -1574.084761
UTC=2024-01-23T04:56:02.000000
1201094.510940 378714.068077 -7077826.517411
-1658.662423 -7298.475981 -672.427623
UTC=2024-01-23T04:58:02.000000
985737.829757 -495928.952286 -7103839.407027
-1925.923951 -7259.542504 239.426107
UTC=2024-01-23T05:00:02.000000
740117.738338 -1358961.427896 -7020510.326300
-2162.077264 -7105.301081 1147.629827
UTC=2024-01-23T05:02:02.000000
468307.883393 -2196702.229788 -6829106.287002
-2361.535538 -6838.643362 2038.389915
UTC=2024-01-23T05:04:02.000000
175017.332135 -2995922.543109 -6532537.712161
-2519.314472 -6464.209942 2898.140298
UTC=2024-01-23T05:06:02.000000
-134488.453112 -3744052.711848 -6135319.398126
-2631.141590 -5988.331986 3713.741582
UTC=2024-01-23T05:08:02.000000
-454478.615611 -4429379.424667 -5643507.730697
-2693.547439 -5418.933800 4472.669418
UTC=2024-01-23T05:10:02.000000
-778858.500923 -5041230.600886 -5064616.117906
-2703.951946 -4765.425200 5163.195467
UTC=2024-01-23T05:12:02.000000
-1101281.033619 -5570145.937108 -4407508.321668
-2660.739230 -4038.567979 5774.572646
UTC=2024-01-23T05:14:02.000000
-1415266.018272 -6008029.696699 -3682269.907158
-2563.314314 -3250.313788 6297.213353
UTC=2024-01-23T05:16:02.000000
-1714325.073873 -6348282.485370 -2900059.120659
-2412.140421 -2413.617256 6722.853009
UTC=2024-01-23T05:18:02.000000
-1992089.918188 -6585909.467151 -2072939.088642
-2208.757210 -1542.230484 7044.698640
UTC=2024-01-23T05:20:02.000000
-2242441.467313 -6717602.627544 -1213693.041860
-1955.775380 -650.475164 7257.561493
UTC=2024-01-23T05:22:02.000000
-2459636.870030 -6741794.422059 -335625.181314
-1656.848144 247.005242 7357.962576
UTC=2024-01-23T05:24:02.000000
-2638431.720653 -6658680.810329 547649.210737
-1316.618904 1135.506326 7344.205267
UTC=2024-01-23T05:26:02.000000
-2774194.524565 -6470212.823820 1422420.256452
-940.644895 2000.524809 7216.413226
UTC=2024-01-23T05:28:02.000000
-2863010.706068 -6180056.797538 2275102.527123
-535.299521 2828.018564 6976.534475
UTC=2024-01-23T05:30:02.000000
-2901773.676810 -5793523.836348 3092452.284387
-107.654737 3604.657162 6628.307005
UTC=2024-01-23T05:32:02.000000
-2888260.782389 -5317470.318074 3861778.434471
334.652410 4318.053219 6177.189245
UTC=2024-01-23T05:34:02.000000
-2821192.598564 -4760172.015478 4571143.241511
783.562825 4956.970005 5630.259766
UTC=2024-01-23T05:36:02.000000
-2700274.725306 -4131174.845847 5209549.442750
1230.743753 5511.503402 4996.091913
UTC=2024-01-23T05:38:02.000000
-2526221.262878 -3441125.248984 5767110.974039
1667.746986 5973.239261 4284.604803
UTC=2024-01-23T05:40:02.000000
-2300758.931074 -2701583.812811 6235204.110871
2086.169732 6335.371870 3506.888658
UTC=2024-01-23T05:42:02.000000
-2026612.343045 -1924827.031203 6606597.355152
2477.808637 6592.787373 2675.027086
UTC=2024-01-23T05:44:02.000000
-1707470.986485 -1123640.184611 6875559.588721
2834.810760 6742.129339 1801.909666
UTC=2024-01-23T05:46:02.000000
-1347938.417835 -311103.905583 7037944.322481
3149.817053 6781.832676 901.021687
UTC=2024-01-23T05:48:02.000000
-953465.115010 499620.426244 7091249.068027
3416.092957 6712.114328 -13.752535
UTC=2024-01-23T05:50:02.000000
-530265.616502 1295503.685440 7034651.887608
3627.660312 6534.957291 -928.322498
UTC=2024-01-23T05:52:02.000000
-85220.308795 2063858.656048 6869023.679143
3779.418745 6254.067480 -1828.599245
UTC=2024-01-23T05:54:02.000000
374236.471218 2792542.786563 6596915.549440
3867.252612 5874.802285 -2700.702483
UTC=2024-01-23T05:56:02.000000
840240.178940 3470150.857447 6222521.737953
3888.121355 5404.076817 -3531.159680
UTC=2024-01-23T05:58:02.000000
1304629.849787 4086195.576886 5751618.714164
3840.136818 4850.254025 -4307.106469
UTC=2024-01-23T06:00:02.000000
1759090.234365 4631273.423292 5191480.333516
3722.624679 4223.010021 -5016.482909
UTC=2024-01-23T06:02:02.000000
2195300.262294 5097213.142857 4550769.648514
3536.167152 3533.177315 -5648.227751
UTC=2024-01-23T06:04:02.000000
2605085.075346 5477203.499476 3839408.118166
3282.620046 2792.558838 -6192.455946
UTC=2024-01-23T06:06:02.000000
2980568.893652 5765898.610487 3068424.777282
2965.109985 2013.743401 -6640.620835
UTC=2024-01-23T06:08:02.000000
3314326.151069 5959500.080037 2249785.383656
2588.006116 1209.892626 -6985.683591
UTC=2024-01-23T06:10:02.000000
3599526.977946 6055810.685347 1396203.321103
2156.853927 394.491124 -7222.238703
UTC=2024-01-23T06:12:02.000000
3830073.185231 6054259.121615 520938.068702
1678.286934 -418.886299 -7346.604405
UTC=2024-01-23T06:14:02.000000
4000722.759121 5955896.232317 -362416.193249
1159.921072 -1216.820605 -7356.892272
UTC=2024-01-23T06:16:02.000000
4107199.885670 5763361.582355 -1240147.817282
610.219712 -1986.290539 -7253.034349
UTC=2024-01-23T06:18:02.000000
4146287.824463 5480822.089736 -2098646.207508
38.344406 -2714.898949 -7036.780093
UTC=2024-01-23T06:20:02.000000
4115902.770766 5113883.920147 -2924618.124241
-546.013490 -3391.089919 -6711.660022
UTC=2024-01-23T06:22:02.000000
4015146.700263 4669479.564084 -3705297.397587
-1132.812994 -4004.344870 -6282.912848
UTC=2024-01-23T06:24:02.000000
3844338.317589 4155732.928187 -4428643.667114
-1711.846121 -4545.350109 -5757.376322
UTC=2024-01-23T06:26:02.000000
3605022.393558 3581806.421241 -5083526.789880
-2272.916650 -5006.131879 -5143.360796
UTC=2024-01-23T06:28:02.000000
3299957.393870 2957733.107620 -5659894.916323
-2806.022571 -5380.169080 -4450.500130
UTC=2024-01-23T06:30:02.000000
2933081.665499 2294237.357622 -6148923.217735
-3301.528890 -5662.471211 -3689.582050
UTC=2024-01-23T06:32:02.000000
2509459.521794 1602548.003157 -6543141.828167
-3750.331294 -5849.627029 -2872.370596
UTC=2024-01-23T06:34:02.000000
2035208.320038 894207.398437 -6836541.668041
-4144.006634 -5939.822716 -2011.416890
UTC=2024-01-23T06:36:02.000000
1517408.573857 180880.049256 -7024657.887727
-4474.947462 -5932.833335 -1119.877703
UTC=2024-01-23T06:38:02.000000
963998.037343 -525836.853488 -7104631.854636
-4736.496108 -5830.001066 -211.334194
UTC=2024-01-23T06:40:02.000000
383650.356617 -1214599.063327 -7075250.063547
-4923.062161 -5634.188545 700.408836
UTC=2024-01-23T06:42:02.000000
-214358.781675 -1874493.466750 -6936959.696011
-5030.217445 -5349.705880 1601.507223
UTC=2024-01-23T06:44:02.000000
-820296.669100 -2495207.204452 -6691862.794754
-5054.787996 -4982.234271 2478.255308
UTC=2024-01-23T06:46:02.000000
-1424128.911080 -3067186.954479 -6343687.942443
-4994.929776 -4538.732844 3317.282720
UTC=2024-01-23T06:48:02.000000
-2015682.315125 -3581785.208018 -5897738.681471
-4850.181474 -4027.319004 4105.739955
UTC=2024-01-23T06:50:02.000000
-2584813.486365 -4031391.883454 -5360820.312186
-4621.507136 -3457.144334 4831.477931
UTC=2024-01-23T06:52:02.000000
-3121581.645815 -4409550.224040 -4741144.517726
-4311.321309 -2838.253320 5483.238329
UTC=2024-01-23T06:54:02.000000
-3616422.550128 -4711054.116275 -4048211.177888
-3923.481217 -2181.416602 6050.838519
UTC=2024-01-23T06:56:02.000000
-4060319.862067 -4932024.696853 -3292669.140074
-3463.254433 -1497.954175 6525.338866
UTC=2024-01-23T06:58:02.000000
-4444971.312829 -5069965.058535 -2486157.397232
-2937.262355 -799.545559 6899.201969
UTC=2024-01-23T07:00:02.000000
-4762946.156882 -5123791.325209 -1641128.166906
-2353.391832 -98.027622 7166.432993
UTC=2024-01-23T07:02:02.000000
-5007830.264745 -5093839.108785 -770654.513176
-1720.677624 594.813422 7322.696469
UTC=2024-01-23T07:04:02.000000
-5174355.455919 -4981844.865606 111774.362074
-1049.158072 1267.451042 7365.404715
UTC=2024-01-23T07:06:02.000000
-5258510.056540 -4790902.234147 992466.768577
-349.706304 1908.826730 7293.777892
UTC=2024-01-23T07:08:02.000000
-5257627.665460 -4525393.553002 1857747.271641
366.163548 2508.553524 7108.866861
UTC=2024-01-23T07:10:02.000000
-5170451.693575 -4190897.883337 2694175.586912
1086.503894 3057.102162 6813.533819
UTC=2024-01-23T07:12:02.000000
-4997174.555828 -3794078.011190 3488761.096020
1799.148490 3545.965162 6412.399446
UTC=2024-01-23T07:14:02.000000
-4739450.838509 -3342549.202627 4229169.217298
2491.930996 3967.797144 5911.761302
UTC=2024-01-23T07:16:02.000000
-4400383.906381 -2844732.336166 4903916.118238
3152.908096 4316.533679 5319.477933
UTC=2024-01-23T07:18:02.000000
-3984486.427677 -2309694.908986 5502547.304427
3770.567688 4587.472738 4644.821070
UTC=2024-01-23T07:20:02.000000
-3497616.926879 -1746984.248932 6015797.988281
4334.022698 4777.325921 3898.321071
UTC=2024-01-23T07:22:02.000000
-2946893.412441 -1166455.753988 6435734.316311
4833.199886 4884.251116 3091.599931
UTC=2024-01-23T07:24:02.000000
-2340584.869406 -578098.499013 6755873.072715
5259.017469 4907.861140 2237.179292
UTC=2024-01-23T07:26:02.000000
-1687982.730435 8138.053342 6971277.294058
5603.539471 4849.195248 1348.273908
UTC=2024-01-23T07:28:02.000000
-999255.686356 582512.024065 7078627.495124
5860.100375 4710.664904 438.595732
UTC=2024-01-23T07:30:02.000000
-285290.261982 1135650.377755 7076269.819342
6023.420151 4495.994426 -477.840441
UTC=2024-01-23T07:32:02.000000
442481.600375 1658701.804491 6964240.173097
6089.703369 4210.139838 -1386.920660
UTC=2024-01-23T07:34:02.000000
1172265.662455 2143478.709539 6744263.751631
6056.718311 3859.188306 -2274.638958
UTC=2024-01-23T07:36:02.000000
1892096.466579 2582585.868297 6419729.785695
5923.849972 3450.238111 -3127.300006
UTC=2024-01-23T07:38:02.000000
2590033.520651 2969534.207842 5995642.575550
5692.133835 2991.271698 -3931.713909
UTC=2024-01-23T07:40:02.000000
3254360.554234 3298838.756797 5478548.923114
5364.271897 2491.017119 -4675.396362
UTC=2024-01-23T07:42:02.000000
3873784.780760 3566098.932018 4876441.145036
4944.612927 1958.791958 -5346.772634
UTC=2024-01-23T07:44:02.000000
4437631.407482 3768059.245428 4198637.020787
4439.099546 1404.336285 -5935.352237
UTC=2024-01-23T07:46:02.000000
4936031.964873 3902650.325537 3455639.664515
3855.215602 837.649836 -6431.903863
UTC=2024-01-23T07:48:02.000000
5360102.883012 3969008.875579 2658974.993797
3201.867960 268.801438 -6828.635000
UTC=2024-01-23T07:50:02.000000
5702107.861234 3967474.763722 1821011.501432
2489.247355 -292.254408 -7119.316367
UTC=2024-01-23T07:52:02.000000
5955602.553048 3899566.563297 954765.316792
1728.665349 -835.857442 -7299.400490
UTC=2024-01-23T07:54:02.000000
6115557.652300 3767935.384023 73692.894136
932.359571 -1352.821832 -7366.107353
UTC=2024-01-23T07:56:02.000000
6178457.088951 3576297.634938 -808524.251701
113.275836 -1834.605061 -7318.470333
UTC=2024-01-23T07:58:02.000000
6142369.396411 3329348.503012 -1678198.166816
-715.161412 -2273.460922 -7157.347819
UTC=2024-01-23T08:00:02.000000
6006990.670035 3032658.260971 -2521852.324370
-1539.290745 -2662.570319 -6885.398478
UTC=2024-01-23T08:02:02.000000
5773658.591020 2692554.253470 -3326434.677645
-2345.453752 -2996.151718 -6507.026308
UTC=2024-01-23T08:04:02.000000
5445337.786125 2315990.751852 -4079522.167793
-3120.232284 -3269.550448 -6028.294176
UTC=2024-01-23T08:06:02.000000
5026576.729669 1910409.608410 -4769513.367174
-3850.686977 -3479.303658 -5456.810399
UTC=2024-01-23T08:08:02.000000
4523436.691452 1483594.819278 -5385804.961867
-4524.576848 -3623.174380 -4801.575349
UTC=2024-01-23T08:10:02.000000
3943396.346958 1043524.949168 -5918949.411430
-5130.550775 -3700.155982 -4072.824933
UTC=2024-01-23T08:12:02.000000
3295234.006176 598226.154590 -6360793.290188
-5658.328291 -3710.457771 -3281.862350
UTC=2024-01-23T08:14:02.000000
2588889.237134 155628.243206 -6704594.366095
-6098.859140 -3655.468171 -2440.872736
UTC=2024-01-23T08:16:02.000000
1835307.288531 -276573.587672 -6945116.244187
-6444.452006 -3537.698396 -1562.737882
UTC=2024-01-23T08:18:02.000000
1046269.069360 -691049.481067 -7078701.144927
-6688.889731 -3360.713739 -660.855702
UTC=2024-01-23T08:20:02.000000
234207.780323 -1080956.432267 -7103320.279139
-6827.531411 -3129.046771 251.055481
UTC=2024-01-23T08:22:02.000000
-587984.417083 -1440048.350881 -7018600.732745
-6857.378489 -2848.096511 1159.145587
UTC=2024-01-23T08:24:02.000000
-1407157.029471 -1762773.850599 -6825830.537926
-6777.132752 -2524.024378 2049.613833
UTC=2024-01-23T08:26:02.000000
-2210107.793430 -2044360.960849 -6527941.150988
-6587.232942 -2163.638541 2908.903051
UTC=2024-01-23T08:28:02.000000
-2983791.777256 -2280887.119070 -6129466.872147
-6289.862191 -1774.266466 3723.885743
UTC=2024-01-23T08:30:02.000000
-3715530.557951 -2469333.962407 -5636482.718703
-5888.944810 -1363.629401 4482.041445
UTC=2024-01-23T08:32:02.000000
-4393220.147852 -2607626.617049 -5056520.172913
-5390.122916 -939.707250 5171.648867
UTC=2024-01-23T08:34:02.000000
-5005533.627550 -2694656.098113 -4398459.879443
-4800.692538 -510.594062 5781.972700
UTC=2024-01-23T08:36:02.000000
-5542114.575786 -2730284.314885 -3672402.876523
-4129.516022 -84.353041 6303.437028
UTC=2024-01-23T08:38:02.000000
-5993758.355257 -2715331.516801 -2889521.295475
-3386.904812 331.131615 6727.793129
UTC=2024-01-23T08:40:02.000000
-6352577.155101 -2651545.922972 -2061889.849601
-2584.466551 728.301909 7048.269630
UTC=2024-01-23T08:42:02.000000
-6612145.008124 -2541556.058866 -1202300.713244
-1734.925565 1100.067331 7259.700000
UTC=2024-01-23T08:44:02.000000
-6767619.547502 -2388806.436409 -324064.368500
-851.913651 1439.940147 7358.626814
UTC=2024-01-23T08:46:02.000000
-6815837.219677 -2197477.726876 559200.090172
50.260637 1742.158286 7343.373714
UTC=2024-01-23T08:48:02.000000
-6755379.658555 -1972392.969140 1433781.561669
956.863048 2001.794250 7214.087587
UTC=2024-01-23T08:50:02.000000
-6586608.806182 -1718911.898662 2286096.321859
1853.001151 2214.843563 6972.741349
UTC=2024-01-23T08:52:02.000000
-6311669.830857 -1442815.906705 3102905.211155
2723.890109 2378.292787 6623.095852
UTC=2024-01-23T08:54:02.000000
-5934462.710859 -1150186.067271 3871524.628591
3555.112080 2490.166650 6170.637184
UTC=2024-01-23T08:56:02.000000
-5460582.183134 -847276.891027 4580028.009902
4332.881559 2549.551348 5622.474710
UTC=2024-01-23T08:58:02.000000
-4897227.530805 -540388.967946 5217432.318687
5044.276822 2556.590042 4987.200869
UTC=2024-01-23T09:00:02.000000
-4253086.483867 -235743.392833 5773867.466084
5677.446102 2512.459180 4274.747551
UTC=2024-01-23T09:02:02.000000
-3538194.723260 60639.909843 6240727.557526
6221.807030 2419.326267 3496.222904
UTC=2024-01-23T09:04:02.000000
-2763772.897940 343057.461296 6610800.934921
6668.218000 2280.285289 2663.724152
UTC=2024-01-23T09:06:02.000000
-1942045.139111 606228.548931 6878377.418306
7009.117238 2099.273927 1790.146902
UTC=2024-01-23T09:08:02.000000
-1086042.247951 845391.195010 7039332.289069
7238.638534 1880.984166 888.985292
UTC=2024-01-23T09:10:02.000000
-209392.946362 1056386.584565 7091185.861691
7352.694845 1630.758330 -25.870489
UTC=2024-01-23T09:12:02.000000
673893.605608 1235730.362017 7033139.111074
7349.041289 1354.475825 -940.332966
UTC=2024-01-23T09:14:02.000000
1549651.571931 1380670.027822 6866085.253219
7227.316189 1058.434250 -1840.319826
UTC=2024-01-23T09:16:02.000000
2403785.510096 1489227.527219 6592596.876794
6989.054445 749.221804 -2711.957066
UTC=2024-01-23T09:18:02.000000
3222497.619530 1560226.343890 6216889.066334
6637.679191 433.587461 -3541.777180
UTC=2024-01-23T09:20:02.000000
3992512.656378 1593302.836592 5744758.264228
6178.466629 118.307690 -4316.926463
UTC=2024-01-23T09:22:02.000000
4701296.028354 1588901.547958 5183496.721285
5618.470945 -189.945769 -5025.358411
UTC=2024-01-23T09:24:02.000000
5337262.117600 1548254.918671 4541784.835630
4966.438854 -484.734697 -5656.015258
UTC=2024-01-23T09:26:02.000000
5889970.851215 1473347.452497 3829560.759716
4232.690775 -759.983808 -6199.024995
UTC=2024-01-23T09:28:02.000000
6350306.494831 1366864.827615 3057867.295695
3428.948144 -1010.102486 -6645.873079
UTC=2024-01-23T09:30:02.000000
6710634.798218 1232128.577233 2238680.607058
2568.149022 -1230.101312 -6989.540948
UTC=2024-01-23T09:32:02.000000
6964936.720335 1073018.003470 1384722.548118
1664.236582 -1415.689182 -7224.639444
UTC=2024-01-23T09:34:02.000000
7108914.468930 893880.932346 509258.817895
731.913593 -1563.361586 -7347.505853
UTC=2024-01-23T09:36:02.000000
7140067.644629 699435.019176 -374112.370707
-213.610383 -1670.469409 -7356.271135
UTC=2024-01-23T09:38:02.000000
7057737.523912 494661.812051 -1251678.146611
-1156.897305 -1735.270082 -7250.894408
UTC=2024-01-23T09:40:02.000000
6863117.825091 284695.998579 -2109830.048809
-2082.556415 -1756.957395 -7033.152536
UTC=2024-01-23T09:42:02.000000
6559232.854857 74712.274495 -2935280.057150
-2975.513055 -1735.669910 -6706.600131
UTC=2024-01-23T09:44:02.000000
6150883.764487 -130187.345400 -3715269.946363
-3821.270513 -1672.476575 -6276.497894
UTC=2024-01-23T09:46:02.000000
5644564.085521 -325083.348866 -4437770.139520
-4606.159386 -1569.342545 -5749.709227
UTC=2024-01-23T09:48:02.000000
5048346.582668 -505343.133947 -5091664.140696
-5317.562858 -1429.073776 -5134.563890
UTC=2024-01-23T09:50:02.000000
4371745.292705 -666717.815385 -5666915.473044
-5944.106107 -1255.247199 -4440.707061
UTC=2024-01-23T09:52:02.000000
3625556.129826 -805430.069774 -6154716.083672
-6475.826112 -1052.130860 -3678.938938
UTC=2024-01-23T09:54:02.000000
2821678.392224 -918251.511332 -6547614.334872
-6904.317541 -824.588068 -2861.034906
UTC=2024-01-23T09:56:02.000000
1972920.945793 -1002567.641182 -6839620.731183
-7222.841630 -577.969019 -1999.557752
UTC=2024-01-23T09:58:02.000000
1092797.091638 -1056429.882979 -7026291.394434
-7426.408971 -318.004074 -1107.674533
UTC=2024-01-23T10:00:02.000000
195310.543461 -1078594.333143 -7104789.466772
-7511.844185 -50.686874 -198.969814
UTC=2024-01-23T10:02:02.000000
-705264.673530 -1068546.071195 -7073923.633319
-7477.820654 217.845827 712.746268
UTC=2024-01-23T10:04:02.000000
-1594607.106039 -1026509.312164 -6934164.186552
-7324.876447 481.432280 1613.621834
UTC=2024-01-23T10:06:02.000000
-2458571.662342 -953442.996726 -6687636.433747
-7055.408842 734.009022 2489.957928
UTC=2024-01-23T10:08:02.000000
-3283410.620309 -851021.843786 -6338090.911005
-6673.635304 969.729246 3328.395263
UTC=2024-01-23T10:10:02.000000
-4055989.344007 -721603.435536 -5890852.282393
-6185.549054 1183.077829 4116.088630
UTC=2024-01-23T10:12:02.000000
-4763995.777282 -568181.526816 -5352746.001255
-5598.850763 1368.985653 4840.902727
UTC=2024-01-23T10:14:02.000000
-5396139.122555 -394326.074701 -4732001.880065
-4922.841695 1522.935117 5491.596086
UTC=2024-01-23T10:16:02.000000
-5942334.780381 -204111.149625 -4038136.319148
-4168.301793 1641.058053 6057.996726
UTC=2024-01-23T10:18:02.000000
-6393872.945562 -2031.367975 -3281813.237519
-3347.334643 1720.227375 6531.179794
UTC=2024-01-23T10:20:02.000000
-6743566.372190 207091.625438 -2474684.789348
-2473.180379 1758.131212 6903.623911
UTC=2024-01-23T10:22:02.000000
-6985874.524360 418210.942759 -1629214.377852
-1560.006641 1753.336135 7169.351615
UTC=2024-01-23T10:24:02.000000
-7117001.050832 626162.490769 -758483.818786
-622.674018 1705.327307 7324.052782
UTC=2024-01-23T10:26:02.000000
-7134961.119268 825776.723497 124012.747645
323.532510 1614.530609 7365.175317
UTC=2024-01-23T10:28:02.000000
-7039616.148803 1011991.790077 1004582.593898
1263.170133 1482.313556 7291.967225
UTC=2024-01-23T10:30:02.000000
-6832676.914837 1179965.561456 1869552.146835
2180.904922 1310.965574 7105.501340
UTC=2024-01-23T10:32:02.000000
-6517673.901130 1325183.988161 2705485.707432
3061.788194 1103.656483 6808.664063
UTC=2024-01-23T10:34:02.000000
-6099894.795333 1443563.191951 3499400.383509
3891.525652 864.373907 6406.104120
UTC=2024-01-23T10:36:02.000000
-5586290.617890 1531542.900592 4238972.586133
4656.729016 597.842217 5904.143316
UTC=2024-01-23T10:38:02.000000
-4985353.312827 1586169.265165 4912731.922825
5345.139636 309.426898 5310.658219
UTC=2024-01-23T10:40:02.000000
-4306968.138573 1605165.352205 5510239.528019
5945.824221 5.025468 4634.939333
UTC=2024-01-23T10:42:02.000000
-3562244.352889 1586988.030934 6022248.510370
6449.342050 -309.049880 3887.535452
UTC=2024-01-23T10:44:02.000000
-2763327.198344 1530870.283538 6440844.910891
6847.889753 -626.197235 3080.083127
UTC=2024-01-23T10:46:02.000000
-1923194.031008 1436848.207596 6759566.825774
7135.418098 -939.655849 2225.112931
UTC=2024-01-23T10:48:02.000000
-1055438.934275 1305771.961127 6973499.519412
7307.706789 -1242.640833 1335.846729
UTC=2024-01-23T10:50:02.000000
-174050.522301 1139300.779087 7079346.404800
7362.405631 -1528.474388 425.999549
UTC=2024-01-23T10:52:02.000000
706813.980055 939882.225113 7075476.545592
7299.056640 -1790.717003 -490.416134
UTC=2024-01-23T10:54:02.000000
1573055.960780 710715.984333 6961948.249413
7119.092025 -2023.293613 -1399.292461
UTC=2024-01-23T10:56:02.000000
2410860.777871 455702.702886 6740508.417029
6825.805672 -2220.616603 -2286.627313
UTC=2024-01-23T10:58:02.000000
3206918.397010 179378.428885 6414567.905453
6424.304190 -2377.702542 -3138.724141
UTC=2024-01-23T11:00:02.000000
3948636.727704 -113164.542539 5989152.442858
5921.430768 -2490.281389 -3942.399164
UTC=2024-01-23T11:02:02.000000
4624343.820573 -416369.312857 5470829.074038
5325.658429 -2554.895249 -4685.180073
UTC=2024-01-23T11:04:02.000000
5223475.983560 -724317.084894 4867609.164701
4646.961822 -2568.983383 -5355.499117
UTC=2024-01-23T11:06:02.000000
5736748.949328 -1030839.199010 4188828.454783
3896.661725 -2530.952467 -5942.881154
UTC=2024-01-23T11:08:02.000000
6156308.895707 -1329636.625247 3445005.329056
3087.245914 -2440.230319 -6438.119854
UTC=2024-01-23T11:10:02.000000
6475860.147915 -1614404.641590 2647678.503557
2232.158828 -2297.297702 -6833.440620
UTC=2024-01-23T11:12:02.000000
6690766.374752 -1878959.980755 1809226.795379
1345.571854 -2103.697830 -7122.637046
UTC=2024-01-23T11:14:02.000000
6798123.226701 -2117367.857476 942674.033109
442.138228 -1862.025509 -7301.181971
UTC=2024-01-23T11:16:02.000000
6796800.778066 -2324066.471661 61482.023483
-463.266303 -1575.894122 -7366.314986
UTC=2024-01-23T11:18:02.000000
6687454.056472 -2493985.604403 -820664.869539
-1355.812628 -1249.871036 -7317.091746
UTC=2024-01-23T11:20:02.000000
6472501.530515 -2622656.541757 -1690078.717418
-2220.983544 -889.399333 -7154.396743
UTC=2024-01-23T11:22:02.000000
6156071.919538 -2706311.287174 -2533286.433454
-3044.833710 -500.695587 -6880.918577
UTC=2024-01-23T11:24:02.000000
5743921.019967 -2741968.326358 -3337242.929584
-3814.228744 -90.630547 -6501.089330
UTC=2024-01-23T11:26:02.000000
5243321.131914 -2727503.510857 -4089535.168022
-4517.061722 333.399156 -6020.993866
UTC=2024-01-23T11:28:02.000000
4662926.022701 -2661705.004010 -4778573.923050
-5142.445872 763.608835 -5448.256670
UTC=2024-01-23T11:30:02.000000
4012613.921124 -2544311.099348 -5393770.332979
-5680.886001 1191.972681 -4791.899506
UTC=2024-01-23T11:32:02.000000
3303312.199834 -2376030.152201 -5925693.645953
-6124.409510 1610.373394 -4062.173655
UTC=2024-01-23T11:34:02.000000
2546808.920353 -2158542.836541 -6366208.543405
-6466.657375 2010.746719 -3270.390950
UTC=2024-01-23T11:36:02.000000
1755554.562554 -1894487.150866 -6708592.368624
-6702.960132 2385.226152 -2428.753738
UTC=2024-01-23T11:38:02.000000
942455.796148 -1587425.917102 -6947630.543809
-6830.388566 2726.287147 -1550.160937
UTC=2024-01-23T11:40:02.000000
120665.677568 -1241797.898200 -7079688.534925
-6847.766061 3026.876481 -648.017065
UTC=2024-01-23T11:42:02.000000
-696626.462777 -862853.597034 -7102761.302535
-6755.660995 3280.538620 263.955629
UTC=2024-01-23T11:44:02.000000
-1496402.861515 -456576.387682 -7016500.337009
-6556.359247 3481.534436 1171.901593
UTC=2024-01-23T11:46:02.000000
-2266020.963333 -29589.575940 -6822218.139920
-6253.817765 3624.954944 2062.025363
UTC=2024-01-23T11:48:02.000000
-2993409.644792 410949.183583 -6522869.646877
-5853.589717 3706.818938 2920.778330
UTC=2024-01-23T11:50:02.000000
-3667255.734318 857464.735656 -6123011.906896
-5362.739948 3724.163500 3735.037681
UTC=2024-01-23T11:52:02.000000
-4277179.745533 1302091.371096 -5628741.710302
-4789.745800 3675.120252 4492.295907
UTC=2024-01-23T11:54:02.000000
-4813897.943067 1736808.105206 -5047610.578467
-4144.370334 3558.980151 5180.844967
UTC=2024-01-23T11:56:02.000000
-5269368.229158 2153581.129111 -4388517.628969
-3437.517119 3376.243930 5789.965089
UTC=2024-01-23T11:58:02.000000
-5636916.644459 2544510.311351 -3661580.064301
-2681.054818 3128.640261 6310.101708
UTC=2024-01-23T12:00:02.000000
-5911342.181014 2901976.794051 -2877983.699024
-1887.631602 2819.126936 6733.025616
UTC=2024-01-23T12:02:02.000000
-6088998.183168 3218789.465212 -2049814.670566
-1070.468933 2451.869548 7051.984301
UTC=2024-01-23T12:04:02.000000
-6167847.774569 3488327.279245 -1189874.149471
-243.136084 2032.193111 7261.832991
UTC=2024-01-23T12:06:02.000000
-6147491.380196 3704674.056952 -311478.901112
580.687617 1566.505547 7359.137636
UTC=2024-01-23T12:08:02.000000
-6029165.590644 3862742.586602 571748.770300
1387.453106 1062.195847 7342.250601
UTC=2024-01-23T12:10:02.000000
-5815712.495966 3958384.907782 1446098.267360
2163.992511 527.506128 7211.350071
UTC=2024-01-23T12:12:02.000000
-5511519.542665 3988486.106075 2297989.898437
2897.755967 -28.614172 6968.436565
UTC=2024-01-23T12:14:02.000000
-5122432.067538 3951039.598815 3114191.650890
3577.029174 -596.669716 6617.295880
UTC=2024-01-23T12:16:02.000000
-4655640.833178 3845202.429858 3882029.980382
4191.135828 -1166.792534 6163.435983
UTC=2024-01-23T12:18:02.000000
-4119546.276108 3671328.909881 4589590.540170
4730.617619 -1728.926993 5613.981971
UTC=2024-01-23T12:20:02.000000
-3523603.438051 3430982.243451 5225904.671380
5187.378438 -2273.009942 4977.548090
UTC=2024-01-23T12:22:02.000000
-2878150.765677 3126924.611478 5781119.545099
5554.809031 -2789.152444 4264.089804
UTC=2024-01-23T12:24:02.000000
-2194226.035360 2763085.375319 6246648.939030
5827.875104 -3267.819321 3484.732340
UTC=2024-01-23T12:26:02.000000
-1483373.527096 2344508.349274 6615302.732258
6003.176968 -3699.999565 2651.586357
UTC=2024-01-23T12:28:02.000000
-757446.034044 1877279.183037 6881393.145036
6078.972120 -4077.364675 1777.547517
UTC=2024-01-23T12:30:02.000000
-28406.328011 1368434.792701 7040817.644842
6055.169146 -4392.412631 876.109541
UTC=2024-01-23T12:32:02.000000
691870.195278 825855.876214 7091118.854048
5933.309942 -4638.603395 -38.836516
UTC=2024-01-23T12:34:02.000000
1391788.851448 258144.216827 7031519.998647
5716.521275 -4810.477685 -953.204776
UTC=2024-01-23T12:36:02.000000
2060221.977555 -325513.557004 6862936.373623
5409.447316 -4903.764483 -1852.913304
UTC=2024-01-23T12:38:02.000000
2686686.013257 -915494.422069 6587962.734870
5018.162846 -4915.475344 -2724.087238
UTC=2024-01-23T12:40:02.000000
3261507.073375 -1501897.368582 6210836.241926
4550.068897 -4843.976580 -3553.261532
UTC=2024-01-23T12:42:02.000000
3775972.839336 -2074709.649466 5737375.059833
4013.767328 -4689.046978 -4327.585607
UTC=2024-01-23T12:44:02.000000
4222467.892918 -2623978.310387 5174892.569489
3418.912114 -4451.907555 -5035.021088
UTC=2024-01-23T12:46:02.000000
4594590.464496 -3139984.185865 4532088.707657
2776.048735 -4135.234235 -5664.528365
UTC=2024-01-23T12:48:02.000000
4887248.934834 -3613415.975953 3818918.921731
2096.436418 -3743.143647 -6206.251840
UTC=2024-01-23T12:50:02.000000
5096735.994620 -4035540.651684 3046441.637975
1391.854201 -3281.146778 -6651.691391
UTC=2024-01-23T12:52:02.000000
5220778.550575 -4398366.488390 2226646.230474
674.390224 -2756.072624 -6993.854194
UTC=2024-01-23T12:54:02.000000
5258561.711043 -4694795.320714 1372264.540235
-43.776359 -2175.965651 -7227.376912
UTC=2024-01-23T12:56:02.000000
5210726.702874 -4918760.904866 496569.249020
-750.592529 -1549.956345 -7348.622550
UTC=2024-01-23T12:58:02.000000
5079342.602674 -5065350.212119 -386837.563852
-1434.349549 -888.106374 -7355.746380
UTC=2024-01-23T13:00:02.000000
4867852.454669 -5130904.626946 -1264241.815145
-2083.890792 -201.229795 -7248.729337
UTC=2024-01-23T13:02:02.000000
4580994.822382 -5113098.694611 -2122036.682484
-2688.812863 499.301679 -7029.373628
UTC=2024-01-23T13:04:02.000000
4224702.480317 -5010994.797825 -2946938.918034
-3239.643585 1201.764097 -6701.260617
UTC=2024-01-23T13:06:02.000000
3805980.977290 -4825072.748537 -3726198.251823
-3727.999531 1894.292845 -6269.676537
UTC=2024-01-23T13:08:02.000000
3332770.012382 -4557234.028833 -4447795.963090
-4146.714193 2565.093004 -5741.508442
UTC=2024-01-23T13:10:02.000000
2813790.890726 -4210780.861708 -5100629.461017
-4489.942480 3202.648190 -5125.113573
UTC=2024-01-23T13:12:02.000000
2258383.275900 -3790370.745821 -5674679.340985
-4753.231925 3795.917933 -4430.159781
UTC=2024-01-23T13:14:02.000000
1676335.682122 -3301948.611545 -6161156.654261
-4933.558441 4334.513556 -3667.459649
UTC=2024-01-23T13:16:02.000000
1077712.765843 -2752658.557254 -6552630.314439
-5029.345345 4808.865227 -2848.802369
UTC=2024-01-23T13:18:02.000000
472681.638353 -2150735.826054 -6843133.383185
-5040.458293 5210.382351 -1986.768925
UTC=2024-01-23T13:20:02.000000
-128659.378281 -1505380.761745 -7028246.399111
-4968.170233 5531.591328 -1094.537636
UTC=2024-01-23T13:22:02.000000
-716446.447734 -826617.608713 -7105157.710981
-4815.105920 5766.252175 -185.696234
UTC=2024-01-23T13:24:02.000000
-1281208.569451 -125140.237422 -7072701.517959
-4585.176156 5909.460429 725.943619
UTC=2024-01-23T13:26:02.000000
-1814017.237779 587853.511994 -6931373.297697
-4283.496078 5957.733842 1626.537122
UTC=2024-01-23T13:28:02.000000
-2306625.001727 1300836.865765 -6683322.619325
-3916.283442 5909.083218 2502.391657
UTC=2024-01-23T13:30:02.000000
-2751591.160499 2002136.672445 -6332323.782475
-3490.747495 5763.065081 3340.151420
UTC=2024-01-23T13:32:02.000000
-3142393.755202 2680121.247306 -5883724.425503
-3014.970147 5520.819302 4126.981083
UTC=2024-01-23T13:34:02.000000
-3473526.408794 3323391.706264 -5344371.785837
-2497.773127 5185.086624 4850.754159
UTC=2024-01-23T13:36:02.000000
-3740578.630792 3920973.788208 -4722516.230746
-1948.573745 4760.199518 5500.243295
UTC=2024-01-23T13:38:02.000000
-3940297.651133 4462506.856365 -4027692.186450
-1377.221591 4252.043509 6065.304393
UTC=2024-01-23T13:40:02.000000
-4070629.916865 4938426.397623 -3270577.927544
-793.825153 3667.988093 6537.043388
UTC=2024-01-23T13:42:02.000000
-4130741.921874 5340136.699895 -2462836.419066
-208.581665 3016.792470 6907.967591
UTC=2024-01-23T13:44:02.000000
-4121020.362239 5660170.580779 -1616938.594406
368.399620 2308.484056 7172.125035
UTC=2024-01-23T13:46:02.000000
-4043050.629303 5892332.965012 -745970.984034
927.280867 1554.208604 7325.226758
UTC=2024-01-23T13:48:02.000000
-3899573.139608 6031823.855289 136569.673099
1458.677890 766.037925 7364.734896
UTC=2024-01-23T13:50:02.000000
-3694418.987116 6075337.481448 1016989.906455
1953.824837 -43.230645 7289.917066
UTC=2024-01-23T13:52:02.000000
-3432425.681127 6021136.162765 1881618.394180
2404.740496 -860.299232 7101.875619
UTC=2024-01-23T13:54:02.000000
-3119333.854620 5869095.712282 2717025.539809
2804.376660 -1671.616466 6803.529767
UTC=2024-01-23T13:56:02.000000
-2761667.859952 5620720.873569 3510238.050563
3146.736567 -2463.624654 6399.552339
UTC=2024-01-23T13:58:02.000000
-2366603.898023 5279131.905200 4248944.361978
3426.966533 -3222.995629 5896.283236
UTC=2024-01-23T14:00:02.000000
-1941828.438094 4849022.884832 4921688.243331
3641.424832 -3936.865333 5301.616934
UTC=2024-01-23T14:02:02.000000
-1495389.915428 4336592.569543 5518047.364587
3787.726360 -4593.056403 4624.865706
UTC=2024-01-23T14:04:02.000000
-1035546.514334 3749449.155060 6028793.768252
3864.760000 -5180.288388 3876.594323
UTC=2024-01-23T14:06:02.000000
-570613.847272 3096491.254710 6446033.660280
3872.676470 -5688.364546 3068.443788
UTC=2024-01-23T14:08:02.000000
-108815.217730 2387767.719437 6763325.285490
3812.855954 -6108.335488 2212.941861
UTC=2024-01-23T14:10:02.000000
341862.953832 1634319.379439 6975774.050068
3687.856875 -6432.641050 1323.314882
UTC=2024-01-23T14:12:02.000000
773808.634612 848004.357013 7080104.315854
3501.346983 -6655.237950 413.284103
UTC=2024-01-23T14:14:02.000000
1179912.096536 41310.185780 7074706.549240
3258.014572 -6771.693316 -503.135446
UTC=2024-01-23T14:16:02.000000
1553682.504259 -772844.404275 6959660.970096
2963.468557 -6779.266345 -1411.829791
UTC=2024-01-23T14:18:02.000000
1889351.759058 -1581316.533258 6736737.005164
2624.125727 -6676.968725 -2298.794122
UTC=2024-01-23T14:20:02.000000
2181964.120890 -2370951.533612 6409368.069222
2247.087452 -6465.596801 -3150.333500
UTC=2024-01-23T14:22:02.000000
2427450.507234 -3128798.107416 5982602.114606
1840.006881 -6147.742692 -3953.268127
UTC=2024-01-23T14:24:02.000000
2622686.172948 -3842322.891975 5463027.608613
1410.945038 -5727.773854 -4695.135778
UTC=2024-01-23T14:26:02.000000
2765530.717829 -4499620.757946 4858675.814077
968.222059 -5211.783403 -5364.382740
UTC=2024-01-23T14:28:02.000000
2854850.312416 -5089617.848861 4178900.608869
520.268662 -4607.517833 -5950.550840
UTC=2024-01-23T14:30:02.000000
2890521.577098 -5602263.761103 3434236.036849
75.468000 -3924.267407 -6444.456042
UTC=2024-01-23T14:32:02.000000
2873416.306545 -6028708.874088 2636233.865870
-358.002862 -3172.729206 -6838.346088
UTC=2024-01-23T14:34:02.000000
2805367.374348 -6361463.011944 1797283.008733
-772.328502 -2364.831277 -7126.041163
UTC=2024-01-23T14:36:02.000000
2689116.516063 -6594531.276150 930414.285758
-1160.199224 -1513.533130 -7303.037496
UTC=2024-01-23T14:38:02.000000
2528245.603175 -6723525.368814 49094.191346
-1514.944427 -632.614508 -7366.590168
UTC=2024-01-23T14:40:02.000000
2327092.269172 -6745747.840044 -832990.166174
-1830.658589 263.566727 -7315.774456
UTC=2024-01-23T14:42:02.000000
2090651.192042 -6660245.555491 -1702150.899008
-2102.313593 1160.341154 -7151.499096
UTC=2024-01-23T14:44:02.000000
1824463.395391 -6467831.494629 -2544917.651553
-2325.843587 2042.984505 -6876.475431
UTC=2024-01-23T14:46:02.000000
1534496.608665 -6171075.510006 -3348251.485960
-2498.211870 2896.987523 -6495.168546
UTC=2024-01-23T14:48:02.000000
1227019.513387 -5774262.548966 -4099749.270210
-2617.441954 3708.312522 -6013.692123
UTC=2024-01-23T14:50:02.000000
908473.586263 -5283322.283532 -4787834.890794
-2682.631587 4463.623749 -5439.694401
UTC=2024-01-23T14:52:02.000000
585344.337113 -4705731.521666 -5401934.992432
-2693.945809 5150.505330 -4782.214509
UTC=2024-01-23T14:54:02.000000
264034.831806 -4050391.937653 -5932636.592296
-2652.587137 5757.656595 -4051.525356
UTC=2024-01-23T14:56:02.000000
-49256.073641 -3327485.535489 -6371824.834775
-2560.746763 6275.065736 -3258.959374
UTC=2024-01-23T14:58:02.000000
-348648.523799 -2548311.032573 -6712799.266564
-2421.537907 6694.154971 -2416.727009
UTC=2024-01-23T15:00:02.000000
-628687.623841 -1725104.236934 -6950368.077434
-2238.915436 7007.901821 -1537.730538
UTC=2024-01-23T15:02:02.000000
-884438.949913 -870845.416155 -7080919.958839
-2017.582667 7210.935896 -635.378659
UTC=2024-01-23T15:04:02.000000
-1111572.323825 943.900811 -7102473.556523
-1762.889425 7299.617189 276.604203
UTC=2024-01-23T15:06:02.000000
-1306432.902659 876411.697152 -7014703.762391
-1480.722613 7272.083735 1184.368561
UTC=2024-01-23T15:08:02.000000
-1466098.699092 1741591.017330 -6818945.825491
-1177.389585 7128.286307 2074.123077
UTC=2024-01-23T15:10:02.000000
-1588423.777174 2582618.349084 -6518177.076238
-859.496999 6869.998175 2932.320408
UTC=2024-01-23T15:12:02.000000
-1672066.896761 3385952.325447 -6116976.838161
-533.829018 6500.813125 3745.840803
UTC=2024-01-23T15:14:02.000000
-1716505.132327 4138590.517264 -5621463.382344
-207.218349 6026.111309 4502.185462
UTC=2024-01-23T15:16:02.000000
-1722032.044312 4828280.601630 -5039208.461974
113.580492 5453.003468 5189.659906
UTC=2024-01-23T15:18:02.000000
-1689740.672210 5443723.321752 -4379129.413317
422.018948 4790.245766 5797.563174
UTC=2024-01-23T15:20:02.000000
-1621491.091217 5974762.969086 -3651359.146490
711.882760 4048.118514 6316.364636
UTC=2024-01-23T15:22:02.000000
-1519862.840217 6412561.626660 -2867095.992518
977.414716 3238.278196 6737.862991
UTC=2024-01-23T15:24:02.000000
-1388093.225445 6749754.397822 -2038435.266000
1213.427568 2373.587626 7055.334230
UTC=2024-01-23T15:26:02.000000
-1230002.481725 6980582.007983 -1178183.750021
1415.409491 1467.906627 7263.662819
UTC=2024-01-23T15:28:02.000000
-1049907.125497 7100996.890575 -299660.749856
1579.615175 535.865739 7359.436920
UTC=2024-01-23T15:30:02.000000
-852523.124460 7108741.291535 583511.343958
1703.143829 -407.379034 7341.028036
UTC=2024-01-23T15:32:02.000000
-642860.912906 7003394.104198 1457624.294630
1783.996167 -1346.420600 7208.638060
UTC=2024-01-23T15:34:02.000000
-426114.833606 6786383.689141 2309104.001707
1821.110550 -2265.888899 6964.295423
UTC=2024-01-23T15:36:02.000000
-207549.580499 6460966.960301 3124727.120537
1814.376505 -3150.721304 6611.808095
UTC=2024-01-23T15:38:02.000000
7613.698917 6032177.013479 3891830.735281
1764.627394 -3986.419082 6156.694471
UTC=2024-01-23T15:40:02.000000
214309.251496 5506740.955090 4598512.441156
1673.614015 -4759.288718 5606.097561
UTC=2024-01-23T15:42:02.000000
407734.408763 4892967.446788 5233818.830256
1543.961204 -5456.707154 4968.660773
UTC=2024-01-23T15:44:02.000000
583450.663820 4200605.592918 5787914.223375
1379.101038 -6067.314363 4254.343276
UTC=2024-01-23T15:46:02.000000
737475.946155 3440683.821569 6252229.853789
1183.194149 -6581.179227 3474.274371
UTC=2024-01-23T15:48:02.000000
866366.340227 2625328.117304 6619593.513641
961.032003 -6989.962597 2640.567939
UTC=2024-01-23T15:50:02.000000
967285.601147 1767563.595949 6884336.150249
717.933181 -7287.036497 1766.131061
UTC=2024-01-23T15:52:02.000000
1038061.779132 881102.991841 7042375.267513
459.631246 -7467.581759 864.464611
UTC=2024-01-23T15:54:02.000000
1077229.928890 -19874.263253 7091273.918085
192.155916 -7528.646613 -50.538392
UTC=2024-01-23T15:56:02.000000
1084060.290440 -920948.791635 7030276.386881
-78.290425 -7469.190921 -964.783587
UTC=2024-01-23T15:58:02.000000
1058571.438553 -1807692.441390 6860319.902182
-345.459082 -7290.108311 -1864.184603
UTC=2024-01-23T16:00:02.000000
1001528.213642 -2665899.840337 6584021.421489
-603.181943 -6994.215238 -2734.866082
UTC=2024-01-23T16:02:02.000000
914424.445584 -3481817.512174 6205639.828645
-845.498880 -6586.217767 -3563.373919
UTC=2024-01-23T16:04:02.000000
799450.521263 -4242366.399744 5731012.829472
-1066.779485 -6072.635054 -4336.880094
UTC=2024-01-23T16:06:02.000000
659447.099404 -4935353.900000 5167470.694686
-1261.835069 -5461.705449 -5043.367050
UTC=2024-01-23T16:08:02.000000
497845.473492 -5549673.820472 4523728.008918
-1426.028280 -4763.277727 -5671.811873
UTC=2024-01-23T16:10:02.000000
318595.051818 -6075491.575595 3809752.852051
-1555.377811 -3988.668387 -6212.376647
UTC=2024-01-23T16:12:02.000000
126079.039958 -6504409.577418 3036614.146097
-1646.648725 -3150.478550 -6656.578444
UTC=2024-01-23T16:14:02.000000
-74979.820875 -6829609.099715 2216309.812391
-1697.428391 -2262.383600 -6997.439527
UTC=2024-01-23T16:16:02.000000
-279621.561271 -7045965.458186 1361578.789230
-1706.183491 -1338.904436 -7229.605285
UTC=2024-01-23T16:18:02.000000
-482757.119846 -7150135.306311 485699.680927
-1672.301469 -395.164483 -7349.452809
UTC=2024-01-23T16:20:02.000000
-679280.259722 -7140612.252908 -397721.944680
-1596.109224 553.391153 -7355.162830
UTC=2024-01-23T16:22:02.000000
-864180.088175 -7017748.550287 -1274971.815446
-1478.866099 1491.276564 -7246.743828
UTC=2024-01-23T16:24:02.000000
-1032651.574431 -6783743.502354 -2132445.912092
-1322.738135 2403.237824 -7026.020342
UTC=2024-01-23T16:26:02.000000
-1180201.970914 -6442599.807669 -2956866.302909
-1130.755229 3274.515839 -6696.593919
UTC=2024-01-23T16:28:02.000000
-1302750.918245 -6000048.647770 -3735490.514045
-906.748640 4091.103328 -6263.772460
UTC=2024-01-23T16:30:02.000000
-1396721.909117 -5463444.883426 -4456310.247794
-655.269556 4839.983959 -5734.463560
UTC=2024-01-23T16:32:02.000000
-1459123.026470 -4841635.337843 -5108235.336677
-381.493226 5509.339437 -5117.037595
UTC=2024-01-23T16:34:02.000000
-1487615.599150 -4144804.256423 -5681260.360958
-91.113331 6088.724783 -4421.177145
UTC=2024-01-23T16:36:02.000000
-1480569.581591 -3384299.302501 -6166612.407587
209.773137 6569.217179 -3657.713025
UTC=2024-01-23T16:38:02.000000
-1437104.746023 -2572441.310185 -6556878.399301
514.786724 6943.538054 -2838.447696
UTC=2024-01-23T16:40:02.000000
-1357117.156024 -1722321.189138 -6846110.428395
817.389323 7206.143236 -1975.966555
UTC=2024-01-23T16:42:02.000000
-1241290.792846 -847588.044236 -7029908.450119
1111.007630 7353.281726 -1083.450947
UTC=2024-01-23T16:44:02.000000
-1091094.325466 37768.468052 -7105480.549917
1389.158035 7383.032487 -174.489871
UTC=2024-01-23T16:46:02.000000
-908762.746148 919638.469719 -7071680.509694
1645.572438 7295.312424 737.107700
UTC=2024-01-23T16:48:02.000000
-697264.322511 1784012.128762 -6929023.199006
1874.317039 7091.869142 1637.497828
UTC=2024-01-23T16:50:02.000000
-460253.600699 2617197.670298 -6679677.521314
2069.906718 6776.249604 2512.986845
UTC=2024-01-23T16:52:02.000000
-202010.681456 3406034.843377 -6327437.493552
2227.419423 6353.756636 3350.215165
UTC=2024-01-23T16:54:02.000000
72632.910967 4138101.681429 -5877670.447528
2342.603733 5831.376805 4136.353061
UTC=2024-01-23T16:56:02.000000
358380.488873 4801910.606181 -5337242.166949
2411.973151 5217.679272 4859.285694
UTC=2024-01-23T16:58:02.000000
649567.184215 5387091.745759 -4714420.200359
2432.891252 4522.701889 5507.796472
UTC=2024-01-23T17:00:02.000000
940266.528030 5884560.740080 -4018754.917064
2403.645416 3757.804787 6071.751423
UTC=2024-01-23T17:02:02.000000
1224404.854035 6286667.129168 -3260939.239952
2323.502756 2935.495429 6542.268787
UTC=2024-01-23T17:04:02.000000
1495881.344002 6587320.594094 -2452648.924190
2192.748507 2069.234385 6911.874949
UTC=2024-01-23T17:06:02.000000
1748691.525595 6782092.436166 -1606364.878516
2012.704473 1173.216164 7174.646100
UTC=2024-01-23T17:08:02.000000
1977051.676637 6868289.311571 -735179.846693
1785.725379 262.126607 7326.326129
UTC=2024-01-23T17:10:02.000000
2175521.264983 6844996.709520 147407.243564
1515.169223 -649.116837 7364.412592
UTC=2024-01-23T17:12:02.000000
2339120.385413 6713090.931605 1027705.017821
1205.344814 -1545.628511 7288.205858
UTC=2024-01-23T17:14:02.000000
2463439.747306 6475219.558077 1892047.340280
861.439839 -2412.816337 7098.826564
UTC=2024-01-23T17:16:02.000000
2544740.778228 6135750.668323 2727011.133184
489.428357 -3236.639218 6799.199331
UTC=2024-01-23T17:18:02.000000
2580043.650636 5700691.951723 3519630.249421
95.962737 -4003.851327 6394.004714
UTC=2024-01-23T17:20:02.000000
2567201.261045 5177581.244749 4257601.707180
-311.753260 -4702.232115 5889.598599
UTC=2024-01-23T17:22:02.000000
2504957.120488 4575350.764499 4929480.468298
-726.104444 -5320.797718 5293.903019
UTC=2024-01-23T17:24:02.000000
2392985.603423 3904166.946538 5524858.412158
-1139.216345 -5849.986066 4616.248406
UTC=2024-01-23T17:26:02.000000
2231914.497826 3175251.982131 6034523.216163
-1543.096576 -6281.782885 3867.208016
UTC=2024-01-23T17:28:02.000000
2023330.456353 2400691.277775 6450597.779532
-1929.782013 -6609.832569 3058.433468
UTC=2024-01-23T17:30:02.000000
1769766.295370 1593228.743590 6766658.703117
-2291.491244 -6829.527889 2202.468141
UTC=2024-01-23T17:32:02.000000
1474670.390049 766053.513386 6977831.094793
-2620.770012 -6938.060331 1312.543043
UTC=2024-01-23T17:34:02.000000
1142359.115452 -67416.889660 7080859.121896
-2910.627954 -6934.432161 402.380520
UTC=2024-01-23T17:36:02.000000
777953.228161 -893754.052249 7074153.818273
-3154.671235 -6819.459972 -513.994220
UTC=2024-01-23T17:38:02.000000
387298.499544 -1699735.583188 6957816.853947
-3347.230481 -6595.753381 -1422.464154
UTC=2024-01-23T17:40:02.000000
-23128.354914 -2472557.222482 6733639.181836
-3483.477870 -6267.661504 -2309.025913
UTC=2024-01-23T17:42:02.000000
-446326.977004 -3200037.391762 6405074.779163
-3559.528997 -5841.197472 -3160.001635
UTC=2024-01-23T17:44:02.000000
-874891.662847 -3870810.465816 5977189.236773
-3572.525368 -5323.927489 -3962.239762
UTC=2024-01-23T17:46:02.000000
-1301139.022300 -4474506.003355 5456585.703314
-3520.709655 -4724.851483 -4703.296029
UTC=2024-01-23T17:48:02.000000
-1717244.360818 -5001913.181708 4851308.826480
-3403.493785 -4054.272651 -5371.622888
UTC=2024-01-23T17:50:02.000000
-2115384.820737 -5445127.871872 4170725.210158
-3221.501092 -3323.636289 -5956.767520
UTC=2024-01-23T17:52:02.000000
-2487885.946000 -5797678.293016 3425380.756409
-2976.581972 -2545.334257 -6449.556697
UTC=2024-01-23T17:54:02.000000
-2827368.508257 -6054625.606364 2626837.379749
-2671.802586 -1732.486917 -6842.253864
UTC=2024-01-23T17:56:02.000000
-3126892.534329 -6212637.945327 1787492.385527
-2311.409784 -898.718306 -7128.693258
UTC=2024-01-23T17:58:02.000000
-3380095.642893 -6270036.716533 920382.976544
-1900.771171 -57.918197 -7304.392056
UTC=2024-01-23T18:00:02.000000
-3581322.667453 -6226813.686533 38979.074607
-1446.289839 776.005154 -7366.631857
UTC=2024-01-23T18:02:02.000000
-3725743.651848 -6084618.351352 -843031.710642
-955.296323 1589.372617 -7314.508751
UTC=2024-01-23T18:04:02.000000
-3809457.547402 -5846715.564964 -1711963.131505
-435.918565 2368.981200 -7148.948539
UTC=2024-01-23T18:06:02.000000
-3829579.183691 -5517914.126133 -2554348.823385
103.066012 3102.339246 -6872.683257
UTC=2024-01-23T18:08:02.000000
-3784307.561691 -5104468.200502 -3357155.884520
652.393687 3777.883332 -6490.192357
UTC=2024-01-23T18:10:02.000000
-3672973.863288 -4613954.168658 -4107989.204249
1202.487535 4385.169063 -6007.607844
UTC=2024-01-23T18:12:02.000000
-3496068.621802 -4055126.499771 -4795282.704294
1743.630715 4915.030050 -5432.593184
UTC=2024-01-23T18:14:02.000000
-3255248.148592 -3437756.226806 -5408474.913635
2266.139138 5359.709808 -4774.203141
UTC=2024-01-23T18:16:02.000000
-2953320.381030 -2772455.279037 -5938166.450650
2760.530857 5712.964033 -4042.723182
UTC=2024-01-23T18:18:02.000000
-2594210.755165 -2070490.550430 -6376257.539665
3217.689733 5970.130403 -3249.499114
UTC=2024-01-23T18:20:02.000000
-2182908.705982 -1343591.089356 -6716064.553800
3629.024301 6128.173891 -2406.755743
UTC=2024-01-23T18:22:02.000000
-1725395.839163 -603751.647662 -6952413.903312
3986.612490 6185.700928 -1527.403373
UTC=2024-01-23T18:24:02.000000
-1228557.732066 136963.678253 -7081712.808855
4283.330612 6142.944654 -624.847744
UTC=2024-01-23T18:26:02.000000
-700080.822756 866614.691905 -7101997.942559
4512.974870 6001.730720 287.189229
UTC=2024-01-23T18:28:02.000000
-148335.060122 1573573.628680 -7012962.158379
4670.373997 5765.430235 1194.858827
UTC=2024-01-23T18:30:02.000000
417755.744097 2246706.459068 -6815958.629081
4751.484184 5438.889325 2084.366316
UTC=2024-01-23T18:32:02.000000
988855.081331 2875545.494239 -6513983.491545
4753.485810 5028.352361 2942.157281
UTC=2024-01-23T18:34:02.000000
1555365.195750 3450451.162631 -6111634.984849
4674.853714 4541.357843 3755.116457
UTC=2024-01-23T18:36:02.000000
2107585.659098 3962760.043662 -5615049.519984
4515.409854 3986.614635 4510.753059
UTC=2024-01-23T18:38:02.000000
2635877.475898 4404917.332072 -5031815.816723
4276.360518 3373.867517 5197.383571
UTC=2024-01-23T18:40:02.000000
3130830.343576 4770592.361789 -4370866.906776
3960.311442 2713.747034 5804.316997
UTC=2024-01-23T18:42:02.000000
3583430.225147 5054774.703356 -3642350.276063
3571.257784 2017.596367 6322.031312
UTC=2024-01-23T18:44:02.000000
3985224.433869 5253848.629806 -2857477.668116
3114.552628 1297.284775 6742.338370
UTC=2024-01-23T18:46:02.000000
4328480.951556 5365644.032373 -2028355.617276
2596.839859 565.001660 7058.535275
UTC=2024-01-23T18:48:02.000000
4606337.930032 5389462.413856 -1167799.669280
2025.961451 -166.950287 7265.527789
UTC=2024-01-23T18:50:02.000000
4812940.698264 5326077.511324 -289134.664526
1410.838950 -886.374614 7359.936848
UTC=2024-01-23T18:52:02.000000
4943562.471760 5177708.966834 594015.568324
761.321451 -1581.405420 7340.166194
UTC=2024-01-23T18:54:02.000000
4994705.506817 4947970.067043 1467944.254797
88.014995 -2240.714209 7206.431913
UTC=2024-01-23T18:56:02.000000
4964181.487442 4641791.481051 2319079.636127
-597.893446 -2853.706009 6960.767943
UTC=2024-01-23T18:58:02.000000
4851169.292835 4265321.422015 3134202.236225
-1284.841257 -3410.714439 6607.003002
UTC=2024-01-23T19:00:02.000000
4656246.938213 3825803.827892 3900656.040430
-1961.107049 -3903.168939 6150.684004
UTC=2024-01-23T19:02:02.000000
4381398.035695 3331438.256018 4606548.642569
-2615.020027 -4323.733641 5598.970648
UTC=2024-01-23T19:04:02.000000
4029993.622543 2791225.044839 5240937.404654
-3235.161835 -4666.414166 4960.512330
UTC=2024-01-23T19:06:02.000000
3606748.840204 2214798.801608 5793999.789417
-3810.583969 -4926.645181 4245.297365
UTC=2024-01-23T19:08:02.000000
3117655.197299 1612253.741826 6257183.090536
-4330.990415 -5101.338017 3464.472942
UTC=2024-01-23T19:10:02.000000
2569891.890224 993964.614152 6623332.884164
-4786.910880 -5188.907230 2630.164272
UTC=2024-01-23T19:12:02.000000
1971716.931232 370406.646176 6886798.781783
-5169.860264 -5189.259280 1755.282271
UTC=2024-01-23T19:14:02.000000
1332340.195423 -248021.784513 7043517.586705
-5472.482452 -5103.763270 853.337572
UTC=2024-01-23T19:16:02.000000
661779.839974 -851172.499856 7091073.392370
-5688.682738 -4935.211364 -61.761117
UTC=2024-01-23T19:18:02.000000
-29295.908082 -1429314.386117 7028732.674761
-5813.737911 -4687.748638 -975.916531
UTC=2024-01-23T19:20:02.000000
-729739.013677 -1973290.591270 6857454.683242
-5844.387980 -4366.785052 -1875.048110
UTC=2024-01-23T19:22:02.000000
-1428101.520554 -2474664.028007 6579876.827561
-5778.902614 -3978.886541 -2745.301091
UTC=2024-01-23T19:24:02.000000
-2112821.717976 -2925848.621151 6200275.902436
-5617.122784 -3531.649866 -3573.237082
UTC=2024-01-23T19:26:02.000000
-2772415.087540 -3320225.546464 5724507.070059
-5360.499841 -3033.577475 -4346.021551
UTC=2024-01-23T19:28:02.000000
-3395669.033200 -3652243.517146 5159919.054161
-5012.114006 -2493.932403 -5051.631875
UTC=2024-01-23T19:30:02.000000
-3971837.094490 -3917500.055259 4515244.291406
-4576.645701 -1922.569646 -5679.060103
UTC=2024-01-23T19:32:02.000000
-4490827.626086 -4112802.111793 3800466.364515
-4060.316554 -1329.761760 -6218.490041
UTC=2024-01-23T19:34:02.000000
-4943384.051783 -4236205.368882 3026667.164718
-3470.807257 -726.018042 -6661.457964
UTC=2024-01-23T19:36:02.000000
-5321253.919502 -4287031.678754 2205855.588273
-2817.152117 -121.900504 -7001.002098
UTC=2024-01-23T19:38:02.000000
-5617343.121868 -4265863.770983 1350779.030186
-2109.595730 472.171142 -7231.794617
UTC=2024-01-23T19:40:02.000000
-5825851.080675 -4174516.539656 474721.296855
-1359.422197 1046.111708 -7350.236612
UTC=2024-01-23T19:42:02.000000
-5942384.126944 -4015985.829311 -408709.142457
-578.761784 1590.353585 -7354.524330
UTC=2024-01-23T19:44:02.000000
-5964044.392726 -3794375.839580 -1285797.007273
219.623369 2096.020046 -7244.684684
UTC=2024-01-23T19:46:02.000000
-5889491.619910 -3514806.283745 -2142940.119685
1022.575710 2555.087864 -7022.570444
UTC=2024-01-23T19:48:02.000000
-5718976.265375 -3183301.589773 -2966865.784605
1816.779541 2960.521453 -6691.809791
UTC=2024-01-23T19:50:02.000000
-5454344.455950 -2806665.605303 -3744839.639035
2588.995357 3306.382858 -6257.731521
UTC=2024-01-23T19:52:02.000000
-5099014.935514 -2392344.412274 -4464863.625972
3326.289867 3587.918059 -5727.258985
UTC=2024-01-23T19:54:02.000000
-4657928.961084 -1948280.516084 -5115859.816679
4016.256984 3801.614774 -5108.780840
UTC=2024-01-23T19:56:02.000000
-4137474.456516 -1482761.592182 -5687837.415607
4647.224961 3945.236291 -4412.000447
UTC=2024-01-23T19:58:02.000000
-3545386.316628 -1004266.621354 -6172040.443968
5208.445580 4017.829740 -3647.765207
UTC=2024-01-23T20:00:02.000000
-2890625.372606 -521312.716616 -6561074.331002
5690.261029 4019.707545 -2827.887581
UTC=2024-01-23T20:02:02.000000
-2183238.453547 -42305.528333 -6849010.698065
6084.252441 3952.406304 -1964.960284
UTC=2024-01-23T20:04:02.000000
-1434201.870748 424604.152350 -7031469.532788
6383.365375 3818.625397 -1072.164992
UTC=2024-01-23T20:06:02.000000
-655251.566823 871655.635840 -7105678.817562
6582.010026 3622.154895 -163.089810
UTC=2024-01-23T20:08:02.000000
141298.185916 1291604.343403 -7070512.077717
6676.149684 3367.789877 748.459069
UTC=2024-01-23T20:10:02.000000
942745.312476 1677836.298883 -6926503.864020
6663.369744 3061.229166 1648.632480
UTC=2024-01-23T20:12:02.000000
1736198.750509 2024470.622976 -6675843.712934
6542.942279 2708.973181 2523.731401
UTC=2024-01-23T20:14:02.000000
2508782.706444 2326448.543995 -6322346.221893
6315.853485 2318.202669 3360.401127
UTC=2024-01-23T20:16:02.000000
3247843.225936 2579607.367385 -5871398.290329
5984.812339 1896.648659 4145.823306
UTC=2024-01-23T20:18:02.000000
3941153.877734 2780738.330494 -5329883.879108
5554.232373 1452.456714 4867.894229
UTC=2024-01-23T20:20:02.000000
4577118.833737 2927628.159800 -4706087.330862
5030.202015 994.048523 5515.409901
UTC=2024-01-23T20:22:02.000000
5144970.159409 3019083.232710 -4009574.109781
4420.416653 529.970882 6078.252270
UTC=2024-01-23T20:24:02.000000
5634954.747329 3054935.371098 -3251050.118225
3734.075281 68.742434 6547.557926
UTC=2024-01-23T20:26:02.000000
6038507.606039 3036029.471943 -2442202.074675
2981.759226 -381.295881 6915.869043
UTC=2024-01-23T20:28:02.000000
6348408.813553 2964192.847606 -1595519.668332
2175.273869 -812.138141 7177.282553
UTC=2024-01-23T20:30:02.000000
6558918.925541 2842185.821757 -724102.056965
1327.455813 -1216.263624 7327.559747
UTC=2024-01-23T20:32:02.000000
6665890.396258 2673635.044741 158547.444809
451.961459 -1586.777966 7364.216504
UTC=2024-01-23T20:34:02.000000
6666851.447268 2462950.095684 1038735.446751
-436.977217 -1917.546278 7286.572285
UTC=2024-01-23T20:36:02.000000
6561060.688677 2215225.981787 1902795.825879
-1324.792785 -2203.295632 7095.764520
UTC=2024-01-23T20:38:02.000000
6349532.055197 1936133.817572 2737308.092933
-2196.842942 -2439.712680 6794.744246
UTC=2024-01-23T20:40:02.000000
6035027.602676 1631800.894685 3529312.035016
-3038.677583 -2623.516978 6388.219683
UTC=2024-01-23T20:42:02.000000
5622018.982092 1308683.732357 4266513.831866
-3836.296911 -2752.508461 5882.571997
UTC=2024-01-23T20:44:02.000000
5116618.327683 973436.747276 4937479.691173
-4576.396872 -2825.589637 5285.731008
UTC=2024-01-23T20:46:02.000000
4526481.606750 632779.947182 5531813.643364
-5246.587730 -2842.763797 4607.041089
UTC=2024-01-23T20:48:02.000000
3860685.743803 293367.712573 6040318.171726
-5835.610715 -2805.115544 3857.101964
UTC=2024-01-23T20:50:02.000000
3129581.545522 -38338.227043 6455133.600700
-6333.519391 -2714.760723 3047.579528
UTC=2024-01-23T20:52:02.000000
2344627.324248 -356188.684587 6769854.994383
-6731.825207 -2574.781253 2191.023647
UTC=2024-01-23T20:54:02.000000
1518205.749758 -654458.558841 6979627.155759
-7023.631717 -2389.149463 1300.681327
UTC=2024-01-23T20:56:02.000000
663425.620646 -927948.436229 7081216.341874
-7203.749806 -2162.637848 390.294183
UTC=2024-01-23T20:58:02.000000
-206088.063201 -1172074.304991 7073056.941163
-7268.775689 -1900.712238 -526.110803
UTC=2024-01-23T21:00:02.000000
-1076411.799557 -1382944.024252 6955273.565367
-7217.145220 -1609.418212 -1434.424522
UTC=2024-01-23T21:02:02.000000
-1933546.309521 -1557419.532363 6729678.622811
-7049.161846 -1295.256437 -2320.659627
UTC=2024-01-23T21:04:02.000000
-2763640.990816 -1693163.554099 6399745.944349
-6766.999266 -965.050951 -3171.144047
UTC=2024-01-23T21:06:02.000000
-3553218.045513 -1788670.712100 5970561.721455
-6374.695492 -625.821503 -3972.710883
UTC=2024-01-23T21:08:02.000000
-4289394.540131 -1843283.207926 5448751.198836
-5878.115767 -284.651992 -4712.911491
UTC=2024-01-23T21:10:02.000000
-4960097.114765 -1857190.259103 4842380.360154
-5284.872827 51.447812 -5380.214136
UTC=2024-01-23T21:12:02.000000
-5554265.564276 -1831410.844815 4160834.445788
-4604.218452 375.681411 -5964.193314
UTC=2024-01-23T21:14:02.000000
-6062041.285292 -1767759.920745 3414674.782449
-3846.902078 681.600730 -6455.699592
UTC=2024-01-23T21:16:02.000000
-6474937.410679 -1668799.042869 2615476.455594
-3025.007962 963.230265 -6847.010322
UTC=2024-01-23T21:18:02.000000
-6785988.233319 -1537772.652952 1775648.487446
-2151.770245 1215.183236 -7131.973145
UTC=2024-01-23T21:20:02.000000
-6989873.695677 -1378530.715533 908237.549743
-1241.340556 1432.771404 -7306.128651
UTC=2024-01-23T21:22:02.000000
-7083014.525322 -1195439.120947 26719.950880
-308.538297 1612.098347 -7366.786295
UTC=2024-01-23T21:24:02.000000
-7063636.780841 -993280.027591 -855213.885973
631.412243 1750.133160 -7313.073102
UTC=2024-01-23T21:26:02.000000
-6931804.039689 -777144.560272 -1723878.564780
1563.156199 1844.764799 -7145.944035
UTC=2024-01-23T21:28:02.000000
-6689416.683802 -552320.310890 -2565811.625716
2471.478678 1894.832597 -6868.152591
UTC=2024-01-23T21:30:02.000000
-6340179.409673 -324176.591397 -3367986.528980
3341.567238 1900.136061 -6484.199940
UTC=2024-01-23T21:32:02.000000
-5889536.942631 -98049.261417 -4118017.452286
4159.276032 1861.430295 -6000.244375
UTC=2024-01-23T21:34:02.000000
-5344579.537877 120872.304014 -4804350.826664
4911.362592 1780.394393 -5423.976257
UTC=2024-01-23T21:36:02.000000
-4713921.673579 327653.220698 -5416440.799979
5585.698820 1659.581149 -4764.475247
UTC=2024-01-23T21:38:02.000000
-4007556.804900 517714.034434 -5944906.489181
6171.459150 1502.348409 -4032.049291
UTC=2024-01-23T21:40:02.000000
-3236691.218522 686922.363816 -6381668.807155
6659.278694 1312.774838 -3238.056476
UTC=2024-01-23T21:42:02.000000
-2413561.063768 831673.908547 -6720065.512289
7041.376011 1095.566777 -2394.723552
UTC=2024-01-23T21:44:02.000000
-1551235.912666 948961.760593 -6954944.848228
7311.658668 855.957013 -1514.966632
UTC=2024-01-23T21:46:02.000000
-663411.070480 1036433.110330 -7082736.530155
7465.799528 599.595391 -612.195574
UTC=2024-01-23T21:48:02.000000
235807.201941 1092432.391219 -7101499.822807
7501.282378 332.433452 299.869809
UTC=2024-01-23T21:50:02.000000
1132121.074345 1116030.488445 -7010950.386179
7417.437208 60.607612 1207.372070
UTC=2024-01-23T21:52:02.000000
2011264.560307 1107039.816556 -6812465.340476
7215.464383 -209.680050 2096.512160
UTC=2024-01-23T21:54:02.000000
2859227.184878 1066014.877611 -6509064.433091
6898.418672 -472.283461 2953.743215
UTC=2024-01-23T21:56:02.000000
3662474.689816 994238.320047 -6105368.231136
6471.172689 -721.233279 3765.963304
UTC=2024-01-23T21:58:02.000000
4408163.528302 893692.498944 -5607533.858507
5940.355043 -950.856463 4520.694839
UTC=2024-01-23T22:00:02.000000
5084347.263304 767017.065235 -5023169.093157
5314.273932 -1155.889448 5206.269134
UTC=2024-01-23T22:02:02.000000
5680172.005782 617453.266592 -4361223.999930
4602.808854 -1331.587246 5812.014093
UTC=2024-01-23T22:04:02.000000
6186056.671175 448775.403299 -3631860.691937
3817.267915 -1473.826812 6328.428837
UTC=2024-01-23T22:06:02.000000
6593854.676274 265210.646743 -2846303.051792
2970.222198 -1579.197377 6747.343673
UTC=2024-01-23T22:08:02.000000
6896994.464387 71348.695288 -2016667.835640
2075.316276 -1645.079909 7062.071817
UTC=2024-01-23T22:10:02.000000
7090594.968522 -127957.252668 -1155778.417992
1147.039952 -1669.710442 7267.541991
UTC=2024-01-23T22:12:02.000000
7171552.282861 -327695.861558 -276964.835169
200.480896 -1652.223110 7360.394498
UTC=2024-01-23T22:14:02.000000
7138596.159690 -522807.210599 606145.967094
-748.931726 -1592.677203 7339.050461
UTC=2024-01-23T22:16:02.000000
6992314.625817 -708294.463202 1479846.629099
-1685.702027 -1492.063688 7203.751106
UTC=2024-01-23T22:18:02.000000
6735145.595114 -879334.836191 2330568.237233
-2594.540723 -1352.288071 6956.561561
UTC=2024-01-23T22:20:02.000000
6371335.140287 -1031387.349713 3145097.704629
-3460.647110 -1176.133474 6601.336524
UTC=2024-01-23T22:22:02.000000
5906863.103474 -1160294.755426 3910788.081574
-4269.965757 -967.201184 6143.642328
UTC=2024-01-23T22:24:02.000000
5349339.396216 -1262377.618601 4615758.374499
-5009.423852 -729.840326 5590.660255
UTC=2024-01-23T22:26:02.000000
4707872.311513 -1334518.686913 5249079.887634
-5667.155151 -469.054084 4951.056211
UTC=2024-01-23T22:28:02.000000
3992912.218292 -1374234.986708 5800945.388185
-6232.686942 -190.392264 4234.829083
UTC=2024-01-23T22:30:02.000000
3216074.330591 -1379736.812273 6262819.170037
-6697.102792 100.159429 3453.141952
UTC=2024-01-23T22:32:02.000000
2389943.847578 -1349972.907686 6627565.644198
-7053.170623 396.299962 2618.136001
UTC=2024-01-23T22:34:02.000000
1527867.699075 -1284660.857777 6889555.597313
-7295.442610 691.537538 1742.744353
UTC=2024-01-23T22:36:02.000000
643735.466117 -1184302.140886 7044749.271189
-7420.331669 979.321314 840.489999
UTC=2024-01-23T22:38:02.000000
-248246.481819 -1050181.327381 7090754.731779
-7426.148868 1253.171957 -74.720018
UTC=2024-01-23T22:40:02.000000
-1133783.668497 -884349.864886 7026861.868046
-7313.114565 1506.808520 -988.795536
UTC=2024-01-23T22:42:02.000000
-1998722.168192 -689594.649715 6854052.425939
-7083.347038 1734.275696 -1887.662679
UTC=2024-01-23T22:44:02.000000
-2829274.432513 -469391.515115 6574986.049330
-6740.826697 1930.066180 -2757.462962
UTC=2024-01-23T22:46:02.000000
-3612239.688249 -227844.466838 6193962.588018
-6291.341741 2089.236359 -3584.751970
UTC=2024-01-23T22:48:02.000000
-4335216.305959 30388.460176 5716860.178988
-5742.406970 2207.513380 -4356.703317
UTC=2024-01-23T22:50:02.000000
-4986802.539431 300181.733728 5151048.905427
-5103.150821 2281.393507 -5061.310470
UTC=2024-01-23T22:52:02.000000
-5556781.981426 576039.800979 4505280.832030
-4384.175047 2308.226940 -5687.578433
UTC=2024-01-23T22:54:02.000000
-6036290.442031 852204.059481 3789557.483702
-3597.383622 2286.289504 -6225.706393
UTC=2024-01-23T22:56:02.000000
-6417960.781458 1122767.294158 3014976.716416
-2755.790315 2214.836127 -6667.249221
UTC=2024-01-23T22:58:02.000000
-6696043.500804 1381793.418194 2193560.774363
-1873.303583 2094.134093 -7005.268748
UTC=2024-01-23T23:00:02.000000
-6866500.038800 1623439.822893 1338067.724407
-964.490235 1925.474621 -7234.458508
UTC=2024-01-23T23:02:02.000000
-6927066.695553 1842079.988373 461789.201344
-44.319638 1711.164407 -7351.246584
UTC=2024-01-23T23:04:02.000000
-6877286.633526 2032423.487560 -421662.051553
872.108581 1454.490179 -7353.860478
UTC=2024-01-23T23:06:02.000000
-6718509.262887 2189630.295658 -1298570.047824
1769.834455 1159.660897 -7242.353266
UTC=2024-01-23T23:08:02.000000
-6453857.689154 2309417.176117 -2155334.484540
2634.299246 831.733712 -7018.596882
UTC=2024-01-23T23:10:02.000000
-6088165.040842 2388154.085983 -2978687.315878
3451.604385 476.520375 -6686.247723
UTC=2024-01-23T23:12:02.000000
-5627880.258810 2422947.961260 -3755902.572824
4208.756322 100.471562 -6250.667502
UTC=2024-01-23T23:14:02.000000
-5080946.429558 2411711.856270 -4474994.541914
4893.879108 -289.449607 -5718.811596
UTC=2024-01-23T23:16:02.000000
-4456655.335926 2353218.553054 -5124901.197976
5496.398911 -685.900192 -5099.095122
UTC=2024-01-23T23:18:02.000000
-3765481.676873 2247137.884988 -5695650.182595
6007.196468 -1081.295371 -4401.236807
UTC=2024-01-23T23:20:02.000000
-3018901.201098 2094057.419794 -6178505.377604
6418.724220 -1467.947851 -3636.094473
UTC=2024-01-23T23:22:02.000000
-2229196.133500 1895486.271108 -6566093.500567
6725.103360 -1838.209504 -2815.493870
UTC=2024-01-23T23:24:02.000000
-1409250.393647 1653841.925407 -6852508.782512
6922.191106 -2184.611746 -1952.034862
UTC=2024-01-23T23:26:02.000000
-572339.515957 1372420.641866 -7033394.535158
7007.606832 -2499.998842 -1058.905677
UTC=2024-01-23T23:28:02.000000
268081.641264 1055352.181024 -7106002.660844
6980.741075 -2777.655003 -149.697268
UTC=2024-01-23T23:30:02.000000
1098590.898786 707539.786653 -7069231.447656
6842.747550 -3011.425232 761.771081
UTC=2024-01-23T23:32:02.000000
1906009.564807 334585.496602 -6923641.438357
6596.522775 -3195.837441 1661.648894
UTC=2024-01-23T23:34:02.000000
2677608.101855 -57298.435708 -6671447.379776
6246.645441 -3326.210048 2536.246499
UTC=2024-01-23T23:36:02.000000
3401304.047765 -461390.315649 -6316487.892020
5799.307857 -3398.750178 3372.221783
UTC=2024-01-23T23:38:02.000000
4065849.949254 -870571.145727 -5864172.172334
5262.216254 -3410.641945 4156.770130
UTC=2024-01-23T23:40:02.000000
4661008.582418 -1277446.441248 -5321404.970326
4644.483063 -3360.122441 4877.800988
UTC=2024-01-23T23:42:02.000000
5177714.245560 -1674476.748585 -4696489.509174
3956.496085 -3246.546937 5524.128606
UTC=2024-01-23T23:44:02.000000
5608216.342080 -2054114.452637 -3999007.941024
3209.757869 -3070.429443 6085.652123
UTC=2024-01-23T23:46:02.000000
5946202.665892 -2408944.356027 -3239680.879044
2416.707502 -2833.464852 6553.525799
UTC=2024-01-23T23:48:02.000000
6186899.937419 -2731825.618213 -2430207.068724
1590.519092 -2538.528793 6920.318278
UTC=2024-01-23T23:50:02.000000
6327148.811048 -3016032.127936 -1583085.132197
744.879191 -2189.651094 7180.150136
UTC=2024-01-23T23:52:02.000000
6365451.515192 -3255388.180029 -711420.436004
-106.245282 -1791.965228 7328.805469
UTC=2024-01-23T23:54:02.000000
6301990.928298 -3444396.698910 171280.132856
-948.852130 -1351.633306 7363.819665
UTC=2024-01-23T23:56:02.000000
6138619.993384 -3578356.929529 1051321.774554
-1769.149523 -875.747336 7284.532400
UTC=2024-01-23T23:58:02.000000
5878821.633802 -3653468.987550 1915040.316107
-2553.805928 -372.206559 7092.115468
