UTC=2024-01-01T00:00:02.000000
4704461.024972 -3445419.000657 4186025.151285
-4517.334316 1075.084763 5944.643871
UTC=2024-01-01T00:02:02.000000
4128841.057336 -3285261.224571 4865045.065338
-5062.458871 1592.350003 5357.719186
UTC=2024-01-01T00:04:02.000000
3492955.472956 -3063890.330908 5468557.356032
-5520.520282 2093.736725 4687.826706
UTC=2024-01-01T00:06:02.000000
2807667.218641 -2783771.884668 5987221.817728
-5884.860262 2569.946819 3945.429286
UTC=2024-01-01T00:08:02.000000
2084541.358851 -2448470.428032 6413021.263761
-6150.447685 3011.989185 3142.083958
UTC=2024-01-01T00:10:02.000000
1335646.029396 -2062602.991924 6739381.628438
-6313.935913 3411.339509 2290.253945
UTC=2024-01-01T00:12:02.000000
573348.334245 -1631773.805886 6961269.145766
-6373.691225 3760.093727 1403.114321
UTC=2024-01-01T00:14:02.000000
-189891.386824 -1162491.190916 7075263.723459
-6329.790751 4051.110537 494.351383
UTC=2024-01-01T00:16:02.000000
-941723.478681 -662068.020552 7079608.257817
-6183.995659 4278.142539 -422.038202
UTC=2024-01-01T00:18:02.000000
-1670108.395167 -138507.278909 6974233.926756
-5939.704002 4435.954418 -1331.946570
UTC=2024-01-01T00:20:02.000000
-2363509.261233 399625.951033 6760761.369692
-5601.882229 4520.429456 -2221.357532
UTC=2024-01-01T00:22:02.000000
-3011074.938255 943344.285400 6442477.552177
-5176.976239 4528.659638 -3076.549069
UTC=2024-01-01T00:24:02.000000
-3602811.168635 1483387.630644 6024288.409964
-4672.801929 4459.018642 -3884.293262
UTC=2024-01-01T00:26:02.000000
-4129737.581153 2010380.547318 5512647.662737
-4098.418635 4311.218351 -4632.054715
UTC=2024-01-01T00:28:02.000000
-4584028.230101 2514995.331044 4915461.842095
-3463.980842 4086.346765 -5308.188203
UTC=2024-01-01T00:30:02.000000
-4959132.925730 2988118.045125 4241971.762600
-2780.565964 3786.877758 -5902.131753
UTC=2024-01-01T00:32:02.000000
-5249876.682288 3421014.052120 3502611.926101
-2059.984239 3416.654663 -6404.579855
UTC=2024-01-01T00:34:02.000000
-5452535.692348 3805490.248841 2708850.152325
-1314.576914 2980.851012 -6807.640888
UTC=2024-01-01T00:36:02.000000
-5564888.350729 4134051.028402 1873009.263566
-557.002837 2485.904621 -7104.978997
UTC=2024-01-01T00:38:02.000000
-5586239.898594 4400044.402981 1008072.817815
199.988189 1939.418794 -7291.935325
UTC=2024-01-01T00:40:02.000000
-5517419.241183 4597794.319682 127478.439274
943.789779 1350.032429 -7365.610703
UTC=2024-01-01T00:42:02.000000
-5360748.419697 4722716.386408 -755096.479502
1662.159192 727.275347 -7324.915399
UTC=2024-01-01T00:44:02.000000
-5119985.669122 4771415.034462 -1625953.789082
2343.439579 81.401785 -7170.593951
UTC=2024-01-01T00:46:02.000000
-4800242.152331 4741759.201093 -2471594.014699
2976.772001 -576.800993 -6905.205746
UTC=2024-01-01T00:48:02.000000
-4407874.876852 4632934.271984 -3278930.860284
3552.280536 -1236.212497 -6533.065412
UTC=2024-01-01T00:50:02.000000
-3950358.685614 4445470.022693 -4035496.700380
4061.235026 -1885.580629 -6060.151094
UTC=2024-01-01T00:52:02.000000
-3436140.639555 4181244.387982 -4729635.096323
4496.181232 -2513.720974 -5493.982565
UTC=2024-01-01T00:54:02.000000
-2874480.676814 3843463.621765 -5350677.397815
4851.038257 -3109.710100 -4843.477768
UTC=2024-01-01T00:56:02.000000
-2275282.617773 3436620.158638 -5889101.490751
5121.166065 -3663.065081 -4118.802262
UTC=2024-01-01T00:58:02.000000
-1648917.940068 2966428.923107 -6336671.778770
5303.416257 -4163.923337 -3331.202505
UTC=2024-01-01T01:00:02.000000
-1006045.369705 2439742.726196 -6686557.815079
5396.149935 -4603.208226 -2492.819257
UTC=2024-01-01T01:02:02.000000
-357430.227753 1864449.269125 -6933430.262031
5399.225671 -4972.770631 -1616.499852
UTC=2024-01-01T01:04:02.000000
286233.508855 1249351.819911 -7073534.654754
5313.966541 -5265.520966 -715.613794
UTC=2024-01-01T01:06:02.000000
914496.170531 604035.060430 -7104743.079965
5143.113353 -5475.543572 196.129679
UTC=2024-01-01T01:08:02.000000
1517319.143651 -61282.360583 -7026583.547663
4890.763027 -5598.204901 1104.874401
UTC=2024-01-01T01:10:02.000000
2085232.370758 -735907.126899 -6840245.846611
4562.278445 -5630.239423 1996.810957
UTC=2024-01-01T01:12:02.000000
2609480.470234 -1408839.610717 -6548565.012188
4164.191435 -5569.818257 2858.359325
UTC=2024-01-01T01:14:02.000000
3082156.497019 -2068949.608081 -6155982.391558
3704.090099 -5416.600578 3676.357646
UTC=2024-01-01T01:16:02.000000
3496321.386721 -2705157.340014 -5668484.922854
3190.497770 -5171.774608 4438.238900
UTC=2024-01-01T01:18:02.000000
3846108.364887 -3306618.761661 -5093521.924159
2632.736500 -4838.080942 5132.231250
UTC=2024-01-01T01:20:02.000000
4126809.009179 -3862910.981202 -4439898.060592
2040.762452 -4419.792464 5747.545747
UTC=2024-01-01T01:22:02.000000
4334939.538881 -4364213.874060 -3717645.479915
1425.003047 -3922.674933 6274.540618
UTC=2024-01-01T01:24:02.000000
4468287.313095 -4801485.975014 -2937876.206290
796.186834 -3353.927395 6704.887020
UTC=2024-01-01T01:26:02.000000
4525936.012285 -5166631.216025 -2112615.150280
165.158642 -2722.089835 7031.722974
UTC=2024-01-01T01:28:02.000000
4508267.859107 -5452652.812780 -1254615.855914
-457.316801 -2036.919649 7249.786641
UTC=2024-01-01T01:30:02.000000
4416942.382717 -5653790.147851 -377161.891560
-1060.747799 -1309.234215 7355.521229
UTC=2024-01-01T01:32:02.000000
4254852.097445 -5765635.393359 506142.489866
-1635.107555 -550.730830 7347.147741
UTC=2024-01-01T01:34:02.000000
4026055.791519 -5785227.283646 1381588.416496
-2171.014015 226.214008 7224.706570
UTC=2024-01-01T01:36:02.000000
3735690.780221 -5711119.285373 2235581.681481
-2659.901753 1008.769962 6990.065204
UTC=2024-01-01T01:38:02.000000
3389865.422431 -5543420.283695 3054859.938943
-3094.174735 1783.881290 6646.878279
UTC=2024-01-01T01:40:02.000000
2995535.101398 -5283807.847316 3826703.606581
-3467.331125 2538.498895 6200.523852
UTC=2024-01-01T01:42:02.000000
2560364.605674 -4935513.246115 4539137.079377
-3774.063706 3259.814686 5658.005022
UTC=2024-01-01T01:44:02.000000
2092579.958168 -4503278.946021 5181116.610242
-4010.336418 3935.487479 5027.826115
UTC=2024-01-01T01:46:02.000000
1600812.798265 -3993289.585875 5742701.633348
-4173.430764 4553.856558 4319.843922
UTC=2024-01-01T01:48:02.000000
1093940.479160 -3413078.009026 6215207.373956
-4261.972072 5104.145121 3545.100329
UTC=2024-01-01T01:50:02.000000
580924.869638 -2771408.222167 6591335.620212
-4275.922663 5576.637699 2715.631310
UTC=2024-01-01T01:52:02.000000
70653.667517 -2078138.526573 6865282.665530
-4216.549151 5962.836129 1844.277068
UTC=2024-01-01T01:54:02.000000
-428213.097813 -1344067.101518 7032824.271661
-4086.369384 6255.595243 944.490622
UTC=2024-01-01T01:56:02.000000
-907389.330241 -580762.058030 7091377.646623
-3889.084882 6449.247172 30.142079
UTC=2024-01-01T01:58:02.000000
-1359099.986568 199622.062790 7040039.125129
-3629.496491 6539.700273 -884.687375
UTC=2024-01-01T02:00:02.000000
-1776207.116271 984538.193401 6879597.202088
-3313.403203 6524.514860 -1785.910217
UTC=2024-01-01T02:02:02.000000
-2152322.860750 1761248.383071 6612521.110715
-2947.487700 6402.956210 -2659.635389
UTC=2024-01-01T02:04:02.000000
-2481908.046666 2517030.485852 6242925.152309
-2539.189885 6176.025945 -3492.369315
UTC=2024-01-01T02:06:02.000000
-2760354.906900 3239387.316763 5776509.056596
-2096.569792 5846.470860 -4271.214921
UTC=2024-01-01T02:08:02.000000
-2984052.977448 3916255.176162 5220474.640381
-1628.164894 5418.764037 -4984.066695
UTC=2024-01-01T02:10:02.000000
-3150437.325193 4536208.691414 4583419.161189
-1142.836415 4899.060994 -5619.804608
UTC=2024-01-01T02:12:02.000000
-3258017.702886 5088658.433191 3875205.905925
-649.607339 4295.123439 -6168.478005
UTC=2024-01-01T02:14:02.000000
-3306388.018408 5564037.477318 3106813.349602
-157.495727 3616.210060 -6621.478408
UTC=2024-01-01T02:16:02.000000
-3296215.664201 5953972.696557 2290164.795258
324.652446 2872.932326 -6971.690102
UTC=2024-01-01T02:18:02.000000
-3229211.055437 6251437.069175 1437941.502033
788.326584 2077.083605 -7213.614548
UTC=2024-01-01T02:20:02.000000
-3108077.754239 6450880.238777 563382.480215
1225.510470 1241.447550 -7343.469349
UTC=2024-01-01T02:22:02.000000
-2936444.163479 6548334.425986 -319926.248467
1628.829652 379.577865 -7359.262816
UTC=2024-01-01T02:24:02.000000
-2718778.427583 6541492.552439 -1198269.257348
1991.684125 -494.442094 -7260.834280
UTC=2024-01-01T02:26:02.000000
-2460287.950440 6429756.359744 -2058022.299550
2308.372662 -1366.261466 -7049.860578
UTC=2024-01-01T02:28:02.000000
-2166805.141307 6214252.131342 -2885870.081092
2574.192896 -2221.530594 -6729.800710
UTC=2024-01-01T02:30:02.000000
-1844663.437931 5897815.984750 -3669015.309427
2785.505523 -3046.141746 -6305.815534
UTC=2024-01-01T02:32:02.000000
-1500566.933148 5484950.276257 -4395377.516026
2939.777866 -3826.472733 -5784.672046
UTC=2024-01-01T02:34:02.000000
-1141456.070430 4981751.253336 -5053778.101313
3035.604710 -4549.616124 -5174.610376
UTC=2024-01-01T02:36:02.000000
-774372.296381 4395811.002378 -5634108.453850
3072.706072 -5203.581657 -4485.198910
UTC=2024-01-01T02:38:02.000000
-406324.050706 3736095.686722 -6127480.040377
3051.906915 -5777.489240 -3727.175401
UTC=2024-01-01T02:40:02.000000
-44156.511057 3012801.706313 -6526354.050506
2975.094057 -6261.741211 -2912.265838
UTC=2024-01-01T02:42:02.000000
305572.075187 2237193.163642 -6824648.526177
2845.150602 -6648.160001 -2052.994066
UTC=2024-01-01T02:44:02.000000
636705.388281 1421424.604985 -7017823.229250
2665.878654 -6930.100890 -1162.501503
UTC=2024-01-01T02:46:02.000000
943594.136424 578350.826089 -7102942.506590
2441.910616 -7102.551778 -254.357573
UTC=2024-01-01T02:48:02.000000
1221189.759985 -278673.687194 -7078715.275073
2178.608682 -7162.208002 657.629291
UTC=2024-01-01T02:50:02.000000
1465125.416704 -1136003.127747 -6945512.073933
1881.953293 -7107.524615 1559.605816
UTC=2024-01-01T02:52:02.000000
1671783.205327 -1979913.252932 -6705359.273843
1558.427044 -6938.742568 2437.858134
UTC=2024-01-01T02:54:02.000000
1838347.376548 -2796816.548207 -6361911.490112
1214.895970 -6657.900538 3278.992849
UTC=2024-01-01T02:56:02.000000
1962842.787475 -3573478.084403 -5920402.226994
858.482740 -6268.835263 4070.120181
UTC=2024-01-01T02:58:02.000000
2044157.896986 -4297230.064187 -5387571.561302
496.435666 -5777.152691 4799.054378
UTC=2024-01-01T03:00:02.000000
2082051.753920 -4956179.913474 -4771570.091414
135.993977 -5190.153377 5454.500940
UTC=2024-01-01T03:02:02.000000
2077144.928890 -5539408.574477 -4081841.839134
-215.745121 -4516.746588 6026.226092
UTC=2024-01-01T03:04:02.000000
2030894.380033 -6037157.239088 -3328986.517209
-551.961537 -3767.338359 6505.230493
UTC=2024-01-01T03:06:02.000000
1945552.240778 -6440998.288273 -2524601.584602
-866.243836 -2953.681760 6883.909758
UTC=2024-01-01T03:08:02.000000
1824109.211291 -6743986.330538 -1681105.975135
-1152.713980 -2088.693756 7156.198877
UTC=2024-01-01T03:10:02.000000
1670223.624366 -6940785.550270 -811548.297632
-1406.140743 -1186.248971 7317.685759
UTC=2024-01-01T03:12:02.000000
1488137.553856 -7027771.034585 70597.705766
-1622.042416 -260.943351 7365.709705
UTC=2024-01-01T03:14:02.000000
1282581.482470 -7003099.653827 951646.527598
-1796.773560 672.162701 7299.407269
UTC=2024-01-01T03:16:02.000000
1058669.560021 -6866750.796997 1817918.596528
-1927.594893 1597.801211 7119.744155
UTC=2024-01-01T03:18:02.000000
821787.925489 -6620534.164297 2655959.664552
-2012.718685 2500.781258 6829.503449
UTC=2024-01-01T03:20:02.000000
577478.509410 -6268064.142368 3452755.909900
-2051.339605 3366.260399 6433.230662
UTC=2024-01-01T03:22:02.000000
331320.549805 -5814702.222325 4195940.435088
-2043.639528 4180.003923 5937.145282
UTC=2024-01-01T03:24:02.000000
88813.133368 -5267469.524057 4873987.692985
-1990.767778 4928.625451 5349.030412
UTC=2024-01-01T03:26:02.000000
-144738.859466 -4634931.055189 5476393.272877
-1894.803526 5599.815944 4678.096327
UTC=2024-01-01T03:28:02.000000
-364332.899091 -3927054.137616 5993835.761081
-1758.695494 6182.544239 3934.822379
UTC=2024-01-01T03:30:02.000000
-565368.883752 -3155043.967439 6418318.671630
-1586.188687 6667.237594 3130.778799
UTC=2024-01-01T03:32:02.000000
-743739.547739 -2331159.810662 6743289.520201
-1381.736170 7045.920365 2278.430068
UTC=2024-01-01T03:34:02.000000
-895909.494793 -1468516.695288 6963735.927106
-1150.398543 7312.322924 1390.949682
UTC=2024-01-01T03:36:02.000000
-1018981.718319 -580874.639012 7076259.436815
-897.736744 7461.979740 482.029417
UTC=2024-01-01T03:38:02.000000
-1110750.840850 317582.362264 7079125.382175
-629.696715 7492.298273 -434.327276
UTC=2024-01-01T03:40:02.000000
-1169741.860211 1212473.579800 6972288.016029
-352.484284 7402.596715 -1344.009050
UTC=2024-01-01T03:42:02.000000
-1195233.724840 2089451.892871 6757391.216749
-72.438364 7194.116875 -2233.000654
UTC=2024-01-01T03:44:02.000000
-1187267.701095 2934434.094239 6437744.788003
204.095716 6870.011147 -3087.585577
UTC=2024-01-01T03:46:02.000000
-1146640.604057 3733828.139591 6018276.536419
470.891926 6435.304816 -3894.547398
UTC=2024-01-01T03:48:02.000000
-1074882.792718 4474754.170300 5505460.212825
721.971592 5896.828733 -4641.368817
UTC=2024-01-01T03:50:02.000000
-974221.203613 5145255.961652 4907220.153584
951.722959 5263.129092 -5316.423124
UTC=2024-01-01T03:52:02.000000
-847528.301911 5734499.842293 4232812.651970
1155.018776 4544.343936 -5909.169536
UTC=2024-01-01T03:54:02.000000
-698257.240811 6232956.004476 3492685.183513
1327.323703 3752.038882 -6410.319678
UTC=2024-01-01T03:56:02.000000
-530365.414220 6632560.299846 2698317.039569
1464.784728 2899.046691 -6811.994998
UTC=2024-01-01T03:58:02.000000
-348226.864058 6926853.772059 1862039.838808
1564.325031 1999.245394 -7107.889633
UTC=2024-01-01T04:00:02.000000
-156534.706460 7111093.196828 996842.333499
1623.712697 1067.312346 -7293.372698
UTC=2024-01-01T04:02:02.000000
39803.270347 7182332.079961 116164.212913
1641.608472 118.472448 -7365.570761
UTC=2024-01-01T04:04:02.000000
235773.795257 7139470.531621 -766318.430385
1617.597020 -831.769145 -7323.424483
UTC=2024-01-01T04:06:02.000000
426369.580199 6983271.726123 -1636912.353008
1552.191561 -1767.914100 -7167.705551
UTC=2024-01-01T04:08:02.000000
606699.754866 6716344.437855 -2482125.494510
1446.815093 -2674.744830 -6900.988169
UTC=2024-01-01T04:10:02.000000
772097.315949 6343093.668490 -3288880.195353
1303.769131 -3537.584407 -6527.593317
UTC=2024-01-01T04:12:02.000000
918221.745194 5869640.638829 -4044718.078757
1126.183494 -4342.546677 -6053.504769
UTC=2024-01-01T04:14:02.000000
1041154.432343 5303713.725597 -4737992.970587
917.947332 -5076.768492 -5486.253847
UTC=2024-01-01T04:16:02.000000
1137484.888532 4654513.081344 -5358048.324265
683.625006 -5728.615064 -4834.777469
UTC=2024-01-01T04:18:02.000000
1204386.018683 3932552.517089 -5895376.432772
428.357900 -6287.853094 -4109.258858
UTC=2024-01-01T04:20:02.000000
1239676.925161 3149482.293678 -6341758.007001
157.756086 -6745.797878 -3320.958729
UTC=2024-01-01T04:22:02.000000
1241872.351996 2317895.830322 -6690380.360191
-122.216085 -7095.430657 -2482.027807
UTC=2024-01-01T04:24:02.000000
1210218.121500 1451124.793062 -6935932.999482
-405.358060 -7331.477443 -1605.322433
UTC=2024-01-01T04:26:02.000000
1144712.274214 563025.763153 -7074681.514628
-685.353876 -7450.472675 -704.222406
UTC=2024-01-01T04:28:02.000000
1046111.556752 -332239.333383 -7104518.860705
-955.895095 -7450.797022 207.561020
UTC=2024-01-01T04:30:02.000000
915923.030618 -1220425.766214 -7024993.574563
-1210.805177 -7332.688790 1116.178444
UTC=2024-01-01T04:32:02.000000
756381.146814 -2087428.053131 -6837315.011842
-1444.156597 -7098.225991 2007.828704
UTC=2024-01-01T04:34:02.000000
570410.971986 -2919499.028856 -6544337.074925
-1650.386192 -6751.298157 2868.933047
UTC=2024-01-01T04:36:02.000000
361577.333836 -3703465.264477 -6150520.268659
-1824.413565 -6297.567883 3686.328127
UTC=2024-01-01T04:38:02.000000
134020.455514 -4426935.215754 -5661869.807167
-1961.745386 -5744.388057 4447.462408
UTC=2024-01-01T04:40:02.000000
-107620.369938 -5078496.217218 -5085851.430302
-2058.573515 -5100.702757 5140.575644
UTC=2024-01-01T04:42:02.000000
-358294.671528 -5647898.484713 -4431285.449810
-2111.867341 -4376.926662 5754.882433
UTC=2024-01-01T04:44:02.000000
-612638.907673 -6126222.816366 -3708218.908455
-2119.451237 -3584.793529 6280.751626
UTC=2024-01-01T04:46:02.000000
-865082.941246 -6506028.290477 -2927777.020897
-2080.066671 -2737.175724 6709.870614
UTC=2024-01-01T04:48:02.000000
-1109963.021626 -6781477.094907 -2101995.917185
-1993.417972 -1847.884269 7035.394222
UTC=2024-01-01T04:50:02.000000
-1341639.046227 -6948433.837981 -1243638.202572
-1860.197224 -931.441289 7252.079871
UTC=2024-01-01T04:52:02.000000
-1554613.503171 -7004535.982015 -365994.074238
-1682.087719 -2.829341 7356.391668
UTC=2024-01-01T04:54:02.000000
-1743649.582438 -6949233.444450 517328.123292
-1461.746591 922.770834 7346.572295
UTC=2024-01-01T04:56:02.000000
-1903885.940545 -6783796.328410 1392618.056017
-1202.766026 1830.248715 7222.683302
UTC=2024-01-01T04:58:02.000000
-2030945.387831 -6511290.243295 2246282.401934
-909.610810 2704.834597 6986.611330
UTC=2024-01-01T05:00:02.000000
-2121034.777476 -6136519.386154 3065062.363950
-587.534612 3532.365047 6642.036588
UTC=2024-01-01T05:02:02.000000
-2171033.717983 -5665938.603637 3836245.079980
-242.478034 4299.532315 6194.363403
UTC=2024-01-01T05:04:02.000000
-2178570.148429 -5107536.936196 4547864.725544
119.047536 4994.109548 5650.618682
UTC=2024-01-01T05:06:02.000000
-2142081.474628 -4470695.817718 5188889.842465
490.083452 5605.147629 5019.326203
UTC=2024-01-01T05:08:02.000000
-2060860.395257 -3766024.987326 5749394.639903
863.356909 6123.152196 4310.363484
UTC=2024-01-01T05:10:02.000000
-1935083.961391 -3005178.625591 6220711.154336
1231.425957 6540.230170 3534.785732
UTC=2024-01-01T05:12:02.000000
-1765825.183422 -2200656.830670 6595559.472542
1586.823349 6850.190261 2704.641467
UTC=2024-01-01T05:14:02.000000
-1555047.718063 -1365596.604010 6868155.958313
1922.195140 7048.620741 1832.788760
UTC=2024-01-01T05:16:02.000000
-1305584.039126 -513554.475490 7034298.546373
2230.437457 7132.947205 932.693681
UTC=2024-01-01T05:18:02.000000
-1021097.447262 341715.149007 7091427.306875
2504.829060 7102.445966 18.227451
UTC=2024-01-01T05:20:02.000000
-706028.177050 1186482.016407 7038661.630924
2739.164360 6958.241945 -896.526212
UTC=2024-01-01T05:22:02.000000
-365523.797320 2007260.653912 6876813.355603
2927.880099 6703.282863 -1797.478085
UTC=2024-01-01T05:24:02.000000
-5355.114728 2791026.056634 6608375.029311
3066.170519 6342.283743 -2670.739751
UTC=2024-01-01T05:26:02.000000
368181.002487 3525421.126165 6237483.727003
3150.089603 5881.646979 -3502.823694
UTC=2024-01-01T05:28:02.000000
748370.360148 4198953.533462 5769860.956469
3176.642375 5329.363949 -4280.843823
UTC=2024-01-01T05:30:02.000000
1128200.483802 4801179.040981 5212728.626629
3143.864485 4694.889088 -4992.711616
UTC=2024-01-01T05:32:02.000000
1500488.207630 5322868.513510 4574701.672330
3050.883615 3988.991788 -5627.330692
UTC=2024-01-01T05:34:02.000000
1858013.268024 5756155.078676 3865658.202864
2897.959807 3223.576782 -6174.770254
UTC=2024-01-01T05:36:02.000000
2193656.256621 6094659.637156 3096589.910416
2686.516559 2411.503331 -6626.432805
UTC=2024-01-01T05:38:02.000000
2500538.014827 6333592.528034 2279431.325317
2419.130606 1566.362573 -6975.224725
UTC=2024-01-01T05:40:02.000000
2772156.672477 6469826.856993 1426871.760108
2099.507062 702.234551 -7215.679580
UTC=2024-01-01T05:42:02.000000
3002519.870879 6501941.912469 552153.758823
1732.420763 -166.566738 -7344.055657
UTC=2024-01-01T05:44:02.000000
3186268.679295 6430236.155601 -331137.779447
1323.640121 -1025.744206 -7358.397108
UTC=2024-01-01T05:46:02.000000
3318791.318905 6256709.971425 -1209292.325341
879.830883 -1861.272304 -7258.568526
UTC=2024-01-01T05:48:02.000000
3396323.802950 5985018.045829 -2068692.293980
408.435953 -2659.644512 -7046.251211
UTC=2024-01-01T05:50:02.000000
3416035.282686 5620392.932143 -2896029.374500
-82.459228 -3408.108220 -6724.910067
UTC=2024-01-01T05:52:02.000000
3376096.147042 5169541.042623 -3678514.749494
-584.279539 -4094.886797 -6299.723350
UTC=2024-01-01T05:54:02.000000
3275727.098626 4640513.610896 -4404078.501963
-1088.121650 -4709.371792 -5777.474047
UTC=2024-01-01T05:56:02.000000
3115228.839198 4042556.816017 -5061554.650758
-1584.916526 -5242.280431 -5166.422195
UTC=2024-01-01T05:58:02.000000
2895992.087484 3385944.375461 -5640849.693257
-2065.592773 -5685.789550 -4476.155730
UTC=2024-01-01T06:00:02.000000
2620488.309638 2681795.916693 -6133092.125454
-2521.236205 -6033.638275 -3717.424590
UTC=2024-01-01T06:02:02.000000
2292241.259520 1941884.951568 -6530761.279423
-2943.248530 -6281.198677 -2901.961946
UTC=2024-01-01T06:04:02.000000
1915780.178235 1178440.244038 -6827794.056097
-3323.492897 -6425.514970 -2042.296260
UTC=2024-01-01T06:06:02.000000
1496576.227971 403944.246647 -7019669.322034
-3654.430167 -6465.314895 -1151.568573
UTC=2024-01-01T06:08:02.000000
1040962.588863 -369068.673216 -7103470.576718
-3929.254842 -6401.003411 -243.350050
UTC=2024-01-01T06:10:02.000000
556038.797472 -1128212.153719 -7077925.768175
-4142.018269 -6234.634400 668.556162
UTC=2024-01-01T06:12:02.000000
49561.587581 -1861442.346883 -6943423.657507
-4287.732454 -5969.851452 1570.302567
UTC=2024-01-01T06:14:02.000000
-470176.391155 -2557244.699673 -6702008.631369
-4362.470168 -5611.821775 2448.172942
UTC=2024-01-01T06:16:02.000000
-994479.539409 -3204812.449582 -6357353.469814
-4363.455684 -5167.158301 3288.777548
UTC=2024-01-01T06:18:02.000000
-1514391.697376 -3794213.591634 -5914708.507788
-4289.132398 -4643.807773 4079.243085
UTC=2024-01-01T06:20:02.000000
-2020846.015955 -4316543.851313 -5380828.973326
-4139.220755 -4050.931698 4807.391929
UTC=2024-01-01T06:22:02.000000
-2504820.968429 -4764064.585720 -4763880.293260
-3914.761068 -3398.770751 5461.930233
UTC=2024-01-01T06:24:02.000000
-2957500.087760 -5130322.680747 -4073320.752768
-3618.131095 -2698.480429 6032.633934
UTC=2024-01-01T06:26:02.000000
-3370432.103315 -5410249.546778 -3319762.789841
-3253.036269 -1961.949572 6510.518135
UTC=2024-01-01T06:28:02.000000
-3735688.619909 -5600237.654344 -2514814.796029
-2824.478549 -1201.606595 6887.993701
UTC=2024-01-01T06:30:02.000000
-4046016.516801 -5698192.812656 -1670904.904813
-2338.698302 -430.209247 7159.009487
UTC=2024-01-01T06:32:02.000000
-4294981.520466 -5703560.465465 -801088.971848
-1803.085248 339.377377 7319.172276
UTC=2024-01-01T06:34:02.000000
-4477099.340005 -5617324.896894 81154.094989
-1226.061136 1094.409275 7365.836603
UTC=2024-01-01T06:36:02.000000
-4587951.334331 -5441980.992280 962135.829676
-616.939957 1822.491577 7298.162460
UTC=2024-01-01T06:38:02.000000
-4624282.043667 -5181478.747553 1828176.735136
14.235144 2511.804515 7117.139995
UTC=2024-01-01T06:40:02.000000
-4584075.857687 -4841141.260978 2665825.242503
656.874381 3151.316326 6825.571597
UTC=2024-01-01T06:42:02.000000
-4466611.260683 -4427558.548141 3462072.335246
1300.031594 3730.973416 6428.019641
UTC=2024-01-01T06:44:02.000000
-4272491.793565 -3948459.834157 4204558.190165
1932.602415 4241.868924 5930.725847
UTC=2024-01-01T06:46:02.000000
-4003652.779751 -3412566.862675 4881767.275941
2543.528928 4676.389945 5341.497682
UTC=2024-01-01T06:48:02.000000
-3663343.760556 -2829431.504825 5483207.640367
3121.997148 5028.328984 4669.561776
UTC=2024-01-01T06:50:02.000000
-3256087.904902 -2209262.258654 5999571.897905
3657.624766 5292.960363 3925.407342
UTC=2024-01-01T06:52:02.000000
-2787619.272193 -1562743.018629 6422878.813767
4140.642160 5467.094038 3120.618479
UTC=2024-01-01T06:54:02.000000
-2264798.819970 -900846.536296 6746593.741686
4562.065499 5549.108936 2267.688183
UTC=2024-01-01T06:56:02.000000
-1695510.225187 -234645.816328 6965725.435489
4913.857827 5538.950947 1379.810829
UTC=2024-01-01T06:58:02.000000
-1088538.213948 424871.708039 7076897.794862
5189.058323 5438.092867 470.680279
UTC=2024-01-01T07:00:02.000000
-453432.189459 1066984.785981 7078398.614984
5381.903456 5249.489827 -445.698930
UTC=2024-01-01T07:02:02.000000
199644.331070 1681412.573512 6970204.685335
5487.938288 4977.513799 -1355.215596
UTC=2024-01-01T07:04:02.000000
860076.455028 2258479.566017 6753982.206336
5504.108497 4627.864888 -2243.859024
UTC=2024-01-01T07:06:02.000000
1516970.363306 2789268.429613 6433062.376668
5428.829187 4207.459509 -3097.922641
UTC=2024-01-01T07:08:02.000000
2159332.760340 3265758.785030 6012393.177469
5262.034175 3724.309552 -3904.199318
UTC=2024-01-01T07:10:02.000000
2776255.275347 3680950.779170 5498467.617382
5005.209133 3187.387940 -4650.179078
UTC=2024-01-01T07:12:02.000000
3357101.527723 4028971.324509 4899227.900412
4661.399294 2606.472901 -5324.252506
UTC=2024-01-01T07:14:02.000000
3891692.615895 4305160.240649 4223945.954058
4235.176692 1991.972526 -5915.893755
UTC=2024-01-01T07:16:02.000000
4370487.897941 4506135.811572 3483083.782686
3732.600999 1354.757833 -6415.823835
UTC=2024-01-01T07:18:02.000000
4784759.988884 4629838.836236 2688132.586290
3161.146330 705.963201 -6816.196627
UTC=2024-01-01T07:20:02.000000
5126756.681681 4675551.812778 1851432.559937
2529.572055 56.784668 -7110.726102
UTC=2024-01-01T07:22:02.000000
5389847.907303 4643894.580322 985978.904999
1847.796483 -581.719694 -7294.799996
UTC=2024-01-01T07:24:02.000000
5568655.013432 4536795.413071 105215.041905
1126.726637 -1198.834010 -7365.572405
UTC=2024-01-01T07:26:02.000000
5659157.647347 4357438.049246 -777182.687704
378.060113 -1784.381499 -7322.011010
UTC=2024-01-01T07:28:02.000000
5658776.416214 4110186.006118 -1647523.482843
-385.919774 -2328.904793 -7164.906819
UTC=2024-01-01T07:30:02.000000
5566430.173618 3800486.117787 -2492320.046177
-1152.563221 -2823.831924 -6896.853891
UTC=2024-01-01T07:32:02.000000
5382566.390689 3434753.537611 -3298501.858836
-1909.080792 -3261.617347 -6522.192400
UTC=2024-01-01T07:34:02.000000
5109164.416520 3020241.439513 -4053619.873586
-2642.767879 -3635.856940 -6046.924055
UTC=2024-01-01T07:36:02.000000
4749711.807213 2564898.086476 -4746039.553562
-3341.229751 -3941.384796 -5478.600259
UTC=2024-01-01T07:38:02.000000
4309154.132607 2077213.760203 -5365118.150429
-3992.594167 -4174.340475 -4826.173318
UTC=2024-01-01T07:40:02.000000
3793820.529781 1566062.008002 -5901363.405149
-4585.705407 -4332.200053 -4099.838583
UTC=2024-01-01T07:42:02.000000
3211326.696635 1040538.523537 -6346572.685755
-5110.305624 -4413.784680 -3310.865228
UTC=2024-01-01T07:44:02.000000
2570457.087007 509800.318247 -6693950.898674
-5557.198159 -4419.246482 -2471.411260
UTC=2024-01-01T07:46:02.000000
1881029.177265 -17091.811003 -6938205.890094
-5918.383516 -4350.028993 -1594.337400
UTC=2024-01-01T07:48:02.000000
1153742.451410 -531325.212921 -7075622.029692
-6187.181764 -4208.814798 -693.028230
UTC=2024-01-01T07:50:02.000000
400012.867262 -1024480.101517 -7104111.594194
-6358.347586 -3999.454873 218.803180
UTC=2024-01-01T07:52:02.000000
-368204.292041 -1488664.337487 -7023242.425874
-6428.149266 -3726.876408 1127.306829
UTC=2024-01-01T07:54:02.000000
-1138600.288475 -1916636.811759 -6834243.708392
-6394.438890 -3396.986340 2018.674516
UTC=2024-01-01T07:56:02.000000
-1898706.521251 -2301918.798375 -6539989.470952
-6256.706341 -3016.564525 2879.333175
UTC=2024-01-01T07:58:02.000000
-2636092.813941 -2638891.308619 -6144958.873812
-6016.104710 -2593.138629 3696.133624
UTC=2024-01-01T08:00:02.000000
-3338567.771904 -2922877.193398 -5655174.670617
-5675.461981 -2134.857056 4456.528631
UTC=2024-01-01T08:02:02.000000
-3994379.835402 -3150207.706732 -5078119.753519
-5239.277194 -1650.354126 5148.762637
UTC=2024-01-01T08:04:02.000000
-4592415.630207 -3318271.826374 -4422630.571441
-4713.677784 -1148.598143 5762.061714
UTC=2024-01-01T08:06:02.000000
-5122391.443719 -3425546.950058 -3698768.878413
-4106.350773 -638.734897 6286.806420
UTC=2024-01-01T08:08:02.000000
-5575034.961227 -3471610.616209 -2917673.100597
-3426.447017 -129.926998 6714.698521
UTC=2024-01-01T08:10:02.000000
-5942253.485301 -3457132.610124 -2091390.453056
-2684.451263 368.811931 7038.913461
UTC=2024-01-01T08:12:02.000000
-6217284.548082 -3383847.145393 -1232692.172242
-1892.020594 848.781917 7254.227872
UTC=2024-01-01T08:14:02.000000
-6394825.708110 -3254505.577897 -354874.859186
-1061.797807 1301.757137 7357.124112
UTC=2024-01-01T08:16:02.000000
-6471140.267667 -3072810.225942 528448.880869
-207.199264 1720.138119 7345.862941
UTC=2024-01-01T08:18:02.000000
-6444136.373569 -2843330.731733 1403566.920621
657.818768 2097.091388 7220.529699
UTC=2024-01-01T08:20:02.000000
-6313416.532187 -2571404.366829 2256887.301014
1519.016711 2426.676071 6983.038254
UTC=2024-01-01T08:22:02.000000
-6080296.220102 -2263022.502245 3075155.500512
2362.125297 2703.945839 6637.089571
UTC=2024-01-01T08:24:02.000000
-5747792.687508 -1924706.409322 3845665.503907
3173.094443 2925.027446 6188.112853
UTC=2024-01-01T08:26:02.000000
-5320582.848395 -1563374.558924 4556461.743800
3938.354980 3087.181724 5643.164610
UTC=2024-01-01T08:28:02.000000
-4804931.361038 -1186204.557572 5196526.128728
4645.049457 3188.830699 5010.789072
UTC=2024-01-01T08:30:02.000000
-4208592.627269 -800493.560621 5755947.934118
5281.240157 3229.558790 4300.873474
UTC=2024-01-01T08:32:02.000000
-3540688.278032 -413519.445285 6226075.652865
5836.110429 3210.098976 3524.488405
UTC=2024-01-01T08:34:02.000000
-2811561.417751 -32404.986317 6599648.019297
6300.146897 3132.294441 2693.701594
UTC=2024-01-01T08:36:02.000000
-2032610.851213 336011.656435 6870901.888346
6665.290263 2999.033040 1821.381346
UTC=2024-01-01T08:38:02.000000
-1216109.020384 685297.724441 7035656.604694
6925.057838 2814.170469 921.001095
UTC=2024-01-01T08:40:02.000000
-375006.605416 1009536.912868 7091374.594983
7074.643049 2582.442329 6.438695
UTC=2024-01-01T08:42:02.000000
477273.501743 1303428.860578 7037197.879505
7110.993493 2309.360756 -908.223867
UTC=2024-01-01T08:44:02.000000
1327050.344331 1562375.689697 6873960.476078
7032.868123 2001.101946 -1808.902971
UTC=2024-01-01T08:46:02.000000
2160604.384125 1782554.307349 6604176.266659
6840.867646 1664.381172 -2681.717881
UTC=2024-01-01T08:48:02.000000
2964399.092179 1960973.287128 6232002.786600
6537.441389 1306.322382 -3513.187802
UTC=2024-01-01T08:50:02.000000
3725302.285952 2095513.869385 5763181.175785
6126.873667 934.322662 -4290.434968
UTC=2024-01-01T08:52:02.000000
4430803.429009 2184954.282252 5204951.623319
5615.229217 555.911608 -5001.384082
UTC=2024-01-01T08:54:02.000000
5069222.898078 2228977.364218 4565946.144051
5010.278746 178.613288 -5634.943365
UTC=2024-01-01T08:56:02.000000
5629911.541722 2228161.368224 3856059.424656
4321.407241 -190.197710 -6181.193367
UTC=2024-01-01T08:58:02.000000
6103435.823086 2183953.098048 3086296.565315
3559.458707 -543.443382 -6631.571701
UTC=2024-01-01T09:00:02.000000
6481742.378903 2098624.285054 2268602.267186
2736.565570 -874.474510 -6979.003017
UTC=2024-01-01T09:02:02.000000
6758301.850953 1975212.331114 1415674.037437
1865.958395 -1177.200559 -7218.036981
UTC=2024-01-01T09:04:02.000000
6928226.771658 1817445.872844 540760.686772
961.731501 -1446.209456 -7344.948293
UTC=2024-01-01T09:06:02.000000
6988360.727810 1629657.320463 -342548.872510
38.599108 -1676.865840 -7357.803636
UTC=2024-01-01T09:08:02.000000
6937336.877193 1416684.235224 -1220543.206893
-888.372221 -1865.399369 -7256.494858
UTC=2024-01-01T09:10:02.000000
6775604.351794 1183761.156685 -2079606.913316
-1804.025511 -2008.973456 -7042.727674
UTC=2024-01-01T09:12:02.000000
6505423.248193 936404.684342 -2906436.827176
-2693.381334 -2105.728844 -6719.991856
UTC=2024-01-01T09:14:02.000000
6130827.031490 680294.826689 -3688252.043543
-3541.905331 -2154.802684 -6293.486850
UTC=2024-01-01T09:16:02.000000
5657554.084675 421155.281420 -4412993.226691
-4335.757445 -2156.328009 -5770.019822
UTC=2024-01-01T09:18:02.000000
5092950.163959 164635.007792 -5069507.758215
-5062.024110 -2111.411750 -5157.870656
UTC=2024-01-01T09:20:02.000000
4445844.968520 -83806.164634 -5647717.331077
-5708.917472 -2022.090088 -4466.638805
UTC=2024-01-01T09:22:02.000000
3726406.278909 -319005.528927 -6138766.829065
-6265.951924 -1891.267881 -3707.083889
UTC=2024-01-01T09:24:02.000000
2945973.952368 -536197.505707 -6535153.294528
-6724.103170 -1722.645373 -2890.950981
UTC=2024-01-01T09:26:02.000000
2116876.597718 -731103.819218 -6830832.652438
-7075.933361 -1520.628131 -2030.778169
UTC=2024-01-01T09:28:02.000000
1252235.440311 -900012.361234 -7021303.884096
-7315.685075 -1290.230192 -1139.715312
UTC=2024-01-01T09:30:02.000000
365757.499867 -1039843.935963 -7103671.437558
-7439.364267 -1036.966797 -231.337790
UTC=2024-01-01T09:32:02.000000
-528479.422964 -1148205.453929 -7076684.574299
-7444.790883 -766.738976 680.547401
UTC=2024-01-01T09:34:02.000000
-1416246.303404 -1223429.417559 -6940754.182157
-7331.629194 -485.719223 1582.084383
UTC=2024-01-01T09:36:02.000000
-2283385.319716 -1264599.237717 -6697947.173534
-7101.400960 -200.229495 2459.561474
UTC=2024-01-01T09:38:02.000000
-3116031.785980 -1271559.747496 -6351957.570803
-6757.464119 83.382086 3299.601696
UTC=2024-01-01T09:40:02.000000
-3900832.470602 -1244913.148607 -5908055.925021
-6304.980038 358.860644 4089.336341
UTC=2024-01-01T09:42:02.000000
-4625159.565766 -1186000.545886 -5373016.978501
-5750.865702 620.166620 4816.597370
UTC=2024-01-01T09:44:02.000000
-5277316.244750 -1096868.842242 -4755024.064053
-5103.703309 861.595576 5470.106196
UTC=2024-01-01T09:46:02.000000
-5846729.963163 -980223.664592 -4063551.732959
-4373.628303 1077.891798 6039.650313
UTC=2024-01-01T09:48:02.000000
-6324130.888874 -839368.909895 -3309227.338979
-3572.190929 1264.357588 6516.257401
UTC=2024-01-01T09:50:02.000000
-6701711.493190 -678133.627845 -2503672.338448
-2712.180849 1416.953658 6892.356294
UTC=2024-01-01T09:52:02.000000
-6973263.417809 -500787.724290 -1659325.645042
-1807.426430 1532.384816 7161.915151
UTC=2024-01-01T09:54:02.000000
-7134289.123419 -311948.077379 -789251.433923
-872.572503 1608.175281 7320.564418
UTC=2024-01-01T09:56:02.000000
-7182084.363151 -116476.375673 93066.463229
77.183131 1642.728267 7365.689754
UTC=2024-01-01T09:58:02.000000
-7115788.545423 80628.603409 973938.138415
1026.353735 1635.359691 7296.476882
UTC=2024-01-01T10:00:02.000000
-6936403.484903 274341.589327 1839685.433555
1959.432518 1586.312924 7113.937485
UTC=2024-01-01T10:02:02.000000
-6646779.031020 459722.020087 2676860.738658
2861.171818 1496.754041 6820.897055
UTC=2024-01-01T10:04:02.000000
-6251565.488291 632023.493355 3472462.047269
3716.856749 1368.746941 6421.945582
UTC=2024-01-01T10:06:02.000000
-5757133.794701 786798.902062 4214139.834583
4512.566378 1205.206457 5923.350090
UTC=2024-01-01T10:08:02.000000
-5171465.902038 919998.765984 4890391.508997
5235.408901 1009.832504 5332.937838
UTC=2024-01-01T10:10:02.000000
-4504018.277357 1028060.679573 5490740.378932
5873.733272 787.028302 4659.954220
UTC=2024-01-01T10:12:02.000000
-3765561.970191 1107988.171579 6005896.492261
6417.309119 541.806131 3914.906217
UTC=2024-01-01T10:14:02.000000
-2968002.333711 1157417.472861 6427898.005035
6857.485894 279.680008 3109.391821
UTC=2024-01-01T10:16:02.000000
-2124181.326046 1174670.982094 6750231.004090
7187.323834 6.552960 2255.912554
UTC=2024-01-01T10:18:02.000000
-1247665.872955 1158796.775607 6967925.804640
7401.692481 -271.404582 1367.669524
UTC=2024-01-01T10:20:02.000000
-352526.963433 1109593.126004 7077628.733437
7497.328862 -547.880634 458.362691
UTC=2024-01-01T10:22:02.000000
546886.896848 1027617.896386 7077650.281982
7472.875390 -816.548576 -458.004920
UTC=2024-01-01T10:24:02.000000
1436179.522623 914182.738871 6967989.467338
7328.895401 -1071.192707 -1367.327977
UTC=2024-01-01T10:26:02.000000
2301137.154094 771332.243920 6750333.971854
7067.861900 -1305.833919 -2255.600812
UTC=2024-01-01T10:28:02.000000
3127955.761109 601808.159310 6428036.221906
6694.123689 -1514.852127 -3109.116838
UTC=2024-01-01T10:30:02.000000
3903462.984594 408999.156319 6006065.182633
6213.846548 -1693.104417 -3914.674901
UTC=2024-01-01T10:32:02.000000
4615330.807861 196876.845491 5490933.647067
5634.919860 -1836.036228 -4659.777804
UTC=2024-01-01T10:34:02.000000
5252275.724174 -30081.179835 4890602.194726
4966.841504 -1939.785266 -5332.824762
UTC=2024-01-01T10:36:02.000000
5804243.574937 -266979.941240 4214360.278380
4220.576627 -2001.270916 -5923.299363
UTC=2024-01-01T10:38:02.000000
6262575.657501 -508605.443082 3472685.307802
3408.386848 -2018.268378 -6421.947404
UTC=2024-01-01T10:40:02.000000
6620152.559670 -749531.241111 2677081.184324
2543.629228 -1989.470132 -6820.940740
UTC=2024-01-01T10:42:02.000000
6871511.950816 -984231.163282 1839898.453490
1640.524426 -1914.526858 -7114.016759
UTC=2024-01-01T10:44:02.000000
7012937.757445 -1207195.772905 974139.805648
713.915391 -1794.068456 -7296.585319
UTC=2024-01-01T10:46:02.000000
7042519.814368 -1413050.087171 93253.867011
-220.986664 -1629.704464 -7365.817600
UTC=2024-01-01T10:48:02.000000
6960181.401822 -1596670.039310 -789080.122071
-1148.883630 -1424.000730 -7320.703173
UTC=2024-01-01T10:50:02.000000
6767673.059826 -1753294.542120 -1659171.212845
-2054.662966 -1180.432213 -7162.057089
UTC=2024-01-01T10:52:02.000000
6468534.270366 -1878630.940837 -2503535.123149
-2923.666509 -903.318357 -6892.501719
UTC=2024-01-01T10:54:02.000000
6068023.291379 -1968951.420374 -3309107.794055
-3741.946756 -597.738329 -6516.405794
UTC=2024-01-01T10:56:02.000000
5573017.684516 -2021178.292680 -4063449.854147
-4496.499554 -269.430325 -6039.794820
UTC=2024-01-01T10:58:02.000000
4991888.385227 -2032956.367046 -4754938.782677
-5175.472312 75.321750 -5470.236509
UTC=2024-01-01T11:00:02.000000
4334350.128707 -2002711.281693 -5372945.944173
-5768.350030 429.808728 -4816.702725
UTC=2024-01-01T11:02:02.000000
3611291.172594 -1929692.870242 -5907995.488825
-6266.111521 787.025381 -4089.405697
UTC=2024-01-01T11:04:02.000000
2834586.794336 -1814002.639625 -6351902.697879
-6661.343610 1139.804888 -3299.623199
UTC=2024-01-01T11:06:02.000000
2016900.936588 -1656605.091579 -6697891.584330
-6948.329035 1480.953189 -2459.527309
UTC=2024-01-01T11:08:02.000000
1171478.098865 -1459322.933155 -6940691.123992
-7123.117454 1803.382788 -1581.995270
UTC=2024-01-01T11:10:02.000000
311929.126946 -1224816.591748 -7076608.208914
-7183.556873 2100.240368 -680.418013
UTC=2024-01-01T11:12:02.000000
-547985.500312 -956548.429126 -7103578.125926
-7129.304836 2365.034369 231.487432
UTC=2024-01-01T11:14:02.000000
-1394572.208775 -658732.064846 -7021192.465690
-6961.816145 2591.755558 1139.863648
UTC=2024-01-01T11:16:02.000000
-2214418.549781 -336267.227392 -6830704.562721
-6684.313689 2774.997087 2030.905217
UTC=2024-01-01T11:18:02.000000
-2994601.966394 5339.051531 -6535011.688293
-6301.727411 2910.061058 2891.048748
UTC=2024-01-01T11:20:02.000000
-3722890.258316 360063.584273 -6138615.374112
-5820.621184 2993.059093 3707.149824
UTC=2024-01-01T11:22:02.000000
-4387932.838948 721469.777170 -5647559.861734
-5249.107016 3021.003290 4466.674103
UTC=2024-01-01T11:24:02.000000
-4979439.467800 1082820.390583 -5069347.534551
-4596.724412 2991.883008 5157.882226
UTC=2024-01-01T11:26:02.000000
-5488343.868835 1437199.144158 -4412832.836353
-3874.308539 2904.735424 5770.011375
UTC=2024-01-01T11:28:02.000000
-5906949.393995 1777639.570003 -3688093.823193
-3093.820975 2759.692156 6293.459119
UTC=2024-01-01T11:30:02.000000
-6229053.098783 2097257.906378 -2906283.046389
-2268.162703 2558.002542 6719.946007
UTC=2024-01-01T11:32:02.000000
-6450046.250034 2389387.738875 -2079459.612058
-1410.966475 2302.038901 7042.665629
UTC=2024-01-01T11:34:02.000000
-6566988.663482 2647713.981242 -1220404.357223
-536.369169 1995.279196 7256.415716
UTC=2024-01-01T11:36:02.000000
-6578654.673821 2866403.125860 -342420.688574
341.232466 1642.262127 7357.704240
UTC=2024-01-01T11:38:02.000000
-6485549.028477 3040226.580612 540875.501891
1207.438810 1248.517375 7344.824543
UTC=2024-01-01T11:40:02.000000
-6289891.533541 3164674.336060 1415772.624319
2048.107801 820.474979 7217.891368
UTC=2024-01-01T11:42:02.000000
-5995570.905462 3236056.481201 2268682.479290
2849.608185 365.352094 6978.843913
UTC=2024-01-01T11:44:02.000000
-5608068.822344 3251589.812757 3086357.387450
3599.059779 -108.979410 6631.409723
UTC=2024-01-01T11:46:02.000000
-5134356.329748 3209467.832614 3856101.271678
4284.556477 -594.139059 6181.041090
UTC=2024-01-01T11:48:02.000000
-4582764.371343 3108912.236067 4565970.828410
4895.370510 -1081.397424 5634.811543
UTC=2024-01-01T11:50:02.000000
-3962831.959572 2950205.205847 5204962.355587
5422.120305 -1561.836064 5001.284715
UTC=2024-01-01T11:52:02.000000
-3285136.001957 2734702.362178 5763182.090949
5856.911254 -2026.509828 4290.370462
UTC=2024-01-01T11:54:02.000000
-2561105.420892 2464826.109414 6231997.959059
6193.454286 -2466.612087 3513.156654
UTC=2024-01-01T11:56:02.000000
-1802823.336444 2144039.128615 6604169.862613
6427.146278 -2873.637940 2681.723524
UTC=2024-01-01T11:58:02.000000
-1022821.416152 1776798.822220 6873956.982497
6555.118750 -3239.538394 1808.944841
UTC=2024-01-01T12:00:02.000000
-233870.892976 1368493.851931 7037201.182201
6576.247963 -3556.864988 908.293609
UTC=2024-01-01T12:02:02.000000
551226.829591 925363.808267 7091387.379256
6491.152638 -3818.905762 -6.352693
UTC=2024-01-01T12:04:02.000000
1319847.822724 454403.227656 7035679.883558
6302.164713 -4019.810161 -920.915229
UTC=2024-01-01T12:06:02.000000
2059748.220074 -36748.751831 6870934.558203
6013.276148 -4154.703722 -1821.313460
UTC=2024-01-01T12:08:02.000000
2759259.246082 -539931.931196 6599687.040160
5630.066114 -4219.792882 -2693.665490
UTC=2024-01-01T12:10:02.000000
3407472.334502 -1046600.178281 6226116.636400
5159.608250 -4212.451894 -3524.492709
UTC=2024-01-01T12:12:02.000000
3994411.739411 -1547966.055369 5755985.747776
4610.354268 -4131.295791 -4300.922887
UTC=2024-01-01T12:14:02.000000
4511191.539035 -2035153.105576 5196555.008348
3991.990712 -3976.232285 -5010.889405
UTC=2024-01-01T12:16:02.000000
4950154.515303 -2499352.959226 4556475.446654
3315.282477 -3748.492340 -5643.316203
UTC=2024-01-01T12:18:02.000000
5304991.380153 -2931985.091662 3845658.538398
2591.898924 -3450.642019 -6188.302645
UTC=2024-01-01T12:20:02.000000
5570837.521850 -3324856.206769 3075124.381417
1834.213045 -3086.563135 -6637.299846
UTC=2024-01-01T12:22:02.000000
5744344.321530 -3670315.495831 2256830.267808
1055.081035 -2661.405607 -6983.258671
UTC=2024-01-01T12:24:02.000000
5823723.713528 -3961402.900582 1403483.248907
267.618367 -2181.518491 -7220.751617
UTC=2024-01-01T12:26:02.000000
5808765.394267 -4191987.308775 528338.966544
-515.034594 -1654.348308 -7346.076819
UTC=2024-01-01T12:28:02.000000
5700825.644570 -4356890.848122 -355009.506932
-1279.946665 -1088.314516 -7357.321192
UTC=2024-01-01T12:30:02.000000
5502788.236571 -4451997.144070 -1232849.037474
-2014.629790 -492.661552 -7254.399200
UTC=2024-01-01T12:32:02.000000
5218997.734886 -4474340.256425 -2091565.708874
-2707.261149 122.709679 -7039.046402
UTC=2024-01-01T12:34:02.000000
4855167.080568 -4422172.812997 -2917861.302701
-3346.889670 747.421366 -6714.778861
UTC=2024-01-01T12:36:02.000000
4418261.851110 -4295012.072558 -3698962.886227
-3923.617841 1370.806351 -6286.821004
UTC=2024-01-01T12:38:02.000000
3916364.010872 -4093662.962291 -4422821.883285
-4428.760433 1982.102673 -5762.000885
UTC=2024-01-01T12:40:02.000000
3358518.502458 -3820217.999920 -5078298.936733
-4854.972187 2570.644232 -5148.620697
UTC=2024-01-01T12:42:02.000000
2754566.189808 -3478034.488814 -5655331.786404
-5196.346400 3126.047439 -4456.302104
UTC=2024-01-01T12:44:02.000000
2114967.179760 -3071690.131598 -6145083.476454
-5448.476543 3638.383221 -3695.817257
UTC=2024-01-01T12:46:02.000000
1450618.400619 -2606918.752752 -6540070.486435
-5608.494212 4098.339155 -2878.923165
UTC=2024-01-01T12:48:02.000000
772667.537325 -2090526.502422 -6834270.231793
-5675.089092 4497.381620 -2018.179010
UTC=2024-01-01T12:50:02.000000
92326.603907 -1530289.631200 -7023205.445499
-5648.494508 4827.897239 -1126.748566
UTC=2024-01-01T12:52:02.000000
-579311.145192 -934836.603625 -7104005.278684
-5530.448220 5083.315283 -218.210697
UTC=2024-01-01T12:54:02.000000
-1231448.592164 -313516.254891 -7075444.078623
-5324.138669 5258.217904 693.624221
UTC=2024-01-01T12:56:02.000000
-1853755.052270 323746.678401 -6937957.828903
-5034.137794 5348.439645 1594.904936
UTC=2024-01-01T12:58:02.000000
-2436526.979397 966606.908087 -6693637.671216
-4666.309376 5351.149434 2471.927214
UTC=2024-01-01T13:00:02.000000
-2970836.841597 1604462.983908 -6346201.264984
-4227.705246 5264.918751 3311.317353
UTC=2024-01-01T13:02:02.000000
-3448669.026783 2226628.827289 -5900942.122419
-3726.452415 5089.773332 4100.215410
UTC=2024-01-01T13:04:02.000000
-3863041.419823 2822510.653710 -5364656.772022
-3171.626325 4827.229839 4826.463170
UTC=2024-01-01T13:06:02.000000
-4208110.692954 3381786.808239 -4745548.949493
-2573.105090 4480.306371 5478.797121
UTC=2024-01-01T13:08:02.000000
-4479258.772288 3894587.130303 -4053111.161864
-1941.402308 4053.504792 6047.029915
UTC=2024-01-01T13:10:02.000000
-4673158.506483 4351668.784962 -3297985.527102
-1287.490322 3552.769793 6522.215540
UTC=2024-01-01T13:12:02.000000
-4787817.934366 4744585.518546 -2491805.175170
-622.618057 2985.418149 6896.808755
UTC=2024-01-01T13:14:02.000000
-4822601.803873 5065846.461565 -1647017.611857
41.883955 2360.037828 7164.802692
UTC=2024-01-01T13:16:02.000000
-4778229.661843 5309061.508484 -776692.803825
694.799771 1686.363551 7321.848468
UTC=2024-01-01T13:18:02.000000
-4656749.716599 5469069.784129 105681.897304
1325.236460 975.117657 7365.350792
UTC=2024-01-01T13:20:02.000000
-4461488.023617 5542047.084719 986415.467635
1922.819030 237.825420 7294.516716
UTC=2024-01-01T13:22:02.000000
-4196975.320551 5525590.664516 1851831.688755
2477.876768 -513.384643 7110.387700
UTC=2024-01-01T13:24:02.000000
-3868851.460449 5418778.134124 2688488.652836
2981.622696 -1266.005451 6815.820755
UTC=2024-01-01T13:26:02.000000
-3483749.865289 5222199.457189 3483393.524045
3426.307511 -2007.376082 6415.430738
UTC=2024-01-01T13:28:02.000000
-3049165.367230 4937961.899759 4224208.429310
3805.341796 -2724.905912 5915.502848
UTC=2024-01-01T13:30:02.000000
-2573308.779192 4569668.232396 4899444.639352
4113.396924 -3406.297972 5323.883142
UTC=2024-01-01T13:32:02.000000
-2064950.929422 4122368.247714 5498641.725921
4346.477553 -4039.767474 4649.839048
UTC=2024-01-01T13:34:02.000000
-1533259.641091 3602484.850245 6012528.688872
4501.967801 -4614.246861 3903.897899
UTC=2024-01-01T13:36:02.000000
-987632.966336 3017716.539096 6433164.463303
4578.646449 -5119.573781 3097.667364
UTC=2024-01-01T13:38:02.000000
-437532.344238 2376918.428072 6754056.259890
4576.673701 -5546.659000 2243.645523
UTC=2024-01-01T13:40:02.000000
107681.253566 1689964.727548 6970255.142631
4497.557602 -5887.630866 1355.034226
UTC=2024-01-01T13:42:02.000000
638906.397613 967594.175090 7078428.700713
4344.105203 -6135.972561 445.538528
UTC=2024-01-01T13:44:02.000000
1147452.788843 221240.821843 7076909.055020
4120.347797 -6286.628309 -470.837001
UTC=2024-01-01T13:46:02.000000
1625182.960373 -537146.894425 6965717.121518
3831.452094 -6336.095485 -1379.983371
UTC=2024-01-01T13:48:02.000000
2064642.488060 -1295297.398339 6746562.926389
3483.616724 -6282.501055 -2267.892681
UTC=2024-01-01T13:50:02.000000
2459176.868749 -2040814.560035 6422821.242191
3083.954891 -6125.649000 -3120.859822
UTC=2024-01-01T13:52:02.000000
2803033.718715 -2761381.022900 5999483.132625
2640.365822 -5867.050510 -3925.686448
UTC=2024-01-01T13:54:02.000000
3091448.544297 -3444963.296593 5483082.908981
2161.389896 -5509.923458 -4669.882771
UTC=2024-01-01T13:56:02.000000
3320712.504834 -4080015.252489 4881601.468196
1656.055278 -5059.165824 -5341.860195
UTC=2024-01-01T13:58:02.000000
3488221.586517 -4655676.870794 4204346.925496
1133.720148 -4521.303970 -5931.118484
UTC=2024-01-01T14:00:02.000000
3592505.981611 -5161964.824374 3461812.958192
603.900593 -3904.405275 -6428.426109
UTC=2024-01-01T14:02:02.000000
3633238.673527 -5589950.634169 2665517.005038
76.098168 -3217.961615 -6825.977359
UTC=2024-01-01T14:04:02.000000
3611223.133723 -5931923.071056 1827820.474963
-440.376644 -2472.741202 -7117.532582
UTC=2024-01-01T14:06:02.000000
3528359.977251 -6181530.868371 961733.842077
-936.576502 -1680.609202 -7298.529839
UTC=2024-01-01T14:08:02.000000
3387593.626578 -6333902.318424 80710.346303
-1404.077494 -854.326341 -7366.161843
UTC=2024-01-01T14:10:02.000000
3192840.352952 -6385740.351254 -801568.222583
-1835.131834 -7.336658 -7319.435630
UTC=2024-01-01T14:12:02.000000
2948898.067817 -6335389.578299 -1671411.046507
-2222.815465 846.485028 -7159.190446
UTC=2024-01-01T14:14:02.000000
2661340.241216 -6182873.251411 -2515336.493441
-2561.143690 1693.076163 -6888.067945
UTC=2024-01-01T14:16:02.000000
2336397.177757 -5929900.973663 -3320285.923692
-2845.169605 2518.436097 -6510.465161
UTC=2024-01-01T14:18:02.000000
1980826.331907 -5579845.953476 -4073829.242197
-3071.064272 3308.880442 -6032.441383
UTC=2024-01-01T14:20:02.000000
1601775.387446 -5137692.545548 -4764356.977265
-3236.157323 4051.278390 -5461.592155
UTC=2024-01-01T14:22:02.000000
1206641.969099 -4609956.868456 -5381256.323024
-3338.954657 4733.265261 -4806.908382
UTC=2024-01-01T14:24:02.000000
802932.460203 -4004582.904712 -5915069.413932
-3379.135611 5343.439740 -4078.620765
UTC=2024-01-01T14:26:02.000000
398122.384405 -3330815.917999 -6357631.870026
-3357.529327 5871.542783 -3288.026733
UTC=2024-01-01T14:28:02.000000
-479.025363 -2599055.910152 -6702189.955741
-3276.068884 6308.611693 -2447.309175
UTC=2024-01-01T14:30:02.000000
-385857.616505 -1820693.879294 -6943495.764962
-3137.727111 6647.112660 -1569.351023
UTC=2024-01-01T14:32:02.000000
-751414.421600 -1007933.591017 -7077879.991915
-2946.436516 6881.050023 -667.548442
UTC=2024-01-01T14:34:02.000000
-1091075.475639 -173601.347143 -7103302.243758
-2706.998935 7006.057018 244.378560
UTC=2024-01-01T14:36:02.000000
-1399390.256624 669053.604701 -7019378.292229
-2424.985509 7019.459892 1152.578234
UTC=2024-01-01T14:38:02.000000
-1671617.392114 1506565.217874 -6827384.892384
-2106.624749 6920.326460 2043.250448
UTC=2024-01-01T14:40:02.000000
-1903796.397881 2325461.588824 -6530242.284145
-1758.682957 6709.493388 2902.833935
UTC=2024-01-01T14:42:02.000000
-2092805.029311 3112477.999262 -6132474.749995
-1388.343720 6389.578389 3718.187986
UTC=2024-01-01T14:44:02.000000
-2236401.546619 3854770.211917 -5640148.469313
-1003.075970 5964.966397 4476.785978
UTC=2024-01-01T14:46:02.000000
-2333250.967180 4540124.387003 -5060786.811098
-610.501284 5441.771234 5166.899523
UTC=2024-01-01T14:48:02.000000
-2382935.196637 5157160.940768 -4403263.120348
-218.255786 4827.768906 5777.788575
UTC=2024-01-01T14:50:02.000000
-2385946.185817 5695528.088501 -3677671.250652
166.153065 4132.293312 6299.879170
UTC=2024-01-01T14:52:02.000000
-2343661.968309 6146081.201625 -2895176.083355
535.487784 3366.107104 6724.919707
UTC=2024-01-01T14:54:02.000000
-2258306.111387 6501045.530740 -2067845.843285
882.915588 2541.250489 7046.130965
UTC=2024-01-01T14:56:02.000000
-2132891.290382 6754158.290685 -1208466.992757
1202.138715 1670.847164 7258.340252
UTC=2024-01-01T14:58:02.000000
-1971147.738327 6900785.820364 -330345.562089
1487.514437 768.889836 7358.074254
UTC=2024-01-01T15:00:02.000000
-1777438.055546 6938014.699075 552901.598344
1734.163119 -149.983795 7343.639030
UTC=2024-01-01T15:02:02.000000
-1556659.767393 6864713.471400 1427564.280967
1938.063624 -1070.760384 7215.176676
UTC=2024-01-01T15:04:02.000000
-1314137.490635 6681560.539654 2280059.346443
2096.129402 -1978.334447 6974.657410
UTC=2024-01-01T15:06:02.000000
-1055507.563733 6391039.169438 3097147.610955
2206.257603 -2857.773703 6625.834152
UTC=2024-01-01T15:08:02.000000
-786598.235167 5997401.238004 3866143.889666
2267.355363 -3694.575685 6174.173507
UTC=2024-01-01T15:10:02.000000
-513307.991503 5506600.773500 4575117.335765
2279.343928 -4474.914835 5626.765448
UTC=2024-01-01T15:12:02.000000
-241484.283232 4926197.421781 5213079.615874
2243.150075 -5185.898513 4992.201510
UTC=2024-01-01T15:14:02.000000
23195.340903 4265231.183987 5770154.562702
2160.669322 -5815.774632 4280.398749
UTC=2024-01-01T15:16:02.000000
275335.889289 3534075.209233 6237728.145561
2034.704830 -6354.108286 3502.449574
UTC=2024-01-01T15:18:02.000000
509929.710871 2744266.749401 6608578.836644
1868.895569 -6791.957090 2670.436453
UTC=2024-01-01T15:20:02.000000
722451.674478 1908320.022807 6876984.753476
1667.629171 -7122.001025 1797.239900
UTC=2024-01-01T15:22:02.000000
908943.201863 1039524.490715 7038807.827661
1435.942988 -7338.655676 896.341876
UTC=2024-01-01T15:24:02.000000
1066083.746796 151731.617081 7091553.656625
1179.414800 -7438.148608 -18.377822
UTC=2024-01-01T15:26:02.000000
1191248.750675 -740866.003097 7034407.734420
904.046553 -7418.576127 -932.833042
UTC=2024-01-01T15:28:02.000000
1282553.224743 -1623961.716188 6868248.012431
616.141670 -7279.944032 -1832.937729
UTC=2024-01-01T15:30:02.000000
1338880.349240 -2483364.482573 6595632.529248
322.178247 -7024.173126 -2704.809819
UTC=2024-01-01T15:32:02.000000
1359894.709079 -3305228.084954 6220762.659465
28.679361 -6655.084337 -3534.977474
UTC=2024-01-01T15:34:02.000000
1346039.687663 -4076276.396905 5749421.379941
-257.919292 -6178.346231 -4310.585961
UTC=2024-01-01T15:36:02.000000
1298519.527587 -4784020.340399 5188887.594133
-531.392938 -5601.392844 -5019.588170
UTC=2024-01-01T15:38:02.000000
1219266.620584 -5416964.150459 4547828.363250
-785.850893 -4933.327953 -5650.926034
UTC=2024-01-01T15:40:02.000000
1110894.142050 -5964798.711749 3836168.948706
-1015.857097 -4184.800472 -6194.718948
UTC=2024-01-01T15:42:02.000000
976634.649461 -6418577.121564 3064940.770812
-1216.542435 -3367.833764 -6642.437819
UTC=2024-01-01T15:44:02.000000
820265.755681 -6770868.050524 2246110.331684
-1383.708308 -2495.630029 -6987.049307
UTC=2024-01-01T15:46:02.000000
646024.103585 -7015884.417719 1392392.058548
-1513.915644 -1582.352911 -7223.140060
UTC=2024-01-01T15:48:02.000000
458509.904555 -7149584.782782 517047.597360
-1604.555296 -642.891957 -7347.019073
UTC=2024-01-01T15:50:02.000000
262583.532473 -7169744.820264 -366326.067815
-1653.908202 307.405070 -7356.797898
UTC=2024-01-01T15:52:02.000000
63256.583547 -7075995.012218 -1244015.172255
-1661.176022 1253.019512 -7252.419205
UTC=2024-01-01T15:54:02.000000
-134419.341933 -6869824.487511 -2102408.410150
-1626.490316 2178.537481 -7035.643123
UTC=2024-01-01T15:56:02.000000
-325463.833029 -6554552.484094 -2928212.827220
-1550.902975 3068.914799 -6710.006659
UTC=2024-01-01T15:58:02.000000
-505076.649116 -6135268.311992 -3708663.257947
-1436.358695 3909.737079 -6280.755082
UTC=2024-01-01T16:00:02.000000
-668742.181781 -5618740.684869 -4431721.513432
-1285.646907 4687.468611 -5754.739045
UTC=2024-01-01T16:02:02.000000
-812326.958718 -5013298.657031 -5086261.067258
-1102.334691 5389.672834 -5140.277983
UTC=2024-01-01T16:04:02.000000
-932168.236433 -4328688.189713 -5662234.427054
-890.685756 6005.200929 -4447.010342
UTC=2024-01-01T16:06:02.000000
-1025152.027071 -3575907.453399 -6150821.688531
-655.565587 6524.356498 -3685.728799
UTC=2024-01-01T16:08:02.000000
-1088779.148490 -2767024.121068 -6544558.549257
-402.337586 6939.031410 -2868.203816
UTC=2024-01-01T16:10:02.000000
-1121218.402425 -1914978.013250 -6837442.523870
-136.752493 7242.812907 -2006.996935
UTC=2024-01-01T16:12:02.000000
-1121346.185399 -1033372.864202 -7025016.603820
135.166519 7431.059303 -1115.273759
UTC=2024-01-01T16:14:02.000000
-1088772.113081 -136260.271042 -7104430.568724
407.242741 7500.955168 -206.616463
UTC=2024-01-01T16:16:02.000000
-1023850.042488 762081.328232 -7074479.416755
673.269105 7451.536889 705.167656
UTC=2024-01-01T16:18:02.000000
-927674.512684 1647369.381546 -6935619.438909
927.127776 7283.699905 1606.229059
UTC=2024-01-01T16:20:02.000000
-802062.944000 2505539.733591 -6689961.947067
1162.908236 7000.184192 2482.863701
UTC=2024-01-01T16:22:02.000000
-649523.637718 3322966.272524 -6341244.975496
1375.025886 6605.544425 3321.695116
UTC=2024-01-01T16:24:02.000000
-473209.725442 4086675.800370 -5894782.372516
1558.337115 6106.095438 4109.868761
UTC=2024-01-01T16:26:02.000000
-276859.604445 4784554.248091 -5357389.804776
1708.248183 5509.825712 4835.238858
UTC=2024-01-01T16:28:02.000000
-64724.961747 5405541.623614 -4737288.737486
1820.814019 4826.295256 5486.552582
UTC=2024-01-01T16:30:02.000000
158512.666342 5939812.856129 -4043988.131402
1892.829939 4066.500863 6053.634284
UTC=2024-01-01T16:32:02.000000
387835.644833 6378940.548645 -3288144.768335
1921.910957 3242.710646 6527.556253
UTC=2024-01-01T16:34:02.000000
617992.608973 6716036.488985 -2481404.048812
1906.555948 2368.276423 6900.794287
UTC=2024-01-01T16:36:02.000000
843607.561448 6945869.156029 -1636222.874766
1846.195258 1457.419855 7167.369441
UTC=2024-01-01T16:38:02.000000
1059293.545588 7064953.932676 -765676.876476
1741.218820 524.992738 7322.965713
UTC=2024-01-01T16:40:02.000000
1259768.469243 7071613.414538 116744.752464
1592.983938 -413.781084 7365.018655
UTC=2024-01-01T16:42:02.000000
1439970.429974 6966005.754159 997353.068078
1403.797903 -1343.578566 7292.768963
UTC=2024-01-01T16:44:02.000000
1595169.451601 6750120.311736 1862477.223474
1176.877495 -2249.246744 7107.277582
UTC=2024-01-01T16:46:02.000000
1721073.382050 6427741.356083 2698682.322822
916.291968 -3116.067448 6811.410609
UTC=2024-01-01T16:48:02.000000
1813925.888912 6004380.348996 3492983.436388
626.888273 -3930.013971 6409.791503
UTC=2024-01-01T16:50:02.000000
1870594.237693 5487178.006592 4233052.210816
314.195636 -4677.999074 5908.722634
UTC=2024-01-01T16:52:02.000000
1888644.846355 4884777.810252 4907411.715568
-15.682024 -5348.099385 5316.072487
UTC=2024-01-01T16:54:02.000000
1866404.781317 4207173.709121 5505616.236788
-356.193272 -5929.761225 4641.129348
UTC=2024-01-01T16:56:02.000000
1803007.746141 3465536.321563 6018410.876388
-700.466009 -6413.947796 3894.425399
UTC=2024-01-01T16:58:02.000000
1698424.923612 2672023.317397 6437871.324736
-1041.437455 -6793.265826 3087.576184
UTC=2024-01-01T17:00:02.000000
1553479.511754 1839575.361016 6757522.942939
-1371.992887 -7062.073870 2233.094749
UTC=2024-01-01T17:02:02.000000
1369844.762547 981701.130809 6972436.492997
-1685.102380 -7216.555246 1344.190385
UTC=2024-01-01T17:04:02.000000
1150025.672284 112256.062914 7079299.478588
-1973.955273 -7254.749869 434.567589
UTC=2024-01-01T17:06:02.000000
897324.813154 -754781.347314 7076464.363959
-2232.091351 -7176.569810 -481.760816
UTC=2024-01-01T17:08:02.000000
615792.422356 -1605534.622895 6963973.337032
-2453.530801 -6983.799210 -1390.681295
UTC=2024-01-01T17:10:02.000000
310161.304684 -2426451.896572 6743557.911983
-2632.897163 -6680.056480 -2278.185601
UTC=2024-01-01T17:12:02.000000
-14232.498275 -3204522.877504 6418613.865513
-2765.530686 -6270.736975 -3130.580692
UTC=2024-01-01T17:14:02.000000
-351541.710170 -3927486.577855 5994150.671634
-2847.585627 -5762.914841 -3934.696202
UTC=2024-01-01T17:16:02.000000
-695510.824030 -4584025.989210 5476717.765020
-2876.117801 -5165.229738 -4678.066361
UTC=2024-01-01T17:18:02.000000
-1039589.217175 -5163948.882946 4874309.145672
-2849.165996 -4487.767183 -5349.112789
UTC=2024-01-01T17:20:02.000000
-1377053.387396 -5658352.814272 4196245.000546
-2765.818715 -3741.908977 -5937.344032
UTC=2024-01-01T17:22:02.000000
-1701135.536661 -6059769.462231 3453029.883221
-2626.254257 -2940.141054 -6433.540235
UTC=2024-01-01T17:24:02.000000
-2005155.787422 -6362284.464110 2656190.545915
-2431.761433 -2095.840326 -6829.908530
UTC=2024-01-01T17:26:02.000000
-2282655.657618 -6561630.935608 1818096.316268
-2184.739077 -1223.048343 -7120.220969
UTC=2024-01-01T17:28:02.000000
-2527529.747895 -6655254.568811 951763.945239
-1888.665601 -336.224310 -7299.931463
UTC=2024-01-01T17:30:02.000000
-2734152.260300 -6642348.453622 70650.567560
-1548.045359 550.010959 -7366.257381
UTC=2024-01-01T17:32:02.000000
-2897495.825925 -6523856.832877 -811561.203389
-1168.333523 1421.135868 -7318.228715
UTC=2024-01-01T17:34:02.000000
-3013240.079781 -6302447.596802 -1681182.014320
-755.840823 2262.987351 -7156.702561
UTC=2024-01-01T17:36:02.000000
-3077867.655364 -5982454.094256 -2524734.108295
-317.619287 3062.011449 -6884.342160
UTC=2024-01-01T17:38:02.000000
-3088745.380022 -5569787.683349 -3329165.138020
138.670028 3805.500209 -6505.562242
UTC=2024-01-01T17:40:02.000000
-3044188.665947 -5071822.955542 -4082053.157254
604.903567 4481.807753 -6026.436287
UTC=2024-01-01T17:42:02.000000
-2943507.902521 -4497258.989912 -4771798.523919
1072.647428 5080.532733 -5454.573811
UTC=2024-01-01T17:44:02.000000
-2787036.495131 -3855960.634132 -5387799.960207
1533.310883 5592.670073 -4798.979835
UTC=2024-01-01T17:46:02.000000
-2576140.465711 -3158783.233770 -5920612.740080
1978.300013 6010.734757 -4069.897843
UTC=2024-01-01T17:48:02.000000
-2313209.580639 -2417384.266142 -6362087.203639
2399.172142 6328.856165 -3278.639464
UTC=2024-01-01T17:50:02.000000
-2001629.982053 -1644025.404594 -6705486.123668
2787.788351 6542.843426 -2437.401975
UTC=2024-01-01T17:52:02.000000
-1645739.163108 -851368.591409 -6945579.494853
3136.454131 6650.219365 -1559.076651
UTC=2024-01-01T17:54:02.000000
-1250764.710674 -52269.787977 -7078716.399241
3438.050328 6650.226148 -657.059044
UTC=2024-01-01T17:56:02.000000
-822747.677030 740426.399933 -7102874.478431
3686.159142 6543.806582 254.933644
UTC=2024-01-01T17:58:02.000000
-368451.153771 1514089.068917 -7017687.476709
3875.182743 6333.572431 1163.049310
UTC=2024-01-01T18:00:02.000000
104744.402310 2256498.095614 -6824450.083066
4000.446202 6023.747794 2053.486656
UTC=2024-01-01T18:02:02.000000
588958.089465 2956033.842381 -6526101.156854
4058.300836 5620.104385 2912.676442
UTC=2024-01-01T18:04:02.000000
1075937.318116 3601857.767067 -6127183.979792
4046.212718 5129.870987 3727.480751
UTC=2024-01-01T18:06:02.000000
1557195.652944 4184080.421221 -5633783.017724
3962.828720 4561.616621 4485.380657
UTC=2024-01-01T18:08:02.000000
2024158.036919 4693914.799478 -5053438.869619
3808.032961 3925.123993 5174.657262
UTC=2024-01-01T18:10:02.000000
2468311.685823 5123813.440801 -4395040.991127
3582.983128 3231.242503 5784.579870
UTC=2024-01-01T18:12:02.000000
2881359.811675 5467586.143011 -3668698.230062
3290.121588 2491.713141 6305.583412
UTC=2024-01-01T18:14:02.000000
3255375.501546 5720495.843151 -2885589.241249
2933.167491 1718.981508 6729.429674
UTC=2024-01-01T18:16:02.000000
3582953.194942 5879330.914399 -2057793.868834
2517.082388 925.989313 7049.360497
UTC=2024-01-01T18:18:02.000000
3857354.133605 5942451.441821 -1198107.624926
2048.005001 125.952562 7260.225917
UTC=2024-01-01T18:20:02.000000
4072642.346659 5909808.327966 -319842.159743
1533.158810 -667.870718 7358.588000
UTC=2024-01-01T18:22:02.000000
4223808.067082 5782934.097749 563384.684580
980.735790 -1442.417782 7342.790450
UTC=2024-01-01T18:24:02.000000
4306875.789983 5564905.219438 1437865.136298
399.756417 -2185.057668 7212.993001
UTC=2024-01-01T18:26:02.000000
4318994.328037 5260276.954970 2290019.540846
-200.087858 -2883.808488 6971.169182
UTC=2024-01-01T18:28:02.000000
4258507.420186 4874993.100036 3106613.205873
-808.604403 -3527.547261 6621.089146
UTC=2024-01-01T18:30:02.000000
4125002.067952 4416270.043636 3874968.131680
-1415.296871 -4106.216071 6168.242998
UTC=2024-01-01T18:32:02.000000
3919333.943931 3892459.252272 4583163.075200
-2009.547340 -4610.979794 5619.735611
UTC=2024-01-01T18:34:02.000000
3643630.556420 3312892.174647 5220220.587184
-2580.810965 -5034.361032 4984.170889
UTC=2024-01-01T18:36:02.000000
3301270.166352 2687709.998402 5776278.094743
-3118.817990 -5370.358773 4271.494772
UTC=2024-01-01T18:38:02.000000
2896838.284300 2027681.702094 6242737.788193
-3613.744474 -5614.518982 3492.813165
UTC=2024-01-01T18:40:02.000000
2436064.076228 1344015.468580 6612395.770561
-4056.382425 -5763.982319 2660.220741
UTC=2024-01-01T18:42:02.000000
1925736.411978 648165.859744 6879548.989272
-4438.303545 -5817.500916 1786.603879
UTC=2024-01-01T18:44:02.000000
1373601.449832 -48358.773320 7040078.632912
-4752.004337 -5775.422475 885.449076
UTC=2024-01-01T18:46:02.000000
788243.563553 -734186.417189 7091510.741923
-4991.039693 -5639.666856 -29.350010
UTC=2024-01-01T18:48:02.000000
178950.880918 -1398267.507825 7033052.498823
-5150.144020 -5413.676739 -943.702612
UTC=2024-01-01T18:50:02.000000
-444432.634232 -2030053.218446 6865603.572838
-5225.334873 -5102.341288 -1843.526004
UTC=2024-01-01T18:52:02.000000
-1071666.390130 -2619663.560762 6591742.578932
-5213.995612 -4711.900343 -2714.955334
UTC=2024-01-01T18:54:02.000000
-1692280.606914 -3158042.453532 6215688.829953
-5114.931202 -4249.825185 -3544.541054
UTC=2024-01-01T18:56:02.000000
-2295749.955298 -3637098.111713 5743241.531705
-4928.419180 -3724.695011 -4319.433158
UTC=2024-01-01T18:58:02.000000
-2871672.809022 -4049827.913057 5181696.011534
-4656.247820 -3146.058072 -5027.580266
UTC=2024-01-01T19:00:02.000000
-3409953.181435 -4390425.036566 4539735.621581
-4301.719576 -2524.266522 -5657.933022
UTC=2024-01-01T19:02:02.000000
-3900980.585614 -4654364.083202 3827300.161894
-3869.615528 -1870.294355 -6200.628979
UTC=2024-01-01T19:04:02.000000
-4335804.009985 -4838464.349437 3055433.423463
-3366.133729 -1195.546765 -6647.155865
UTC=2024-01-01T19:06:02.000000
-4706297.282578 -4940929.847247 2236112.336386
-2798.807885 -511.663442 -6990.497545
UTC=2024-01-01T19:08:02.000000
-5005312.966614 -4961364.952311 1382059.271273
-2176.394703 169.691767 -7225.265251
UTC=2024-01-01T19:10:02.000000
-5226820.744156 -4900764.516365 506540.599646
-1508.730373 837.042887 -7347.794692
UTC=2024-01-01T19:12:02.000000
-5366027.223694 -4761478.860888 -376844.596664
-806.564476 1479.308814 -7356.213722
UTC=2024-01-01T19:14:02.000000
-5419474.413224 -4547154.309948 -1254382.093214
-81.370635 2086.003288 -7250.478744
UTC=2024-01-01T19:16:02.000000
-5385114.174799 -4262650.227174 -2112462.283479
654.863516 2647.425853 -7032.372842
UTC=2024-01-01T19:18:02.000000
-5262356.702310 -3913934.281971 -2937796.992382
1389.856835 3154.830540 -6705.459243
UTC=2024-01-01T19:20:02.000000
-5052092.598464 -3507959.311557 -3717628.694630
2111.253188 3600.565171 -6275.003803
UTC=2024-01-01T19:22:02.000000
-4756688.912809 -3052524.923960 -4439928.884895
2806.837018 3978.186105 -5747.871926
UTC=2024-01-01T19:24:02.000000
-4379959.429795 -2556126.825342 -5093582.594565
3464.746501 4282.547846 -5132.399970
UTC=2024-01-01T19:26:02.000000
-3927110.001346 -2027797.186463 -5668555.956575
4073.674487 4509.862378 -4438.243429
UTC=2024-01-01T19:28:02.000000
-3404660.710473 -1476939.487743 -6156044.661500
4623.053917 4657.732679 -3676.210469
UTC=2024-01-01T19:30:02.000000
-2820346.690974 -913160.935922 -6548601.672014
5103.228195 4725.159114 -2858.083849
UTC=2024-01-01T19:32:02.000000
-2182999.396626 -346105.714252 -6840243.087712
5505.606225 4712.519707 -1996.434559
UTC=2024-01-01T19:34:02.000000
-1502410.521922 214707.948746 -7026531.147935
5822.794564 4621.526466 -1104.428627
UTC=2024-01-01T19:36:02.000000
-789181.659942 760044.288460 -7104634.561108
6048.706064 4455.164738 -195.645294
UTC=2024-01-01T19:38:02.000000
-54561.279742 1281098.823078 -7073367.105813
6178.661662 4217.623211 716.109383
UTC=2024-01-01T19:40:02.000000
689729.129004 1769637.277353 -6933203.705798
6209.469537 3914.201250 1616.983607
UTC=2024-01-01T19:42:02.000000
1431678.316422 2218123.388011 -6686275.196153
6139.503579 3551.215810 2493.265258
UTC=2024-01-01T19:44:02.000000
2159176.226178 2619834.273128 -6336339.407182
5968.748494 3135.886330 3331.580529
UTC=2024-01-01T19:46:02.000000
2860209.121490 2968961.319342 -5888729.286362
5698.827035 2676.208269 4119.083985
UTC=2024-01-01T19:48:02.000000
3523056.266645 3260694.960285 -5350278.289976
5332.998801 2180.814457 4843.641136
UTC=2024-01-01T19:50:02.000000
4136485.852097 3491292.933232 -4729224.379878
4876.148732 1658.835517 5494.009972
UTC=2024-01-01T19:52:02.000000
4689947.717297 3658130.679337 -4035091.670302
4334.742803 1119.742118 6060.026374
UTC=2024-01-01T19:54:02.000000
5173758.794182 3759732.213350 -3278550.485736
3716.750102 573.178235 6532.778690
UTC=2024-01-01T19:56:02.000000
5579277.071724 3795780.879635 -2471257.641969
3031.532933 28.794395 6904.761233
UTC=2024-01-01T19:58:02.000000
5899061.206328 3767109.897762 -1625679.123246
2289.714879 -503.925175 7170.015926
UTC=2024-01-01T20:00:02.000000
6127011.995453 3675671.773056 -754897.062992
1503.010767 -1015.838301 7324.247782
UTC=2024-01-01T20:02:02.000000
6258492.028243 3524487.206994 127595.122121
684.035508 -1498.311313 7364.909277
UTC=2024-01-01T20:04:02.000000
6290421.085399 3317574.318373 1008106.183539
-153.910673 -1943.380021 7291.257160
UTC=2024-01-01T20:06:02.000000
6221344.269668 3059859.485108 1872965.089109
-997.079848 -2343.892872 7104.371606
UTC=2024-01-01T20:08:02.000000
6051471.201147 2757072.282308 2708739.253331
-1831.518603 -2693.634390 6807.142089
UTC=2024-01-01T20:10:02.000000
5782685.695405 2415626.376503 3502449.279392
-2643.320122 -2987.434892 6404.220646
UTC=2024-01-01T20:12:02.000000
5418524.868174 2042488.824827 4241775.523130
-3418.877454 -3221.252037 5901.933996
UTC=2024-01-01T20:14:02.000000
4964128.565651 1645041.205910 4915252.131099
-4145.123064 -3392.226526 5308.161840
UTC=2024-01-01T20:16:02.000000
4426161.681654 1230935.753546 5512445.126978
-4809.742684 -3498.709345 4632.201000
UTC=2024-01-01T20:18:02.000000
3812710.514887 807949.482749 6024113.855145
-5401.396486 -3540.269152 3884.612883
UTC=2024-01-01T20:20:02.000000
3133153.939619 383838.998337 6442351.233966
-5909.908619 -3517.671100 3077.029682
UTC=2024-01-01T20:22:02.000000
2398014.528319 -33800.366748 6760700.967980
-6326.417315 -3432.829068 2221.969588
UTC=2024-01-01T20:24:02.000000
1618792.281405 -437669.050314 6974253.017847
-6643.516471 -3288.747780 1332.653567
UTC=2024-01-01T20:26:02.000000
807782.116606 -820889.908826 7079716.197461
-6855.382971 -3089.449019 422.806455
UTC=2024-01-01T20:28:02.000000
-22122.171706 -1177124.825392 7075465.919132
-6957.871374 -2839.877791 -493.553891
UTC=2024-01-01T20:30:02.000000
-857633.562551 -1500679.267924 6961567.196572
-6948.583393 -2545.797109 -1402.319806
UTC=2024-01-01T20:32:02.000000
-1685284.464970 -1786593.494347 6739773.000015
-6826.912678 -2213.669324 -2289.500248
UTC=2024-01-01T20:34:02.000000
-2491642.995197 -2030718.664418 6413498.415763
-6594.062263 -1850.525136 -3141.415074
UTC=2024-01-01T20:36:02.000000
-3263530.659550 -2229777.312780 5987772.305296
-6253.053774 -1463.835823 -3944.880504
UTC=2024-01-01T20:38:02.000000
-3988240.406216 -2381408.349778 5469165.305072
-5808.715962 -1061.378926 -4687.420952
UTC=2024-01-01T20:40:02.000000
-4653750.001704 -2484194.989329 4865692.292306
-5267.621211 -651.090532 -5357.472746
UTC=2024-01-01T20:42:02.000000
-5248926.265912 -2537674.728686 4186691.693367
-4637.996937 -240.913522 -5944.570605
UTC=2024-01-01T20:44:02.000000
-5763716.728429 -2542331.002885 3442683.298874
-3929.605687 161.354034 -6439.517059
UTC=2024-01-01T20:46:02.000000
-6189325.472711 -2499567.043495 2645206.763491
-3153.601284 548.203771 -6834.536455
UTC=2024-01-01T20:48:02.000000
-6518370.153465 -2411662.794773 1806642.372939
-2322.358670 912.555156 -7123.416886
UTC=2024-01-01T20:50:02.000000
-6745016.410304 -2281715.166111 940015.548907
-1449.263219 1247.895693 -7301.634978
UTC=2024-01-01T20:52:02.000000
-6865084.860894 -2113562.102195 58789.297190
-548.473921 1548.406244 -7366.430858
UTC=2024-01-01T20:54:02.000000
-6876129.563437 -1911692.737538 -823350.805925
365.321495 1809.069850 -7316.861524
UTC=2024-01-01T20:56:02.000000
-6777485.342844 -1681145.499476 -1692715.937790
1277.176145 2025.761517 -7153.814103
UTC=2024-01-01T20:58:02.000000
-6570282.860493 -1427396.814235 -2535832.347118
2172.150486 2195.315687 -6879.978830
UTC=2024-01-01T21:00:02.000000
-6257431.947783 -1156243.045552 -3339654.564431
3035.574320 2315.571517 -6499.791564
UTC=2024-01-01T21:02:02.000000
-5843573.936233 -873678.182694 -4091769.924134
3853.300812 2385.398546 -6019.345733
UTC=2024-01-01T21:04:02.000000
-5335004.322748 -585769.778994 -4780590.650296
4611.945918 2404.699752 -5446.274234
UTC=2024-01-01T21:06:02.000000
-4739567.782271 -298535.970535 -5395530.262715
5299.108778 2374.390076 -4789.607126
UTC=2024-01-01T21:08:02.000000
-4066528.129501 -17826.432887 -5927161.784290
5903.568826 2296.353929 -4059.610821
UTC=2024-01-01T21:10:02.000000
-3326416.229742 250790.575771 -6367355.482329
6415.454279 2173.385633 -3267.609182
UTC=2024-01-01T21:12:02.000000
-2530859.703656 502132.930773 -6709394.835858
6826.378197 2009.112333 -2425.802102
UTC=2024-01-01T21:14:02.000000
-1692397.572542 731499.282436 -6948070.933180
7129.555833 1807.904288 -1547.085385
UTC=2024-01-01T21:16:02.000000
-824282.133153 934752.564066 -7079754.494359
7319.896393 1574.779308 -644.858263
UTC=2024-01-01T21:18:02.000000
59728.326046 1108391.407835 -7102444.895099
7394.065973 1315.295741 267.164616
UTC=2024-01-01T21:20:02.000000
945583.154567 1249608.191021 -7015797.479509
7350.533831 1035.438863 1175.126671
UTC=2024-01-01T21:22:02.000000
1819158.517876 1356333.481986 -6821129.606678
7189.614847 741.506889 2065.218991
UTC=2024-01-01T21:24:02.000000
2666479.299251 1427266.304712 -6521402.848318
6913.471620 439.988549 2923.877950
UTC=2024-01-01T21:26:02.000000
3473940.040664 1461889.518857 -6121182.071067
6526.096038 137.437756 3737.978065
UTC=2024-01-01T21:28:02.000000
4228521.679826 1460470.051127 -5626571.773204
6033.261203 -159.652125 4495.013351
UTC=2024-01-01T21:30:02.000000
4918002.015062 1424044.258832 -5045130.949540
5442.462996 -444.971013 5183.279754
UTC=2024-01-01T21:32:02.000000
5531157.292726 1354388.584567 -4385765.444253
4762.827321 -712.514753 5792.064665
UTC=2024-01-01T21:34:02.000000
6057950.409475 1253975.567626 -3658598.328008
4004.982635 -956.705335 6311.821321
UTC=2024-01-01T21:36:02.000000
6489702.382785 1125915.848092 -2874820.234521
3180.908677 -1172.503761 6734.329608
UTC=2024-01-01T21:38:02.000000
6819244.172997 973887.241656 -2046520.974083
2303.758825 -1355.512351 7052.847901
UTC=2024-01-01T21:40:02.000000
7041045.013720 802052.076480 -1186503.814797
1387.645793 -1502.068354 7262.246378
UTC=2024-01-01T21:42:02.000000
7151313.258222 614964.082510 -308085.709451
447.400417 -1609.322223 7359.107555
UTC=2024-01-01T21:44:02.000000
7148067.275657 417467.266332 575112.525860
-501.684062 -1675.293620 7341.792688
UTC=2024-01-01T21:46:02.000000
7031175.350343 214588.824559 1449382.212310
-1444.114334 -1698.915951 7210.480631
UTC=2024-01-01T21:48:02.000000
6802363.071577 11427.915321 2301145.789821
-2364.475920 -1680.057484 6967.176011
UTC=2024-01-01T21:50:02.000000
6465186.917088 -186956.574271 3117174.217444
-3247.713665 -1619.519736 6615.673012
UTC=2024-01-01T21:52:02.000000
6024975.070777 -375657.079867 3884797.716358
-4079.398373 -1519.017090 6161.483584
UTC=2024-01-01T21:54:02.000000
5488737.303044 -550024.159165 4592105.856204
-4845.970193 -1381.128794 5611.733668
UTC=2024-01-01T21:56:02.000000
4865046.884456 -705767.204389 5228134.404216
-5534.969352 -1209.245142 4975.043691
UTC=2024-01-01T21:58:02.000000
4163895.491117 -839047.095578 5783035.453239
-6135.246780 -1007.485192 4261.370347
UTC=2024-01-01T22:00:02.000000
3396525.524787 -946558.063801 6248227.550314
-6637.131919 -780.603393 3481.836337
UTC=2024-01-01T22:02:02.000000
2575243.684979 -1025598.041181 6616524.993156
-7032.578504 -533.888980 2648.549507
UTC=2024-01-01T22:04:02.000000
1713219.004041 -1074126.237792 6882244.755972
-7315.278417 -273.055203 1774.415715
UTC=2024-01-01T22:06:02.000000
824268.192959 -1090807.033306 7041290.548883
-7480.758132 -4.120949 872.939465
UTC=2024-01-01T22:08:02.000000
-77368.255370 -1075039.156561 7091212.080587
-7526.434599 266.714227 -41.984225
UTC=2024-01-01T22:10:02.000000
-977254.837211 -1026969.918052 7031239.811586
-7451.643431 533.194319 -956.271298
UTC=2024-01-01T22:12:02.000000
-1860991.797773 -947494.408189 6862295.638074
-7257.643662 789.133878 -1855.848666
UTC=2024-01-01T22:14:02.000000
-2714444.970576 -838239.355791 6586979.583844
-6947.597442 1028.544990 -2726.853091
UTC=2024-01-01T22:16:02.000000
-3523972.011756 -701532.054721 6209532.960165
-6526.532043 1245.759581 -3555.826293
UTC=2024-01-01T22:18:02.000000
-4276642.782932 -540354.927493 5735777.563950
-6001.276679 1435.545826 -4329.919214
UTC=2024-01-01T22:20:02.000000
-4960450.095475 -358286.381281 5173030.408300
-5380.365783 1593.220748 -5037.094193
UTC=2024-01-01T22:22:02.000000
-5564506.851525 -159428.644214 4529994.538907
-4673.909298 1714.753197 -5666.319390
UTC=2024-01-01T22:24:02.000000
-6079225.945182 51676.110022 3816627.315964
-3893.434398 1796.856233 -6207.750352
UTC=2024-01-01T22:26:02.000000
-6496479.417466 270139.913051 3043988.084532
-3051.701696 1837.065526 -6652.890653
UTC=2024-01-01T22:28:02.000000
-6809734.577783 490831.751034 2224067.208236
-2162.501083 1833.803721 -6994.744024
UTC=2024-01-01T22:30:02.000000
-7014163.590294 708486.747324 1369598.000140
-1240.416329 1786.422294 -7227.943143
UTC=2024-01-01T22:32:02.000000
-7106723.730666 917819.178401 493854.931228
-300.571446 1695.224754 -7348.850347
UTC=2024-01-01T22:34:02.000000
-7086206.061004 1113637.152573 -389558.362170
641.640742 1561.470064 -7355.625488
UTC=2024-01-01T22:36:02.000000
-6953250.932532 1290956.248434 -1266926.917236
1570.837856 1387.351516 -7248.254413
UTC=2024-01-01T22:38:02.000000
-6710330.423084 1445109.278016 -2124643.227830
2471.916551 1175.955142 -7028.538135
UTC=2024-01-01T22:40:02.000000
-6361699.351129 1571850.334559 -2949423.398401
3330.312534 931.205205 -6700.062303
UTC=2024-01-01T22:42:02.000000
-5913314.498230 1667450.673045 -3728517.625596
4132.265985 657.780898 -6268.125881
UTC=2024-01-01T22:44:02.000000
-5372723.887583 1728783.520622 -4449909.118531
4865.051286 361.019252 -5739.626117
UTC=2024-01-01T22:46:02.000000
-4748930.458199 1753396.754060 -5102498.140631
5517.176868 46.808541 -5122.926207
UTC=2024-01-01T22:48:02.000000
-4052233.317531 1739572.067834 -5676268.853695
6078.556927 -278.529368 -4427.700624
UTC=2024-01-01T22:50:02.000000
-3294050.563112 1686369.666949 -6162436.778257
6540.647985 -608.362293 -3664.769673
UTC=2024-01-01T22:52:02.000000
-2486727.257320 1593657.796571 -6553576.045152
6896.560920 -935.876394 -2845.926737
UTC=2024-01-01T22:54:02.000000
-1643331.321466 1462126.926193 -6843725.064953
7141.148859 -1254.203262 -1983.750228
UTC=2024-01-01T22:56:02.000000
-777441.263802 1293288.472694 -7028469.082852
7271.054104 -1556.550444 -1091.411855
UTC=2024-01-01T22:58:02.000000
97070.162653 1089458.091952 -7105000.357979
7284.732197 -1836.326576 -182.492625
UTC=2024-01-01T23:00:02.000000
966253.918846 853724.298303 -7072156.633981
7182.457634 -2087.262575 729.192163
UTC=2024-01-01T23:02:02.000000
1816303.262096 589902.356016 -6930438.139601
6966.323764 -2303.535373 1629.784586
UTC=2024-01-01T23:04:02.000000
2633769.693549 302473.681770 -6682000.624833
6640.199163 -2479.883581 2505.580990
UTC=2024-01-01T23:06:02.000000
3405772.770569 -3487.932472 -6330625.745758
6209.671629 -2611.713373 3343.219035
UTC=2024-01-01T23:08:02.000000
4120201.573004 -322402.710016 -5881668.565865
5681.962331 -2695.201303 4129.867916
UTC=2024-01-01T23:10:02.000000
4765904.751655 -648282.694636 -5341983.069248
5065.826000 -2727.381974 4853.406164
UTC=2024-01-01T23:12:02.000000
5332867.911824 -974839.712108 -4719825.920721
4371.434196 -2706.229319 5502.609573
UTC=2024-01-01T23:14:02.000000
5812374.647676 -1295602.018464 -4024737.562065
3610.220961 -2630.718910 6067.334894
UTC=2024-01-01T23:16:02.000000
6197147.777680 -1604037.448053 -3267402.265645
2794.708303 -2500.874400 6538.689151
UTC=2024-01-01T23:18:02.000000
6481468.243115 -1893681.026496 -2459488.467147
1938.308022 -2317.794824 6909.187584
UTC=2024-01-01T23:20:02.000000
6661268.817266 -2158264.540892 -1613471.146224
1055.099903 -2083.659025 7172.893899
UTC=2024-01-01T23:22:02.000000
6734200.001850 -2391845.101424 -742438.937108
159.592307 -1801.705012 7325.533414
UTC=2024-01-01T23:24:02.000000
6699666.565991 -2588929.980054 140110.757606
-733.528184 -1476.188690 7364.580296
UTC=2024-01-01T23:26:02.000000
6558833.380426 -2744595.003650 1020485.372811
-1609.656469 -1112.316597 7289.314199
UTC=2024-01-01T23:28:02.000000
6314599.998683 -2854593.461374 1885015.558733
-2454.530453 -716.157098 7100.843313
UTC=2024-01-01T23:30:02.000000
5971543.757506 -2915453.251649 2720273.935281
-3254.490189 -294.532211 6802.085507
UTC=2024-01-01T23:32:02.000000
5535833.106744 -2924559.842194 3513289.452348
-3996.716771 145.110358 6397.717443
UTC=2024-01-01T23:34:02.000000
5015112.918035 -2880222.815953 4251753.361219
-4669.455246 594.840451 5894.082148
UTC=2024-01-01T23:36:02.000000
4418365.591203 -2781725.090607 4924212.434873
-5262.197605 1046.390375 5299.076234
UTC=2024-01-01T23:38:02.000000
3755750.903808 -2629354.418100 5520247.959299
-5765.856887 1491.307365 4622.019541
UTC=2024-01-01T23:40:02.000000
3038426.473749 -2424415.789123 6030636.567253
-6172.908023 1921.117212 3873.484795
UTC=2024-01-01T23:42:02.000000
2278354.280491 -2169224.543556 6447489.931443
-6477.484426 2327.480236 3065.120156
UTC=2024-01-01T23:44:02.000000
1488096.971631 -1867081.150130 6764372.779720
-6675.451138 2702.342350 2209.463152
UTC=2024-01-01T23:46:02.000000
680607.142270 -1522227.977874 6976398.004342
-6764.449004 3038.083741 1319.745444
UTC=2024-01-01T23:48:02.000000
-130986.806798 -1139788.586482 7080297.820568
-6743.906473 3327.660490 409.690688
UTC=2024-01-01T23:50:02.000000
-933594.527715 -725690.621335 7074470.733805
-6615.024770 3564.735923 -506.686746
UTC=2024-01-01T23:52:02.000000
-1714374.456070 -286573.570616 6959004.498760
-6380.741558 3743.802674 -1415.280446
UTC=2024-01-01T23:54:02.000000
-2460938.944151 170317.667055 6735675.052710
-6045.672771 3860.295422 -2302.093864
UTC=2024-01-01T23:56:02.000000
-3161551.102294 637251.895287 6407921.273490
-5616.033410 3910.689851 -3153.441723
UTC=2024-01-01T23:58:02.000000
-3805310.828650 1106141.719650 5980795.543682
-5099.536596 3892.586358 -3956.150736
