UTC=2024-01-29T00:00:02.000000
-4374784.283609 1562984.027660 5468291.484632
-4513.966146 3806.246628 -4688.445763
UTC=2024-01-29T00:02:02.000000
-4877427.726573 2011029.528860 4864696.213917
-3853.075733 3649.634896 -5358.480323
UTC=2024-01-29T00:04:02.000000
-5297272.033930 2436159.619742 4185577.397063
-3135.953541 3424.646239 -5945.527477
UTC=2024-01-29T00:06:02.000000
-5628295.823337 2830310.894806 3441458.963001
-2374.834518 3133.856354 -6440.388521
UTC=2024-01-29T00:08:02.000000
-5865987.701784 3185804.810592 2643884.575631
-1582.614820 2781.098670 -6835.291061
UTC=2024-01-29T00:10:02.000000
-6007412.621201 3495496.239378 1805237.973398
-772.632931 2371.420811 -7124.028287
UTC=2024-01-29T00:12:02.000000
-6051250.872551 3752915.175632 938547.554310
41.568963 1911.011777 -7302.080140
UTC=2024-01-29T00:14:02.000000
-5997807.569378 3952397.620762 57278.753482
846.492719 1407.097216 -7366.692259
UTC=2024-01-29T00:16:02.000000
-5848993.100951 4089202.841961 -824880.910333
1628.921550 867.817025 -7316.923328
UTC=2024-01-29T00:18:02.000000
-5608275.218912 4159614.800600 -1694240.787013
2376.155014 302.084386 -7153.663508
UTC=2024-01-29T00:20:02.000000
-5280603.046167 4161025.210412 -2537326.345011
3076.241645 -280.580940 -6879.616666
UTC=2024-01-29T00:22:02.000000
-4872304.456141 4091995.730183 -3341093.178074
3718.185516 -870.229225 -6499.234910
UTC=2024-01-29T00:24:02.000000
-4390960.312426 3952298.622050 -4093131.589008
4292.127381 -1456.664611 -6018.625727
UTC=2024-01-29T00:26:02.000000
-3845258.806261 3742935.311586 -4781857.984052
4789.493381 -2029.626875 -5445.428527
UTC=2024-01-29T00:28:02.000000
-3244833.627356 3466133.149823 -5396690.344851
5203.115629 -2578.974241 -4788.670075
UTC=2024-01-29T00:30:02.000000
-2600090.093659 3125320.797800 -5928205.232640
5527.313856 -3094.854300 -4058.607961
UTC=2024-01-29T00:32:02.000000
-1922022.356422 2725083.391198 -6368275.897529
5757.963794 -3567.873327 -3266.566096
UTC=2024-01-29T00:34:02.000000
-1222024.166547 2271097.554400 -6710189.050255
5892.532030 -3989.258759 -2424.746004
UTC=2024-01-29T00:36:02.000000
-511697.723975 1770048.275826 -6948738.837862
5930.076452 -4350.999573 -1546.040144
UTC=2024-01-29T00:38:02.000000
197336.421252 1229529.408987 -7080298.741968
5871.227845 -4645.980214 -643.846733
UTC=2024-01-29T00:40:02.000000
893625.914455 657929.057812 -7102871.310977
5718.152821 -4868.097671 268.110815
UTC=2024-01-29T00:42:02.000000
1566068.377369 64301.179718 -7016115.940331
5474.506545 -5012.375590 1175.975640
UTC=2024-01-29T00:44:02.000000
2204085.365321 -541775.569066 -6821352.993565
5145.351101 -5075.058956 2065.952418
UTC=2024-01-29T00:46:02.000000
2797785.852018 -1150349.156249 -6521545.537539
4737.066104 -5053.692448 2924.489476
UTC=2024-01-29T00:48:02.000000
3338118.175065 -1751254.172730 -6121258.603975
4257.241040 -4947.183469 3738.469432
UTC=2024-01-29T00:50:02.000000
3817008.071849 -2334278.384318 -5626596.508405
3714.557171 -4755.852870 4495.385542
UTC=2024-01-29T00:52:02.000000
4227482.045164 -2889334.912741 -5045117.920487
3118.653357 -4481.472030 5183.538609
UTC=2024-01-29T00:54:02.000000
4563772.523969 -3406636.656628 -4385727.522482
2479.961475 -4127.263456 5792.223227
UTC=2024-01-29T00:56:02.000000
4821402.966071 -3876869.194915 -3658546.614021
1809.538656 -3697.877487 6311.895279
UTC=2024-01-29T00:58:02.000000
4997252.413008 -4291359.824162 -2874763.848382
1118.889368 -3199.349504 6734.336879
UTC=2024-01-29T01:00:02.000000
5089597.482047 -4642239.557237 -2046466.699994
419.768403 -2639.024038 7052.808451
UTC=2024-01-29T01:02:02.000000
5098130.237073 -4922594.361161 -1186456.256417
-276.023072 -2025.453648 7262.176143
UTC=2024-01-29T01:04:02.000000
5023950.990299 -5126602.531499 -308047.856093
-956.851139 -1368.266302 7359.017553
UTC=2024-01-29T01:06:02.000000
4869535.520423 -5249654.299356 575138.869128
-1611.459474 -678.004172 7341.692497
UTC=2024-01-29T01:08:02.000000
4638677.668072 -5288450.799403 1449396.521381
-2229.170067 34.058722 7210.382689
UTC=2024-01-29T01:10:02.000000
4336407.988949 -5241079.844416 2301149.111085
-2800.080048 756.119853 6967.092199
UTC=2024-01-29T01:12:02.000000
3968890.254639 -5107066.883022 3117168.639318
-3315.231743 1476.056365 6615.608845
UTC=2024-01-29T01:14:02.000000
3543298.732673 -4887400.437924 3884785.657579
-3766.765321 2181.643865 6161.439934
UTC=2024-01-29T01:16:02.000000
3067678.449085 -4584530.920297 4592089.806825
-4148.046225 2860.778467 5611.710343
UTC=2024-01-29T01:18:02.000000
2550792.093885 -4202343.138957 5228116.530256
-4453.762105 3501.692695 4975.035009
UTC=2024-01-29T01:20:02.000000
2001956.892577 -3746103.547499 5783017.005199
-4679.992301 4093.159851 4261.368717
UTC=2024-01-29T01:22:02.000000
1430874.659605 -3222383.383828 6248209.139017
-4824.252789 4624.692234 3481.837975
UTC=2024-01-29T01:24:02.000000
847458.335446 -2638959.159342 6616506.833695
-4885.508331 5086.716759 2648.551497
UTC=2024-01-29T01:26:02.000000
261658.722439 -2004693.282705 6882226.463636
-4864.158663 5470.733606 1774.408925
UTC=2024-01-29T01:28:02.000000
-316705.532310 -1329396.636352 7041270.047421
-4761.998357 5769.456829 872.906478
UTC=2024-01-29T01:30:02.000000
-878112.105462 -623675.055851 7091185.209522
-4582.160712 5976.942987 -42.059577
UTC=2024-01-29T01:32:02.000000
-1413491.378851 101238.330420 7031200.885388
-4329.043927 6088.696529 -956.397530
UTC=2024-01-29T01:34:02.000000
-1914372.888176 833662.209430 6862238.517168
-4008.218541 6101.755816 -1856.024663
UTC=2024-01-29T01:36:02.000000
-2373019.607018 1561655.230186 6586898.767454
-3626.318836 6014.757454 -2727.070550
UTC=2024-01-29T01:38:02.000000
-2782548.346660 2273210.596562 6209423.932757
-3190.919354 5827.979629 -3556.077995
UTC=2024-01-29T01:40:02.000000
-3137034.575587 2956454.670109 5735636.519765
-2710.399895 5543.365388 -4330.200617
UTC=2024-01-29T01:42:02.000000
-3431600.450093 3599846.799914 5172853.978641
-2193.800226 5164.518341 -5037.401692
UTC=2024-01-29T01:44:02.000000
-3662484.592318 4192377.025827 4529779.990332
-1650.660571 4696.672620 -5666.645280
UTC=2024-01-29T01:46:02.000000
-3827092.003288 4723758.526394 3816373.296375
-1090.851302 4146.633834 -6208.079289
UTC=2024-01-29T01:48:02.000000
-3924023.064056 5184611.070790 3043695.262569
-524.394865 3522.688332 -6653.206011
UTC=2024-01-29T01:50:02.000000
-3953080.805713 5566631.463110 2223737.957571
38.718063 2834.476225 -6995.034393
UTC=2024-01-29T01:52:02.000000
-3915255.996215 5862746.852939 1369235.790291
588.712320 2092.835522 -7228.200577
UTC=2024-01-29T01:54:02.000000
-3812690.781257 6067248.205557 493464.389358
1116.202063 1309.627952 -7349.062478
UTC=2024-01-29T01:56:02.000000
-3648621.600075 6175901.515217 -389970.820292
1612.363648 497.538786 -7355.775885
UTC=2024-01-29T01:58:02.000000
-3427301.744003 6186032.814898 -1267353.023962
2069.098384 -330.156035 -7248.330606
UTC=2024-01-29T02:00:02.000000
-3153905.438521 6096584.678264 -2125074.307336
2479.180489 -1159.832419 -7028.547891
UTC=2024-01-29T02:02:02.000000
-2834414.946879 5908142.817787 -2949852.692813
2836.385920 -1977.768810 -6700.026165
UTC=2024-01-29T02:04:02.000000
-2475494.814767 5622933.580063 -3728940.787354
3135.580236 -2770.382397 -6268.062825
UTC=2024-01-29T02:06:02.000000
-2084356.656308 5244792.960663 -4450323.958138
3372.790653 -3524.468188 -5739.552654
UTC=2024-01-29T02:08:02.000000
-1668616.721753 4779107.524478 -5102903.938735
3545.250193 -4227.422762 -5122.849076
UTC=2024-01-29T02:10:02.000000
-1236150.077602 4232730.248612 -5676665.106677
3651.413776 -4867.441593 -4427.618266
UTC=2024-01-29T02:12:02.000000
-794943.791597 3613873.089147 -6162822.781376
3690.957888 -5433.710656 -3664.681378
UTC=2024-01-29T02:14:02.000000
-352951.537544 2931977.375512 -6553951.155418
3664.756378 -5916.581259 -2845.833318
UTC=2024-01-29T02:16:02.000000
82047.316144 2197565.068804 -6844088.608118
3574.830215 -6307.712321 -1983.651161
UTC=2024-01-29T02:18:02.000000
502581.437007 1422074.613201 -7028820.684575
3424.280589 -6600.189710 -1091.313947
UTC=2024-01-29T02:20:02.000000
901612.716647 617683.072262 -7105341.141942
3217.212776 -6788.632666 -182.413995
UTC=2024-01-29T02:22:02.000000
1272651.395829 -202883.106334 -7072490.140350
2958.644042 -6869.278685 729.232652
UTC=2024-01-29T02:24:02.000000
1609859.257708 -1026546.395443 -6930769.488524
2654.397553 -6840.046602 1629.779744
UTC=2024-01-29T02:26:02.000000
1908139.590048 -1840082.389176 -6682335.135375
2310.989763 -6700.575023 2505.534774
UTC=2024-01-29T02:28:02.000000
2163213.439610 -2630327.738095 -6330967.735518
1935.512763 -6452.245309 3343.142015
UTC=2024-01-29T02:30:02.000000
2371681.108104 -3384390.026048 -5882021.456121
1535.507670 -6098.192951 4129.763048
UTC=2024-01-29T02:32:02.000000
2531068.249047 -4089857.990540 -5342350.111733
1118.832369 -5643.295077 4853.276688
UTC=2024-01-29T02:34:02.000000
2639855.236699 -4735007.174372 -4720209.315536
693.516960 -5094.108909 5502.469449
UTC=2024-01-29T02:36:02.000000
2697489.247274 -5308997.019826 -4025137.502496
267.620778 -4458.795514 6067.202135
UTC=2024-01-29T02:38:02.000000
2704379.065402 -5802057.969841 -3267816.881704
-150.913177 -3747.024645 6538.579760
UTC=2024-01-29T02:40:02.000000
2661872.372163 -6205664.663893 -2459914.173013
-554.403490 -2969.837411 6909.113472
UTC=2024-01-29T02:42:02.000000
2572215.749338 -6512690.886402 -1613903.400020
-935.573989 -2139.482403 7172.858872
UTC=2024-01-29T02:44:02.000000
2438497.625909 -6717543.055156 -742873.061181
-1287.691822 -1269.218803 7325.537548
UTC=2024-01-29T02:46:02.000000
2264575.242674 -6816267.901955 139679.641077
-1604.697714 -373.085782 7364.626754
UTC=2024-01-29T02:48:02.000000
2054986.732064 -6806631.639984 1020062.427323
-1881.318997 534.337517 7289.403794
UTC=2024-01-29T02:50:02.000000
1814851.047532 -6688169.961596 1884605.974479
-2113.163587 1438.184213 7100.976935
UTC=2024-01-29T02:52:02.000000
1549757.011663 -6462205.839529 2719883.246079
-2296.803554 2323.578810 6802.267435
UTC=2024-01-29T02:54:02.000000
1265644.236476 -6131834.756696 3512923.614560
-2429.827546 3175.897692 6397.949902
UTC=2024-01-29T02:56:02.000000
968678.923270 -5701878.997304 4251418.543009
-2510.873708 3981.026431 5894.367084
UTC=2024-01-29T02:58:02.000000
665127.241736 -5178811.931443 4923915.072222
-2539.637507 4725.599894 5299.415612
UTC=2024-01-29T03:00:02.000000
361228.880430 -4570654.270651 5519994.502622
-2516.860877 5397.231784 4622.411264
UTC=2024-01-29T03:02:02.000000
63073.546984 -3886843.685231 6030433.095562
-2444.293059 5984.724930 3873.925726
UTC=2024-01-29T03:04:02.000000
-223516.649432 -3138080.930764 6447342.106884
-2324.634468 6478.252516 3065.605219
UTC=2024-01-29T03:06:02.000000
-493097.253635 -2336156.340249 6764285.143421
-2161.465404 6869.503110 2209.977760
UTC=2024-01-29T03:08:02.000000
-740701.882624 -1493760.617639 6976372.736891
-1959.157828 7151.800969 1320.266333
UTC=2024-01-29T03:10:02.000000
-961931.445854 -624281.969944 7080334.351691
-1722.777619 7320.213109 410.196967
UTC=2024-01-29T03:12:02.000000
-1153031.079492 258408.220082 7074566.486021
-1457.977084 7371.629938 -506.207356
UTC=2024-01-29T03:14:02.000000
-1310953.450444 1140177.395623 6959155.910060
-1170.875459 7304.814457 -1414.832337
UTC=2024-01-29T03:16:02.000000
-1433407.317544 2006858.271053 6735878.407480
-867.934087 7120.426782 -2301.675750
UTC=2024-01-29T03:18:02.000000
-1518890.963819 2844476.728760 6408173.191910
-555.828810 6821.024209 -3153.049755
UTC=2024-01-29T03:20:02.000000
-1566710.157004 3639478.225759 5981093.033937
-241.319793 6411.035710 -3955.783293
UTC=2024-01-29T03:22:02.000000
-1576980.206237 4378949.387751 5461230.354400
68.882951 5896.707584 -4697.418195
UTC=2024-01-29T03:24:02.000000
-1550612.140831 5050831.761932 4856620.133746
368.248842 5286.026676 -5366.403035
UTC=2024-01-29T03:26:02.000000
-1489283.340375 5644124.261894 4176619.415870
650.558041 4588.606771 -5952.285480
UTC=2024-01-29T03:28:02.000000
-1395392.618418 6149069.759485 3431764.901905
910.025085 3815.540143 -6445.883292
UTC=2024-01-29T03:30:02.000000
-1272001.586962 6557322.761678 2633611.096803
1141.407709 2979.232245 -6839.441928
UTC=2024-01-29T03:32:02.000000
-1122762.450743 6862095.290519 1794549.823492
1340.123456 2093.198273 -7126.782022
UTC=2024-01-29T03:34:02.000000
-951832.879303 7058276.017164 927614.332254
1502.343927 1171.826930 -7303.407788
UTC=2024-01-29T03:36:02.000000
-763780.867816 7142520.399792 46272.307003
1625.070171 230.134109 -7366.585363
UTC=2024-01-29T03:38:02.000000
-563481.435704 7113310.512084 -835789.148676
1706.192509 -716.498429 -7315.399185
UTC=2024-01-29T03:40:02.000000
-356007.373752 6970981.852348 -1704883.426734
1744.528542 -1652.611007 -7150.771225
UTC=2024-01-29T03:42:02.000000
-146517.001457 6717715.498531 -2547543.191528
1739.835283 -2562.948290 -6875.424858
UTC=2024-01-29T03:44:02.000000
59858.260897 6357497.943300 -3350732.882003
1692.801568 -3432.717280 -6493.820808
UTC=2024-01-29T03:46:02.000000
258124.508845 5896050.624581 -4102052.315448
1605.025114 -4247.836002 -6012.071208
UTC=2024-01-29T03:48:02.000000
443532.047293 5340730.282801 -4789928.203894
1478.969473 -4995.168850 -5437.823783
UTC=2024-01-29T03:50:02.000000
611675.763507 4700402.464839 -5403790.106880
1317.902622 -5662.737306 -4780.119593
UTC=2024-01-29T03:52:02.000000
758587.176015 3985291.432994 -5934228.246442
1125.819348 -6239.903096 -4049.234303
UTC=2024-01-29T03:54:02.000000
880816.183310 3206809.639027 -6373131.420202
907.348265 -6717.525060 -3256.505174
UTC=2024-01-29T03:56:02.000000
975501.168773 2377370.206261 -6713803.343800
667.651530 -7088.084381 -2414.145265
UTC=2024-01-29T03:58:02.000000
1040426.604905 1510186.485585 -6951056.490429
412.316420 -7345.775951 -1535.057532
UTC=2024-01-29T04:00:02.000000
1074067.231781 619061.834401 -7081284.031409
147.240829 -7486.582213 -632.652392
UTC=2024-01-29T04:02:02.000000
1075618.360763 -281828.133504 -7102509.293293
-121.483610 -7508.322769 279.343036
UTC=2024-01-29T04:04:02.000000
1045011.787782 -1178157.754093 -7014412.178213
-387.694118 -7410.678229 1187.078683
UTC=2024-01-29T04:06:02.000000
982917.167997 -2055674.494484 -6818332.578550
-645.275247 -7195.184379 2076.767958
UTC=2024-01-29T04:08:02.000000
890729.346021 -2900420.536240 -6517252.210269
-888.275612 -6865.214340 2934.862789
UTC=2024-01-29T04:10:02.000000
770541.399208 -3698951.938064 -6115754.955843
-1111.029964 -6425.952340 3748.242454
UTC=2024-01-29T04:12:02.000000
625103.260743 -4438552.273749 -5619963.451872
-1308.273626 -5884.324662 4504.413117
UTC=2024-01-29T04:14:02.000000
457767.277218 -5107436.189666 -5037452.971682
-1475.249115 -5248.906633 5191.687531
UTC=2024-01-29T04:16:02.000000
272420.949690 -5694940.957297 -4377143.836756
-1607.811329 -4529.812470 5799.366057
UTC=2024-01-29T04:18:02.000000
73407.712858 -6191702.889053 -3649172.006634
-1702.521011 -3738.551619 6317.916648
UTC=2024-01-29T04:20:02.000000
-134562.743628 -6589814.509443 -2864739.016400
-1756.725521 -2887.854192 6739.137027
UTC=2024-01-29T04:22:02.000000
-346513.029565 -6882959.639014 -2035943.454871
-1768.625714 -1991.477054 7056.302840
UTC=2024-01-29T04:24:02.000000
-557303.672726 -7066523.354842 -1175595.294469
-1737.326096 -1063.977077 7264.301730
UTC=2024-01-29T04:26:02.000000
-761743.578498 -7137673.090205 -297016.079839
-1662.865202 -120.460417 7359.733969
UTC=2024-01-29T04:28:02.000000
-954702.936098 -7095408.869843 586171.003360
-1546.225968 823.680196 7340.980484
UTC=2024-01-29T04:30:02.000000
-1131226.182982 -6940581.667345 1460257.365850
-1389.326212 1753.033834 7208.241108
UTC=2024-01-29T04:32:02.000000
-1286642.477886 -6675879.034543 2311668.031212
-1194.986080 2652.448104 6963.540471
UTC=2024-01-29T04:34:02.000000
-1416670.920139 -6305777.602949 3127178.946797
-966.873688 3507.301780 6610.693982
UTC=2024-01-29T04:36:02.000000
-1517517.991863 -5836463.602881 3894128.027978
-709.429857 4303.764940 6155.237198
UTC=2024-01-29T04:38:02.000000
-1585965.012663 -5275723.330425 4600615.385574
-427.778579 5029.036343 5604.317621
UTC=2024-01-29T04:40:02.000000
-1619444.144072 -4632807.181785 5235689.253803
-127.625284 5671.547527 4966.567813
UTC=2024-01-29T04:42:02.000000
-1616101.492125 -3918270.377625 5789515.913003
184.856335 6221.150375 4251.963139
UTC=2024-01-29T04:44:02.000000
-1574845.827410 -3143792.242668 6253530.586139
503.150948 6669.281078 3471.645396
UTC=2024-01-29T04:46:02.000000
-1495381.615915 -2321978.792055 6620565.938955
820.534126 7009.074258 2637.732343
UTC=2024-01-29T04:48:02.000000
-1378226.350130 -1466153.659644 6884958.147797
1130.201145 7235.448432 1763.134212
UTC=2024-01-29T04:50:02.000000
-1224712.474581 -590139.478894 7042630.516302
1425.395821 7345.177673 861.358130
UTC=2024-01-29T04:52:02.000000
-1036973.740471 291967.107450 7091152.666733
1699.541278 7336.923282 -53.697073
UTC=2024-01-29T04:54:02.000000
-817915.715208 1166022.562405 7029775.866789
1946.372829 7211.242903 -967.936465
UTC=2024-01-29T04:56:02.000000
-571170.532694 2018063.506817 6859444.210683
2160.066356 6970.576411 -1867.275680
UTC=2024-01-29T04:58:02.000000
-301036.757906 2834530.228665 6582780.987622
2335.358097 6619.201986 -2737.846548
UTC=2024-01-29T05:00:02.000000
-12405.423041 3602483.349498 6204050.659108
2467.654790 6163.167689 -3566.197582
UTC=2024-01-29T05:02:02.000000
289326.572302 4309811.100214 5729096.761441
2553.134891 5610.200965 -4339.495778
UTC=2024-01-29T05:04:02.000000
598354.741826 4945423.920271 5165255.966611
2588.841385 4969.590307 -5045.720192
UTC=2024-01-29T05:06:02.000000
908575.637774 5499433.739585 4521248.954331
2572.759359 4252.044862 -5673.858189
UTC=2024-01-29T05:08:02.000000
1213703.258992 5963313.797678 3807048.368079
2503.869196 3469.512899 -6214.080683
UTC=2024-01-29T05:10:02.000000
1507391.722453 6330036.978727 3033727.950304
2382.201786 2635.012163 -6657.896202
UTC=2024-01-29T05:12:02.000000
1783363.167214 6594191.502827 2213290.399493
2208.856956 1762.401302 -6998.337680
UTC=2024-01-29T05:14:02.000000
2035535.277960 6752066.465131 1358477.516213
1985.993880 866.130701 -7230.071807
UTC=2024-01-29T05:16:02.000000
2258147.491917 6801707.773453 482567.837410
1716.808522 -39.014963 -7349.498821
UTC=2024-01-29T05:18:02.000000
2445882.396245 6742942.378041 -400835.119419
1405.480511 -938.179322 -7354.809510
UTC=2024-01-29T05:20:02.000000
2593979.709683 6577371.298352 -1278019.803420
1057.102416 -1816.694559 -7246.014653
UTC=2024-01-29T05:22:02.000000
2698340.643114 6308331.416291 -2135385.077409
677.589839 -2660.339645 -7024.940112
UTC=2024-01-29T05:24:02.000000
2755620.273966 5940826.909722 -2959656.125727
273.572026 -3455.587603 -6695.189947
UTC=2024-01-29T05:26:02.000000
2763305.822028 5481431.696709 -3738093.969269
-147.733506 -4189.841071 -6262.075591
UTC=2024-01-29T05:28:02.000000
2719778.960282 4938164.876788 -4458694.104538
-578.660734 -4851.642777 -5732.505993
UTC=2024-01-29T05:30:02.000000
2624360.929033 4320343.141863 -5110370.376887
-1011.240694 -5430.850409 -5114.854230
UTC=2024-01-29T05:32:02.000000
2477340.091135 3638413.942006 -5683121.696418
-1437.347863 -5918.781540 -4418.805261
UTC=2024-01-29T05:34:02.000000
2279981.948510 2903773.092249 -6168179.817406
-1848.847071 -6308.330161 -3655.192956
UTC=2024-01-29T05:36:02.000000
2034521.316955 2128569.962623 -6558136.496365
-2237.742527 -6594.054444 -2835.818795
UTC=2024-01-29T05:38:02.000000
1744137.140936 1325504.375713 -6847048.340578
-2596.316761 -6772.228109 -1973.264912
UTC=2024-01-29T05:40:02.000000
1412911.059846 507618.905549 -7030519.561355
-2917.265165 -6840.867717 -1080.712003
UTC=2024-01-29T05:42:02.000000
1045769.695310 -311910.820403 -7105762.702576
-3193.831219 -6799.738720 -171.753255
UTC=2024-01-29T05:44:02.000000
648411.278722 -1119985.302244 -7071636.473458
-3419.930542 -6650.338658 739.801273
UTC=2024-01-29T05:46:02.000000
227218.339099 -1903786.366434 -6928660.318572
-3590.260039 -6395.849315 1640.112458
UTC=2024-01-29T05:48:02.000000
-210842.361347 -2650975.851495 -6679007.413520
-3700.403360 -6041.080013 2515.486763
UTC=2024-01-29T05:50:02.000000
-658332.413041 -3349887.239259 -6326475.828119
-3746.930816 -5592.400772 3352.570451
UTC=2024-01-29T05:52:02.000000
-1107465.018279 -3989706.882317 -5876435.963910
-3727.477700 -5057.637373 4138.541255
UTC=2024-01-29T05:54:02.000000
-1550237.045123 -4560641.945100 -5335756.108042
-3640.813963 -4445.957718 4861.287433
UTC=2024-01-29T05:56:02.000000
-1978568.728180 -5054073.776113 -4712705.945345
-3486.900163 -3767.739017 5509.595493
UTC=2024-01-29T05:58:02.000000
-2384448.872136 -5462693.599217 -4016837.653274
-3266.922337 -3034.406355 6073.333635
UTC=2024-01-29T06:00:02.000000
-2760082.761486 -5780617.462474 -3258845.760512
-2983.302212 -2258.249942 6543.621417
UTC=2024-01-29T06:02:02.000000
-3098039.940197 -6003478.323773 -2450407.561562
-2639.685254 -1452.227104 6912.984489
UTC=2024-01-29T06:04:02.000000
-3391399.200899 -6128493.426594 -1604005.818277
-2240.905382 -629.748109 7175.494749
UTC=2024-01-29T06:06:02.000000
-3633887.677527 -6154504.903608 -732735.738799
-1792.921097 195.555860 7326.890603
UTC=2024-01-29T06:08:02.000000
-3820010.443803 -6081991.720545 149900.650843
-1302.721938 1010.076149 7364.664808
UTC=2024-01-29T06:10:02.000000
-3945167.515988 -5913052.401957 1030208.518431
-778.213173 1800.468957 7288.117598
UTC=2024-01-29T06:12:02.000000
-4005755.749568 -5651358.787282 1894518.771074
-228.078730 2553.896054 7098.378146
UTC=2024-01-29T06:14:02.000000
-3999252.969457 -5302081.282005 2729406.787705
338.376615 3258.256377 6798.385040
UTC=2024-01-29T06:16:02.000000
-3924282.435061 -4871787.658448 3521906.530811
911.395984 3902.394507 6392.831422
UTC=2024-01-29T06:18:02.000000
-3780656.470294 -4368318.076496 4259716.414501
1480.948957 4476.289163 5888.081878
UTC=2024-01-29T06:20:02.000000
-3569398.232538 -3800638.735864 4931393.281247
2036.916381 4971.219712 5292.056742
UTC=2024-01-29T06:22:02.000000
-3292741.306500 -3178677.460042 5526530.578875
2569.273859 5379.898495 4614.086922
UTC=2024-01-29T06:24:02.000000
-2954107.461393 -2513145.590233 6035918.170240
3068.272381 5696.568199 3864.753751
UTC=2024-01-29T06:26:02.000000
-2558063.163534 -1815349.978981 6451682.153971
3524.610583 5917.070619 3055.717385
UTC=2024-01-29T06:28:02.000000
-2110255.870503 -1096997.971306 6767403.562632
3929.601033 6038.895518 2199.534365
UTC=2024-01-29T06:30:02.000000
-1617330.578412 -369998.091308 6978213.652456
4275.329981 6061.198896 1309.448501
UTC=2024-01-29T06:32:02.000000
-1086828.891882 353738.567271 7080863.769455
4554.787888 5984.775950 399.186816
UTC=2024-01-29T06:34:02.000000
-527073.046629 1062493.061143 7073772.271962
4761.995090 5812.027800 -517.227260
UTC=2024-01-29T06:36:02.000000
52964.976604 1744928.405914 6957047.876155
4892.120161 5546.907952 -1425.678932
UTC=2024-01-29T06:38:02.000000
643807.412012 2390271.330607 6732488.187867
4941.579980 5194.842558 -2312.169754
UTC=2024-01-29T06:40:02.000000
1235625.489666 2988482.898779 6403553.411898
4908.119100 4762.625863 -3163.020833
UTC=2024-01-29T06:42:02.000000
1818402.598518 3530415.884484 5975316.231724
4790.871115 4258.305112 -3965.069591
UTC=2024-01-29T06:44:02.000000
2382103.818334 4007957.372322 5454387.947809
4590.403485 3691.047792 -4705.867807
UTC=2024-01-29T06:46:02.000000
2916849.773426 4414154.182198 4848820.820033
4308.742536 3070.987183 -5373.881233
UTC=2024-01-29T06:48:02.000000
3413091.323361 4743318.165780 4167986.872287
3949.361223 2409.043502 -5958.676099
UTC=2024-01-29T06:50:02.000000
3861781.433463 4991109.904186 3422436.104356
3517.150476 1716.746112 -6451.080192
UTC=2024-01-29T06:52:02.000000
4254543.199484 5154600.611766 2623734.695597
3018.375378 1006.038836 -6843.360390
UTC=2024-01-29T06:54:02.000000
4583828.441252 5232307.938469 1784282.853711
2460.561831 289.048788 -7129.365055
UTC=2024-01-29T06:56:02.000000
4843062.258605 5224205.620405 917119.554942
1852.387647 -422.116831 -7304.617458
UTC=2024-01-29T06:58:02.000000
5026773.498458 5131708.149327 35715.222586
1203.541691 -1115.591908 -7366.416336
UTC=2024-01-29T07:00:02.000000
5130705.324663 4957628.056793 -846244.381825
524.543936 -1779.976870 -7313.876316
UTC=2024-01-29T07:02:02.000000
5151904.103812 4706107.808568 -1715076.553207
-173.437212 -2404.537476 -7147.932802
UTC=2024-01-29T07:04:02.000000
5088785.489224 4382528.791359 -2557319.195505
-878.782969 -2979.388879 -6871.320924
UTC=2024-01-29T07:06:02.000000
4941175.919285 3993399.111381 -3359943.766484
-1579.634716 -3495.663052 -6488.518980
UTC=2024-01-29T07:08:02.000000
4710328.492488 3546222.886740 -4110559.354843
-2264.109186 -3945.648955 -6005.658224
UTC=2024-01-29T07:10:02.000000
4398913.298715 3049354.274085 -4797604.139007
-2920.506881 -4322.907477 -5430.403773
UTC=2024-01-29T07:12:02.000000
4010983.316694 2511839.264567 -5410521.131778
-3537.511846 -4622.358850 -4771.812182
UTC=2024-01-29T07:14:02.000000
3551916.813909 1943248.992588 -5939915.691526
-4104.382998 -4840.337171 -4040.171515
UTC=2024-01-29T07:16:02.000000
3028337.455747 1353508.192938 -6377692.997798
-4611.133222 -4974.617356 -3246.827416
UTC=2024-01-29T07:18:02.000000
2448014.003814 752721.973272 -6717173.956696
-5048.689504 -5024.416062 -2403.998254
UTC=2024-01-29T07:20:02.000000
1819742.133832 151004.108203 -6953188.697516
-5409.030919 -4990.366293 -1524.589179
UTC=2024-01-29T07:22:02.000000
1153210.597747 -441690.614035 -7082148.331031
-5685.315536 -4874.477433 -622.014649
UTC=2024-01-29T07:24:02.000000
458852.204433 -1015728.380750 -7102094.522750
-5872.001341 -4680.077240 289.998119
UTC=2024-01-29T07:26:02.000000
-252317.608440 -1561949.656386 -7012725.264698
-5964.933067 -4411.727697 1197.600544
UTC=2024-01-29T07:28:02.000000
-968871.948887 -2071811.926664 -6815398.839213
-5961.421334 -4075.135466 2087.000118
UTC=2024-01-29T07:30:02.000000
-1679152.573497 -2537521.314433 -6513115.684712
-5860.308004 -3677.052503 2944.653133
UTC=2024-01-29T07:32:02.000000
-2371456.118421 -2952150.851741 -6110476.987576
-5662.004005 -3225.154130 3757.454101
UTC=2024-01-29T07:34:02.000000
-3034223.946884 -3309743.690054 -5613621.418486
-5368.513928 -2727.912460 4512.913849
UTC=2024-01-29T07:36:02.000000
-3656234.232662 -3605400.785871 -5030139.987825
-4983.445706 -2194.461082 5199.348702
UTC=2024-01-29T07:38:02.000000
-4226793.139999 -3835351.042744 -4368967.816439
-4511.983917 -1634.438347 5806.070205
UTC=2024-01-29T07:40:02.000000
-4735921.018115 -3997002.082447 -3640254.307926
-3960.836534 -1057.823571 6323.556874
UTC=2024-01-29T07:42:02.000000
-5174530.804002 -4088971.007661 -2855213.089798
-3338.156049 -474.766151 6743.619897
UTC=2024-01-29T07:44:02.000000
-5534594.929541 -4111094.106246 -2025952.837419
-2653.426732 104.594098 7059.553897
UTC=2024-01-29T07:46:02.000000
-5809296.823375 -4064414.716521 -1165291.439571
-1917.321587 670.309480 7266.262881
UTC=2024-01-29T07:48:02.000000
-5993163.662023 -3951149.396258 -286556.525683
-1141.532841 1212.803957 7360.361731
UTC=2024-01-29T07:50:02.000000
-6082177.243427 -3774632.782252 596624.441675
-338.577849 1723.046806 7340.248242
UTC=2024-01-29T07:52:02.000000
-6073860.129168 -3539242.173531 1470541.120004
478.420365 2192.718349 7206.147351
UTC=2024-01-29T07:54:02.000000
-5967334.004880 -3250302.714519 2321619.976632
1295.973218 2614.364750 6960.110139
UTC=2024-01-29T07:56:02.000000
-5763349.052596 -2913975.507178 3136641.215322
2100.467427 2981.525840 6605.971897
UTC=2024-01-29T07:58:02.000000
-5464284.544271 -2537132.023034 3902949.253503
2878.405772 3288.838904 6149.288191
UTC=2024-01-29T08:00:02.000000
-5074120.059518 -2127216.793483 4608653.548436
3616.654089 3532.127689 5597.232889
UTC=2024-01-29T08:02:02.000000
-4598377.930597 -1692101.567448 5242814.628905
4302.669792 3708.453759 4958.458935
UTC=2024-01-29T08:04:02.000000
-4044039.734880 -1239935.200592 5795612.722225
4924.708033 3816.139365 4242.949886
UTC=2024-01-29T08:06:02.000000
-3419438.635387 -778991.829074 6258498.074459
5472.019838 3854.773916 3461.860537
UTC=2024-01-29T08:08:02.000000
-2734128.513775 -317519.518260 6624320.620200
5935.037849 3825.197107 2627.331401
UTC=2024-01-29T08:10:02.000000
-1998732.403505 136407.180719 6887436.221440
6305.533359 3729.450587 1752.287171
UTC=2024-01-29T08:12:02.000000
-1224774.070170 575027.449740 7043788.946492
6576.742219 3570.710016 850.241089
UTC=2024-01-29T08:14:02.000000
-424495.613389 991025.898556 7090969.934558
6743.472928 3353.209402 -64.902426
UTC=2024-01-29T08:16:02.000000
389336.797354 1377654.115874 7028252.235986
6802.195485 3082.147632 -979.049522
UTC=2024-01-29T08:18:02.000000
1203636.610450 1728840.193757 6856601.383083
6751.109770 2763.581863 -1878.120617
UTC=2024-01-29T08:20:02.000000
2005207.298499 2039284.520618 6578661.276634
6590.187599 2404.305135 -2748.255858
UTC=2024-01-29T08:22:02.000000
2780956.273392 2304540.326967 6198715.973096
6321.191258 2011.716583 -3576.011671
UTC=2024-01-29T08:24:02.000000
3518110.015993 2521078.366927 5722627.813372
5947.673786 1593.685405 -4348.561367
UTC=2024-01-29T08:26:02.000000
4204427.140115 2686334.629711 5157751.128498
5474.941468 1158.405183 -5053.897306
UTC=2024-01-29T08:28:02.000000
4828404.981029 2798740.418608 4512822.783849
4909.988101 714.245827 -5681.014291
UTC=2024-01-29T08:30:02.000000
5379477.622407 2857734.386968 3797831.246693
4261.417887 269.600640 -6220.089118
UTC=2024-01-29T08:32:02.000000
5848202.175739 2863755.621325 3023863.121362
3539.314043 -167.277950 -6662.670131
UTC=2024-01-29T08:34:02.000000
6226425.912405 2818217.328477 2202930.374982
2755.071216 -588.430107 -7001.806666
UTC=2024-01-29T08:36:02.000000
6507433.811614 2723463.032174 1347782.345740
1921.222802 -986.335963 -7232.180395
UTC=2024-01-29T08:38:02.000000
6686072.441359 2582704.887371 471703.373078
1051.223554 -1354.060960 -7350.206749
UTC=2024-01-29T08:40:02.000000
6758846.300629 2399945.534149 -411699.537251
159.209132 -1685.385523 -7354.100628
UTC=2024-01-29T08:42:02.000000
6723984.137030 2179885.192156 -1288714.571905
-740.261522 -1974.919911 -7243.899448
UTC=2024-01-29T08:44:02.000000
6581474.891971 1927816.560174 -2145743.085176
-1632.451072 -2218.192425 -7021.449987
UTC=2024-01-29T08:46:02.000000
6333073.714753 1649509.994255 -2969515.549519
-2502.706363 -2411.725286 -6690.381636
UTC=2024-01-29T08:48:02.000000
5982275.709323 1351090.757861 -3747301.073807
-3336.722972 -2553.087296 -6256.026522
UTC=2024-01-29T08:50:02.000000
5534259.166516 1038911.693243 -4467105.699498
-4120.793175 -2640.918807 -5725.314651
UTC=2024-01-29T08:52:02.000000
4995799.777008 719424.398699 -5117856.193597
-4842.036849 -2674.931484 -5106.636429
UTC=2024-01-29T08:54:02.000000
4375159.092925 399051.787792 -5689566.172573
-5488.601624 -2655.886484 -4409.689513
UTC=2024-01-29T08:56:02.000000
3681950.086369 84064.465699 -6173483.319313
-6049.844751 -2585.552541 -3645.316107
UTC=2024-01-29T08:58:02.000000
2926982.034768 -219536.816167 -6562216.413429
-6516.495942 -2466.647644 -2825.327860
UTC=2024-01-29T09:00:02.000000
2122087.545299 -506130.829191 -6849840.216344
-6880.788453 -2302.765468 -1962.314752
UTC=2024-01-29T09:02:02.000000
1279935.819570 -770575.810813 -7031977.905013
-7136.562481 -2098.288369 -1069.464130
UTC=2024-01-29T09:04:02.000000
413833.985787 -1008298.379509 -7105861.716277
-7279.359268 -1858.289081 -160.373290
UTC=2024-01-29T09:06:02.000000
-462481.006090 -1215369.812282 -7070370.349088
-7306.481103 -1588.420969 751.144875
UTC=2024-01-29T09:08:02.000000
-1335056.234156 -1388569.129890 -6926043.953497
-7217.032729 -1294.807413 1651.243144
UTC=2024-01-29T09:10:02.000000
-2189940.934353 -1525432.452389 -6675076.834266
-7011.946867 -983.922768 2526.232244
UTC=2024-01-29T09:12:02.000000
-3013405.700632 -1624287.609405 -6321286.890628
-6693.976346 -662.466923 3362.771650
UTC=2024-01-29T09:14:02.000000
-3792159.556673 -1684273.828341 -5870063.276551
-6267.672252 -337.243097 4148.043832
UTC=2024-01-29T09:16:02.000000
-4513564.040870 -1705346.648206 -5328292.436264
-5739.349333 -15.031482 4869.944510
UTC=2024-01-29T09:18:02.000000
-5165840.577421 -1688267.347468 -4704260.920161
-5117.008812 297.540431 5517.272930
UTC=2024-01-29T09:20:02.000000
-5738266.958739 -1634577.014770 -4007536.345134
-4410.237059 594.124057 6079.907774
UTC=2024-01-29T09:22:02.000000
-6221360.237540 -1546555.667194 -3248827.420627
-3630.077561 868.772820 6548.980529
UTC=2024-01-29T09:24:02.000000
-6607042.027955 -1427166.799703 -2439823.812435
-2788.866143 1116.061158 6917.035077
UTC=2024-01-29T09:26:02.000000
-6888782.281165 -1279988.197316 -1593018.203077
-1900.038470 1331.193556 7178.165141
UTC=2024-01-29T09:28:02.000000
-7061718.492171 -1109130.424027 -721513.077500
-977.912852 1510.101326 7328.131382
UTC=2024-01-29T09:30:02.000000
-7122747.135747 -919144.205220 161185.049039
-37.443938 1649.530313 7364.450773
UTC=2024-01-29T09:32:02.000000
-7070584.281832 -714918.561873 1041379.723275
906.040394 1747.104779 7286.446535
UTC=2024-01-29T09:34:02.000000
-6905794.284230 -501572.674329 1905402.867865
1837.109409 1801.370512 7095.268879
UTC=2024-01-29T09:36:02.000000
-6630785.534708 -284343.532035 2739833.380165
2740.505494 1811.820750 6793.878051
UTC=2024-01-29T09:38:02.000000
-6249773.302786 -68471.746806 3531711.619144
3601.416892 1778.900885 6386.993416
UTC=2024-01-29T09:40:02.000000
-5768710.203272 140911.840425 4268745.600973
4405.741993 1703.989775 5881.005482
UTC=2024-01-29T09:42:02.000000
-5195186.234857 338895.878296 4939504.579351
5140.330840 1589.358577 5283.855513
UTC=2024-01-29T09:44:02.000000
-4538301.376428 520892.376564 5533596.695366
5793.200457 1438.114779 4604.891533
UTC=2024-01-29T09:46:02.000000
-3808514.002158 682732.812798 6041828.486284
6353.724137 1254.128053 3854.711864
UTC=2024-01-29T09:48:02.000000
-3017467.666155 820754.260892 6456344.692307
6812.801060 1041.939093 3044.990568
UTC=2024-01-29T09:50:02.000000
-2177799.528257 931873.964667 6770746.148229
7162.992790 806.659842 2188.290316
UTC=2024-01-29T09:52:02.000000
-1302933.825225 1013651.574589 6980184.595474
7398.635234 553.865835 1297.861806
UTC=2024-01-29T09:54:02.000000
-406864.300584 1064337.696513 7081432.855830
7515.910178 289.477468 387.439721
UTC=2024-01-29T09:56:02.000000
496070.439982 1082907.989529 7072931.158710
7512.894815 19.637964 -528.953659
UTC=2024-01-29T09:58:02.000000
1391416.298841 1069082.510128 6954809.646144
7389.589689 -249.409959 -1437.209187
UTC=2024-01-29T10:00:02.000000
2264834.851157 1023330.099447 6728886.613852
7147.920026 -511.450530 -2323.333668
UTC=2024-01-29T10:02:02.000000
3102333.139989 946857.559883 6398642.615351
6791.713285 -760.421021 -3173.649319
UTC=2024-01-29T10:04:02.000000
3890489.529227 841583.808581 5969170.322497
6326.652712 -990.535896 -3975.000330
UTC=2024-01-29T10:06:02.000000
4616671.576187 710099.417153 5447099.722347
5760.192353 -1196.406219 -4714.951853
UTC=2024-01-29T10:08:02.000000
5269242.542139 555611.942696 4840500.411337
5101.454661 -1373.156545 -5381.976708
UTC=2024-01-29T10:10:02.000000
5837754.243907 381877.921078 4158761.189877
4361.101396 -1516.528756 -5965.647251
UTC=2024-01-29T10:12:02.000000
6313121.996445 193123.175556 3412447.073843
3551.165266 -1622.974012 -6456.815802
UTC=2024-01-29T10:14:02.000000
6687777.526899 -6047.296947 2613135.887512
2684.851287 -1689.734582 -6847.774307
UTC=2024-01-29T10:16:02.000000
6955796.498155 -210748.671934 1773237.385262
1776.315921 -1714.914037 -7132.385511
UTC=2024-01-29T10:18:02.000000
7112998.620747 -415922.478866 905797.705884
840.427473 -1697.519960 -7306.196948
UTC=2024-01-29T10:20:02.000000
7157017.546382 -616446.801214 24291.968295
-107.493815 -1637.490797 -7366.523093
UTC=2024-01-29T10:22:02.000000
7087338.727296 -807248.747755 -857591.373965
-1051.952889 -1535.704450 -7312.498386
UTC=2024-01-29T10:24:02.000000
6905303.510076 -983416.440474 -1726169.613586
-1977.558231 -1393.962020 -7145.083100
UTC=2024-01-29T10:26:02.000000
6614080.333881 -1140307.784538 -2567983.897965
-2869.295302 -1214.951183 -6867.040334
UTC=2024-01-29T10:28:02.000000
6218603.593631 -1273653.728300 -3370012.147649
-3712.787932 -1002.190726 -6482.873930
UTC=2024-01-29T10:30:02.000000
5725482.256942 -1379653.685964 -4119872.811340
-4494.541701 -759.955631 -5998.737776
UTC=2024-01-29T10:32:02.000000
5142880.583482 -1455060.931296 -4806015.921757
-5202.163568 -493.185688 -5422.315624
UTC=2024-01-29T10:34:02.000000
4480374.260271 -1497256.431133 -5417898.410287
-5824.552698 -207.385481 -4762.680692
UTC=2024-01-29T10:36:02.000000
3748785.010354 -1504310.207030 -5946141.484956
-6352.068066 91.484549 -4030.135678
UTC=2024-01-29T10:38:02.000000
2959997.109721 -1475028.899013 -6382667.600653
-6776.660024 397.128638 -3236.035481
UTC=2024-01-29T10:40:02.000000
2126760.300738 -1408988.462961 -6720816.087063
-7091.968680 703.041675 -2392.610384
UTC=2024-01-29T10:42:02.000000
1262482.017430 -1306551.824283 -6955437.220323
-7293.402953 1002.632725 -1512.780081
UTC=2024-01-29T10:44:02.000000
381012.059579 -1168871.878270 -7082963.471367
-7378.186995 1289.347632 -609.964195
UTC=2024-01-29T10:46:02.000000
-503576.947366 -997879.440319 -7101458.269218
-7345.384340 1556.795753 302.106291
UTC=2024-01-29T10:48:02.000000
-1377210.381904 -796256.394603 -7010642.134883
-7195.897423 1798.870116 1209.574696
UTC=2024-01-29T10:50:02.000000
-2226031.572508 -567394.295702 -6811896.390122
-6932.450628 2009.869691 2098.650610
UTC=2024-01-29T10:52:02.000000
-3036617.707586 -315338.811595 -6508243.586547
-6559.540028 2184.611610 2955.800797
UTC=2024-01-29T10:54:02.000000
-3796188.627178 -44721.090313 -6104306.095113
-6083.370286 2318.538314 3767.924364
UTC=2024-01-29T10:56:02.000000
-4492807.720414 239323.438404 -5606242.961979
-5511.779565 2407.818588 4522.544379
UTC=2024-01-29T10:58:02.000000
-5115571.290993 531247.642465 -5021663.544423
-4854.124633 2449.435592 5207.994649
UTC=2024-01-29T11:00:02.000000
-5654783.422460 825195.308384 -4359519.741672
-4121.155565 2441.268007 5813.596647
UTC=2024-01-29T11:02:02.000000
-6102114.013003 1115112.883216 -3629976.372652
-3324.856143 2382.157146 6329.842481
UTC=2024-01-29T11:04:02.000000
-6450735.792097 1394867.878432 -2844260.677440
-2478.256990 2271.952186 6748.559498
UTC=2024-01-29T11:06:02.000000
-6695437.613103 1658371.554121 -2014492.943308
-1595.226316 2111.535744 7063.058933
UTC=2024-01-29T11:08:02.000000
-6832711.503687 1899703.586769 -1153500.591051
-690.242457 1902.831707 7268.264395
UTC=2024-01-29T11:10:02.000000
-6860811.010009 2113236.167256 -274617.878099
221.858127 1648.785460 7360.819712
UTC=2024-01-29T11:12:02.000000
-6779778.282768 2293754.125209 608524.942163
1126.146195 1353.320661 7339.155681
UTC=2024-01-29T11:14:02.000000
-6591439.340388 2436568.951696 1482218.291724
2007.863332 1021.279415 7203.522749
UTC=2024-01-29T11:16:02.000000
-6299367.800401 2537624.209845 2332892.236731
2852.685612 658.338156 6955.995183
UTC=2024-01-29T11:18:02.000000
-5908817.177785 2593589.488261 3147333.492044
3646.979249 270.901610 6600.433943
UTC=2024-01-29T11:20:02.000000
-5426623.682420 2601940.547218 3912896.072999
4378.038661 -134.020414 6142.418620
UTC=2024-01-29T11:22:02.000000
-4861081.416602 2561023.971449 4617701.470779
5034.304507 -548.946866 5589.140331
UTC=2024-01-29T11:24:02.000000
-4221793.544297 2470105.323776 5250824.297045
5605.546334 -966.066549 4949.270067
UTC=2024-01-29T11:26:02.000000
-3519503.276591 2329400.043738 5802461.195122
6083.017655 -1377.383894 4232.811640
UTC=2024-01-29T11:28:02.000000
-2765907.578958 2140086.653097 6264081.124707
6459.589348 -1774.868653 3450.936647
UTC=2024-01-29T11:30:02.000000
-1973456.692310 1904301.670653 6628554.327706
6729.849059 -2150.609736 2615.796107
UTC=2024-01-29T11:32:02.000000
-1155143.970040 1625116.380384 6890258.089311
6890.164754 -2496.962871 1740.322367
UTC=2024-01-29T11:34:02.000000
-324290.359424 1306496.263912 7045158.428692
6938.710739 -2806.692096 838.029984
UTC=2024-01-29T11:36:02.000000
505672.960522 953243.831557 7090868.427947
6875.475502 -3073.104852 -77.177669
UTC=2024-01-29T11:38:02.000000
1321421.662386 570925.690223 7026682.786831
6702.246354 -3290.179222 -991.210817
UTC=2024-01-29T11:40:02.000000
2109951.851620 165784.842090 6853588.106303
6422.567781 -3452.683062 -1889.994156
UTC=2024-01-29T11:42:02.000000
2858787.381268 -255360.824317 6574249.198278
6041.679269 -3556.284730 -2759.666303
UTC=2024-01-29T11:44:02.000000
3556178.525569 -685232.612219 6192971.132564
5566.432012 -3597.650484 -3586.785619
UTC=2024-01-29T11:46:02.000000
4191288.966251 -1116215.875671 5715636.612696
5005.177655 -3574.528023 -4358.533191
UTC=2024-01-29T11:48:02.000000
4754367.887801 -1540494.094266 5149619.356430
4367.631768 -3485.814389 -5062.909589
UTC=2024-01-29T11:50:02.000000
5236904.581428 -1950189.719637 4503674.426766
3664.720241 -3331.601442 -5688.922739
UTC=2024-01-29T11:52:02.000000
5631763.468487 -2337509.425005 3787806.290172
2908.404497 -3113.204164 -6226.771624
UTC=2024-01-29T11:54:02.000000
5933296.371561 -2694891.434467 3013115.286466
2111.476672 -2833.164960 -6668.019561
UTC=2024-01-29T11:56:02.000000
6137428.832468 -3015151.601251 2191624.891925
1287.335435 -2495.228979 -7005.739317
UTC=2024-01-29T11:58:02.000000
6241719.222669 -3291625.100952 1336093.194321
449.757295 -2104.297123 -7234.633621
UTC=2024-01-29T12:00:02.000000
6245389.589661 -3518301.108064 459810.735216
-387.349675 -1666.352913 -7351.139618
UTC=2024-01-29T12:02:02.000000
6149326.229356 -3689946.714336 -423611.553491
-1210.195627 -1188.360441 -7353.487934
UTC=2024-01-29T12:04:02.000000
5956050.879303 -3802217.705189 -1300460.107877
-2005.355956 -678.143998 -7241.740237
UTC=2024-01-29T12:06:02.000000
5669661.957939 -3851753.056716 -2157138.204129
-2760.014986 -144.240958 -7017.776532
UTC=2024-01-29T12:08:02.000000
5295748.258427 -3836251.484987 -2980381.725817
-3462.183992 404.250199 -6685.250889
UTC=2024-01-29T12:10:02.000000
4841277.389772 -3754528.859543 -3757468.013503
-4100.903514 957.837646 -6249.518168
UTC=2024-01-29T12:12:02.000000
4314461.339650 -3606555.047889 -4476413.780656
-4666.420168 1506.808765 -5717.526635
UTC=2024-01-29T12:14:02.000000
3724602.611803 -3393469.798914 -5126158.753677
-5150.334299 2041.408211 -5097.687284
UTC=2024-01-29T12:16:02.000000
3081924.525977 -3117577.288970 -5696731.948972
-5545.714558 2552.012104 -4399.716229
UTC=2024-01-29T12:18:02.000000
2397389.996070 -2782320.562428 -6179398.210980
-5847.176161 3029.289216 -3634.466622
UTC=2024-01-29T12:20:02.000000
1682512.539030 -2392237.009296 -6566784.702987
-6050.935152 3464.358414 -2813.762410
UTC=2024-01-29T12:22:02.000000
949161.725114 -1952894.742839 -6852986.659520
-6154.844491 3848.947563 -1950.214426
UTC=2024-01-29T12:24:02.000000
209366.414352 -1470810.939054 -7033649.881846
-6158.393791 4175.532261 -1057.022681
UTC=2024-01-29T12:26:02.000000
-524880.337345 -953354.567288 -7106030.078568
-6062.684037 4437.460635 -147.787636
UTC=2024-01-29T12:28:02.000000
-1241812.130806 -408634.671076 -7069029.834491
-5870.384107 4629.068517 763.673567
UTC=2024-01-29T12:30:02.000000
-1930074.223023 154624.703451 -6923213.343752
-5585.674204 4745.786550 1663.517168
UTC=2024-01-29T12:32:02.000000
-2578900.090219 727221.427064 -6670798.122218
-5214.162366 4784.229894 2538.061974
UTC=2024-01-29T12:34:02.000000
-3178277.050249 1299622.230577 -6315624.600435
-4762.787769 4742.276256 3373.971030
UTC=2024-01-29T12:36:02.000000
-3719099.732453 1862118.141892 -5863103.832069
-4239.714320 4619.128820 4158.434962
UTC=2024-01-29T12:38:02.000000
-4193309.878749 2404986.624570 -5320142.970203
-3654.207515 4415.365217 4879.360158
UTC=2024-01-29T12:40:02.000000
-4594019.971484 2918658.467271 -4695047.801893
-3016.487716 4132.965128 5525.561432
UTC=2024-01-29T12:42:02.000000
-4915617.871198 3393886.106319 -3997402.751156
-2337.561751 3775.307350 6086.941119
UTC=2024-01-29T12:44:02.000000
-5153850.652998 3821910.417376 -3237930.558524
-1629.046174 3347.148651 6554.652394
UTC=2024-01-29T12:46:02.000000
-5305886.398210 4194623.487279 -2428332.327063
-902.973644 2854.574200 6921.261388
UTC=2024-01-29T12:48:02.000000
-5370351.775698 4504723.368367 -1581109.555496
-171.587236 2304.916515 7180.882848
UTC=2024-01-29T12:50:02.000000
-5347344.751069 4745857.731520 -709371.022966
552.871128 1706.649606 7329.298308
UTC=2024-01-29T12:52:02.000000
-5238421.226246 4912753.054391 173372.851043
1258.381234 1069.255493 7364.044537
UTC=2024-01-29T12:54:02.000000
-5046555.263228 5001326.156974 1053424.403030
1933.362781 403.061161 7284.470256
UTC=2024-01-29T12:56:02.000000
-4776073.687540 5008774.588399 1917117.652153
2566.884511 -280.946295 7091.754813
UTC=2024-01-29T12:58:02.000000
-4432566.059862 4933644.219932 2751037.133679
3148.863446 -971.315768 6788.887234
UTC=2024-01-29T13:00:02.000000
-4022772.146023 4775872.608676 3542231.958669
3670.239370 -1656.338576 6380.609455
UTC=2024-01-29T13:02:02.000000
-3554450.050103 4536807.221907 4278421.211026
4123.122374 -2324.260218 5873.328662
UTC=2024-01-29T13:04:02.000000
-3036228.257200 4219198.342264 4948187.213870
4500.914791 -2963.489684 5275.004294
UTC=2024-01-29T13:06:02.000000
-2477444.354205 3827166.907767 5541153.682302
4798.409491 -3562.807921 4595.007525
UTC=2024-01-29T13:08:02.000000
-1887973.906693 3366147.877754 6048145.448967
5011.855803 -4111.565360 3843.957080
UTC=2024-01-29T13:10:02.000000
-1278053.220210 2842810.718557 6461327.548650
5138.995661 -4599.866328 3033.539835
UTC=2024-01-29T13:12:02.000000
-658099.638723 2264958.566884 6774321.863215
5179.067264 -5018.737489 2176.317039
UTC=2024-01-29T13:14:02.000000
-38533.228147 1641408.768566 6982300.743830
5132.783195 -5360.272878 1285.538100
UTC=2024-01-29T13:16:02.000000
570398.412344 981856.202230 7082057.922303
5002.297127 -5617.774162 374.941486
UTC=2024-01-29T13:18:02.000000
1158789.548526 296721.305742 7072054.801136
4791.140977 -5785.864421 -541.449643
UTC=2024-01-29T13:20:02.000000
1717237.066588 -403014.572958 6952442.828757
4504.145426 -5860.587945 -1449.524070
UTC=2024-01-29T13:22:02.000000
2236990.769964 -1105985.106790 6725061.916491
4147.344132 -5839.496203 -2335.286736
UTC=2024-01-29T13:24:02.000000
2710091.135697 -1800623.603230 6393414.234657
3727.861972 -5721.706814 -3185.061244
UTC=2024-01-29T13:26:02.000000
3129492.949012 -2475353.748098 5962613.862943
3253.789717 -5507.946643 -3985.693740
UTC=2024-01-29T13:28:02.000000
3489172.627956 -3118783.786106 5439311.838535
2734.038597 -5200.565123 -4724.754205
UTC=2024-01-29T13:30:02.000000
3784217.440040 -3719900.941317 4831597.761515
2178.184820 -4803.525302 -5390.728665
UTC=2024-01-29T13:32:02.000000
4010895.481715 -4268263.085734 4148878.498471
1596.303930 -4322.366507 -5973.207432
UTC=2024-01-29T13:34:02.000000
4166704.877828 -4754184.162855 3401734.857734
998.789850 -3764.136350 -6463.062135
UTC=2024-01-29T13:36:02.000000
4250400.873498 -5168909.523080 2601758.232915
396.169418 -3137.291721 -6852.603262
UTC=2024-01-29T13:38:02.000000
4262000.350651 -5504777.514529 1761369.362486
-201.089093 -2451.568025 -7135.718499
UTC=2024-01-29T13:40:02.000000
4202763.250036 -5755363.619680 893622.153867
-782.768390 -1717.819569 -7307.983514
UTC=2024-01-29T13:42:02.000000
4075151.146137 -5915603.677391 11996.199926
-1339.087626 -947.832568 -7366.736998
UTC=2024-01-29T13:44:02.000000
3882764.577355 -5981894.063181 -869817.919719
-1860.874183 -154.128050 -7311.131523
UTC=2024-01-29T13:46:02.000000
3630259.555980 -5952166.408044 -1738137.957352
-2339.736169 650.267371 -7142.150723
UTC=2024-01-29T13:48:02.000000
3323245.062371 -5825934.161887 -2579508.073413
-2768.203995 1452.054830 -6862.577804
UTC=2024-01-29T13:50:02.000000
2968164.842008 -5604311.236653 -3380911.943001
-3139.854081 2237.899411 -6476.942811
UTC=2024-01-29T13:52:02.000000
2572165.407382 -5290001.832002 -4129977.163682
-3449.411896 2994.670212 -5991.429166
UTC=2024-01-29T13:54:02.000000
2142953.489727 -4887262.149946 -4815166.446039
-3692.824215 3709.668514 -5413.749166
UTC=2024-01-29T13:56:02.000000
1688646.844449 -4401835.522775 -5425952.477990
-3867.297820 4370.841419 -4752.997831
UTC=2024-01-29T13:58:02.000000
1217621.994461 -3840863.143435 -5952974.419819
-3971.314291 4966.974817 -4019.493896
UTC=2024-01-29T14:00:02.000000
738361.256293 -3212772.695214 -6388174.590847
-4004.626173 5487.869134 -3224.608458
UTC=2024-01-29T14:02:02.000000
259301.685859 -2527146.919240 -6724913.997897
-3968.228419 5924.498038 -2380.584511
UTC=2024-01-29T14:04:02.000000
-211311.113645 -1794574.257415 -6958065.778413
-3864.306745 6269.147219 -1500.349718
UTC=2024-01-29T14:06:02.000000
-665561.880922 -1026484.289211 -7084086.069731
-3696.168434 6515.529677 -597.328707
UTC=2024-01-29T14:08:02.000000
-1095995.551589 -234970.443835 -7101062.399425
-3468.162128 6658.882771 314.745198
UTC=2024-01-29T14:10:02.000000
-1495736.890261 567397.658742 -7008739.222068
-3185.586340 6696.043194 1222.021196
UTC=2024-01-29T14:12:02.000000
-1858598.180590 1367769.744915 -6808520.933758
-2854.582296 6625.505786 2110.715262
UTC=2024-01-29T14:14:02.000000
-2179173.385603 2153216.541252 -6503452.633179
-2482.017136 6447.463149 2967.296717
UTC=2024-01-29T14:16:02.000000
-2452918.192430 2910934.924935 -6098178.887776
-2075.365078 6163.828470 3778.670013
UTC=2024-01-29T14:18:02.000000
-2676215.010165 3628454.811438 -5598879.990563
-1642.574451 5778.236415 4532.366247
UTC=2024-01-29T14:20:02.000000
-2846421.727126 4293844.442971 -5013185.683700
-1191.931828 5296.018713 5216.728492
UTC=2024-01-29T14:22:02.000000
-2961903.667000 4895911.224310 -4350066.287157
-731.915821 4724.150966 5821.101713
UTC=2024-01-29T14:24:02.000000
-3022047.372049 5424393.927886 -3619701.644747
-271.042016 4071.162410 6336.009827
UTC=2024-01-29T14:26:02.000000
-3027255.780137 5870142.337698 -2833330.300993
182.289941 3347.020909 6753.307997
UTC=2024-01-29T14:28:02.000000
-2978925.388994 6225282.251041 -2003080.858816
619.946007 2562.999737 7066.331869
UTC=2024-01-29T14:30:02.000000
-2879405.046199 6483361.831577 -1141785.827977
1034.213177 1731.498000 7270.033199
UTC=2024-01-29T14:32:02.000000
-2731936.754307 6639474.303709 -262781.836786
1417.940079 865.833707 7361.070169
UTC=2024-01-29T14:34:02.000000
-2540580.611690 6690355.967659 620299.606587
1764.664863 -19.964303 7337.883460
UTC=2024-01-29T14:36:02.000000
-2310124.193696 6634456.570817 1493749.961568
2068.745492 -911.413911 7200.751802
UTC=2024-01-29T14:38:02.000000
-2045977.436226 6471977.163496 2344004.086834
2325.466068 -1793.852777 6951.780779
UTC=2024-01-29T14:40:02.000000
-1754056.683567 6204876.099747 3157856.961588
2531.113254 -2652.697832 6594.856979
UTC=2024-01-29T14:42:02.000000
-1440660.934776 5836844.223307 3922673.296972
2683.029748 -3473.698790 6135.575305
UTC=2024-01-29T14:44:02.000000
-1112343.055912 5373250.074139 4626587.029530
2779.645393 -4243.185093 5581.143404
UTC=2024-01-29T14:46:02.000000
-775778.155345 4821055.670285 5258687.735644
2820.494591 -4948.309268 4940.255690
UTC=2024-01-29T14:48:02.000000
-437631.415635 4188704.415482 5809189.200826
2806.202164 -5577.260011 4222.927080
UTC=2024-01-29T14:50:02.000000
-104429.703978 3485985.593334 6269578.381039
2738.441266 -6119.449476 3440.334460
UTC=2024-01-29T14:52:02.000000
217561.261963 2723876.585367 6632743.934868
2619.880465 -6565.688939 2604.629642
UTC=2024-01-29T14:54:02.000000
522452.161158 1914366.575685 6893081.676405
2454.111392 -6908.325653 1728.748950
UTC=2024-01-29T14:56:02.000000
804835.813511 1070264.613702 7046577.077459
2245.562222 -7141.365928 826.215775
UTC=2024-01-29T14:58:02.000000
1059881.610864 204994.928108 7090863.356867
1999.396809 -7260.562176 -89.063607
UTC=2024-01-29T15:00:02.000000
1283417.323742 -667616.681982 7025255.852245
1721.405190 -7263.480182 -1002.992546
UTC=2024-01-29T15:02:02.000000
1471997.212318 -1533563.937627 6850762.690714
1417.885124 -7149.551424 -1901.489999
UTC=2024-01-29T15:04:02.000000
1622955.479103 -2378885.240950 6570070.536301
1095.516551 -6920.090841 -2770.694566
UTC=2024-01-29T15:06:02.000000
1734444.345408 -3189889.845216 6187506.014721
761.230705 -6578.294524 -3597.169624
UTC=2024-01-29T15:08:02.000000
1805456.016667 -3953381.776325 5708972.366455
422.073298 -6129.203625 -4368.108736
UTC=2024-01-29T15:10:02.000000
1835828.299085 -4656877.350316 5141861.942898
85.069827 -5579.634947 -5071.530625
UTC=2024-01-29T15:12:02.000000
1826234.257345 -5288813.182269 4494946.309039
-242.906136 -4938.094543 -5696.459911
UTC=2024-01-29T15:14:02.000000
1778156.018457 -5838742.610371 3778244.384757
-555.266452 -4214.665534 -6233.114345
UTC=2024-01-29T15:16:02.000000
1693842.386784 -6297515.660271 3002868.465715
-845.842924 -3420.846257 -6673.079005
UTC=2024-01-29T15:18:02.000000
1576251.060817 -6657437.813051 2180851.495544
-1109.007525 -2569.363770 -7009.446096
UTC=2024-01-29T15:20:02.000000
1428977.178247 -6912405.456571 1324958.800284
-1339.782254 -1673.969985 -7236.935998
UTC=2024-01-29T15:22:02.000000
1256169.179415 -7058015.187567 448486.371436
-1533.938443 -749.209031 -7351.997930
UTC=2024-01-29T15:24:02.000000
1062433.617009 -7091644.020549 -434951.145519
-1688.083252 189.833618 -7352.882321
UTC=2024-01-29T15:26:02.000000
852730.524380 -7012497.592600 -1311639.377493
-1799.726397 1127.815292 -7239.677066
UTC=2024-01-29T15:28:02.000000
632262.611689 -6821623.935746 -2167983.913296
-1867.318275 2049.416903 -7014.287702
UTC=2024-01-29T15:30:02.000000
406361.145704 -6521894.733105 -2990725.889001
-1890.266899 2939.606748 -6680.391574
UTC=2024-01-29T15:32:02.000000
180370.983730 -6117955.311161 -3767150.559876
-1868.936110 3783.898284 -6243.365415
UTC=2024-01-29T15:34:02.000000
-40463.141195 -5616144.099214 -4485285.305140
-1804.625678 4568.600065 -5710.180648
UTC=2024-01-29T15:36:02.000000
-251106.619167 -5024383.371353 -5134082.960471
-1699.529071 5281.040413 -5089.265593
UTC=2024-01-29T15:38:02.000000
-446838.731053 -4352045.011620 -5703587.705706
-1556.673036 5909.761822 -4390.354962
UTC=2024-01-29T15:40:02.000000
-623348.231341 -3609794.125239 -6185082.025079
-1379.841343 6444.694462 -3624.323219
UTC=2024-01-29T15:42:02.000000
-776818.936350 -2809413.656609 -6571212.845958
-1173.485714 6877.299184 -2803.006476
UTC=2024-01-29T15:44:02.000000
-904004.089232 -1963613.436326 -6856095.878444
-942.627658 7200.683775 -1939.016810
UTC=2024-01-29T15:46:02.000000
-1002288.411161 -1085827.110352 -7035397.483951
-692.752198 7409.689433 -1045.555718
UTC=2024-01-29T15:48:02.000000
-1069737.053047 -189999.906886 -7106394.278234
-429.695321 7500.958015 -136.227095
UTC=2024-01-29T15:50:02.000000
-1105130.623196 709630.058649 -7068009.773007
-159.525585 7472.969629 775.155717
UTC=2024-01-29T15:52:02.000000
-1107985.993749 1598753.524570 -6920828.591115
111.574379 7326.060926 1674.751939
UTC=2024-01-29T15:54:02.000000
-1078562.813460 2463213.059256 -6667088.427692
377.427643 7062.422927 2548.881393
UTC=2024-01-29T15:56:02.000000
-1017855.576371 3289224.532326 -6310649.990110
631.983707 6686.082414 3384.205447
UTC=2024-01-29T15:58:02.000000
-927571.279017 4063595.233253 -5856944.401667
869.438142 6202.859003 4167.921383
UTC=2024-01-29T16:00:02.000000
-810092.746939 4773934.756841 -5312897.652287
1084.350311 5620.291505 4887.947686
UTC=2024-01-29T16:02:02.000000
-668428.359740 5408856.054636 -4686832.967614
1271.752989 4947.545562 5533.110069
UTC=2024-01-29T16:04:02.000000
-506148.842748 5958163.383964 -3988350.811266
1427.257969 4195.286686 6093.325051
UTC=2024-01-29T16:06:02.000000
-327311.868925 6413023.103215 -3228187.698320
1547.152870 3375.522759 6559.768487
UTC=2024-01-29T16:08:02.000000
-136375.739517 6766114.174507 -2418055.735805
1628.485878 2501.423796 6925.029694
UTC=2024-01-29T16:10:02.000000
61896.205846 7011755.359906 -1570464.374084
1669.135110 1587.112468 7183.251475
UTC=2024-01-29T16:12:02.000000
262538.616813 7146005.668741 -698526.871944
1667.863369 647.429152 7330.244470
UTC=2024-01-29T16:14:02.000000
460492.655561 7166735.351075 184245.324788
1624.353969 -302.322859 7363.573536
UTC=2024-01-29T16:16:02.000000
650717.561046 7073665.366924 1064156.768171
1539.225251 -1246.648216 7282.613266
UTC=2024-01-29T16:18:02.000000
828302.423160 6868373.642681 1927546.532211
1414.018960 -2170.139137 7088.563765
UTC=2024-01-29T16:20:02.000000
988575.164851 6554268.046656 2761006.253501
1251.167241 -3057.748502 6784.427082
UTC=2024-01-29T16:22:02.000000
1127206.758244 6136527.658245 3551593.447972
1053.946390 -3895.046173 6374.956314
UTC=2024-01-29T16:24:02.000000
1240308.892545 5622013.181994 4287037.086355
826.414045 -4668.474553 5866.571213
UTC=2024-01-29T16:26:02.000000
1324523.122335 5019148.513857 4955931.502627
573.325815 -5365.579000 5267.256542
UTC=2024-01-29T16:28:02.000000
1377097.930251 4337774.208376 5547915.395595
300.025010 -5975.233145 4586.401320
UTC=2024-01-29T16:30:02.000000
1395953.379229 3588978.572064 6053829.606061
12.342776 -6487.791124 3834.626641
UTC=2024-01-29T16:32:02.000000
1379732.532288 2784911.445525 6465855.498545
-283.523068 -6895.229459 3023.624037
UTC=2024-01-29T16:34:02.000000
1327837.904339 1938582.026222 6777632.309413
-581.133576 -7191.265748 2165.967656
UTC=2024-01-29T16:36:02.000000
1240452.834045 1063644.427649 6984351.273451
-873.935648 -7371.445475 1274.915578
UTC=2024-01-29T16:38:02.000000
1118547.381310 174175.086428 7082825.360121
-1155.391742 -7433.189034 364.206191
UTC=2024-01-29T16:40:02.000000
963868.744180 -715553.798377 7071535.584168
-1419.108835 -7375.818064 -552.129862
UTC=2024-01-29T16:42:02.000000
778916.121643 -1591303.592390 6950653.948996
-1658.967842 -7200.568618 -1459.975921
UTC=2024-01-29T16:44:02.000000
566900.263317 -2439097.663757 6722041.248546
-1869.249170 -6910.565679 -2345.335575
UTC=2024-01-29T16:46:02.000000
331688.278998 -3245445.654256 6389220.290284
-2044.752531 -6510.778545 -3194.541517
UTC=2024-01-29T16:48:02.000000
77734.644450 -3997559.976646 5957323.509386
-2180.905502 -6007.933058 -3994.465891
UTC=2024-01-29T16:50:02.000000
-190000.057619 -4683560.264577 5433017.157371
-2273.861108 -5410.405659 -4732.703164
UTC=2024-01-29T16:52:02.000000
-466141.702311 -5292664.703116 4824403.742583
-2320.588902 -4728.109159 -5397.752377
UTC=2024-01-29T16:54:02.000000
-745005.785403 -5815366.396383 4140901.798753
-2318.958648 -3972.351065 -5979.214170
UTC=2024-01-29T16:56:02.000000
-1020709.396781 -6243589.634212 3393102.338168
-2267.802456 -3155.643072 -6467.974032
UTC=2024-01-29T16:58:02.000000
-1287289.369618 -6570821.970420 2592605.215909
-2166.955254 -2291.491626 -6856.356559
UTC=2024-01-29T17:00:02.000000
-1538823.998704 -6792220.253640 1751838.267546
-2017.276239 -1394.173456 -7138.258097
UTC=2024-01-29T17:02:02.000000
-1769556.629285 -6904688.567507 883861.359871
-1820.654606 -478.487904 -7309.266518
UTC=2024-01-29T17:04:02.000000
-1974017.648514 -6906924.776917 2158.013266
-1579.978362 440.512531 -7366.742783
UTC=2024-01-29T17:06:02.000000
-2147141.606913 -6799434.845082 -879580.268938
-1299.085909 1347.790248 -7309.863940
UTC=2024-01-29T17:08:02.000000
-2284377.409125 -6584515.000251 -1747672.809879
-982.698675 2228.588937 -7139.632125
UTC=2024-01-29T17:10:02.000000
-2381789.316068 -6266202.355610 -2588667.682924
-636.335270 3068.692601 -6858.851160
UTC=2024-01-29T17:12:02.000000
-2436146.498007 -5850195.003670 -3389554.874800
-266.206538 3854.674652 -6472.069908
UTC=2024-01-29T17:14:02.000000
-2444998.956671 -5343743.224683 -4137970.393213
120.905744 4574.127717 -5985.487789
UTC=2024-01-29T17:16:02.000000
-2406738.231936 -4755514.982724 -4822387.058034
517.780081 5215.861120 -5406.829580
UTC=2024-01-29T17:18:02.000000
-2320642.047184 -4095439.728066 -5432289.084107
916.891184 5770.065845 -4745.201979
UTC=2024-01-29T17:20:02.000000
-2186902.442534 -3374534.134444 -5958328.612273
1310.549174 6228.451018 -4010.936515
UTC=2024-01-29T17:22:02.000000
-2006637.016224 -2604713.050438 -6392462.613227
1691.042022 6584.354040 -3215.419132
UTC=2024-01-29T17:24:02.000000
-1781882.939460 -1798588.965921 -6728068.418489
2050.778855 6832.820466 -2370.904710
UTC=2024-01-29T17:26:02.000000
-1515574.248870 -969263.988926 -6960036.570652
2382.424623 6970.649810 -1490.327266
UTC=2024-01-29T17:28:02.000000
-1211503.345540 -130117.896968 -7084841.030126
2679.029681 6996.415918 -587.111670
UTC=2024-01-29T17:30:02.000000
-874267.064638 705404.663216 -7100586.905487
2934.157432 6910.461125 325.011416
UTC=2024-01-29T17:32:02.000000
-509197.775402 1524005.267829 -7007036.125926
3142.004546 6714.875204 1232.190952
UTC=2024-01-29T17:34:02.000000
-122280.807701 2312738.961978 -6805610.530597
3297.509205 6413.450500 2120.642306
UTC=2024-01-29T17:36:02.000000
279940.959773 3059215.308900 -6499373.199998
3396.458762 6011.626172 2976.827714
UTC=2024-01-29T17:38:02.000000
690475.133444 3751791.567509 -6092987.108328
3435.588458 5516.408291 3787.653463
UTC=2024-01-29T17:40:02.000000
1101998.368482 4379754.275511 -5592650.269943
3412.659186 4936.259395 4540.658733
UTC=2024-01-29T17:42:02.000000
1506983.644903 4933486.959201 -5006009.081697
3326.525956 4280.978788 5224.195644
UTC=2024-01-29T17:44:02.000000
1897834.950915 5404622.246155 -4342049.476215
3177.190873 3561.558542 5827.617805
UTC=2024-01-29T17:46:02.000000
2267026.950486 5786174.705733 -3610965.916879
2965.832864 2790.008403 6341.456791
UTC=2024-01-29T17:48:02.000000
2607246.981307 6072651.802823 -2824010.384425
2694.817740 1979.167442 6757.581942
UTC=2024-01-29T17:50:02.000000
2911537.043857 6260141.097752 -1993322.659823
2367.686466 1142.494681 7069.350804
UTC=2024-01-29T17:52:02.000000
3173432.696769 6346371.042872 -1131743.715556
1989.114958 293.839645 7271.738930
UTC=2024-01-29T17:54:02.000000
3387095.435048 6330743.269419 -252615.139196
1564.846068 -552.802458 7361.441032
UTC=2024-01-29T17:56:02.000000
3547435.414231 6214335.090871 630431.435973
1101.597591 -1383.540310 7336.936240
UTC=2024-01-29T17:58:02.000000
3650221.957799 5999872.230583 1503690.641071
606.951109 -2184.831884 7198.519150
UTC=2024-01-29T18:00:02.000000
3692179.497969 5691672.592236 2353601.602467
89.219450 -2943.721640 6948.300933
UTC=2024-01-29T18:02:02.000000
3671066.387308 5295562.139946 3166964.466396
-442.704223 -3648.068681 6590.179985
UTC=2024-01-29T18:04:02.000000
3585734.907311 4818763.655310 3931151.034114
-979.508849 -4286.767190 6129.768509
UTC=2024-01-29T18:06:02.000000
3436171.330017 4269761.608087 4634304.260373
-1511.635034 -4849.921949 5574.290785
UTC=2024-01-29T18:08:02.000000
3223514.517922 3658146.930080 5265524.993245
-2029.464543 -5329.013229 4932.461260
UTC=2024-01-29T18:10:02.000000
2950052.188301 2994443.732259 5815040.770478
-2523.494497 -5717.025000 4214.315095
UTC=2024-01-29T18:12:02.000000
2619197.523627 2289923.346058 6274354.125599
-2984.497156 -6008.531790 3431.039470
UTC=2024-01-29T18:14:02.000000
2235446.162032 1556409.234083 6636370.652511
-3403.687729 -6199.766821 2594.799911
UTC=2024-01-29T18:16:02.000000
1804313.180183 806075.330462 6895504.517831
-3772.885538 -6288.657657 1718.539974
UTC=2024-01-29T18:18:02.000000
1332251.826336 51242.631475 7047759.912525
-4084.657858 -6274.823463 815.785009
UTC=2024-01-29T18:20:02.000000
826555.718831 -695823.001941 7090789.608503
-4332.453239 -6159.561687 -99.546844
UTC=2024-01-29T18:22:02.000000
295245.374055 -1423110.649652 7023929.697957
-4510.727905 -5945.814453 -1013.353670
UTC=2024-01-29T18:24:02.000000
-253059.529035 -2119057.878944 6848209.204900
-4615.056880 -5638.102212 -1911.556239
UTC=2024-01-29T18:26:02.000000
-809280.209114 -2772735.270149 6566334.823103
-4642.226796 -5242.438030 -2780.307872
UTC=2024-01-29T18:28:02.000000
-1364028.438872 -3374018.927254 6182650.654271
-4590.303366 -4766.213763 -3606.196470
UTC=2024-01-29T18:30:02.000000
-1907763.623418 -3913748.601845 5703075.027637
-4458.691550 -4218.077551 -4376.428109
UTC=2024-01-29T18:32:02.000000
-2430956.800238 -4383870.551112 5135014.813929
-4248.186771 -3607.798697 -5079.020858
UTC=2024-01-29T18:34:02.000000
-2924259.213035 -4777562.742402 4487255.961509
-3960.997891 -2946.107005 -5703.005067
UTC=2024-01-29T18:36:02.000000
-3378671.498974 -5089339.159627 3769830.517815
-3600.734414 -2244.507465 -6238.611999
UTC=2024-01-29T18:38:02.000000
-3785709.400483 -5315130.861443 2993862.215134
-3172.362340 -1515.078342 -6677.440839
UTC=2024-01-29T18:40:02.000000
-4137562.822517 -5452342.326631 2171393.684666
-2682.139550 -770.263170 -7012.600021
UTC=2024-01-29T18:42:02.000000
-4427245.851245 -5499882.252016 1315197.555926
-2137.526904 -22.650949 -7238.833302
UTC=2024-01-29T18:44:02.000000
-4648734.176283 -5458167.373975 438574.128699
-1547.068124 715.250991 -7352.615532
UTC=2024-01-29T18:46:02.000000
-4797086.665288 -5329099.211859 -444860.500380
-920.246798 1431.240544 -7352.217055
UTC=2024-01-29T18:48:02.000000
-4868548.379380 -5116014.187900 -1321392.309901
-267.319289 2113.641155 -7237.738074
UTC=2024-01-29T18:50:02.000000
-4860632.176110 -4823607.701938 -2177429.004893
400.873299 2751.513672 -7011.102552
UTC=2024-01-29T18:52:02.000000
-4772177.010891 -4457833.902529 -2999716.416337
1073.104193 3334.847711 -6676.010931
UTC=2024-01-29T18:54:02.000000
-4603382.037525 -4025784.191000 -3775547.114334
1737.964068 3854.724189 -6237.859400
UTC=2024-01-29T18:56:02.000000
-4355816.357449 -3535547.884054 -4492957.739980
2384.063164 4303.450668 -5703.633243
UTC=2024-01-29T18:58:02.000000
-4032404.707145 -2996058.132047 -5140912.140384
3000.230304 4674.671913 -5081.776762
UTC=2024-01-29T19:00:02.000000
-3637389.544444 -2416926.308769 -5709467.406764
3575.705627 4963.449971 -4382.039297
UTC=2024-01-29T19:02:02.000000
-3176270.850304 -1808268.690191 -6189920.550892
4100.318890 5166.314029 -3615.308392
UTC=2024-01-29T19:04:02.000000
-2655725.216450 -1180528.632546 -6574934.625934
4564.657538 5281.285467 -2793.433352
UTC=2024-01-29T19:06:02.000000
-2083505.389834 -544297.409137 -6858642.901975
4960.222462 5307.874774 -1929.036213
UTC=2024-01-29T19:08:02.000000
-1468322.420195 89862.933189 -7036729.952391
5279.561108 5247.051369 -1035.318226
UTC=2024-01-29T19:10:02.000000
-819713.149619 711591.730672 -7106490.137601
5516.381604 5101.193348 -125.878906
UTC=2024-01-29T19:12:02.000000
-147894.252245 1310895.383059 -7066864.504482
5665.661773 4874.028399 785.469185
UTC=2024-01-29T19:14:02.000000
536395.498230 1878304.438616 -6918455.051525
5723.735824 4570.550274 1684.884176
UTC=2024-01-29T19:16:02.000000
1222063.184344 2405020.459080 -6663517.660727
5688.380791 4196.932897 2558.677060
UTC=2024-01-29T19:18:02.000000
1897838.793089 2883051.293287 -6305931.622309
5558.874927 3760.421139 3393.511371
UTC=2024-01-29T19:20:02.000000
2552457.776616 3305332.375343 -5851146.043741
5336.036105 3269.207268 4176.591977
UTC=2024-01-29T19:22:02.000000
3174846.970566 3665832.111188 -5306103.709713
5022.237072 2732.292565 4895.848664
UTC=2024-01-29T19:24:02.000000
3754311.327900 3959640.648905 -4679143.332006
4621.405362 2159.346101 5540.117440
UTC=2024-01-29T19:26:02.000000
4280719.175193 4183040.468300 -3979879.710712
4138.995809 1560.543025 6099.323618
UTC=2024-01-29T19:28:02.000000
4744682.369908 4333556.819836 -3219062.541003
3581.933385 946.390975 6564.655253
UTC=2024-01-29T19:30:02.000000
5137727.448677 4409986.648747 -2408415.177825
2958.519707 327.546370 6928.720365
UTC=2024-01-29T19:32:02.000000
5452454.067480 4412405.317642 -1560456.043546
2278.317283 -285.371784 7185.681566
UTC=2024-01-29T19:34:02.000000
5682677.740185 4342150.618855 -688304.731168
1551.999680 -881.973863 7331.372930
UTC=2024-01-29T19:36:02.000000
5823552.720929 4201784.012230 194523.669063
791.175243 -1452.285270 7363.379690
UTC=2024-01-29T19:38:02.000000
5871672.855954 3995029.980679 1074332.166600
8.194744 -1986.926776 7281.091661
UTC=2024-01-29T19:40:02.000000
5825147.858960 3726694.023033 1937460.058319
-784.065962 -2477.288077 7085.723745
UTC=2024-01-29T19:42:02.000000
5683652.491140 3402561.072315 2770501.245092
-1572.438190 -2915.678718 6780.298939
UTC=2024-01-29T19:44:02.000000
5448447.384664 3029277.083186 3560518.482268
-2343.699318 -3295.459371 6369.596748
UTC=2024-01-29T19:46:02.000000
5122371.128642 2614215.960304 4295249.214511
-3084.812902 -3611.153271 5860.064615
UTC=2024-01-29T19:48:02.000000
4709803.809537 2165334.858961 4963298.422843
-3783.158833 -3858.525970 5259.690850
UTC=2024-01-29T19:50:02.000000
4216604.605867 1691022.167902 5554315.731128
-4426.743258 -4034.631747 4577.876387
UTC=2024-01-29T19:52:02.000000
3650023.107409 1199940.640073 6059155.718680
-5004.420173 -4137.846689 3825.271205
UTC=2024-01-29T19:54:02.000000
3018586.246666 700868.379518 6470016.329458
-5506.074573 -4167.869053 3013.582693
UTC=2024-01-29T19:56:02.000000
2331965.006811 202541.939344 6780554.460628
-5922.778483 -4125.686138 2155.389565
UTC=2024-01-29T19:58:02.000000
1600823.244006 -286495.778978 6985979.690866
-6246.935493 -4013.529848 1263.959596
UTC=2024-01-29T20:00:02.000000
836649.693836 -758041.504715 7083125.242799
-6472.414671 -3834.817212 353.050677
UTC=2024-01-29T20:02:02.000000
51575.493614 -1204369.093146 7070494.065251
-6594.654732 -3594.067652 -563.300413
UTC=2024-01-29T20:04:02.000000
-741819.141722 -1618356.034931 6948280.118487
-6610.744315 -3296.805134 -1470.981559
UTC=2024-01-29T20:06:02.000000
-1530706.616474 -1993597.402087 6718364.889458
-6519.478513 -2949.444797 -2356.013716
UTC=2024-01-29T20:08:02.000000
-2302218.622324 -2324505.120670 6384289.508836
-6321.387123 -2559.163908 -3204.745735
UTC=2024-01-29T20:10:02.000000
-3043655.562705 -2606391.747983 5951204.440385
-6018.755700 -2133.774916 -4004.038611
UTC=2024-01-29T20:12:02.000000
-3742697.949582 -2835538.782060 5425795.713587
-5615.630221 -1681.589290 -4741.475684
UTC=2024-01-29T20:14:02.000000
-4387615.169400 -3009247.253609 4816185.477481
-5117.768232 -1211.261551 -5405.569844
UTC=2024-01-29T20:16:02.000000
-4967466.564177 -3125869.326075 4131809.363244
-4532.563373 -731.628679 -5985.946383
UTC=2024-01-29T20:18:02.000000
-5472291.848171 -3184820.375009 3383272.727511
-3868.942214 -251.547006 -6473.511096
UTC=2024-01-29T20:20:02.000000
-5893287.671383 -3186571.681049 2582187.679194
-3137.237089 220.267881 -6860.603972
UTC=2024-01-29T20:22:02.000000
-6222967.121547 -3132624.005633 1740992.212354
-2349.026437 675.400148 -7141.142494
UTC=2024-01-29T20:24:02.000000
-6455297.844660 -3025461.951355 872753.556482
-1516.939160 1105.895306 -7310.737964
UTC=2024-01-29T20:26:02.000000
-6585815.054986 -2868489.309507 -9039.928773
-654.435392 1504.410874 -7366.769927
UTC=2024-01-29T20:28:02.000000
-6611707.585894 -2665947.604696 -890694.195838
224.425927 1864.348906 -7308.437353
UTC=2024-01-29T20:30:02.000000
-6531874.343097 -2422819.214224 -1758529.187807
1105.246880 2179.978004 -7136.772117
UTC=2024-01-29T20:32:02.000000
-6346949.249321 -2144717.403569 -2599097.137025
1973.550739 2446.528719 -6854.605683
UTC=2024-01-29T20:34:02.000000
-6059295.545161 -1837766.262064 -3399395.095373
2815.034286 2660.267198 -6466.507814
UTC=2024-01-29T20:36:02.000000
-5672969.917723 -1508473.170233 -4147068.394725
3615.817317 2818.545427 -5978.695420
UTC=2024-01-29T20:38:02.000000
-5193657.500790 -1163596.693772 -4830601.337302
4362.676815 2919.827573 -5398.912824
UTC=2024-01-29T20:40:02.000000
-4628579.705780 -810012.639302 -5439492.263758
5043.266714 2963.694051 -4736.290692
UTC=2024-01-29T20:42:02.000000
-3986376.715339 -454581.130264 -5964410.217010
5646.317584 2950.820459 -4001.181219
UTC=2024-01-29T20:44:02.000000
-3276967.797132 -104017.482456 -6397330.980543
6161.807065 2882.936078 -3204.981000
UTC=2024-01-29T20:46:02.000000
-2511392.735169 235230.725265 -6731651.471079
6581.104325 2762.762019 -2359.948830
UTC=2024-01-29T20:48:02.000000
-1701637.179054 557098.100045 -6962282.265987
6897.094804 2593.932941 -1479.022102
UTC=2024-01-29T20:50:02.000000
-860444.541723 856005.951806 -7085717.659159
7104.277707 2380.911211 -575.627422
UTC=2024-01-29T20:52:02.000000
-1117.615765 1126955.978003 -7100083.072719
7198.841423 2128.889689 336.507444
UTC=2024-01-29T20:54:02.000000
862687.553044 1365611.334994 -7005160.477449
7178.719275 1843.681720 1243.529025
UTC=2024-01-29T20:56:02.000000
1717174.436912 1568364.619731 -6802392.690200
7043.642959 1531.612342 2131.644647
UTC=2024-01-29T20:58:02.000000
2548623.083446 1732392.110774 -6494863.939330
6795.157704 1199.397025 2987.321028
UTC=2024-01-29T21:00:02.000000
3343607.712941 1855693.035130 -6087257.336508
6436.617087 854.014274 3797.476029
UTC=2024-01-29T21:02:02.000000
4089211.704451 1937113.292478 -5585789.583839
5973.147108 502.575492 4549.660830
UTC=2024-01-29T21:04:02.000000
4773237.764630 1976353.730446 -4998124.240971
5411.600790 152.196770 5232.241637
UTC=2024-01-29T21:06:02.000000
5384410.783064 1973962.781377 -4333262.487530
4760.477838 -190.134146 5834.589249
UTC=2024-01-29T21:08:02.000000
5912568.743805 1931313.014972 -3601411.971535
4029.808766 -517.691183 6347.252473
UTC=2024-01-29T21:10:02.000000
6348838.335311 1850561.974257 -2813835.858941
3231.016878 -824.138407 6762.116333
UTC=2024-01-29T21:12:02.000000
6685792.474381 1734598.003481 -1982683.196844
2376.751028 -1103.651525 7072.555585
UTC=2024-01-29T21:14:02.000000
6917585.300498 1586971.804474 -1120802.060901
1480.679785 -1351.034270 7273.563476
UTC=2024-01-29T21:16:02.000000
7040061.150099 1411814.622787 -241539.130736
557.264347 -1561.823339 7361.851899
UTC=2024-01-29T21:18:02.000000
7050834.447311 1213744.912632 641471.112510
-378.498885 -1732.374232 7335.918582
UTC=2024-01-29T21:20:02.000000
6949338.657046 997765.912608 1514522.463054
-1311.330644 -1859.928985 7196.074737
UTC=2024-01-29T21:22:02.000000
6736844.349158 769155.763431 2364055.766596
-2225.940267 -1942.671016 6944.458217
UTC=2024-01-29T21:24:02.000000
6416443.356964 533352.536196 3176876.113536
-3107.308255 -1979.753947 6584.991003
UTC=2024-01-29T21:26:02.000000
5993000.581811 295837.237651 3940362.927132
-3940.947722 -1971.308348 6123.310003
UTC=2024-01-29T21:28:02.000000
5473074.255192 62017.345900 4642669.643986
-4713.161922 -1918.423288 5566.657000
UTC=2024-01-29T21:30:02.000000
4864807.770473 -162886.107669 5272908.933250
-5411.266179 -1823.111274 4923.756499
UTC=2024-01-29T21:32:02.000000
4177794.672619 -373946.632332 5821321.903843
-6023.809922 -1688.257402 4204.661730
UTC=2024-01-29T21:34:02.000000
3422919.451977 -566632.404191 6279426.854539
-6540.754311 -1517.540202 3420.577019
UTC=2024-01-29T21:36:02.000000
2612178.930052 -736896.412726 6640146.779831
-6953.622519 -1315.346581 2583.678239
UTC=2024-01-29T21:38:02.000000
1758487.085581 -881255.775519 6897914.679323
-7255.624728 -1086.674614 1706.925223
UTC=2024-01-29T21:40:02.000000
875465.932172 -996858.782675 7048755.994396
-7441.765607 -837.026970 803.863650
UTC=2024-01-29T21:42:02.000000
-22774.398736 -1081538.438525 7090346.255922
-7508.913530 -572.292877 -111.584655
UTC=2024-01-29T21:44:02.000000
-921861.936168 -1133851.639053 7022044.071910
-7455.841078 -298.627569 -1025.323960
UTC=2024-01-29T21:46:02.000000
-1807392.635058 -1153103.614458 6844899.887312
-7283.241766 -22.326498 -1923.286287
UTC=2024-01-29T21:48:02.000000
-2665160.579703 -1139356.978712 6561640.653603
-6993.720739 250.304023 -2791.630138
UTC=2024-01-29T21:50:02.000000
-3481385.933612 -1093425.430841 6176631.133742
-6591.769090 513.072993 -3616.932923
UTC=2024-01-29T21:52:02.000000
-4242938.718655 -1016852.542394 5695811.413996
-6083.714810 760.026969 -4386.396599
UTC=2024-01-29T21:54:02.000000
-4937554.332616 -911875.964778 5126609.712871
-5477.635945 985.571849 -5088.050254
UTC=2024-01-29T21:56:02.000000
-5554036.736224 -781377.106872 4477831.325207
-4783.241249 1184.591180 -5710.944807
UTC=2024-01-29T21:58:02.000000
-6082445.397253 -628817.229745 3759525.000701
-4011.719092 1352.554676 -6245.333612
UTC=2024-01-29T22:00:02.000000
-6514262.393235 -458161.113650 2982828.936904
-3175.560948 1485.615748 -6682.830684
UTC=2024-01-29T22:02:02.000000
-6842537.445079 -273789.738822 2159798.578505
-2288.367532 1580.697667 -7016.559027
UTC=2024-01-29T22:04:02.000000
-7062007.472450 -80403.567471 1303217.255981
-1364.616667 1635.561926 -7241.283192
UTC=2024-01-29T22:06:02.000000
-7169186.659796 117081.138805 426393.107173
-419.407994 1648.857335 -7353.505039
UTC=2024-01-29T22:08:02.000000
-7162425.111627 313640.938826 -457053.508023
531.805189 1620.152520 -7351.526790
UTC=2024-01-29T22:10:02.000000
-7041934.608601 504256.459211 -1333408.104126
1473.495352 1549.946220 -7235.478457
UTC=2024-01-29T22:12:02.000000
-6809780.848350 684023.412293 -2189080.846133
2390.335002 1439.654099 -7007.302094
UTC=2024-01-29T22:14:02.000000
-6469843.976307 848261.013898 -3010821.984621
3267.455105 1291.579267 -6670.717340
UTC=2024-01-29T22:16:02.000000
-6027747.188634 992615.731194 -3785931.659299
4090.718368 1108.862367 -6231.151682
UTC=2024-01-29T22:18:02.000000
-5490754.103986 1113157.673286 -4502457.819274
4846.957593 895.410495 -5695.620356
UTC=2024-01-29T22:20:02.000000
-4867639.697126 1206467.607696 -5149379.011384
5524.184005 655.812014 -5072.593953
UTC=2024-01-29T22:22:02.000000
-4168537.591842 1269712.921128 -5716769.838149
6111.769500 395.238460 -4371.842050
UTC=2024-01-29T22:24:02.000000
-3404767.570501 1300711.206867 -6195946.876791
6600.595649 119.335963 -3604.266185
UTC=2024-01-29T22:26:02.000000
-2588646.803111 1297980.248897 -6579593.967024
6983.175213 -165.890926 -2781.722377
UTC=2024-01-29T22:28:02.000000
-1733288.176326 1260774.193367 -6861865.887339
7253.748017 -454.193702 -1916.838634
UTC=2024-01-29T22:30:02.000000
-852388.735660 1189105.469285 -7038469.367033
7408.345346 -739.203907 -1022.821197
UTC=2024-01-29T22:32:02.000000
39987.496253 1083751.766179 -7106721.332681
7444.823549 -1014.555468 -113.270083
UTC=2024-01-29T22:34:02.000000
929629.617438 946248.582856 -7065585.574470
7362.881452 -1274.004624 797.995280
UTC=2024-01-29T22:36:02.000000
1802401.971338 778867.191101 -6915688.095029
7164.073126 -1511.552689 1697.125510
UTC=2024-01-29T22:38:02.000000
2644465.303070 584577.994171 -6659308.593314
6851.777667 -1721.565185 2570.439067
UTC=2024-01-29T22:40:02.000000
3442493.182976 367000.108221 -6300349.106810
6431.153137 -1898.883373 3404.610952
UTC=2024-01-29T22:42:02.000000
4183881.210328 130337.541002 -5844279.847244
5909.061125 -2038.935532 4186.859920
UTC=2024-01-29T22:44:02.000000
4856946.135288 -120697.268661 -5298063.159811
5293.976563 -2137.834973 4905.128364
UTC=2024-01-29T22:46:02.000000
5451113.246066 -380971.203915 -4670055.593588
4595.878638 -2192.471851 5548.269396
UTC=2024-01-29T22:48:02.000000
5957088.282407 -645028.638312 -3969887.389142
3826.102114 -2200.592665 6106.230311
UTC=2024-01-29T22:50:02.000000
6367010.094020 -907198.207601 -3208321.097036
2997.167218 -2160.865077 6570.218977
UTC=2024-01-29T22:52:02.000000
6674581.536309 -1161706.501916 -2397090.800248
2122.586100 -2072.926966 6932.860474
UTC=2024-01-29T22:54:02.000000
6875175.539342 -1402796.308147 -1548723.396019
1216.642147 -1937.413145 7188.337344
UTC=2024-01-29T22:56:02.000000
6965913.237820 -1624846.820822 -676344.673724
294.147022 -1755.961463 7332.501690
UTC=2024-01-29T22:58:02.000000
6945712.216130 -1822493.315582 206526.290098
-629.813030 -1531.198027 7362.958532
UTC=2024-01-29T23:00:02.000000
6815303.619318 -1990743.765289 1086191.241572
-1540.144229 -1266.699784 7279.122802
UTC=2024-01-29T23:02:02.000000
6577216.669117 -2125089.491846 1948991.245031
-2422.016393 -966.934390 7082.234649
UTC=2024-01-29T23:04:02.000000
6235731.193981 -2221607.508409 2781525.110018
-3261.126928 -637.179874 6775.343840
UTC=2024-01-29T23:06:02.000000
5796798.795631 -2277051.756330 3570863.574537
-4043.956753 -283.422634 6363.253577
UTC=2024-01-29T23:08:02.000000
5267934.480753 -2288931.462560 4304754.496561
-4758.004632 87.756036 5852.427859
UTC=2024-01-29T23:10:02.000000
4658082.117568 -2255574.900207 4971815.217318
-5391.988187 469.308783 5250.873257
UTC=2024-01-29T23:12:02.000000
3977457.355429 -2176177.333356 5561709.960013
-5936.022914 853.855686 4568.007209
UTC=2024-01-29T23:14:02.000000
3237369.808724 -2050832.543172 6065309.574053
-6381.783583 1233.825997 3814.492061
UTC=2024-01-29T23:16:02.000000
2450028.723674 -1880546.903555 6474829.841328
-6722.617245 1601.604277 3002.050831
UTC=2024-01-29T23:18:02.000000
1628336.970630 -1667236.279878 6783947.801524
-6953.629006 1949.671525 2143.283109
UTC=2024-01-29T23:20:02.000000
785676.160569 -1413705.850024 6987895.313879
-7071.742235 2270.748675 1251.469359
UTC=2024-01-29T23:22:02.000000
-64313.487272 -1123612.879066 7083528.537353
-7075.724958 2557.935919 340.366940
UTC=2024-01-29T23:24:02.000000
-907954.592227 -801413.258644 7069373.017819
-6966.187330 2804.843651 -575.991842
UTC=2024-01-29T23:26:02.000000
-1731752.379725 -452292.772811 6945644.749239
-6745.556959 3005.717318 -1483.498488
UTC=2024-01-29T23:28:02.000000
-2522610.194601 -82083.666972 6714247.234188
-6418.031654 3155.555676 -2368.169587
UTC=2024-01-29T23:30:02.000000
-3268038.022191 302832.260426 6378744.496854
-5989.511125 3250.217689 -3216.346965
UTC=2024-01-29T23:32:02.000000
-3956351.487476 695632.673494 5944309.920566
-5467.505995 3286.516688 -4014.899792
UTC=2024-01-29T23:34:02.000000
-4576858.478959 1089174.205896 5417650.805147
-4861.021385 3262.301082 -4751.426879
UTC=2024-01-29T23:36:02.000000
-5120030.138130 1476120.827969 4806909.060596
-4180.414200 3176.521241 -5414.451402
UTC=2024-01-29T23:38:02.000000
-5577653.266824 1849079.105553 4121538.781849
-3437.224443 3029.275654 -5993.610920
UTC=2024-01-29T23:40:02.000000
-5942960.825148 2200737.600085 3372162.031170
-2643.981252 2821.834679 -6479.828630
UTC=2024-01-29T23:42:02.000000
-6210738.292435 2524007.824788 2570405.158205
-1813.994669 2556.642122 -6865.467681
UTC=2024-01-29T23:44:02.000000
-6377404.018766 2812163.996147 1728717.588404
-961.130343 2237.293748 -7144.468333
UTC=2024-01-29T23:46:02.000000
-6441061.461891 3058978.738998 860175.258777
-99.564774 1868.490078 -7312.465516
UTC=2024-01-29T23:48:02.000000
-6401520.940526 3258851.311032 -21727.848837
756.473069 1455.960000 -7366.866299
UTC=2024-01-29T23:50:02.000000
-6260290.780239 3406925.382251 -903295.322384
1592.954356 1006.363144 -7306.894668
UTC=2024-01-29T23:52:02.000000
-6020538.328841 3499193.771676 -1770847.360957
2396.298047 527.171696 -7133.603304
UTC=2024-01-29T23:54:02.000000
-5687021.452915 3532588.075467 -2610939.469779
3153.617278 26.534777 -6849.853679
UTC=2024-01-29T23:56:02.000000
-5265991.406564 3505050.652997 -3410575.830505
3852.943316 -486.876692 -6460.248773
UTC=2024-01-29T23:58:02.000000
-4765070.566717 3415587.718216 -4157412.932206
4483.424383 -1004.030434 -5971.038399
