UTC=2024-01-22T00:00:02.000000
-5822844.165589 3705598.808877 -1997974.550881
2614.944848 310.706759 -7068.617099
UTC=2024-01-22T00:02:02.000000
-5464922.765771 3711281.980723 -2828530.723280
3341.109431 -218.163018 -6756.121672
UTC=2024-01-22T00:04:02.000000
-5023432.047023 3652903.024544 -3615267.577745
4005.959902 -755.440057 -6339.275771
UTC=2024-01-22T00:06:02.000000
-4506355.637497 3530017.499775 -4346047.621787
4599.273404 -1291.685091 -5824.747330
UTC=2024-01-22T00:08:02.000000
-3922825.688009 3343321.844442 -5009623.981562
5112.154195 -1817.351234 -5220.689350
UTC=2024-01-22T00:10:02.000000
-3282955.764613 3094655.991398 -5595809.718656
5537.157839 -2322.955058 -4536.586868
UTC=2024-01-22T00:12:02.000000
-2597661.344866 2786985.968560 -6095628.019166
5868.376941 -2799.238304 -3783.097606
UTC=2024-01-22T00:14:02.000000
-1878470.775282 2424367.171614 -6501442.986049
6101.514165 -3237.330333 -2971.881250
UTC=2024-01-22T00:16:02.000000
-1137329.536115 2011888.398385 -6807068.347331
6233.916560 -3628.902010 -2115.406590
UTC=2024-01-22T00:18:02.000000
-386402.585732 1555598.632152 -7007853.453238
6264.578894 -3966.302124 -1226.768361
UTC=2024-01-22T00:20:02.000000
362122.713173 1062417.685411 -7100747.191809
6194.127630 -4242.688013 -319.500055
UTC=2024-01-22T00:22:02.000000
1096230.541911 540032.159237 -7084339.971907
6024.790795 -4452.142369 592.603656
UTC=2024-01-22T00:24:02.000000
1804266.389567 -3222.642521 -6958883.392973
5760.350248 -4589.788434 1495.684718
UTC=2024-01-22T00:26:02.000000
2475118.792830 -558493.406374 -6726286.216031
5406.061054 -4651.883609 2376.011599
UTC=2024-01-22T00:28:02.000000
3098391.098395 -1116549.933967 -6390088.246147
4968.565707 -4635.901985 3220.164410
UTC=2024-01-22T00:30:02.000000
3664561.493155 -1667935.245537 -5955411.416218
4455.782576 -4540.599101 4015.223174
UTC=2024-01-22T00:32:02.000000
4165129.169236 -2203122.809459 -5428889.260835
3876.789711 -4366.069352 4748.946811
UTC=2024-01-22T00:34:02.000000
4592745.278635 -2712679.780702 -4818573.648682
3241.681629 -4113.782935 5409.968996
UTC=2024-01-22T00:36:02.000000
4941325.046650 -3187432.703574 -4133818.883418
2561.403430 -3786.591807 5987.977380
UTC=2024-01-22T00:38:02.000000
5206139.540148 -3618632.562531 -3385145.096522
1847.577624 -3388.713673 6473.881449
UTC=2024-01-22T00:40:02.000000
5383885.842858 -3998116.605527 -2584081.809324
1112.315249 -2925.692886 6859.974762
UTC=2024-01-22T00:42:02.000000
5472733.268529 -4318463.604469 -1742992.951624
368.006961 -2404.329715 7140.078084
UTC=2024-01-22T00:44:02.000000
5472344.146310 -4573139.117647 -874886.335192
-372.890768 -1832.585652 7309.657756
UTC=2024-01-22T00:46:02.000000
5383868.390018 -4756627.719094 6789.758275
-1098.078542 -1219.460247 7365.918930
UTC=2024-01-22T00:48:02.000000
5209911.281325 -4864548.855343 888359.288644
-1795.636531 -574.840604 7307.868142
UTC=2024-01-22T00:50:02.000000
4954474.845800 -4893752.946467 1756136.543523
-2454.240673 90.674577 7136.338633
UTC=2024-01-22T00:52:02.000000
4622874.029039 -4842395.515591 2596644.867574
-3063.364724 765.964997 6853.975728
UTC=2024-01-22T00:54:02.000000
4221629.992427 -4709987.893830 3396831.514720
-3613.459909 1439.587771 6465.189096
UTC=2024-01-22T00:56:02.000000
3758342.849038 -4497423.691550 4144275.062060
-4096.117875 2099.982641 5976.075388
UTC=2024-01-22T00:58:02.000000
3241546.301360 -4206980.217255 4827381.523702
-4504.207042 2735.683649 5394.307529
UTC=2024-01-22T01:00:02.000000
2680547.925843 -3842294.651849 5435565.386834
-4831.975604 3335.525084 4728.995503
UTC=2024-01-22T01:02:02.000000
2085258.872496 -3408316.346950 5959412.924021
-5075.126734 3888.835695 3990.532271
UTC=2024-01-22T01:04:02.000000
1466015.886614 -2911235.922812 6390825.774867
-5230.869203 4385.628633 3190.415660
UTC=2024-01-22T01:06:02.000000
833399.467616 -2358392.957137 6723142.129113
-5297.932239 4816.768130 2341.059248
UTC=2024-01-22T01:08:02.000000
198051.649110 -1758164.408969 6951235.111844
-5276.557001 5174.124724 1455.598402
UTC=2024-01-22T01:10:02.000000
-429503.435028 -1119835.403172 7071587.615504
-5168.459870 5450.714222 547.695003
UTC=2024-01-22T01:12:02.000000
-1039033.566004 -453454.062274 7082343.556702
-4976.779149 5640.822909 -368.663135
UTC=2024-01-22T01:14:02.000000
-1620764.951456 230327.352736 6983334.822558
-4706.003490 5740.111745 -1279.364985
UTC=2024-01-22T01:16:02.000000
-2165538.938423 920422.825978 6776083.792342
-4361.879730 5745.703213 -2170.380546
UTC=2024-01-22T01:18:02.000000
-2664956.665639 1605492.129553 6463781.421890
-3951.304710 5656.247251 -3027.963975
UTC=2024-01-22T01:20:02.000000
-3111509.705268 2274127.069485 6051241.143722
-3482.200407 5471.967281 -3838.852443
UTC=2024-01-22T01:22:02.000000
-3498695.050581 2915042.133861 5544829.079612
-2963.377996 5194.687011 -4590.464267
UTC=2024-01-22T01:24:02.000000
-3821112.868318 3517266.723863 4952370.261173
-2404.385849 4827.828446 -5271.098111
UTC=2024-01-22T01:26:02.000000
-4074545.119729 4070335.514667 4283031.691233
-1815.343500 4376.384274 -5870.119600
UTC=2024-01-22T01:28:02.000000
-4256013.517554 4564473.950366 3547183.507461
-1206.763392 3846.862885 -6378.139480
UTC=2024-01-22T01:30:02.000000
-4363815.499263 4990775.259527 2756239.483303
-589.362663 3247.201389 -6787.179537
UTC=2024-01-22T01:32:02.000000
-4397536.965167 5341364.876943 1922478.832505
26.133992 2586.643311 -7090.814900
UTC=2024-01-22T01:34:02.000000
-4358041.609995 5609548.489308 1058852.815409
629.186291 1875.589068 -7284.285995
UTC=2024-01-22T01:36:02.000000
-4247437.523127 5789940.841797 178779.524662
1209.625526 1125.426095 -7364.584534
UTC=2024-01-22T01:38:02.000000
-4069021.374176 5878572.855150 -704070.397834
1757.842205 348.334535 -7330.517625
UTC=2024-01-22T01:40:02.000000
-3827200.397862 5872973.417470 -1575993.460097
2264.963838 -442.938772 -7182.730317
UTC=2024-01-22T01:42:02.000000
-3527394.266788 5772223.359775 -2423472.876147
2723.014539 -1235.313249 -6923.681736
UTC=2024-01-22T01:44:02.000000
-3175919.071460 5576981.670900 -3233392.995188
3125.049053 -2015.606540 -6557.586766
UTC=2024-01-22T01:46:02.000000
-2779857.232938 5289483.345757 -3993245.096404
3465.255791 -2770.773016 -6090.328535
UTC=2024-01-22T01:48:02.000000
-2346916.327105 4913509.307829 -4691320.786061
3739.038791 -3488.129719 -5529.340620
UTC=2024-01-22T01:50:02.000000
-1885279.770791 4454330.015710 -5316889.548626
3943.068752 -4155.566785 -4883.462370
UTC=2024-01-22T01:52:02.000000
-1403453.234221 3918625.130841 -5860358.565796
4075.306925 -4761.739362 -4162.790889
UTC=2024-01-22T01:54:02.000000
-910109.164375 3314380.320833 -6313414.020408
4135.011498 -5296.255555 -3378.516087
UTC=2024-01-22T01:56:02.000000
-413932.032862 2650762.611519 -6669141.176259
4122.718291 -5749.843183 -2542.733774
UTC=2024-01-22T01:58:02.000000
76532.435684 1937977.604614 -6922121.607000
4040.194419 -6114.485558 -1668.256397
UTC=2024-01-22T02:00:02.000000
553021.395635 1187111.467350 -7068508.382122
3890.376562 -6383.542503 -768.432221
UTC=2024-01-22T02:02:02.000000
1007691.089027 409959.319198 -7106079.042915
3677.299419 -6551.853943 143.044143
UTC=2024-01-22T02:04:02.000000
1433243.362282 -381157.795634 -7034265.751607
3406.005115 -6615.827559 1052.322766
UTC=2024-01-22T02:06:02.000000
1823040.333031 -1173585.024843 -6854162.314819
3082.437771 -6573.500229 1945.590220
UTC=2024-01-22T02:08:02.000000
2171206.044284 -1954531.917429 -6568508.853344
2713.333316 -6424.581058 2809.252351
UTC=2024-01-22T02:10:02.000000
2472714.397211 -2711274.791507 -6181654.404640
2306.098920 -6170.476954 3630.117441
UTC=2024-01-22T02:12:02.000000
2723462.129156 -3431361.589451 -5699497.886504
1868.686833 -5814.309750 4395.578514
UTC=2024-01-22T02:14:02.000000
2920326.123082 -4102817.253061 -5129405.756692
1409.455433 -5360.900109 5093.817111
UTC=2024-01-22T02:16:02.000000
3061203.017282 -4714344.194708 -4480106.095727
937.017233 -4816.707202 5713.985574
UTC=2024-01-22T02:18:02.000000
3145030.771054 -5255514.752713 -3761562.328168
460.090379 -4189.757983 6246.369757
UTC=2024-01-22T02:20:02.000000
3171792.266113 -5716954.161900 -2984827.148374
-12.654354 -3489.554565 6682.557910
UTC=2024-01-22T02:22:02.000000
3142500.101731 -6090509.647973 -2161876.460203
-472.751596 -2726.935310 7015.598336
UTC=2024-01-22T02:24:02.000000
3059162.721243 -6369401.117081 -1305426.205727
-912.095024 -1913.910807 7240.129234
UTC=2024-01-22T02:26:02.000000
2924732.044756 -6548350.590894 -428734.586217
-1323.091749 -1063.470012 7352.491028
UTC=2024-01-22T02:28:02.000000
2743033.010164 -6623686.162620 454607.105539
-1698.806811 -189.352733 7350.799833
UTC=2024-01-22T02:30:02.000000
2518676.979383 -6593418.148629 1330889.981821
-2033.087550 694.183212 7234.985144
UTC=2024-01-22T02:32:02.000000
2256960.991116 -6457286.280130 2186506.626555
-2320.676694 1572.617310 7006.807466
UTC=2024-01-22T02:34:02.000000
1963754.349379 -6216775.009688 3008169.134251
-2557.306666 2431.434695 6669.821527
UTC=2024-01-22T02:36:02.000000
1645375.720118 -5875097.503454 3783120.487596
-2739.765288 3256.380270 6229.307408
UTC=2024-01-22T02:38:02.000000
1308463.483832 -5437149.478329 4499336.155357
-2865.941121 4033.707270 5692.174619
UTC=2024-01-22T02:40:02.000000
959842.413033 -4909433.966468 5145712.535242
-2934.840494 4750.411384 5066.841065
UTC=2024-01-22T02:42:02.000000
606389.267893 -4299958.708977 5712239.765732
-2946.588724 5394.455682 4363.091147
UTC=2024-01-22T02:44:02.000000
254899.956429 -3618107.283929 6190155.482269
-2902.400887 5954.977868 3591.901473
UTC=2024-01-22T02:46:02.000000
-88038.430795 -2874487.585951 6572076.693299
-2804.532842 6422.460497 2765.253317
UTC=2024-01-22T02:48:02.000000
-416168.724461 -2080761.751323 6852108.979914
-2656.214655 6788.872057 1895.943597
UTC=2024-01-22T02:50:02.000000
-723675.758405 -1249460.357280 7025933.081184
-2461.568480 7047.789319 997.396398
UTC=2024-01-22T02:52:02.000000
-1005287.933962 -393782.783019 7090868.516838
-2225.514991 7194.504732 83.466596
UTC=2024-01-22T02:54:02.000000
-1256366.848452 472613.674734 7045912.858630
-1953.668113 7226.104105 -831.767715
UTC=2024-01-22T02:56:02.000000
-1472983.499553 1335832.232424 6891756.189560
-1652.216891 7141.516533 -1734.210036
UTC=2024-01-22T02:58:02.000000
-1651979.910270 2181959.581641 6630771.142136
-1327.801704 6941.539831 -2609.947980
UTC=2024-01-22T03:00:02.000000
-1791015.588078 2997290.509906 6266978.684281
-987.384933 6628.842760 -3445.455423
UTC=2024-01-22T03:02:02.000000
-1888598.150417 3768551.214689 5805989.626077
-638.116334 6207.939833 -4227.794076
UTC=2024-01-22T03:04:02.000000
-1944097.556603 4483117.919767 5254922.504358
-287.196185 5685.140523 -4944.805462
UTC=2024-01-22T03:06:02.000000
-1957744.037200 5129228.025980 4622298.244834
58.261386 5068.471911 -5585.307365
UTC=2024-01-22T03:08:02.000000
-1930609.320826 5696179.677793 3917911.739788
391.368394 4367.564435 -6139.278677
UTC=2024-01-22T03:10:02.000000
-1864571.513852 6174515.722090 3152682.166360
705.594177 3593.505638 -6598.029405
UTC=2024-01-22T03:12:02.000000
-1762264.656087 6556188.389110 2338483.950925
994.891761 2758.667042 -6954.352433
UTC=2024-01-22T03:14:02.000000
-1627013.153146 6834701.637502 1487960.679515
1253.821693 1876.502436 -7202.655283
UTC=2024-01-22T03:16:02.000000
-1462752.170220 7005227.271719 614324.989614
1477.660439 961.315431 -7339.060027
UTC=2024-01-22T03:18:02.000000
-1273936.235605 7064692.313028 -268851.594923
1662.488890 28.014409 -7361.472681
UTC=2024-01-22T03:20:02.000000
-1065438.044641 7011836.170485 -1147855.814106
1805.268448 -908.149079 -7269.630805
UTC=2024-01-22T03:22:02.000000
-842439.172701 6847234.458369 -2009053.324980
1903.896056 -1831.871967 -7065.106836
UTC=2024-01-22T03:24:02.000000
-610316.017952 6573288.307021 -2839106.092327
1957.230348 -2728.075605 -6751.255739
UTC=2024-01-22T03:26:02.000000
-374523.826102 6194182.085472 -3625181.946191
1965.098283 -3582.159000 -6333.139615
UTC=2024-01-22T03:28:02.000000
-140480.948182 5715811.440986 -4355153.980705
1928.284220 -4380.241909 -5817.432677
UTC=2024-01-22T03:30:02.000000
86544.318699 5145682.727726 -5017786.816425
1848.497799 -5109.395874 -5212.296099
UTC=2024-01-22T03:32:02.000000
301541.961341 4492786.275138 -5602906.295748
1728.324403 -5757.848478 -4527.230054
UTC=2024-01-22T03:34:02.000000
499861.449854 3767446.504016 -6101550.566072
1571.157101 -6315.165705 -3772.910651
UTC=2024-01-22T03:36:02.000000
677303.708292 2981151.739186 -6506100.530306
1381.111979 -6772.405953 -2961.010209
UTC=2024-01-22T03:38:02.000000
830202.312759 2146367.596346 -6810388.212156
1162.934269 -7122.239955 -2104.010497
UTC=2024-01-22T03:40:02.000000
955492.937264 1276337.741626 -7009782.790354
921.895605 -7359.043708 -1215.018852
UTC=2024-01-22T03:42:02.000000
1050769.895575 384874.498000 -7101254.588399
663.683111 -7478.973811 -307.581912
UTC=2024-01-22T03:44:02.000000
1114329.210505 -513858.059481 -7083416.388760
394.284861 -7480.017924 604.504871
UTC=2024-01-22T03:46:02.000000
1145197.465045 -1405565.558390 -6956541.600601
119.868869 -7362.017706 1507.391456
UTC=2024-01-22T03:48:02.000000
1143146.295192 -2276045.807107 -6722559.739527
-153.334889 -7126.666269 2387.355577
UTC=2024-01-22T03:50:02.000000
1108692.766973 -3111410.298824 -6385030.547225
-419.152782 -6777.496422 3230.979102
UTC=2024-01-22T03:52:02.000000
1043085.140454 -3898303.726428 -5949096.146371
-671.592678 -6319.854123 4025.341145
UTC=2024-01-22T03:54:02.000000
948273.929446 -4624117.719864 -5421409.355838
-904.961045 -5760.827674 4758.215105
UTC=2024-01-22T03:56:02.000000
826869.318634 -5277194.487903 -4810039.652619
-1113.976097 -5109.155709 5418.245892
UTC=2024-01-22T03:58:02.000000
682084.950930 -5847018.544174 -4124357.823786
-1293.879835 -4375.116568 5995.130718
UTC=2024-01-22T04:00:02.000000
517668.862877 -6324392.940285 -3374898.938504
-1440.539773 -3570.379938 6479.795270
UTC=2024-01-22T04:02:02.000000
337822.899971 -6701595.894973 -2573205.415606
-1550.538759 -2707.831554 6864.549454
UTC=2024-01-22T04:04:02.000000
147112.110127 -6972515.121933 -1731652.145786
-1621.252586 -1801.374565 7143.231964
UTC=2024-01-22T04:06:02.000000
-49634.395261 -7132756.228578 -863255.313670
-1650.913316 -865.696310 7311.333394
UTC=2024-01-22T04:08:02.000000
-247429.015207 -7179721.764728 18531.466117
-1638.653158 83.984823 7366.084718
UTC=2024-01-22T04:10:02.000000
-441235.349081 -7112659.198124 900029.675062
-1584.528945 1032.182824 7306.513476
UTC=2024-01-22T04:12:02.000000
-626079.609329 -6932676.903502 1767553.477182
-1489.526407 1963.414866 7133.472414
UTC=2024-01-22T04:14:02.000000
-797161.283789 -6642727.010482 2607628.717906
-1355.542939 2862.480966 6849.632172
UTC=2024-01-22T04:16:02.000000
-949960.303837 -6247554.880037 3407208.685915
-1185.346245 3714.739376 6459.435179
UTC=2024-01-22T04:18:02.000000
-1080337.996862 -5753616.216365 4153881.778328
-982.514755 4506.366331 5969.006074
UTC=2024-01-22T04:20:02.000000
-1184630.286240 -5168964.972799 4836066.668824
-751.365842 5224.584828 5386.037918
UTC=2024-01-22T04:22:02.000000
-1259730.870520 -4503115.062034 5443192.738869
-496.862005 5857.871364 4719.659263
UTC=2024-01-22T04:24:02.000000
-1303162.641133 -3766878.551077 5965863.514633
-224.509380 6396.143939 3980.282816
UTC=2024-01-22T04:26:02.000000
-1313136.103419 -2972182.550765 6395999.992372
59.758496 6830.922878 3179.420949
UTC=2024-01-22T04:28:02.000000
-1288593.236310 -2131869.877090 6726960.926161
349.704313 7155.441408 2329.492943
UTC=2024-01-22T04:30:02.000000
-1229236.642257 -1259488.198800 6953640.697053
638.908702 7364.732953 1443.642412
UTC=2024-01-22T04:32:02.000000
-1135543.989276 -369069.347975 7072544.546449
920.894307 7455.703526 535.538555
UTC=2024-01-22T04:34:02.000000
-1008767.258771 525097.699324 7081839.304973
1189.255315 7427.164546 -380.827306
UTC=2024-01-22T04:36:02.000000
-850916.234942 1408696.385827 6981380.182481
1437.789190 7279.845123 -1291.341239
UTC=2024-01-22T04:38:02.000000
-664726.430486 2267612.086378 6772713.068547
1660.623570 7016.376728 -2181.973365
UTC=2024-01-22T04:40:02.000000
-453612.174684 3088158.058694 6459052.176559
1852.336691 6641.249771 -3038.981634
UTC=2024-01-22T04:42:02.000000
-221605.703922 3857294.771652 6045233.502443
2008.070073 6160.748025 -3849.112327
UTC=2024-01-22T04:44:02.000000
26716.885033 4562839.792529 5537644.067278
2123.635012 5582.854299 -4599.800985
UTC=2024-01-22T04:46:02.000000
286321.976121 5193664.834819 4944127.813942
2195.610291 4917.134604 -5279.362171
UTC=2024-01-22T04:48:02.000000
551815.731494 5739877.462075 4273868.179591
2221.425278 4174.590248 -5877.188913
UTC=2024-01-22T04:50:02.000000
817550.059471 6192982.028221 3537248.506417
2199.423231 3367.471579 -6383.910918
UTC=2024-01-22T04:52:02.000000
1077736.077035 6546020.186461 2745694.695355
2128.923893 2509.118280 -6791.557990
UTC=2024-01-22T04:54:02.000000
1326563.513606 6793687.076533 1911495.635511
2010.251443 1613.701922 -7093.734598
UTC=2024-01-22T04:56:02.000000
1558321.529213 6932416.056921 1047608.585373
1844.739893 695.981426 -7285.714982
UTC=2024-01-22T04:58:02.000000
1767519.542519 6960433.677519 167452.999676
1634.721784 -228.960755 -7364.531801
UTC=2024-01-22T05:00:02.000000
1949005.008070 6877782.433905 -715303.631094
1383.490090 -1145.985989 -7329.024070
UTC=2024-01-22T05:02:02.000000
2098075.313063 6686311.498247 -1586963.804946
1095.239744 -2040.165457 -7179.852349
UTC=2024-01-22T05:04:02.000000
2210581.666649 6389635.873314 -2434017.921647
774.991850 -2897.040329 -6919.482462
UTC=2024-01-22T05:06:02.000000
2283022.714798 5993064.773779 -3243358.319780
428.498688 -3702.873404 -6552.136620
UTC=2024-01-22T05:08:02.000000
2312625.787823 5503500.627103 -4002485.412189
62.133010 -4444.886417 -6083.710177
UTC=2024-01-22T05:10:02.000000
2297413.964897 4929310.939901 -4699701.619271
-317.237323 -5111.471801 -5521.652296
UTC=2024-01-22T05:12:02.000000
2236257.539861 4280176.922803 -5324289.457246
-702.382248 -5692.368781 -4874.823529
UTC=2024-01-22T05:14:02.000000
2128909.415743 3566922.920740 -5866671.576877
-1085.844417 -6178.807454 -4153.338880
UTC=2024-01-22T05:16:02.000000
1976024.040533 2801330.125352 -6318551.419092
-1460.079239 -6563.628057 -3368.400008
UTC=2024-01-22T05:18:02.000000
1779159.419760 1995937.778759 -6673032.546907
-1817.594539 -6841.367166 -2532.109155
UTC=2024-01-22T05:20:02.000000
1540762.872151 1163836.258767 -6924715.575051
-2151.082341 -7008.309541 -1657.285011
UTC=2024-01-22T05:22:02.000000
1264140.956644 318455.134301 -7069773.218292
-2453.552544 -7062.520531 -757.279106
UTC=2024-01-22T05:24:02.000000
953413.356172 -526651.217853 -7106002.872859
-2718.464349 -7003.854428 154.214193
UTC=2024-01-22T05:26:02.000000
613451.567805 -1358017.540226 -7032856.063148
-2939.847342 -6833.936251 1063.352478
UTC=2024-01-22T05:28:02.000000
249803.800133 -2162477.616541 -6851445.044053
-3112.411364 -6556.116465 1956.328370
UTC=2024-01-22T05:30:02.000000
-131393.186613 -2927368.334542 -6564528.173782
-3231.655728 -6175.421529 2819.545216
UTC=2024-01-22T05:32:02.000000
-523515.073309 -3640727.062036 -6176472.791258
-3293.969828 -5698.483606 3639.816920
UTC=2024-01-22T05:34:02.000000
-919561.787424 -4291478.133442 -5693194.547576
-3296.714837 -5133.435436 4404.553676
UTC=2024-01-22T05:36:02.000000
-1312278.721315 -4869606.292073 -5122075.073664
-3238.298927 -4489.797151 5101.943547
UTC=2024-01-22T05:38:02.000000
-1694286.192314 -5366315.136344 -4471857.379516
-3118.237833 -3778.337244 5721.139552
UTC=2024-01-22T05:40:02.000000
-2058214.967534 -5774167.191124 -3752519.207108
-2937.194737 -3010.906256 6252.438594
UTC=2024-01-22T05:42:02.000000
-2396845.231511 -6087202.654816 -2975125.724580
-2696.997951 -2200.248768 6687.446112
UTC=2024-01-22T05:44:02.000000
-2703246.408966 -6301034.563372 -2151663.383388
-2400.637337 -1359.798625 7019.225719
UTC=2024-01-22T05:46:02.000000
-2970915.151085 -6412918.326340 -1294856.720930
-2052.236784 -503.456064 7242.433010
UTC=2024-01-22T05:48:02.000000
-3193908.466651 -6421793.327983 -417970.411163
-1657.000291 354.654783 7353.425934
UTC=2024-01-22T05:50:02.000000
-3366968.678375 -6328294.607842 465399.917890
-1221.130148 1200.439220 7350.339980
UTC=2024-01-22T05:52:02.000000
-3485637.213988 -6134734.263318 1341543.744720
-751.723566 2020.082613 7233.129108
UTC=2024-01-22T05:54:02.000000
-3546354.734624 -5845052.873740 2196854.722633
-256.647930 2800.299344 7003.573575
UTC=2024-01-22T05:56:02.000000
-3546545.074275 -5464741.581026 3018048.250934
255.603041 3528.569856 6665.246985
UTC=2024-01-22T05:58:02.000000
-3484681.131460 -5000737.084196 3792373.039348
776.065616 4193.355248 6223.450925
UTC=2024-01-22T06:00:02.000000
-3360331.417529 -4461292.086907 4507813.048883
1295.471387 4784.291534 5685.119589
UTC=2024-01-22T06:02:02.000000
-3174186.430658 -3855823.836253 5153276.155401
1804.417554 5292.359301 5058.693964
UTC=2024-01-22T06:04:02.000000
-2928064.416168 -3194744.268143 5718766.169867
2293.540437 5710.019649 4353.972146
UTC=2024-01-22T06:06:02.000000
-2624896.251752 -2489275.902340 6195535.738559
2753.687571 6031.315686 3581.940851
UTC=2024-01-22T06:08:02.000000
-2268690.269868 -1751257.501391 6576218.494597
3176.080690 6251.943820 2754.600282
UTC=2024-01-22T06:10:02.000000
-1864477.686701 -992942.302410 6854939.656732
3552.476647 6369.306808 1884.776198
UTC=2024-01-22T06:12:02.000000
-1418239.192185 -226791.694267 7027402.382164
3875.316492 6382.530695 985.906018
UTC=2024-01-22T06:14:02.000000
-936815.116826 534730.287454 7090949.126489
4137.852980 6292.441177 71.843983
UTC=2024-01-22T06:16:02.000000
-427800.270337 1279359.409635 7044600.406738
4334.279823 6101.536264 -843.330765
UTC=2024-01-22T06:18:02.000000
100576.169011 1995228.962769 6889069.366650
4459.848500 5813.932121 -1745.521360
UTC=2024-01-22T06:20:02.000000
639583.769514 2671059.364313 6626751.437183
4510.968383 5435.282024 -2620.820947
UTC=2024-01-22T06:22:02.000000
1180134.813627 3296336.546752 6261689.469118
4485.287512 4972.673525 -3455.711958
UTC=2024-01-22T06:24:02.000000
1712937.019764 3861477.348701 5799515.128876
4381.757866 4434.512975 -4237.265100
UTC=2024-01-22T06:26:02.000000
2228653.094908 4357979.714374 5247366.439257
4200.684195 3830.388041 -4953.336248
UTC=2024-01-22T06:28:02.000000
2718065.046957 4778555.133890 4613781.735731
3943.751783 3170.907375 -5592.763523
UTC=2024-01-22T06:30:02.000000
3172239.760436 5117240.193757 3908570.730928
3614.020380 2467.516317 -6145.546228
UTC=2024-01-22T06:32:02.000000
3582692.802562 5369486.042631 3142665.633860
3215.904651 1732.315415 -6603.004372
UTC=2024-01-22T06:34:02.000000
3941548.914949 5532225.128535 2327952.172266
2755.129953 977.851815 -6957.954273
UTC=2024-01-22T06:36:02.000000
4241693.580713 5603910.028695 1477081.788452
2238.632137 216.877207 -7204.831702
UTC=2024-01-22T06:38:02.000000
4476912.149662 5584525.423762 603271.911765
1674.454664 -537.861731 -7339.785699
UTC=2024-01-22T06:40:02.000000
4642014.978207 5475573.269573 -279905.203950
1071.611310 -1273.865061 -7360.760921
UTC=2024-01-22T06:42:02.000000
4732944.400670 5280029.176770 -1158739.631600
439.927739 -1979.106998 -7267.519992
UTC=2024-01-22T06:44:02.000000
4746861.998643 5002272.968254 -2019602.209328
-210.131732 -2642.243795 -7061.643836
UTC=2024-01-22T06:46:02.000000
4682213.945161 4647994.937038 -2849161.062513
-867.653810 -3252.809028 -6746.497818
UTC=2024-01-22T06:48:02.000000
4538773.034723 4224079.803448 -3634592.027573
-1521.475659 -3801.389567 -6327.164131
UTC=2024-01-22T06:50:02.000000
4317656.353732 3738470.974256 -4363778.715609
-2160.388113 -4279.775950 -5810.336618
UTC=2024-01-22T06:52:02.000000
4021319.202646 3200018.727652 -5025498.420210
-2773.328977 -4681.080816 -5204.193826
UTC=2024-01-22T06:54:02.000000
3653525.870723 2618315.768728 -5609591.719951
-3349.575516 -4999.830286 -4518.252274
UTC=2024-01-22T06:56:02.000000
3219297.770640 2003523.660112 -6107113.206590
-3878.927803 -5232.025157 -3763.199897
UTC=2024-01-22T06:58:02.000000
2724840.389520 1366193.622106 -6510461.404977
-4351.878478 -5375.173237 -2950.717056
UTC=2024-01-22T07:00:02.000000
2177450.761367 717085.245438 -6813486.683732
-4759.766099 -5428.292006 -2093.289433
UTC=2024-01-22T07:02:02.000000
1585407.813840 66986.434966 -7011576.809299
-5094.908480 -5391.887089 -1204.025357
UTC=2024-01-22T07:04:02.000000
957847.045760 -573463.226238 -7101721.039769
-5350.733704 -5267.918116 -296.475849
UTC=2024-01-22T07:06:02.000000
304620.047939 -1193943.797807 -7082551.218550
-5521.894522 -5059.740179 615.566669
UTC=2024-01-22T07:08:02.000000
-363857.803083 -1784617.616073 -6954359.457720
-5604.355970 -4772.022045 1518.252614
UTC=2024-01-22T07:10:02.000000
-1036769.913794 -2336281.872381 -6719094.381601
-5595.479354 -4410.661323 2397.854524
UTC=2024-01-22T07:12:02.000000
-1703070.227003 -2840510.298876 -6380334.775304
-5494.087214 -3982.683270 3240.963121
UTC=2024-01-22T07:14:02.000000
-2351661.175652 -3289781.174890 -5943240.122900
-5300.504386 -3496.117557 4034.672165
UTC=2024-01-22T07:16:02.000000
-2971575.897801 -3677590.322624 -5414479.557152
-5016.588622 -2959.871855 4766.757914
UTC=2024-01-22T07:18:02.000000
-3552163.169812 -3998548.197745 -4802138.537113
-4645.741590 -2383.589750 5425.871183
UTC=2024-01-22T07:20:02.000000
-4083271.483386 -4248458.501703 -4115602.625857
-4192.883722 -1777.487137 6001.721562
UTC=2024-01-22T07:22:02.000000
-4555428.605666 -4424376.706428 -3365420.258316
-3664.405999 -1152.181880 6485.245971
UTC=2024-01-22T07:24:02.000000
-4960013.832887 -4524647.548706 -2563145.632636
-3068.093950 -518.512550 6868.770516
UTC=2024-01-22T07:26:02.000000
-5289419.100046 -4548920.095781 -1721163.245273
-2413.018910 112.652743 7146.152385
UTC=2024-01-22T07:28:02.000000
-5537195.323099 -4498139.714985 -852496.844329
-1709.400579 730.609292 7312.897731
UTC=2024-01-22T07:30:02.000000
-5698180.628172 -4374516.908483 29394.175296
-968.443582 1325.007842 7366.252478
UTC=2024-01-22T07:32:02.000000
-5768607.473149 -4181473.403227 910827.655652
-202.148290 1886.041338 7305.266127
UTC=2024-01-22T07:34:02.000000
-5746185.482219 -3923566.107400 1778117.216669
576.903566 2404.626575 7130.819651
UTC=2024-01-22T07:36:02.000000
-5630157.611994 -3606390.107061 2617791.444478
1355.776482 2872.569137 6845.608879
UTC=2024-01-22T07:38:02.000000
-5421328.741342 -3236463.434700 3416808.920972
2121.412659 3282.701956 6454.093829
UTC=2024-01-22T07:40:02.000000
-5122066.370653 -2821096.581151 4162765.569592
2860.865549 3629.002782 5962.421499
UTC=2024-01-22T07:42:02.000000
-4736273.083017 -2368249.050589 4844090.668140
3561.535410 3906.690005 5378.311382
UTC=2024-01-22T07:44:02.000000
-4269331.640905 -1886376.582977 5450226.932786
4211.386471 4112.281660 4710.909541
UTC=2024-01-22T07:46:02.000000
-3728025.262383 -1384273.112529 5971792.622228
4799.146130 4243.626906 3970.636413
UTC=2024-01-22T07:48:02.000000
-3120434.372685 -870909.971618 6400724.750644
5314.498633 4299.920705 3169.020866
UTC=2024-01-22T07:50:02.000000
-2455810.765268 -355274.743164 6730400.780190
5748.264721 4281.692672 2318.507681
UTC=2024-01-22T07:52:02.000000
-1744431.878471 153786.517237 6955736.260779
6092.551740 4190.761803 1432.253469
UTC=2024-01-22T07:54:02.000000
-997438.890259 647720.223917 7073258.517980
6340.875783 4030.172972 523.932558
UTC=2024-01-22T07:56:02.000000
-226661.013465 1118408.254489 7081157.033499
6488.270296 3804.125336 -392.460505
UTC=2024-01-22T07:58:02.000000
555572.182416 1558301.162301 6979309.717506
6531.375848 3517.881268 -1302.813544
UTC=2024-01-22T08:00:02.000000
1336628.019845 1960539.532890 6769284.719747
6468.509427 3177.659425 -2193.102881
UTC=2024-01-22T08:02:02.000000
2103774.660292 2319061.414826 6454317.515048
6299.706362 2790.510898 -3049.596184
UTC=2024-01-22T08:04:02.000000
2844388.783817 2628694.477151 6039264.228258
6026.742446 2364.189526 -3859.047649
UTC=2024-01-22T08:06:02.000000
3546164.868387 2885232.122498 5530531.237762
5653.135967 1907.012583 -4608.899929
UTC=2024-01-22T08:08:02.000000
4197322.469259 3085492.126702 4935980.374300
5184.110510 1427.710002 -5287.484568
UTC=2024-01-22T08:10:02.000000
4786807.167754 3227356.765278 4264811.367743
4626.532112 935.266932 -5884.199711
UTC=2024-01-22T08:12:02.000000
5304483.625130 3309793.956477 3527423.376769
3988.837468 438.764958 -6389.689703
UTC=2024-01-22T08:14:02.000000
5741316.617398 3332858.323972 2735254.150149
3280.897074 -52.795582 -6796.023524
UTC=2024-01-22T08:16:02.000000
6089533.499831 3297671.540760 1900601.468554
2513.857887 -530.656479 -7096.819777
UTC=2024-01-22T08:18:02.000000
6342767.268180 3206383.687030 1036429.639286
1699.967311 -986.463195 -7287.369069
UTC=2024-01-22T08:20:02.000000
6496176.106285 3062115.168358 156163.097355
852.359850 -1412.423672 -7364.723735
UTC=2024-01-22T08:22:02.000000
6546535.892850 2868880.301695 -726528.421630
-15.177772 -1801.454892 -7327.748416
UTC=2024-01-22T08:24:02.000000
6492303.636265 2631494.272154 -1597948.367570
-888.454932 -2147.310186 -7177.129357
UTC=2024-01-22T08:26:02.000000
6333651.310002 2355466.788443 -2444590.931401
-1753.120451 -2444.676634 -6915.355715
UTC=2024-01-22T08:28:02.000000
6072469.826270 2046884.372346 -3253355.188799
-2594.920017 -2689.267168 -6546.674007
UTC=2024-01-22T08:30:02.000000
5712342.214788 1712283.114386 -4011750.901834
-3399.946607 -2877.884380 -6076.999537
UTC=2024-01-22T08:32:02.000000
5258487.279111 1358515.329388 -4708092.301870
-4154.884506 -3008.459406 -5513.802448
UTC=2024-01-22T08:34:02.000000
4717674.902457 992613.342087 -5331675.968815
-4847.231747 -3080.059920 -4865.959167
UTC=2024-01-22T08:36:02.000000
4098116.674488 621653.767901 -5872940.295841
-5465.493110 -3092.876435 -4143.596860
UTC=2024-01-22T08:38:02.000000
3409334.163144 252624.545942 -6323605.684418
-5999.359281 -3048.188982 -3357.926291
UTC=2024-01-22T08:40:02.000000
2662006.836775 -107702.821610 -6676793.797312
-6439.864674 -2948.314842 -2521.059261
UTC=2024-01-22T08:42:02.000000
1867803.077881 -452893.795965 -6927124.337628
-6779.511543 -2796.539955 -1645.820859
UTC=2024-01-22T08:44:02.000000
1039197.530666 -776962.245783 -7070789.823334
-7012.377652 -2597.037436 -745.569136
UTC=2024-01-22T08:46:02.000000
189276.101269 -1074471.305215 -7105608.083725
-7134.209753 -2354.770995 165.998839
UTC=2024-01-22T08:48:02.000000
-668468.002507 -1340621.869005 -7031051.357742
-7142.480896 -2075.388538 1075.036374
UTC=2024-01-22T08:50:02.000000
-1520344.342116 -1571328.211950 -6848253.444028
-7036.437742 -1765.112880 1967.729208
UTC=2024-01-22T08:52:02.000000
-2352679.906248 -1763279.915724 -6559994.185259
-6817.125376 -1430.622085 2830.490029
UTC=2024-01-22T08:54:02.000000
-3152034.787036 -1913988.885608 -6170660.880575
-6487.381218 -1078.922652 3650.144283
UTC=2024-01-22T08:56:02.000000
-3905416.415369 -2021821.362106 -5686188.288901
-6051.820704 -717.226026 4414.106409
UTC=2024-01-22T08:58:02.000000
-4600491.148058 -2086014.702558 -5113976.443099
-5516.800446 -352.816658 5110.573354
UTC=2024-01-22T09:00:02.000000
-5225788.855816 -2106677.971798 -4462785.404935
-4890.340775 7.083861 5728.710366
UTC=2024-01-22T09:02:02.000000
-5770896.828835 -2084776.373975 -3742608.597996
-4182.026384 355.450358 6258.825202
UTC=2024-01-22T09:04:02.000000
-6226640.027671 -2022099.663082 -2964525.367488
-3402.875295 685.587714 6692.538656
UTC=2024-01-22T09:06:02.000000
-6585243.412472 -1921214.670759 -2140534.111960
-2565.173026 991.260736 7022.935564
UTC=2024-01-22T09:08:02.000000
-6840472.811721 -1785402.743348 -1283368.594358
-1682.280745 1266.815391 7244.695238
UTC=2024-01-22T09:10:02.000000
-6987751.025860 -1618583.251884 -406299.897721
-768.414834 1507.289633 7354.198242
UTC=2024-01-22T09:12:02.000000
-7024246.114474 -1425224.433168 477072.601939
161.595824 1708.512930 7349.602489
UTC=2024-01-22T09:14:02.000000
-6948929.287676 -1210243.410155 1353037.403928
1092.572360 1867.185802 7230.885333
UTC=2024-01-22T09:16:02.000000
-6762600.683237 -978897.918929 2207989.929721
2009.256982 1980.939139 6999.849330
UTC=2024-01-22T09:18:02.000000
-6467882.494311 -736672.094704 3028650.065372
2896.584881 2048.373679 6660.091775
UTC=2024-01-22T09:20:02.000000
-6069179.692272 -489158.686304 3802274.093069
3739.952538 2069.079878 6216.942228
UTC=2024-01-22T09:22:02.000000
-5572608.760973 -241940.388381 4516857.001612
4525.480276 2043.631406 5677.362707
UTC=2024-01-22T09:24:02.000000
-4985896.453894 -473.423126 5161320.591930
5240.246202 1973.556615 5049.814472
UTC=2024-01-22T09:26:02.000000
-4318252.246370 230024.574610 5725684.677186
5872.493135 1861.294556 4344.111159
UTC=2024-01-22T09:28:02.000000
-3580216.919494 444680.136232 6201219.916877
6411.820493 1710.129776 3571.257591
UTC=2024-01-22T09:30:02.000000
-2783489.462270 639060.611307 6580579.873074
6849.349591 1524.109703 2743.265785
UTC=2024-01-22T09:32:02.000000
-1940736.267914 809260.168246 6857910.594229
7177.856460 1307.951310 1872.966602
UTC=2024-01-22T09:34:02.000000
-1065385.657305 951974.157951 7028936.862693
7391.880849 1066.938999 973.806367
UTC=2024-01-22T09:36:02.000000
-171411.687852 1064560.430157 7091023.800472
7487.797611 806.810499 59.645220
UTC=2024-01-22T09:38:02.000000
726889.383426 1145086.615651 7043214.708489
7463.868747 533.637705 -855.440651
UTC=2024-01-22T09:40:02.000000
1615127.561663 1192362.948270 6886244.921890
7320.272660 253.704567 -1757.360893
UTC=2024-01-22T09:42:02.000000
2479049.464206 1205960.086570 6622531.315158
7059.105945 -26.620493 -2632.213443
UTC=2024-01-22T09:44:02.000000
3304767.495471 1186211.582768 6256137.786118
6684.363777 -301.012334 -3466.483782
UTC=2024-01-22T09:46:02.000000
4078985.192166 1134201.010167 5792716.294230
6201.890938 -563.316796 -4247.253247
UTC=2024-01-22T09:48:02.000000
4789214.214343 1051733.948691 5239423.553565
5619.296117 -807.675144 -4962.391336
UTC=2024-01-22T09:50:02.000000
5423980.354514 941295.213104 4604815.503815
4945.854890 -1028.645115 -5600.740336
UTC=2024-01-22T09:52:02.000000
5973016.071075 805992.044222 3898718.834411
4192.376207 -1221.312988 -6152.310072
UTC=2024-01-22T09:54:02.000000
6427434.292549 649484.423223 3132080.192981
3371.027119 -1381.396947 -6608.451836
UTC=2024-01-22T09:56:02.000000
6779879.419556 475903.390986 2316796.160283
2495.130872 -1505.342347 -6962.003312
UTC=2024-01-22T09:58:02.000000
7024653.544742 289758.997898 1465527.218085
1578.953482 -1590.398065 -7207.416792
UTC=2024-01-22T10:00:02.000000
7157814.635146 95840.199452 591497.158492
637.450273 -1634.675415 -7340.864249
UTC=2024-01-22T10:02:02.000000
7177243.841690 -100891.382973 -291717.552002
-313.992400 -1637.190769 -7360.306476
UTC=2024-01-22T10:04:02.000000
7082680.512852 -295411.585313 -1170405.227656
-1259.837827 -1597.887044 -7265.530471
UTC=2024-01-22T10:06:02.000000
6875723.622763 -482745.034983 -2030938.122249
-2184.675185 -1517.632636 -7058.145392
UTC=2024-01-22T10:08:02.000000
6559800.120096 -658075.171373 -2859989.175257
-3073.493255 -1398.200977 -6741.543898
UTC=2024-01-22T10:10:02.000000
6140101.340713 -816850.593448 -3644742.072262
-3911.938980 -1242.229291 -6320.831600
UTC=2024-01-22T10:12:02.000000
5623489.203305 -954885.204993 -4373091.043805
-4686.561246 -1053.156891 -5802.725781
UTC=2024-01-22T10:14:02.000000
5018374.590152 -1068449.860350 -5033826.649242
-5385.028375 -835.146100 -5195.424246
UTC=2024-01-22T10:16:02.000000
4334571.594359 -1154353.887494 -5616804.728230
-5996.314650 -592.993820 -4508.458394
UTC=2024-01-22T10:18:02.000000
3583130.631399 -1210015.478136 -6113096.812650
-6510.865574 -332.033321 -3752.529207
UTC=2024-01-22T10:20:02.000000
2776153.608521 -1233519.426457 -6515119.749773
-6920.729494 -58.021585 -2939.327299
UTC=2024-01-22T10:22:02.000000
1926595.386301 -1223660.795529 -6816743.582604
-7219.656975 222.980258 -2081.351484
UTC=2024-01-22T10:24:02.000000
1048054.690038 -1179974.453939 -7013377.364017
-7403.176548 504.722473 -1191.721680
UTC=2024-01-22T10:26:02.000000
154557.541852 -1102750.525905 -7102032.482181
-7468.644787 780.888388 -283.992176
UTC=2024-01-22T10:28:02.000000
-739663.876870 -993034.920527 -7081363.327196
-7415.270513 1045.217996 628.039182
UTC=2024-01-22T10:30:02.000000
-1620393.838191 -852615.395481 -6951685.460014
-7244.119064 1291.627782 1530.515550
UTC=2024-01-22T10:32:02.000000
-2473655.148037 -683992.981409 -6714971.070169
-6958.094593 1514.332956 2409.715965
UTC=2024-01-22T10:34:02.000000
-3285927.019347 -490339.261687 -6374821.282540
-6561.889990 1707.961036 3252.241414
UTC=2024-01-22T10:36:02.000000
-4044356.381472 -275440.245088 -5936417.126920
-6061.931623 1867.662185 4045.190293
UTC=2024-01-22T10:38:02.000000
-4736961.606760 -43627.251765 -5406448.157412
-5466.299475 1989.214391 4776.354703
UTC=2024-01-22T10:40:02.000000
-5352824.138935 200304.130582 -4793018.086453
-4784.611645 2069.116531 5434.401951
UTC=2024-01-22T10:42:02.000000
-5882265.666202 451185.824908 -4105529.217700
-4027.896982 2104.675749 6009.052252
UTC=2024-01-22T10:44:02.000000
-6317007.932287 703578.886978 -3354545.222294
-3208.430700 2094.080691 6491.257060
UTC=2024-01-22T10:46:02.000000
-6650311.090216 951882.761563 -2551633.700238
-2339.543765 2036.457312 6873.358642
UTC=2024-01-22T10:48:02.000000
-6877087.592846 1190450.170059 -1709190.500499
-1435.406322 1931.905316 7149.231599
UTC=2024-01-22T10:50:02.000000
-6993989.266780 1413705.256245 -840248.435576
-510.796665 1781.516583 7314.405275
UTC=2024-01-22T10:52:02.000000
-6999464.601127 1616262.410218 41727.646297
419.165298 1587.366296 7366.160935
UTC=2024-01-22T10:54:02.000000
-6893783.510578 1793042.735356 923054.233224
1339.285654 1352.485622 7303.578675
UTC=2024-01-22T10:56:02.000000
-6679030.486912 1939386.256384 1790046.758217
2234.560309 1080.815456 7127.562819
UTC=2024-01-22T10:58:02.000000
-6359065.610176 2051157.067075 2629238.393491
3090.444649 777.135857 6840.833093
UTC=2024-01-22T11:00:02.000000
-5939453.689863 2124838.721041 3427595.394500
3893.113258 446.974080 6447.876964
UTC=2024-01-22T11:02:02.000000
-5427363.152360 2157617.490136 4172724.547393
4629.703081 96.495830 5954.865175
UTC=2024-01-22T11:04:02.000000
-4831437.374272 2147451.943096 4853068.386691
5288.527813 -267.613757 5369.534732
UTC=2024-01-22T11:06:02.000000
-4161642.132710 2093127.606521 5458085.036222
5859.261868 -638.279254 4701.050631
UTC=2024-01-22T11:08:02.000000
-3429092.716459 1994295.764167 5978410.517242
6333.096465 -1008.169675 3959.852995
UTC=2024-01-22T11:10:02.000000
-2645863.558804 1851495.781148 6406001.763544
6702.875125 -1369.838627 3157.485892
UTC=2024-01-22T11:12:02.000000
-1824783.516224 1666160.225355 6734257.577401
6963.193760 -1715.869881 2306.403544
UTC=2024-01-22T11:14:02.000000
-979221.501239 1440602.728841 6958115.874972
7110.462728 -2039.018285 1419.769732
UTC=2024-01-22T11:16:02.000000
-122866.807965 1177989.240511 7074126.863463
7142.934985 -2332.346200 511.260267
UTC=2024-01-22T11:18:02.000000
730492.822401 882293.102918 7080502.866765
7060.716843 -2589.356302 -405.132249
UTC=2024-01-22T11:20:02.000000
1567193.017258 558234.601905 6977144.188582
6865.753372 -2804.117326 -1315.301066
UTC=2024-01-22T11:22:02.000000
2373911.246821 211205.788325 6765640.754251
6561.788354 -2971.383757 -2205.225740
UTC=2024-01-22T11:24:02.000000
3137879.257308 -152818.603015 6449249.808581
6154.304475 -3086.707593 -3061.172080
UTC=2024-01-22T11:26:02.000000
3847086.952354 -527382.999849 6032849.137582
5650.437881 -3146.538380 -3869.899493
UTC=2024-01-22T11:28:02.000000
4490474.177610 -905664.082077 5522865.755777
5058.863844 -3148.311059 -4618.860786
UTC=2024-01-22T11:30:02.000000
5058107.437276 -1280593.543804 4927181.061100
4389.660447 -3090.517876 -5296.395259
UTC=2024-01-22T11:32:02.000000
5541338.990440 -1644988.266863 4255013.059223
3654.150262 -2972.760285 -5891.917471
UTC=2024-01-22T11:34:02.000000
5932945.440476 -1991685.748580 3516776.506904
2864.717042 -2795.784681 -6396.096071
UTC=2024-01-22T11:36:02.000000
6227242.697427 -2313682.468544 2723922.371784
2034.595025 -2561.494116 -6801.017388
UTC=2024-01-22T11:38:02.000000
6420174.401063 -2604272.065309 1888759.176722
1177.639764 -2272.933582 -7100.323256
UTC=2024-01-22T11:40:02.000000
6509372.326665 -2857180.314322 1024259.294762
308.090748 -1934.252532 -7289.325584
UTC=2024-01-22T11:42:02.000000
6494187.250580 -3066694.251553 143852.682027
-559.685621 -1550.642812 -7365.097119
UTC=2024-01-22T11:44:02.000000
6375688.741541 -3227782.148319 -738787.653131
-1411.450913 -1128.250336 -7326.521035
UTC=2024-01-22T11:46:02.000000
6156634.347353 -3336201.690330 -1609964.689656
-2233.354555 -674.065649 -7174.313213
UTC=2024-01-22T11:48:02.000000
5841407.896277 -3388593.642922 -2456176.049315
-3012.180581 -195.793636 -6910.994548
UTC=2024-01-22T11:50:02.000000
5435929.910310 -3382559.231404 -3264327.620262
-3735.569747 298.287633 -6540.837432
UTC=2024-01-22T11:52:02.000000
4947542.077350 -3316719.824392 -4021938.897891
-4392.227353 799.479683 -6069.778778
UTC=2024-01-22T11:54:02.000000
4384868.534256 -3190757.965051 -4717336.111179
-4972.102088 1298.822146 -5505.306741
UTC=2024-01-22T11:56:02.000000
3757657.045416 -3005438.758747 -5339830.234144
-5466.540685 1787.260634 -4856.319159
UTC=2024-01-22T11:58:02.000000
3076604.007305 -2762611.307769 -5879876.353917
-5868.401436 2255.808977 -4132.958590
UTC=2024-01-22T12:00:02.000000
2353168.074722 -2465191.342756 -6329212.974559
-6172.133057 2695.701224 -3346.445403
UTC=2024-01-22T12:02:02.000000
1599375.447017 -2117125.622632 -6680981.340852
-6373.836916 3098.545810 -2508.908294
UTC=2024-01-22T12:04:02.000000
827618.949786 -1723337.753125 -6929823.077725
-6471.303732 3456.476981 -1633.191381
UTC=2024-01-22T12:06:02.000000
50455.066421 -1289657.081283 -7071954.286111
-6464.013434 3762.285864 -732.660783
UTC=2024-01-22T12:08:02.000000
-719597.715366 -822732.319378 -7105216.925650
-6353.113607 4009.545169 178.983147
UTC=2024-01-22T12:10:02.000000
-1470256.778671 -329930.760580 -7029107.892502
-6141.380825 4192.724963 1087.889561
UTC=2024-01-22T12:12:02.000000
-2189667.745583 180776.043595 -6844785.570749
-5833.163556 4307.300480 1980.250154
UTC=2024-01-22T12:14:02.000000
-2866588.270136 700938.462788 -6555053.416131
-5434.298863 4349.842908 2842.485372
UTC=2024-01-22T12:16:02.000000
-3490561.133038 1221765.300982 -6164321.693705
-4952.018856 4318.100691 3661.425106
UTC=2024-01-22T12:18:02.000000
-4052075.490012 1734269.179046 -5678547.240388
-4394.844967 4211.065397 4424.494691
UTC=2024-01-22T12:20:02.000000
-4542714.089399 2229419.030264 -5105150.712310
-3772.458997 4029.025295 5119.903306
UTC=2024-01-22T12:22:02.000000
-4955283.660896 2698297.950827 -4452911.075421
-3095.551194 3773.596984 5736.834508
UTC=2024-01-22T12:24:02.000000
-5283925.630248 3132262.855751 -3731838.006861
-2375.646715 3447.726202 6265.619898
UTC=2024-01-22T12:26:02.000000
-5524205.550632 3523103.230901 -2953024.461220
-1624.924175 3055.672687 6697.900284
UTC=2024-01-22T12:28:02.000000
-5673179.496505 3863196.666567 -2128480.052225
-856.011192 2602.968332 7026.781015
UTC=2024-01-22T12:30:02.000000
-5729435.075118 4145657.336857 -1270947.257460
-81.769390 2096.343235 7246.962664
UTC=2024-01-22T12:32:02.000000
-5693106.076166 4364474.033341 -393703.240835
684.931470 1543.625553 7354.848002
UTC=2024-01-22T12:34:02.000000
-5565859.761014 4514634.800717 489649.260586
1431.441622 953.618432 7348.619380
UTC=2024-01-22T12:36:02.000000
-5350856.464742 4592234.908401 1365398.703169
2145.564746 335.944323 7228.284068
UTC=2024-01-22T12:38:02.000000
-5052681.792336 4594564.915136 2219944.073059
2815.777887 -299.127296 6995.674321
UTC=2024-01-22T12:40:02.000000
-4677253.453862 4520177.491509 3040012.190179
3431.434470 -940.861531 6654.413572
UTC=2024-01-22T12:42:02.000000
-4231704.881267 4368931.775067 3812869.149638
3982.947722 -1578.252814 6209.852639
UTC=2024-01-22T12:44:02.000000
-3724248.357293 4142013.645207 4526521.933638
4461.946931 -2200.227539 5668.969754
UTC=2024-01-22T12:46:02.000000
-3164021.142557 3841932.024085 5169906.513640
4861.406472 -2795.841709 5040.247561
UTC=2024-01-22T12:48:02.000000
-2560917.488467 3472491.430033 5733059.698875
5175.749759 -3354.478121 4333.523677
UTC=2024-01-22T12:50:02.000000
-1925410.212714 3038741.440204 6207271.719508
5400.919953 -3866.033375 3559.821349
UTC=2024-01-22T12:52:02.000000
-1268365.543233 2546904.272202 6585217.599271
5534.421440 -4321.095788 2731.164923
UTC=2024-01-22T12:54:02.000000
-600855.074803 2004281.877243 6861065.430313
5575.324535 -4711.105647 1860.382636
UTC=2024-01-22T12:56:02.000000
66031.178365 1419145.086555 7030561.734876
5524.249270 -5028.498940 960.921641
UTC=2024-01-22T12:58:02.000000
721369.205899 800605.777200 7091093.689397
5383.334116 -5266.842490 46.644366
UTC=2024-01-22T13:00:02.000000
1354579.767501 158474.243470 7041726.759792
5156.175175 -5420.946950 -868.372954
UTC=2024-01-22T13:02:02.000000
1955598.843865 -496896.258704 6883218.511957
4847.749130 -5486.968404 -1770.038384
UTC=2024-01-22T13:04:02.000000
2515037.767834 -1154776.345025 6618008.249387
4464.317637 -5462.493771 -2644.449187
UTC=2024-01-22T13:06:02.000000
3024330.894138 -1804236.038184 6250182.186189
4013.316584 -5346.602333 -3478.092979
UTC=2024-01-22T13:08:02.000000
3475868.991380 -2434326.831337 5785414.329336
3503.226585 -5139.910750 -4258.053309
UTC=2024-01-22T13:10:02.000000
3863115.792250 -3034267.338166 5230882.993247
2943.424179 -4844.588882 -4972.206456
UTC=2024-01-22T13:12:02.000000
4180706.030114 -3593629.694823 4595164.234343
2344.021548 -4464.355869 -5609.412244
UTC=2024-01-22T13:14:02.000000
4424523.384269 -4102523.752753 3888102.587619
1715.691908 -4004.446407 -6159.699372
UTC=2024-01-22T13:16:02.000000
4591756.620422 -4551775.417194 3120660.426908
1069.481606 -3471.546858 -6614.435356
UTC=2024-01-22T13:18:02.000000
4680932.719534 -4933095.467338 2304747.910377
416.614163 -2873.700079 -6966.480222
UTC=2024-01-22T13:20:02.000000
4691925.882231 -5239235.045844 1453035.913025
-231.714390 -2220.179635 -7210.314067
UTC=2024-01-22T13:22:02.000000
4625941.952485 -5464124.545526 578755.354135
-864.540220 -1521.338217 -7342.136976
UTC=2024-01-22T13:24:02.000000
4485478.526772 -5602992.523459 -304513.468199
-1471.328968 -788.428290 -7359.933540
UTC=2024-01-22T13:26:02.000000
4274262.358041 -5652462.370916 -1183057.549655
-2042.160570 -33.410437 -7263.512417
UTC=2024-01-22T13:28:02.000000
3997164.438123 -5610624.319298 -2043250.686058
-2567.912686 731.266204 -7054.506751
UTC=2024-01-22T13:30:02.000000
3660094.810881 -5477080.678187 -2871770.163449
-3040.413685 1492.886751 -6736.333317
UTC=2024-01-22T13:32:02.000000
3269880.247237 -5252964.070678 -3655807.132057
-3452.577335 2238.699187 -6314.124916
UTC=2024-01-22T13:34:02.000000
2834127.062967 -4940928.328911 -4383266.548994
-3798.513397 2956.138810 -5794.626148
UTC=2024-01-22T13:36:02.000000
2361072.458686 -4545112.793969 -5042953.094817
-4073.608097 3633.048037 -5186.063757
UTC=2024-01-22T13:38:02.000000
1859428.172561 -4071080.830883 -5624739.881391
-4274.571412 4257.882954 -4497.990886
UTC=2024-01-22T13:40:02.000000
1338220.188222 -3525735.077583 -6119717.772869
-4399.458065 4819.895212 -3741.122666
UTC=2024-01-22T13:42:02.000000
806627.014547 -2917211.718224 -6520324.662456
-4447.669611 5309.301472 -2927.164894
UTC=2024-01-22T13:44:02.000000
273819.180558 -2254755.078534 -6820453.459602
-4419.931340 5717.440795 -2068.630419
UTC=2024-01-22T13:46:02.000000
-251196.912619 -1548574.571060 -7015537.487999
-4318.243629 6036.909687 -1178.648348
UTC=2024-01-22T13:48:02.000000
-759728.178347 -809686.851405 -7102613.154520
-4145.816062 6261.674978 -270.776603
UTC=2024-01-22T13:50:02.000000
-1243535.503930 -49745.455596 -7080360.166749
-3906.991843 6387.169661 641.186231
UTC=2024-01-22T13:52:02.000000
-1694964.552829 719139.925513 -6949118.959782
-3607.157279 6410.369335 1543.390953
UTC=2024-01-22T13:54:02.000000
-2107064.618535 1484592.409250 -6710885.694942
-3252.634318 6329.854350 2422.122497
UTC=2024-01-22T13:56:02.000000
-2473694.003923 2234163.178173 -6369284.997643
-2850.565299 6145.850476 3263.984846
UTC=2024-01-22T13:58:02.000000
-2789611.363907 2955530.674372 -5929520.721301
-2408.791982 5860.256128 4056.085516
UTC=2024-01-22T14:00:02.000000
-3050551.574497 3636701.757758 -5398304.119668
-1935.720353 5476.644689 4786.224425
UTC=2024-01-22T14:02:02.000000
-3253285.150503 4266211.650038 -4783759.534492
-1440.180321 5000.242880 5443.082114
UTC=2024-01-22T14:04:02.000000
-3395659.887185 4833319.463074 -4095307.391540
-931.269699 4437.876833 6016.406731
UTC=2024-01-22T14:06:02.000000
-3476623.187713 5328195.129799 -3343525.682991
-418.190126 3797.883585 6497.183263
UTC=2024-01-22T14:08:02.000000
-3496224.921171 5742094.302209 -2539992.585600
89.911513 3090.002134 6877.781466
UTC=2024-01-22T14:10:02.000000
-3455601.249119 6067518.925183 -1697111.476987
584.105439 2325.239388 7152.101367
UTC=2024-01-22T14:12:02.000000
-3356938.377686 6298359.323305 -827919.517339
1055.848331 1515.695187 7315.697645
UTC=2024-01-22T14:14:02.000000
-3203416.780598 6430013.135934 54116.248532
1497.135553 674.358170 7365.861652
UTC=2024-01-22T14:16:02.000000
-2999138.108321 6459479.730872 935311.397751
1900.643926 -185.103406 7301.690117
UTC=2024-01-22T14:18:02.000000
-2749034.422189 6385426.940400 1801983.467639
2259.879380 -1048.593970 7124.118960
UTC=2024-01-22T14:20:02.000000
-2458761.225877 6208226.579751 2640671.692960
2569.295255 -1901.852486 6835.900141
UTC=2024-01-22T14:22:02.000000
-2134578.251119 5929958.974079 3438351.793040
2824.380716 -2730.706372 6441.544573
UTC=2024-01-22T14:24:02.000000
-1783220.952363 5554387.509046 4182642.322546
3021.727052 -3521.318077 5947.239601
UTC=2024-01-22T14:26:02.000000
-1411765.388291 5086903.834926 4861999.629756
3159.071997 -4260.426817 5360.740875
UTC=2024-01-22T14:28:02.000000
-1027488.873364 4534444.656410 5465898.154401
3235.325797 -4935.579769 4691.234741
UTC=2024-01-22T14:30:02.000000
-637729.409611 3905382.060751 5984992.284084
3250.562219 -5535.338611 3949.173272
UTC=2024-01-22T14:32:02.000000
-249747.803681 3209390.389639 6411258.269972
3205.988414 -6049.468048 3146.105027
UTC=2024-01-22T14:34:02.000000
129405.756372 2457291.676147 6738114.396514
3103.897446 -6469.098892 2294.483419
UTC=2024-01-22T14:36:02.000000
493018.153891 1660883.402370 6960518.267924
2947.602142 -6786.865357 1407.478275
UTC=2024-01-22T14:38:02.000000
834830.979023 832750.517388 7075040.749594
2741.352684 -6997.025544 498.772662
UTC=2024-01-22T14:40:02.000000
1149147.244514 -13934.763312 7079915.353382
2490.238943 -7095.545961 -417.637718
UTC=2024-01-22T14:42:02.000000
1430925.815524 -865622.376102 6975064.205553
2200.083120 -7080.174092 -1327.638635
UTC=2024-01-22T14:44:02.000000
1675862.325074 -1708601.500970 6762099.800582
1877.322034 -6950.487890 -2217.206100
UTC=2024-01-22T14:46:02.000000
1880455.433148 -2529221.595651 6444302.047868
1528.881166 -6707.916465 -3072.607552
UTC=2024-01-22T14:48:02.000000
2042057.550804 -3314114.748032 6026570.974604
1162.041253 -6355.738002 -3880.607795
UTC=2024-01-22T14:50:02.000000
2158909.106515 -4050415.788490 5515354.804586
784.298187 -5899.044601 -4628.672129
UTC=2024-01-22T14:52:02.000000
2230155.859286 -4725976.234332 4918554.253626
403.221738 -5344.676293 -5305.157468
UTC=2024-01-22T14:54:02.000000
2255849.512396 -5329569.186235 4245404.612303
26.318184 -4701.136824 -5899.494946
UTC=2024-01-22T14:56:02.000000
2236931.512392 -5851082.330329 3506335.689369
-339.114976 -3978.475128 -6402.374195
UTC=2024-01-22T14:58:02.000000
2175199.079523 -6281694.155089 2712810.847143
-686.135206 -3188.126901 -6805.904428
UTC=2024-01-22T15:00:02.000000
2073254.701818 -6614029.401138 1877148.180281
-1008.284579 -2342.727232 -7103.751275
UTC=2024-01-22T15:02:02.000000
1934440.639431 -6842290.773476 1012326.953867
-1299.711659 -1455.904965 -7291.246494
UTC=2024-01-22T15:04:02.000000
1762759.073321 -6962364.734676 131782.068230
-1555.286685 -542.053864 -7365.476303
UTC=2024-01-22T15:06:02.000000
1562779.552905 -6971898.662711 -750810.455356
-1770.699064 383.915787 -7325.345080
UTC=2024-01-22T15:08:02.000000
1339535.346449 -6870345.876476 -1621753.595714
-1942.542292 1306.863180 -7171.595049
UTC=2024-01-22T15:10:02.000000
1098411.336281 -6658976.929297 -2467548.060787
-2068.370179 2211.685278 -6906.773430
UTC=2024-01-22T15:12:02.000000
845026.753455 -6340859.050763 -3275106.114422
-2146.725173 3083.584913 -6535.179690
UTC=2024-01-22T15:14:02.000000
585115.935180 -5920804.067756 -4031956.736051
-2177.147370 3908.323392 -6062.776419
UTC=2024-01-22T15:16:02.000000
324408.702782 -5405286.793453 -4726438.627435
-2160.168738 4672.461929 -5497.074247
UTC=2024-01-22T15:18:02.000000
68513.008411 -4802335.690892 -5347877.534869
-2097.281309 5363.578660 -4846.988307
UTC=2024-01-22T15:20:02.000000
-177197.390708 -4121399.136341 -5886745.618227
-1990.886563 5970.460939 -4122.683144
UTC=2024-01-22T15:22:02.000000
-407688.192681 -3373189.818965 -6334801.163947
-1844.227943 6483.275033 -3335.399739
UTC=2024-01-22T15:24:02.000000
-618360.800868 -2569510.647511 -6685206.951999
-1661.309328 6893.705649 -2497.274812
UTC=2024-01-22T15:26:02.000000
-805138.142799 -1723065.421212 -6932626.582000
-1446.802515 7195.069602 -1621.153922
UTC=2024-01-22T15:28:02.000000
-964538.770702 -847257.554227 -7073298.377977
-1205.945187 7382.403011 -720.406280
UTC=2024-01-22T15:30:02.000000
-1093738.253441 44020.610337 -7105086.935060
-944.430989 7452.529868 191.265628
UTC=2024-01-22T15:32:02.000000
-1190617.007242 936604.815367 -7027511.521997
-668.294332 7404.098582 1100.016403
UTC=2024-01-22T15:34:02.000000
-1253794.129630 1816279.340496 -6841752.349341
-383.792124 7237.605425 1992.041000
UTC=2024-01-22T15:36:02.000000
-1282646.851081 2668998.885247 -6550634.429180
-97.282746 6955.392714 2853.760492
UTC=2024-01-22T15:38:02.000000
-1277315.428614 3481109.416223 -6158589.602394
184.895336 6561.635137 3672.006003
UTC=2024-01-22T15:40:02.000000
-1238693.354785 4239565.661883 -5671595.589804
456.547488 6062.293509 4434.212636
UTC=2024-01-22T15:42:02.000000
-1168402.782560 4932141.451287 -5097092.543992
711.743466 5465.045883 5128.602486
UTC=2024-01-22T15:44:02.000000
-1068755.790669 5547630.443267 -4443877.309295
944.934184 4779.192283 5744.372971
UTC=2024-01-22T15:46:02.000000
-942701.740390 6076033.222549 -3721975.500395
1151.065818 4015.523700 6271.875638
UTC=2024-01-22T15:48:02.000000
-793761.399932 6508726.927204 -2942493.141728
1325.685499 3186.163629 6702.777555
UTC=2024-01-22T15:50:02.000000
-625948.996824 6838614.589365 -2117449.745046
1465.036618 2304.387124 7030.211391
UTC=2024-01-22T15:52:02.000000
-443683.664245 7060250.670050 -1259594.198024
1566.139651 1384.404916 7248.907192
UTC=2024-01-22T15:54:02.000000
-251691.951420 7169939.397642 -382206.733035
1626.860777 441.128281 7355.294483
UTC=2024-01-22T15:56:02.000000
-54903.121856 7165803.697937 501109.976225
1645.961660 -510.086582 7347.580191
UTC=2024-01-22T15:58:02.000000
141660.191294 7047822.331232 1376647.215026
1623.127084 -1453.712463 7225.794482
UTC=2024-01-22T16:00:02.000000
332993.201191 6817833.311513 2230809.644995
1558.968552 -2374.336234 6991.793121
UTC=2024-01-22T16:02:02.000000
514219.403017 6479503.641565 3050332.248147
1455.008228 -3256.931082 6649.216536
UTC=2024-01-22T16:04:02.000000
680697.957197 6038267.556207 3822490.934925
1313.645383 -4087.112687 6203.426757
UTC=2024-01-22T16:06:02.000000
828126.382769 5501234.695613 4535303.828095
1138.109853 -4851.380336 5661.417537
UTC=2024-01-22T16:08:02.000000
952635.776581 4877069.070186 5177721.114668
932.382861 -5537.372318 5031.701383
UTC=2024-01-22T16:10:02.000000
1050875.683869 4175839.430606 5739796.134252
701.110507 -6134.061801 4324.123976
UTC=2024-01-22T16:12:02.000000
1120088.588670 3408850.023799 6212836.112203
449.510686 -6631.911455 3549.711132
UTC=2024-01-22T16:14:02.000000
1158171.647631 2588452.554787 6589533.483590
183.257310 -7023.022685 2720.492307
UTC=2024-01-22T16:16:02.000000
1163724.454717 1727842.433106 6864074.884508
-91.635877 -7301.249102 1849.309301
UTC=2024-01-22T16:18:02.000000
1136082.589515 840843.000497 7032226.730593
-368.937022 -7462.282582 949.615237
UTC=2024-01-22T16:20:02.000000
1075336.276678 -58318.152844 7091396.353910
-642.321504 -7503.699175 35.274097
UTC=2024-01-22T16:22:02.000000
982333.902161 -955237.305183 7040670.026008
-905.499402 -7424.992716 -879.629141
UTC=2024-01-22T16:24:02.000000
858670.156656 -1835565.803477 6880826.965172
-1152.343414 -7227.584835 -1780.998634
UTC=2024-01-22T16:26:02.000000
706658.945370 -2685240.178113 6614328.380445
-1377.014465 -6914.802103 -2654.930880
UTC=2024-01-22T16:28:02.000000
529291.429905 -3490708.396487 6245281.805986
-1574.084140 -6491.830345 -3487.927174
UTC=2024-01-22T16:30:02.000000
330179.877600 -4239147.870587 5779379.993559
-1738.646440 -5965.624506 -4267.096538
UTC=2024-01-22T16:32:02.000000
113488.779498 -4918671.734965 5223817.056384
-1866.420318 -5344.806997 -4980.337713
UTC=2024-01-22T16:34:02.000000
-116146.038685 -5518522.207054 4587182.712805
-1953.847263 -4639.552814 -5616.523829
UTC=2024-01-22T16:36:02.000000
-353709.684937 -6029248.373387 3879333.618329
-1998.181693 -3861.438020 -6165.697591
UTC=2024-01-22T16:38:02.000000
-593910.253061 -6442862.962500 3111242.450510
-1997.562482 -3023.247304 -6619.242300
UTC=2024-01-22T16:40:02.000000
-831288.185225 -6752974.853174 2294827.757666
-1951.062970 -2138.760118 -6970.033356
UTC=2024-01-22T16:42:02.000000
-1060330.435716 -6954894.576303 1442767.366853
-1858.723271 -1222.520019 -7212.559289
UTC=2024-01-22T16:44:02.000000
-1275587.913343 -7045711.602651 568297.963574
-1721.569448 -289.586386 -7343.034239
UTC=2024-01-22T16:46:02.000000
-1471793.128994 -7024339.420218 -314996.770920
-1541.597453 644.745740 -7359.468137
UTC=2024-01-22T16:48:02.000000
-1643974.608285 -6891527.399931 -1193403.685795
-1321.737528 1565.218707 -7261.695190
UTC=2024-01-22T16:50:02.000000
-1787565.986045 -6649840.125643 -2053299.104606
-1065.800948 2456.880691 -7051.369005
UTC=2024-01-22T16:52:02.000000
-1898507.665300 -6303604.988245 -2881365.331753
-778.409184 3305.346168 -6731.927259
UTC=2024-01-22T16:54:02.000000
-1973338.821626 -5858829.025827 -3664800.999344
-464.903716 4097.047166 -6308.523077
UTC=2024-01-22T16:56:02.000000
-2009277.515881 -5323086.736843 -4391520.917592
-131.238777 4819.463038 -5787.919275
UTC=2024-01-22T16:58:02.000000
-2004287.205744 -4705382.253246 -5050341.423048
216.136779 5461.317076 -5178.354667
UTC=2024-01-22T17:00:02.000000
-1957128.710043 -4015989.894099 -5631148.679825
570.403703 6012.741366 -4489.394971
UTC=2024-01-22T17:02:02.000000
-1867396.895583 -3266276.598329 -6125048.323550
924.502513 6465.414211 -3731.771010
UTC=2024-01-22T17:04:02.000000
-1735541.482349 -2468509.420361 -6524494.903230
1271.267815 6812.671654 -2917.203167
UTC=2024-01-22T17:06:02.000000
-1562871.644362 -1635651.505087 -6823399.339704
1603.562649 7049.586010 -2058.212157
UTC=2024-01-22T17:08:02.000000
-1351544.813261 -781150.711382 -7017213.659686
1914.407661 7173.012346 -1167.931225
UTC=2024-01-22T17:10:02.000000
-1104540.102807 81275.966024 -7102993.224103
2197.108922 7181.611451 -259.917931
UTC=2024-01-22T17:12:02.000000
-825616.394880 937859.079043 -7079436.460969
2445.384699 7075.846367 652.031162
UTC=2024-01-22T17:14:02.000000
-519255.710645 1774992.083624 -6946902.435422
2653.483210 6857.963962 1554.067327
UTC=2024-01-22T17:16:02.000000
-190592.977940 2579443.007814 -6707405.923294
2816.292815 6531.952381 2432.473517
UTC=2024-01-22T17:18:02.000000
154667.435975 3338560.387509 -6364590.722037
2929.452525 6103.487864 3273.848706
UTC=2024-01-22T17:20:02.000000
510347.961565 4040471.237817 -5923679.899374
2989.451507 5579.851774 4065.305396
UTC=2024-01-22T17:22:02.000000
869904.894649 4674267.190519 -5391402.938037
2993.711374 4969.821080 4794.653644
UTC=2024-01-22T17:24:02.000000
1226544.820745 5230176.969090 -4775901.169410
2940.659949 4283.548123 5450.583966
UTC=2024-01-22T17:26:02.000000
1573349.061611 5699722.698642 -4086610.855740
2829.789675 3532.409010 6022.853800
UTC=2024-01-22T17:28:02.000000
1903403.857985 6075856.184550 -3334124.768062
2661.694594 2728.824706 6502.457363
UTC=2024-01-22T17:30:02.000000
2209933.828991 6353072.836338 -2530034.280378
2438.088345 1886.066820 6881.782461
UTC=2024-01-22T17:32:02.000000
2486436.336693 6527500.940427 -1686753.313078
2161.800201 1018.040108 7154.754588
UTC=2024-01-22T17:34:02.000000
2726813.807582 6596963.450025 -817326.261541
1836.744666 139.042777 7316.957998
UTC=2024-01-22T17:36:02.000000
2925500.840422 6561010.054041 64776.695459
1467.865422 -736.487280 7365.723703
UTC=2024-01-22T17:38:02.000000
3077583.169183 6420918.544420 945872.688155
1061.056104 -1594.228505 7300.181690
UTC=2024-01-22T17:40:02.000000
3178905.879200 6179665.761499 1812283.573804
623.060532 -2420.226541 7121.281863
UTC=2024-01-22T17:42:02.000000
3226168.428704 5841868.661280 2650554.003330
161.353183 -3201.140744 6831.782662
UTC=2024-01-22T17:44:02.000000
3217004.374225 5413696.423161 3447666.072501
-315.995892 -3924.479653 6436.205965
UTC=2024-01-22T17:46:02.000000
3150044.085705 4902755.294815 4191246.339731
-800.468581 -4578.816590 5940.754753
UTC=2024-01-22T17:48:02.000000
3024958.888511 4317949.269502 4869761.545944
-1283.263422 -5153.980783 5353.209322
UTC=2024-01-22T17:50:02.000000
2842484.464949 3669318.648416 5472699.399087
-1755.469637 -5641.227980 4682.776494
UTC=2024-01-22T17:52:02.000000
2604424.603572 2967861.410148 5990729.562388
-2208.221704 -6033.358292 3939.921546
UTC=2024-01-22T17:54:02.000000
2313636.450251 2225342.145963 6415844.825757
-2632.856061 -6324.808778 3136.203361
UTC=2024-01-22T17:56:02.000000
1973996.496992 1454090.862090 6741481.647576
-3021.073862 -6511.728665 2284.090599
UTC=2024-01-22T17:58:02.000000
1590347.534476 666794.992094 6962617.083335
-3365.093145 -6592.013628 1396.757583
UTC=2024-01-22T18:00:02.000000
1168428.186679 -123710.351609 7075841.660587
-3657.787471 -6565.305322 487.890358
UTC=2024-01-22T18:02:02.000000
714786.289443 -904651.502450 7079409.548705
-3892.818410 -6432.984269 -428.503914
UTC=2024-01-22T18:04:02.000000
236676.675357 -1663523.234344 6973264.450316
-4064.760764 -6198.134486 -1338.308204
UTC=2024-01-22T18:06:02.000000
-258055.237713 -2388289.484600 6759040.433318
-4169.213974 -5865.479373 -2227.501437
UTC=2024-01-22T18:08:02.000000
-761102.201004 -3067575.204493 6440037.786255
-4202.894709 -5441.295125 -3082.369553
UTC=2024-01-22T18:10:02.000000
-1263833.588763 -3690845.908411 6021174.035211
-4163.707688 -4933.294670 -3889.703162
UTC=2024-01-22T18:12:02.000000
-1757441.957532 -4248572.790051 5508912.467853
-4050.812078 -4350.505243 -4636.980116
UTC=2024-01-22T18:14:02.000000
-2233097.084246 -4732382.410816 4911168.148459
-3864.675899 -3703.130744 -5312.559534
UTC=2024-01-22T18:16:02.000000
-2682104.895541 -5135188.262130 4237190.262893
-3607.102037 -3002.386022 -5905.879145
UTC=2024-01-22T18:18:02.000000
-3096067.580161 -5451300.752180 3497421.360563
-3281.221391 -2260.303860 -6407.641091
UTC=2024-01-22T18:20:02.000000
-3467041.029231 -5676512.686348 2703335.786069
-2891.456951 -1489.522210 -6809.970389
UTC=2024-01-22T18:22:02.000000
-3787686.692218 -5808158.935336 1867260.706887
-2443.467109 -703.067238 -7106.549570
UTC=2024-01-22T18:24:02.000000
-4051415.201782 -5845149.392904 1002182.015224
-1944.063713 85.876094 -7292.734274
UTC=2024-01-22T18:26:02.000000
-4252518.433908 -5787973.853456 121538.160101
-1401.102027 864.200218 -7365.637491
UTC=2024-01-22T18:28:02.000000
-4386286.991302 -5638678.703815 -760994.253421
-823.348097 1619.108405 -7324.183673
UTC=2024-01-22T18:30:02.000000
-4449110.317151 -5400815.636541 -1631719.478384
-220.322023 2338.347120 -7169.129237
UTC=2024-01-22T18:32:02.000000
-4438556.858428 -5079363.068075 -2477141.596541
397.876346 3010.426181 -6903.041491
UTC=2024-01-22T18:34:02.000000
-4353432.574547 -4680622.407427 -3284178.679641
1020.753426 3624.816697 -6530.240276
UTC=2024-01-22T18:36:02.000000
-4193816.697812 -4212092.202609 -4040367.907812
1637.613542 4172.121196 -6056.706661
UTC=2024-01-22T18:38:02.000000
-3961074.540653 -3682323.604278 -4734058.122233
2237.749082 4644.215048 -5489.966112
UTC=2024-01-22T18:40:02.000000
-3657847.643347 -3100760.433847 -5354587.111423
2810.628398 5034.362087 -4838.950492
UTC=2024-01-22T18:42:02.000000
-3288021.624684 -2477567.142932 -5892440.912921
3346.077739 5337.299116 -4113.837556
UTC=2024-01-22T18:44:02.000000
-2856672.942945 -1823448.598310 -6339393.207952
3834.451200 5549.289414 -3325.881604
UTC=2024-01-22T18:46:02.000000
-2369995.664858 -1149464.855353 -6688623.862624
4266.794411 5668.152427 -2487.233178
UTC=2024-01-22T18:48:02.000000
-1835209.355914 -466844.142672 -6934814.941998
4634.993034 5693.263330 -1610.745966
UTC=2024-01-22T18:50:02.000000
-1260450.436559 213202.384218 -7074223.525954
4931.900155 5625.524683 -709.785792
UTC=2024-01-22T18:52:02.000000
-654649.078819 879661.282835 -7104732.418894
5151.453035 5467.321345 201.947556
UTC=2024-01-22T18:54:02.000000
-27392.400623 1521891.495015 -7025878.985128
5288.780999 5222.462439 1110.610140
UTC=2024-01-22T18:56:02.000000
611223.933642 2129790.504833 -6838861.489336
5340.294129 4896.101703 2002.392648
UTC=2024-01-22T18:58:02.000000
1250754.913226 2693950.820180 -6546523.925468
5303.772707 4494.652302 2863.709777
UTC=2024-01-22T19:00:02.000000
1880574.362945 3205804.634145 -6153317.148741
5178.424806 4025.676441 3681.397137
UTC=2024-01-22T19:02:02.000000
2490048.937934 3657754.277306 -5665237.099015
4964.928282 3497.757950 4442.898627
UTC=2024-01-22T19:04:02.000000
3068715.945692 4043286.568160 -5089740.854214
4665.451429 2920.364791 5136.448200
UTC=2024-01-22T19:06:02.000000
3606462.555779 4357070.231294 -4435640.842620
4283.655334 2303.700726 5751.253455
UTC=2024-01-22T19:08:02.000000
4093703.716006 4595034.214357 -3712977.168552
3824.668844 1658.536448 6277.674221
UTC=2024-01-22T19:10:02.000000
4521555.462065 4754424.926585 -2932869.109350
3295.036044 996.027176 6707.392127
UTC=2024-01-22T19:12:02.000000
4881999.682803 4833840.739207 -2107347.200950
2702.626944 327.517992 7033.559697
UTC=2024-01-22T19:14:02.000000
5168036.978390 4833243.107931 -1249169.049550
2056.529762 -335.651797 7250.927663
UTC=2024-01-22T19:16:02.000000
5373824.494957 4753943.498036 -371620.598860
1366.904309 -982.355532 7355.953951
UTC=2024-01-22T19:18:02.000000
5494794.290015 4598565.872153 511693.089795
644.809761 -1601.876914 7346.870507
UTC=2024-01-22T19:20:02.000000
5527750.396720 4370986.026748 1387063.280165
-97.978609 -2184.099788 7223.721788
UTC=2024-01-22T19:22:02.000000
5470942.828584 4076248.415979 2240895.998864
-849.172361 -2719.692228 6988.375125
UTC=2024-01-22T19:24:02.000000
5324115.711508 3720461.781412 3059929.624172
-1596.197181 -3200.273940 6644.493931
UTC=2024-01-22T19:26:02.000000
5088527.678352 3310676.203682 3831446.600726
-2326.423352 -3618.557843 6197.468540
UTC=2024-01-22T19:28:02.000000
4766944.906898 2854744.522479 4543474.981597
-3027.392334 -3968.469688 5654.315281
UTC=2024-01-22T19:30:02.000000
4363607.545529 2361171.222514 5184975.814037
-3687.031085 -4245.233409 5023.546488
UTC=2024-01-22T19:32:02.000000
3884170.452782 1838953.073723 5746014.787341
-4293.871247 -4445.429502 4315.033215
UTC=2024-01-22T19:34:02.000000
3335618.306433 1297413.699498 6217914.684090
-4837.247528 -4567.033539 3539.825373
UTC=2024-01-22T19:36:02.000000
2726158.600576 746035.534514 6593385.662805
-5307.472605 -4609.420546 2709.963936
UTC=2024-01-22T19:38:02.000000
2065094.815870 194293.392040 6866632.892110
-5695.991789 -4573.336533 1838.294761
UTC=2024-01-22T19:40:02.000000
1362681.833394 -348507.800472 7033442.170857
-5995.526388 -4460.859527 938.283637
UTC=2024-01-22T19:42:02.000000
629964.750438 -873389.787843 7091242.258080
-6200.204374 -4275.344728 23.811682
UTC=2024-01-22T19:44:02.000000
-121396.268580 -1371849.578286 7039142.049426
-6305.661664 -4021.342848 -891.033445
UTC=2024-01-22T19:46:02.000000
-879312.071205 -1835997.282580 6877943.146613
-6309.124422 -3704.504235 -1792.162703
UTC=2024-01-22T19:48:02.000000
-1631458.987535 -2258681.367266 6610127.466633
-6209.464353 -3331.463498 -2665.693476
UTC=2024-01-22T19:50:02.000000
-2365478.276358 -2633599.077569 6239820.911805
-6007.230055 -2909.711174 -3498.138568
UTC=2024-01-22T19:52:02.000000
-3069179.099048 -2955391.626805 5772734.845328
-5704.675377 -2447.467956 -4276.594496
UTC=2024-01-22T19:54:02.000000
-3730743.810345 -3219723.410972 5216083.372946
-5305.761993 -1953.539519 -4988.955219
UTC=2024-01-22T19:56:02.000000
-4338930.344600 -3423342.460514 4578475.301197
-4816.110716 -1437.153372 -5624.112403
UTC=2024-01-22T19:58:02.000000
-4883267.183835 -3564121.078713 3869783.674193
-4242.929027 -907.791528 -6172.132248
UTC=2024-01-22T20:00:02.000000
-5354238.085277 -3641076.146782 3100994.914923
-3594.912320 -375.019920 -6624.417850
UTC=2024-01-22T20:02:02.000000
-5743453.550176 -3654369.009749 2284039.295930
-2882.120999 151.681617 -6973.860088
UTC=2024-01-22T20:04:02.000000
-6043805.356007 -3605284.673166 1431603.946272
-2115.819282 663.094857 -7214.973565
UTC=2024-01-22T20:06:02.000000
-6249599.776726 -3496189.847775 556931.669035
-1308.284295 1150.437888 -7343.995984
UTC=2024-01-22T20:08:02.000000
-6356666.658903 -3330470.796035 -326390.087001
-472.595276 1605.525389 -7358.954463
UTC=2024-01-22T20:10:02.000000
-6362442.088971 -3112452.747238 -1204646.679290
377.597036 2020.917584 -7259.705948
UTC=2024-01-22T20:12:02.000000
-6266021.902728 -2847302.037356 -2064216.229403
1228.323781 2390.056308 -7047.934619
UTC=2024-01-22T20:14:02.000000
-6068184.715994 -2540913.548445 -2891786.369001
2065.548053 2707.373081 -6727.104935
UTC=2024-01-22T20:16:02.000000
-5771385.424215 -2199786.656057 -3674563.898194
2875.409964 2968.373947 -6302.390919
UTC=2024-01-22T20:18:02.000000
-5379719.334999 -1830892.302479 -4400474.043518
3644.468052 3169.701449 -5780.572575
UTC=2024-01-22T20:20:02.000000
-4898858.298505 -1441534.257048 -5058345.719983
4359.924571 3309.169913 -5169.908753
UTC=2024-01-22T20:22:02.000000
-4335960.519194 -1039207.474184 -5638080.350007
5009.839036 3385.778815 -4479.988648
UTC=2024-01-22T20:24:02.000000
-3699555.911486 -631456.376927 -6130801.376678
5583.319439 3399.699910 -3721.560752
UTC=2024-01-22T20:26:02.000000
-2999410.169071 -225736.108960 -6528982.714907
6070.687086 3352.241827 -2906.354014
UTC=2024-01-22T20:28:02.000000
-2246370.396175 170720.705855 -6826555.428371
6463.619513 3245.793538 -2046.894662
UTC=2024-01-22T20:30:02.000000
-1452194.761652 551029.322006 -7018992.163968
6755.272343 3083.750834 -1156.317750
UTC=2024-01-22T20:32:02.000000
-629369.300964 908768.882746 -7103368.993090
6940.373533 2870.435375 -248.181103
UTC=2024-01-22T20:34:02.000000
209085.660800 1238087.997540 -7078404.868546
7015.300848 2610.998694 663.722336
UTC=2024-01-22T20:36:02.000000
1049817.123507 1533797.880008 -6944479.337549
6978.142831 2311.315561 1565.537775
UTC=2024-01-22T20:38:02.000000
1879348.274210 1791452.823625 -6703628.609250
6828.752311 1977.876235 2443.543686
UTC=2024-01-22T20:40:02.000000
2684291.331062 2007416.739199 -6359517.724602
6568.762315 1617.663144 3284.345422
UTC=2024-01-22T20:42:02.000000
3451561.250334 2178914.499992 -5917389.812585
6201.580951 1238.020894 4075.067638
UTC=2024-01-22T20:44:02.000000
4168586.948772 2304067.433084 -5383992.971305
5732.361110 846.524000 4803.532282
UTC=2024-01-22T20:46:02.000000
4823518.383683 2381912.964326 -4767485.587502
5167.956902 450.843241 5458.444636
UTC=2024-01-22T20:48:02.000000
5405426.107297 2412407.721813 -4077319.003152
4516.840429 58.604138 6029.579699
UTC=2024-01-22T20:50:02.000000
5904488.769622 2396413.627716 -3324098.918158
3788.986806 -322.753882 6507.949427
UTC=2024-01-22T20:52:02.000000
6312165.624933 2335667.279896 -2519427.681631
2995.740089 -686.114926 6885.957261
UTC=2024-01-22T20:54:02.000000
6621350.924849 2232732.994405 -1675728.045556
2149.639760 -1024.821888 7157.548574
UTC=2024-01-22T20:56:02.000000
6826505.200173 2090939.889756 -806050.989780
1264.216085 -1332.805745 7318.324172
UTC=2024-01-22T20:58:02.000000
6923761.019586 1914304.147932 76128.723143
353.764868 -1604.703373 7365.634032
UTC=2024-01-22T21:00:02.000000
6910999.422662 1707437.901341 957126.105605
-566.910934 -1835.960066 7298.627575
UTC=2024-01-22T21:02:02.000000
6787896.054909 1475447.300714 1823262.947592
-1482.745750 -2022.909670 7118.272223
UTC=2024-01-22T21:04:02.000000
6555936.614697 1223821.488912 2661086.575618
-2378.685769 -2162.845043 6827.353867
UTC=2024-01-22T21:06:02.000000
6218398.756147 958314.652313 3457584.988255
-3239.961773 -2254.060506 6430.419717
UTC=2024-01-22T21:08:02.000000
5780302.328502 684824.489981 4200393.802203
-4052.350992 -2295.871947 5933.699570
UTC=2024-01-22T21:10:02.000000
5248328.489111 409269.568355 4877991.092187
-4802.424661 -2288.612044 5344.982622
UTC=2024-01-22T21:12:02.000000
4630711.259886 137468.737143 5479876.884598
-5477.768176 -2233.605642 4673.489324
UTC=2024-01-22T21:14:02.000000
3937102.600979 -124975.795653 5996735.584445
-6067.196627 -2133.128842 3929.708434
UTC=2024-01-22T21:16:02.000000
3178414.002148 -372788.550395 6420577.154565
-6560.928386 -1990.338194 3125.213801
UTC=2024-01-22T21:18:02.000000
2366639.243412 -601121.843420 6744856.486637
-6950.729521 -1809.193406 2272.482788
UTC=2024-01-22T21:20:02.000000
1514660.913267 -805646.870452 6964570.590556
-7230.040275 -1594.366772 1384.708014
UTC=2024-01-22T21:22:02.000000
636042.832167 -982633.247189 7076332.429113
-7394.081086 -1351.141243 475.593811
UTC=2024-01-22T21:24:02.000000
-255187.923632 -1129015.460853 7078419.713870
-7439.919303 -1085.295724 -440.851919
UTC=2024-01-22T21:26:02.000000
-1144765.428304 -1242445.330418 6970799.204701
-7366.511839 -802.986442 -1350.520187
UTC=2024-01-22T21:28:02.000000
-2018412.946720 -1321329.764324 6755126.678097
-7174.722172 -510.620215 -2239.403175
UTC=2024-01-22T21:30:02.000000
-2862071.430239 -1364852.989051 6434722.956261
-6867.312207 -214.724071 -3093.789370
UTC=2024-01-22T21:32:02.000000
-3662126.259000 -1372983.333130 6014526.942735
-6448.922736 78.181553 -3900.456196
UTC=2024-01-22T21:34:02.000000
-4405630.108603 -1346464.906223 5501024.396777
-5926.021883 361.708548 -4646.879762
UTC=2024-01-22T21:36:02.000000
-5080517.149444 -1286794.004527 4902152.014650
-5306.815992 629.730257 -5321.434258
UTC=2024-01-22T21:38:02.000000
-5675804.745329 -1196180.110516 4227178.097811
-4601.128854 876.507152 -5913.582807
UTC=2024-01-22T21:40:02.000000
-6181778.605232 -1077492.250407 3486561.257985
-3820.247955 1096.805344 -6414.050539
UTC=2024-01-22T21:42:02.000000
-6590158.122980 -934191.776353 2691789.742350
-2976.750529 1286.003468 -6814.975882
UTC=2024-01-22T21:44:02.000000
-6894239.807810 -770252.953035 1855203.112311
-2084.308448 1440.189593 -7110.055792
UTC=2024-01-22T21:46:02.000000
-7089014.640261 -590072.717533 989797.352521
-1157.448560 1556.243205 -7294.669545
UTC=2024-01-22T21:48:02.000000
-7171255.267705 -398371.669714 109017.769255
-211.294843 1631.899780 -7365.960106
UTC=2024-01-22T21:50:02.000000
-7139571.733662 -200088.381937 -773455.979008
738.699002 1665.797083 -7322.884462
UTC=2024-01-22T21:52:02.000000
-6994434.327255 -269.370845 -1643928.866948
1677.029751 1657.500368 -7166.227810
UTC=2024-01-22T21:54:02.000000
-6738163.094988 196042.481118 -2488908.466458
2588.413870 1607.503566 -6898.575327
UTC=2024-01-22T21:56:02.000000
-6374885.915606 383918.596825 -3295318.610081
3458.050382 1517.213983 -6524.270086
UTC=2024-01-22T21:58:02.000000
-5910464.182186 558652.457081 -4050705.561356
4271.890146 1388.917353 -6049.323161
UTC=2024-01-22T22:00:02.000000
-5352388.415229 715861.736957 -4743430.822788
5016.866399 1225.720156 -5481.289395
UTC=2024-01-22T22:02:02.000000
-4709647.631362 851582.549240 -5362848.182068
5681.103674 1031.476479 -4829.126126
UTC=2024-01-22T22:04:02.000000
-3992575.378174 962354.043947 -5899462.420876
6254.095523 810.700350 -4103.031705
UTC=2024-01-22T22:06:02.000000
-3212676.208215 1045291.643829 -6345068.054668
6726.854332 568.464634 -3314.273205
UTC=2024-01-22T22:08:02.000000
-2382436.061561 1098147.712333 -6692866.651690
7092.028024 310.294460 -2475.004941
UTC=2024-01-22T22:10:02.000000
-1515120.079498 1119359.356281 -6937562.562145
7343.996561 42.057866 -1598.086599
UTC=2024-01-22T22:12:02.000000
-624560.522246 1108082.443110 -7075435.812171
7478.935314 -230.154033 -696.888474
UTC=2024-01-22T22:14:02.000000
275060.962154 1064211.206484 -7104392.333886
7494.849906 -500.145854 214.890803
UTC=2024-01-22T22:16:02.000000
1169434.426224 988383.626142 -7023993.000668
7391.601298 -761.737392 1123.397180
UTC=2024-01-22T22:18:02.000000
2044345.410128 881972.314056 -6835460.712583
7170.917276 -1008.885338 2014.818666
UTC=2024-01-22T22:20:02.000000
2885897.403793 747060.870415 -6541663.584581
6836.363879 -1235.802373 2875.578006
UTC=2024-01-22T22:22:02.000000
3680729.973698 586406.260254 -6147075.313668
6393.298631 -1437.072622 3692.524379
UTC=2024-01-22T22:24:02.000000
4416229.462785 403387.307968 -5657713.019659
5848.797342 -1607.765641 4453.114897
UTC=2024-01-22T22:26:02.000000
5080730.133163 201940.212525 -5081053.368260
5211.566676 -1743.538828 5145.597464
UTC=2024-01-22T22:28:02.000000
5663703.358838 -13517.924933 -4425926.402273
4491.828875 -1840.735573 5759.199203
UTC=2024-01-22T22:30:02.000000
6155930.616167 -238176.791449 -3702387.227141
3701.169636 -1896.472133 6284.303109
UTC=2024-01-22T22:32:02.000000
6549656.967760 -466930.123822 -2921567.540457
2852.366106 -1908.711055 6712.608987
UTC=2024-01-22T22:34:02.000000
6838722.552366 -694480.982618 -2095508.321262
1959.189838 -1876.319818 7037.287084
UTC=2024-01-22T22:36:02.000000
7018668.370636 -915452.770749 -1236975.113582
1036.176905 -1799.107910 7253.110198
UTC=2024-01-22T22:38:02.000000
7086813.334644 -1124503.582737 -359259.414165
98.380824 -1677.845575 7356.554016
UTC=2024-01-22T22:40:02.000000
7042300.961792 -1316441.627160 524030.344650
-838.886038 -1514.262442 7345.871040
UTC=2024-01-22T22:42:02.000000
6886114.118451 -1486339.169020 1399184.993727
-1760.326370 -1311.024204 7221.132760
UTC=2024-01-22T22:44:02.000000
6621056.947803 -1629642.439731 2252613.400900
-2650.927710 -1071.688473 6984.234323
UTC=2024-01-22T22:46:02.000000
6251704.254433 -1742274.683857 3071060.134896
-3496.236387 -800.634540 6638.865913
UTC=2024-01-22T22:48:02.000000
5784319.003018 -1820729.869231 3841816.745598
-4282.610338 -502.980518 6190.439770
UTC=2024-01-22T22:50:02.000000
5226740.696299 -1862155.597916 4552922.780302
-4997.453001 -184.483719 5645.990964
UTC=2024-01-22T22:52:02.000000
4588247.289320 -1864422.873222 5193353.094596
-5629.418134 148.576919 5014.050268
UTC=2024-01-22T22:54:02.000000
3879394.244676 -1826181.310293 5753188.930714
-6168.588907 489.524144 4304.501100
UTC=2024-01-22T22:56:02.000000
3111833.174299 -1746899.282250 6223770.269811
-6606.635769 831.411753 3528.407755
UTC=2024-01-22T22:58:02.000000
2298114.183009 -1626888.059558 6597826.301885
-6936.929331 1167.159981 2697.829119
UTC=2024-01-22T23:00:02.000000
1451476.368993 -1467309.781517 6869583.730099
-7154.628871 1489.690435 1825.632597
UTC=2024-01-22T23:02:02.000000
585629.137132 -1270168.936846 7034851.899361
-7256.743852 1792.065402 925.293849
UTC=2024-01-22T23:04:02.000000
-285471.682812 -1038287.333155 7091083.465301
-7242.159549 2067.622486 10.691999
UTC=2024-01-22T23:06:02.000000
-1147849.111103 -775263.319745 7037410.716735
-7111.636049 2310.102651 -904.091276
UTC=2024-01-22T23:08:02.000000
-1987728.850964 -485415.827054 6874657.968562
-6867.785645 2513.775988 -1804.970866
UTC=2024-01-22T23:10:02.000000
-2791758.984834 -173713.667452 6605329.928380
-6515.026306 2673.559869 -2678.058212
UTC=2024-01-22T23:12:02.000000
-3547222.901868 154308.778752 6233576.157960
-6059.515451 2785.128033 -3509.861466
UTC=2024-01-22T23:14:02.000000
-4242242.823097 492648.293661 5765131.287930
-5509.058753 2845.008254 -4287.488750
UTC=2024-01-22T23:16:02.000000
-4865970.635079 834940.593253 5207230.849562
-4872.989100 2850.668004 -4998.849302
UTC=2024-01-22T23:18:02.000000
-5408762.680224 1174577.542468 4568503.604776
-4162.021489 2800.586372 -5632.845537
UTC=2024-01-22T23:20:02.000000
-5862335.361533 1504831.936801 3858841.046533
-3388.076842 2694.306682 -6179.558344
UTC=2024-01-22T23:22:02.000000
-6219898.189989 1818987.361218 3089246.006030
-2564.085432 2532.469247 -6630.410858
UTC=2024-01-22T23:24:02.000000
-6476262.239685 2110470.678754 2271662.399677
-1703.772174 2316.821423 -6978.318419
UTC=2024-01-22T23:26:02.000000
-6627921.679330 2372984.399749 1418788.228246
-821.423352 2050.206424 -7217.817690
UTC=2024-01-22T23:28:02.000000
-6673106.068615 2600636.318494 543874.305384
68.368438 1736.527050 -7345.172899
UTC=2024-01-22T23:30:02.000000
-6611801.262905 2788063.015708 -339487.334644
950.967348 1380.681200 -7358.440813
UTC=2024-01-22T23:32:02.000000
-6445738.971793 2930544.409264 -1217580.852023
1811.955310 988.477426 -7257.503563
UTC=2024-01-22T23:34:02.000000
-6178355.218747 3024107.019395 -2076785.810137
2637.386746 566.532145 -7044.066761
UTC=2024-01-22T23:36:02.000000
-5814718.574534 3065613.797922 -2903794.441014
3414.039343 122.146877 -6721.626123
UTC=2024-01-22T23:38:02.000000
-5361429.321027 3052837.951015 -3685822.065039
4129.641863 -336.833030 -6295.388692
UTC=2024-01-22T23:40:02.000000
-4826493.095702 2984519.466625 -4410806.387859
4773.074322 -802.164861 -5772.166908
UTC=2024-01-22T23:42:02.000000
-4219172.144498 2860403.628053 -5067592.398839
5334.539186 -1265.362595 -5160.245915
UTC=2024-01-22T23:44:02.000000
-3549817.917993 2681260.860307 -5646100.017829
5805.700460 -1717.851918 -4469.228589
UTC=2024-01-22T23:46:02.000000
-2829689.298791 2448888.246911 -6137472.396048
6179.785218 -2151.121308 -3709.872630
UTC=2024-01-22T23:48:02.000000
-2070759.776976 2166092.886400 -6534204.581581
6451.669082 -2556.874342 -2893.921170
UTC=2024-01-22T23:50:02.000000
-1285516.022469 1836657.024638 -6830250.212028
6617.927440 -2927.178291 -2033.908462
UTC=2024-01-22T23:52:02.000000
-486752.913084 1465286.259191 -7021105.286404
6676.849977 -3254.599098 -1142.976292
UTC=2024-01-22T23:54:02.000000
312632.325670 1057541.791303 -7103869.900168
6628.437761 -3532.330873 -234.687035
UTC=2024-01-22T23:56:02.000000
1099844.265053 619757.906976 -7077288.129543
6474.383928 -3754.315085 677.151957
UTC=2024-01-22T23:58:02.000000
1862390.738993 158945.029747 -6941765.820763
6218.039727 -3915.359991 1578.686047
