UTC=2024-01-08T00:00:02.000000
5636501.663717 -2615036.732370 -3612478.218295
2604.757285 -3132.215312 6340.293763
UTC=2024-01-08T00:02:02.000000
5901798.943227 -2972309.819888 -2825650.014358
1812.019982 -2812.334927 6756.626654
UTC=2024-01-08T00:04:02.000000
6070490.895583 -3287690.999659 -1995063.321271
996.904272 -2434.840125 7068.625824
UTC=2024-01-08T00:06:02.000000
6140702.040600 -3554585.630694 -1133556.671517
172.943266 -2005.235867 7271.261029
UTC=2024-01-08T00:08:02.000000
6112188.393399 -3767125.197649 -254470.250726
-646.245105 -1530.103742 7361.216346
UTC=2024-01-08T00:10:02.000000
5986333.090768 -3920290.408145 628564.294691
-1447.199791 -1016.997032 7336.958689
UTC=2024-01-08T00:12:02.000000
5766113.226500 -4010020.612438 1501840.494452
-2216.856339 -474.316520 7198.778733
UTC=2024-01-08T00:14:02.000000
5456037.677433 -4033306.393346 2351796.580008
-2942.788777 88.845828 6948.792851
UTC=2024-01-08T00:16:02.000000
5062057.079047 -3988262.604363 3165232.114346
-3613.427464 662.871759 6590.897623
UTC=2024-01-08T00:18:02.000000
4591449.232679 -3874181.153680 3929517.788224
-4218.253251 1237.792249 6130.700697
UTC=2024-01-08T00:20:02.000000
4052682.519848 -3691562.362023 4632795.026188
-4747.969815 1803.465816 5575.422116
UTC=2024-01-08T00:22:02.000000
3455259.554533 -3442124.548017 5264162.255745
-5194.659138 2349.766313 4933.766709
UTC=2024-01-08T00:24:02.000000
2809544.688005 -3128790.852182 5813843.678164
-5551.892192 2866.769306 4215.766156
UTC=2024-01-08T00:26:02.000000
2126580.036619 -2755654.388556 6273338.687109
-5814.814574 3344.928620 3432.611863
UTC=2024-01-08T00:28:02.000000
1417892.818914 -2327922.685734 6635549.879560
-5980.201550 3775.243782 2596.467608
UTC=2024-01-08T00:30:02.000000
695298.128635 -1851842.651199 6894888.362428
-6046.482128 4149.417989 1720.278898
UTC=2024-01-08T00:32:02.000000
-29299.641982 -1334607.179109 7047355.641841
-6013.735756 4460.004840 817.573675
UTC=2024-01-08T00:34:02.000000
-744103.297025 -784244.906976 7090601.568324
-5883.663002 4700.542914 -97.737287
UTC=2024-01-08T00:36:02.000000
-1437614.587085 -209494.763474 7023958.226663
-5659.536146 4865.674215 -1011.560685
UTC=2024-01-08T00:38:02.000000
-2098818.917067 380332.967241 6848449.730878
-5346.130224 4951.250372 -1909.823345
UTC=2024-01-08T00:40:02.000000
-2717360.445331 975507.284701 6566777.622243
-4949.632992 4954.421102 -2778.675262
UTC=2024-01-08T00:42:02.000000
-3283705.245069 1566036.641934 6183281.946971
-4477.535483 4873.704458 -3604.690962
UTC=2024-01-08T00:44:02.000000
-3789290.339266 2141836.483618 5703878.482736
-3938.507101 4709.039625 -4375.066787
UTC=2024-01-08T00:46:02.000000
-4226656.702884 2692902.055990 5135972.171430
-3342.251673 4461.821118 -5077.820239
UTC=2024-01-08T00:48:02.000000
-4589563.679051 3209483.691685 4488346.791684
-2699.342804 4134.904072 -5701.984580
UTC=2024-01-08T00:50:02.000000
-4873082.665536 3682260.968912 3771032.072973
-2021.042809 3732.581968 -6237.789406
UTC=2024-01-08T00:52:02.000000
-5073668.122242 4102512.853558 2995150.093358
-1319.106727 3260.541154 -6676.825515
UTC=2024-01-08T00:54:02.000000
-5189204.433563 4462280.710930 2172742.927785
-605.576911 2725.787541 -7012.191990
UTC=2024-01-08T00:56:02.000000
-5219027.581402 4754520.736571 1316583.626230
107.432879 2136.541543 -7238.626263
UTC=2024-01-08T00:58:02.000000
-5163920.409089 4973241.516499 439973.463983
807.957947 1502.097193 -7352.599396
UTC=2024-01-08T01:00:02.000000
-5026082.028654 5113623.644134 -443469.931697
1484.393060 832.667237 -7352.376440
UTC=2024-01-08T01:02:02.000000
-4809072.110474 5172119.738514 -1320030.569778
2125.703675 139.207202 -7238.056685
UTC=2024-01-08T01:04:02.000000
-4517729.670754 5146531.485406 -2176114.213392
2721.632611 -566.788854 -7011.563529
UTC=2024-01-08T01:06:02.000000
-4158069.463515 5036061.768353 -2998464.708527
3262.869082 -1273.497277 -6676.599505
UTC=2024-01-08T01:08:02.000000
-3737158.656352 4841341.220248 -3774373.271828
3741.207533 -1968.981995 -6238.567822
UTC=2024-01-08T01:10:02.000000
-3262976.407330 4564428.913537 -4491875.905345
4149.671511 -2641.406321 -5704.457632
UTC=2024-01-08T01:12:02.000000
-2744260.504485 4208788.140676 -5139935.799625
4482.606387 -3279.235897 -5082.708311
UTC=2024-01-08T01:14:02.000000
-2190344.794024 3779238.762682 -5708608.451836
4735.741046 -3871.426454 -4383.060978
UTC=2024-01-08T01:16:02.000000
-1610990.378661 3281887.198685 -6189188.591573
4906.230867 -4407.610233 -3616.399708
UTC=2024-01-08T01:18:02.000000
-1016213.186924 2724034.613022 -6574336.638025
4992.673466 -4878.269715 -2794.570475
UTC=2024-01-08T01:20:02.000000
-416111.469945 2114065.690590 -6858182.713698
4995.094588 -5274.886363 -1930.191145
UTC=2024-01-08T01:22:02.000000
179303.523119 1461320.757085 -7036408.206736
4914.910658 -5590.072791 -1036.467691
UTC=2024-01-08T01:24:02.000000
760271.387606 775952.791213 -7106305.315656
4754.876979 -5817.690084 -127.010342
UTC=2024-01-08T01:26:02.000000
1317439.634513 68771.230216 -7066814.319228
4519.023884 -5952.953182 784.355703
UTC=2024-01-08T01:28:02.000000
1842011.510292 -648926.063468 -6918537.607118
4212.566770 -5992.518688 1683.785651
UTC=2024-01-08T01:30:02.000000
2325882.169250 -1365529.775812 -6663730.909320
3841.805164 -5934.549182 2557.598900
UTC=2024-01-08T01:32:02.000000
2761762.396106 -2069303.088592 -6306272.389085
3414.013187 -5778.763137 3392.466684
UTC=2024-01-08T01:34:02.000000
3143288.169143 -2748570.452146 -5851609.669216
2937.316466 -5526.469213 4175.589537
UTC=2024-01-08T01:36:02.000000
3465115.317788 -3391910.175762 -5306684.946583
2420.562885 -5180.590303 4894.892182
UTC=2024-01-08T01:38:02.000000
3722996.945719 -3988347.270368 -4679835.963002
1873.164968 -4745.641517 5539.220647
UTC=2024-01-08T01:40:02.000000
3913841.469062 -4527541.766148 -3980675.275053
1304.939280 -4227.682921 6098.508889
UTC=2024-01-08T01:42:02.000000
4035751.579982 -4999970.629357 -3219949.862054
725.946334 -3634.257282 6563.943531
UTC=2024-01-08T01:44:02.000000
4088043.314623 -5397100.489140 -2409381.032776
146.317643 -2974.298052 6928.125259
UTC=2024-01-08T01:46:02.000000
4071243.433534 -5711547.013332 -1561485.813736
-423.930169 -2257.996896 7185.212303
UTC=2024-01-08T01:48:02.000000
3987064.886633 -5937216.453816 -689383.112633
-975.073528 -1496.643881 7331.032383
UTC=2024-01-08T01:50:02.000000
3838360.800692 -6069426.590494 193412.280693
-1497.863042 -702.440471 7363.170803
UTC=2024-01-08T01:52:02.000000
3629057.241702 -6105003.660926 1073203.802951
-1983.691875 111.709574 7281.018579
UTC=2024-01-08T01:54:02.000000
3364066.875835 -6042353.283208 1936331.566899
-2424.749211 932.427481 7085.797365
UTC=2024-01-08T01:56:02.000000
3049184.497759 -5881502.630967 2769391.232548
-2814.165273 1746.106571 6780.536236
UTC=2024-01-08T01:58:02.000000
2690966.922574 -5624113.413407 3559447.515496
-3146.126704 2539.151394 6370.011909
UTC=2024-01-08T02:00:02.000000
2296600.658770 -5273466.083325 4294239.035412
-3415.964545 3298.217799 5860.663080
UTC=2024-01-08T02:02:02.000000
1873760.323111 -4834415.496820 4962371.298366
-3620.221755 4010.448976 5260.477169
UTC=2024-01-08T02:04:02.000000
1430460.699206 -4313318.865862 5553494.196681
-3756.690050 4663.697601 4578.849206
UTC=2024-01-08T02:06:02.000000
974905.536960 -3717937.916469 6058461.799097
-3824.429768 5246.737188 3826.423820
UTC=2024-01-08T02:08:02.000000
515335.649591 -3057316.693714 6469471.030181
-3823.757912 5749.450176 3014.905504
UTC=2024-01-08T02:10:02.000000
59880.253849 -2341638.848377 6780177.554778
-3756.209477 6162.985713 2156.870653
UTC=2024-01-08T02:12:02.000000
-383585.930334 -1582067.086332 6985788.969806
-3624.480260 6479.898211 1265.576852
UTC=2024-01-08T02:14:02.000000
-807577.850896 -790567.047186 7083135.144926
-3432.355652 6694.270923 354.771171
UTC=2024-01-08T02:16:02.000000
-1205125.764070 20282.680522 7070714.731404
-3184.623173 6801.819209 -561.514931
UTC=2024-01-08T02:18:02.000000
-1569889.559822 837491.132649 6948716.911416
-2886.970690 6799.965432 -1469.171508
UTC=2024-01-08T02:20:02.000000
-1896259.943269 1647863.162194 6719018.593752
-2545.870755 6687.890810 -2354.213423
UTC=2024-01-08T02:22:02.000000
-2179445.247219 2438212.463682 6385157.321082
-2168.456181 6466.564557 -3202.982096
UTC=2024-01-08T02:24:02.000000
-2415542.651194 3195576.777002 5952280.036790
-1762.385105 6138.750330 -4002.346258
UTC=2024-01-08T02:26:02.000000
-2601592.797372 3907432.156710 5427067.964794
-1335.700332 5708.984243 -4739.897520
UTC=2024-01-08T02:28:02.000000
-2735617.368097 4561903.280790 4817638.273531
-896.684428 5183.530383 -5404.144690
UTC=2024-01-08T02:30:02.000000
-2816638.609967 5147966.414755 4133422.517298
-453.705032 4570.302137 -5984.702828
UTC=2024-01-08T02:32:02.000000
-2844680.206653 5655641.036361 3385023.129104
-15.058856 3878.751413 -6472.470839
UTC=2024-01-08T02:34:02.000000
-2820749.334199 6076165.972292 2584049.592498
411.184859 3119.721966 -6859.789583
UTC=2024-01-08T02:36:02.000000
-2746800.286627 6402156.347803 1742937.198332
817.334945 2305.277601 -7140.575451
UTC=2024-01-08T02:38:02.000000
-2625680.220454 6627738.325325 874751.077297
1196.225166 1448.503165 -7310.430613
UTC=2024-01-08T02:40:02.000000
-2461057.978734 6748658.477435 -7021.279225
1541.348028 563.281538 -7366.724731
UTC=2024-01-08T02:42:02.000000
-2257337.782976 6762365.167554 -888685.473450
1846.973117 -335.948313 -7308.645937
UTC=2024-01-08T02:44:02.000000
-2019559.525881 6668059.857274 -1756560.191732
2108.253479 -1234.453854 -7137.224815
UTC=2024-01-08T02:46:02.000000
-1753287.107319 6466715.221331 -2597196.950885
2321.314181 -2117.493070 -6855.299505
UTC=2024-01-08T02:48:02.000000
-1464488.300413 6161060.749179 -3397592.399994
2483.305744 -2970.567670 -6467.437332
UTC=2024-01-08T02:50:02.000000
-1159409.657279 5755539.061400 -4145390.792654
2592.434826 -3779.664613 -5979.848172
UTC=2024-01-08T02:52:02.000000
-844448.907775 5256233.120149 -4829074.411385
2647.975122 -4531.495811 -5400.266359
UTC=2024-01-08T02:54:02.000000
-526027.355156 4670766.285000 -5438138.005078
2650.256631 -5213.709367 -4737.807771
UTC=2024-01-08T02:56:02.000000
-210464.710170 4008178.127936 -5963245.564346
2600.636037 -5815.085315 -4002.816542
UTC=2024-01-08T02:58:02.000000
96141.323604 3278777.686709 -6396367.399579
2501.446522 -6325.712964 -3206.689713
UTC=2024-01-08T03:00:02.000000
388028.133148 2493977.323191 -6730895.221016
2355.926577 -6737.135135 -2361.688713
UTC=2024-01-08T03:02:02.000000
659871.969272 1666111.354115 -6961734.754761
2168.137809 -7042.460564 -1480.755899
UTC=2024-01-08T03:04:02.000000
906881.265885 808242.008374 -7085376.471559
1942.871565 -7236.463398 -577.329195
UTC=2024-01-08T03:06:02.000000
1124878.065488 -66045.095532 -7099943.610374
1685.545620 -7315.657061 334.847626
UTC=2024-01-08T03:08:02.000000
1310366.570882 -942853.129522 -7005217.403579
1402.091950 -7278.347369 1241.917910
UTC=2024-01-08T03:10:02.000000
1460587.784712 -1808190.748130 -6802639.165183
1098.839024 -7124.655565 2130.100380
UTC=2024-01-08T03:12:02.000000
1573560.043823 -2648190.519661 -6495290.464048
782.394080 -6856.525837 2985.868613
UTC=2024-01-08T03:14:02.000000
1648105.123041 -3449327.582957 -6087851.702537
459.519092 -6477.722037 3796.132938
UTC=2024-01-08T03:16:02.000000
1683859.064450 -4198636.801224 -5586538.051538
137.001822 -5993.800362 4548.437661
UTC=2024-01-08T03:18:02.000000
1681267.627613 -4883923.768560 -4999011.551343
-178.471207 -5412.035579 5231.153408
UTC=2024-01-08T03:20:02.000000
1641566.578676 -5493965.773700 -4334271.635813
-480.440929 -4741.332513 5833.648406
UTC=2024-01-08T03:22:02.000000
1566746.712144 -6018701.174584 -3602524.825931
-762.803797 -3992.115160 6346.465941
UTC=2024-01-08T03:24:02.000000
1459503.804986 -6449402.886844 -2815033.506367
-1019.932717 -3176.174461 6761.490854
UTC=2024-01-08T03:26:02.000000
1323174.770970 -6778831.965627 -1983945.910093
-1246.786796 -2306.489500 7072.097535
UTC=2024-01-08T03:28:02.000000
1161661.073519 -7001367.975774 -1122109.506653
-1439.014515 -1397.019810 7273.276560
UTC=2024-01-08T03:30:02.000000
979340.313089 -7113112.912472 -242870.655456
-1593.044869 -462.471224 7361.737155
UTC=2024-01-08T03:32:02.000000
780968.270610 -7111965.442250 640135.957381
-1706.156383 481.960374 7335.972351
UTC=2024-01-08T03:34:02.000000
571573.449684 -6997664.102106 1513203.787199
-1776.532473 1420.851519 7196.295583
UTC=2024-01-08T03:36:02.000000
356346.353755 -6771798.135515 2362773.591520
-1803.293434 2338.827239 6944.846052
UTC=2024-01-08T03:38:02.000000
140526.078282 -6437784.772219 3175650.804406
-1786.509665 3220.842934 6585.552777
UTC=2024-01-08T03:40:02.000000
-70713.496769 -6000813.111185 3939215.901598
-1727.194594 4052.454620 6124.054026
UTC=2024-01-08T03:42:02.000000
-272375.192422 -5467757.375921 4641623.232872
-1627.272630 4820.059476 5567.591385
UTC=2024-01-08T03:44:02.000000
-459744.993134 -4847062.030156 5271986.344685
-1489.528738 5511.127021 4924.885733
UTC=2024-01-08T03:46:02.000000
-628491.290190 -4148600.509815 5820546.446813
-1317.538668 6114.403043 4205.984883
UTC=2024-01-08T03:48:02.000000
-774754.983437 -3383510.842013 6278821.909343
-1115.586883 6620.094359 3422.095897
UTC=2024-01-08T03:50:02.000000
-895228.840507 -2564010.909190 6639735.700820
-888.569544 7020.016714 2585.388658
UTC=2024-01-08T03:52:02.000000
-987224.570696 -1703198.766999 6897719.433627
-641.887876 7307.701155 1708.807301
UTC=2024-01-08T03:54:02.000000
-1048726.768107 -814840.999946 7048795.284693
-381.336531 7478.489355 805.884483
UTC=2024-01-08T03:56:02.000000
-1078433.167302 86849.193678 7090634.475518
-112.985998 7529.604439 -109.463099
UTC=2024-01-08T03:58:02.000000
-1075780.181488 987440.202094 7022591.079869
156.944380 7460.187462 -1023.138093
UTC=2024-01-08T04:00:02.000000
-1040953.058444 1872513.222890 6845711.492255
422.214573 7271.310539 -1921.066707
UTC=2024-01-08T04:02:02.000000
-974880.775944 2727893.370812 6562719.351401
676.689951 6965.962229 -2789.402530
UTC=2024-01-08T04:04:02.000000
-879215.973306 3539877.498082 6177976.167025
914.464350 6549.007983 -3614.727528
UTC=2024-01-08T04:06:02.000000
-756300.211166 4295455.810974 5697417.764979
1129.982263 6027.124162 -4384.254464
UTC=2024-01-08T04:08:02.000000
-609114.803372 4982523.684964 5128466.960581
1318.154882 5408.703774 -5086.018703
UTC=2024-01-08T04:10:02.000000
-441218.310295 5590081.102196 4479923.277263
1474.468322 4703.740739 -5709.073369
UTC=2024-01-08T04:12:02.000000
-256671.278290 6108415.146500 3761829.421354
1595.084978 3923.662363 -6243.670668
UTC=2024-01-08T04:14:02.000000
-59950.169712 6529261.948291 2985318.772124
1676.923157 3081.167277 -6681.408119
UTC=2024-01-08T04:16:02.000000
144148.088530 6845948.387277 2162443.101281
1717.736346 2190.026330 -7015.409384
UTC=2024-01-08T04:18:02.000000
350610.183372 7053504.959132 1305981.589062
1716.171242 1264.821499 -7240.441961
UTC=2024-01-08T04:20:02.000000
554315.733095 7148748.435686 429238.197199
1671.801305 320.698970 -7353.005470
UTC=2024-01-08T04:22:02.000000
750149.710648 7130333.726972 -454170.407785
1585.142848 -626.897741 -7351.397159
UTC=2024-01-08T04:24:02.000000
933115.199871 6998772.766034 -1330532.756464
1457.644039 -1562.508236 -7235.740353
UTC=2024-01-08T04:26:02.000000
1098443.454986 6756420.133630 -2186261.262138
1291.653146 -2470.926475 -7007.972039
UTC=2024-01-08T04:28:02.000000
1241699.283061 6407426.650416 -3008107.675418
1090.371866 -3337.464553 -6671.801223
UTC=2024-01-08T04:30:02.000000
1358879.764067 5957661.861485 -3783371.603937
857.790778 -4148.205767 -6232.634857
UTC=2024-01-08T04:32:02.000000
1446504.153601 5414607.210088 -4500098.254370
598.607243 -4890.239070 -5697.472542
UTC=2024-01-08T04:34:02.000000
1501693.020737 4787222.508030 -5147261.731934
318.128459 -5551.868276 -5074.771601
UTC=2024-01-08T04:36:02.000000
1522234.972321 4085789.319791 -5714930.745898
22.162332 -6122.786296 -4374.291492
UTC=2024-01-08T04:38:02.000000
1506639.825996 3321735.351338 -6194415.201884
-283.098871 -6594.220930 -3606.931017
UTC=2024-01-08T04:40:02.000000
1454177.376445 2507442.599338 -6578392.163086
-591.202080 -6959.056020 -2784.545465
UTC=2024-01-08T04:42:02.000000
1364901.226688 1656043.514173 -6861009.318117
-895.557176 -7211.910883 -1919.759903
UTC=2024-01-08T04:44:02.000000
1239657.861718 781209.073999 -7037966.607950
-1189.560766 -7349.199732 -1025.789222
UTC=2024-01-08T04:46:02.000000
1080080.598893 -103069.176992 -7106575.598217
-1466.723364 -7369.169218 -116.247099
UTC=2024-01-08T04:48:02.000000
888568.366794 -982699.928780 -7065795.845442
-1720.794934 -7271.909383 795.046182
UTC=2024-01-08T04:50:02.000000
668249.774998 -1843712.439131 -6916248.150626
-1945.883049 -7059.334410 1694.253937
UTC=2024-01-08T04:52:02.000000
422933.420572 -2672473.362215 -6660205.879847
-2136.566049 -6735.147565 2567.698591
UTC=2024-01-08T04:54:02.000000
157044.450153 -3455899.283664 -6301565.038279
-2288.008734 -6304.802162 3402.047895
UTC=2024-01-08T04:56:02.000000
-124452.172372 -4181662.373667 -5845790.640318
-2396.064770 -5775.421558 4184.514962
UTC=2024-01-08T04:58:02.000000
-416139.849323 -4838384.825469 -5299840.412623
-2457.368543 -5155.698710 4903.038299
UTC=2024-01-08T05:00:02.000000
-712249.349314 -5415820.405468 -4672066.728153
-2469.421748 -4455.778062 5546.466120
UTC=2024-01-08T05:02:02.000000
-1006767.338301 -5905020.080310 -3972096.462295
-2430.664750 -3687.108149 6104.738162
UTC=2024-01-08T05:04:02.000000
-1293552.410842 -6298478.214152 -3210689.625968
-2340.530052 -2862.265694 6569.056057
UTC=2024-01-08T05:06:02.000000
-1566456.461362 -6590256.301950 -2399578.570236
-2199.477937 -1994.758557 6932.036987
UTC=2024-01-08T05:08:02.000000
-1819449.163299 -6776081.880052 -1551289.522811
-2009.011523 -1098.807490 7187.854476
UTC=2024-01-08T05:10:02.000000
-2046742.802219 -6853419.691454 -678948.535946
-1771.668014 -189.103332 7332.354757
UTC=2024-01-08T05:12:02.000000
-2242914.775289 -6821512.753219 203924.673810
-1490.988490 719.450750 7363.141912
UTC=2024-01-08T05:14:02.000000
-2403025.090721 -6681391.951681 1083631.088041
-1171.464449 1612.004443 7279.629293
UTC=2024-01-08T05:16:02.000000
-2522726.032404 -6435853.763940 1946510.909731
-818.461108 2474.025587 7083.057303
UTC=2024-01-08T05:18:02.000000
-2598361.350678 -6089406.347500 2779162.073252
-438.119685 3291.560922 6776.474702
UTC=2024-01-08T05:20:02.000000
-2627052.553565 -5648185.100405 3568654.216326
-37.240933 4051.482433 6364.682083
UTC=2024-01-08T05:22:02.000000
-2606770.388433 -5119839.934952 4302733.808035
376.844325 4741.711388 5854.141939
UTC=2024-01-08T05:24:02.000000
-2536390.257996 -4513397.249289 4970016.798078
796.412582 5351.415732 5252.861815
UTC=2024-01-08T05:26:02.000000
-2415730.802104 -3839099.708847 5560166.007381
1213.491895 5871.183934 4570.257159
UTC=2024-01-08T05:28:02.000000
-2245574.436011 -3108226.570656 6064050.369605
1620.017287 6293.171261 3816.984280
UTC=2024-01-08T05:30:02.000000
-2027669.301546 -2332899.246337 6473883.019546
2007.983266 6611.200822 3004.760385
UTC=2024-01-08T05:32:02.000000
-1764713.235910 -1525876.399235 6783337.763965
2369.591320 6820.840153 2146.181809
UTC=2024-01-08T05:34:02.000000
-1460320.241091 -700340.863885 6987642.906722
2697.394048 6919.458783 1254.525059
UTC=2024-01-08T05:36:02.000000
-1118970.166314 130317.829524 7083650.223244
2984.429717 6906.240812 343.539097
UTC=2024-01-08T05:38:02.000000
-745942.551379 952720.680748 7069880.322032
3224.354168 6782.176178 -572.743498
UTC=2024-01-08T05:40:02.000000
-347234.677185 1753714.788806 6946544.561401
3411.569476 6550.036264 -1480.210897
UTC=2024-01-08T05:42:02.000000
70535.013253 2520584.087839 6715542.111014
3541.339060 6214.318811 -2364.879327
UTC=2024-01-08T05:44:02.000000
500236.497434 3241251.809418 6380432.297762
3609.888583 5781.165844 -3213.096058
UTC=2024-01-08T05:46:02.000000
934348.974722 3904472.119761 5946383.030447
3614.493064 5258.266203 -4011.737863
UTC=2024-01-08T05:48:02.000000
1365091.399322 4500008.612600 5420095.206696
3553.551079 4654.732357 -4748.410532
UTC=2024-01-08T05:50:02.000000
1784560.932554 5018796.744377 4809703.610157
3426.642057 3980.956891 -5411.642770
UTC=2024-01-08T05:52:02.000000
2184876.981671 5453087.279548 4124654.748292
3234.561490 3248.437510 -5991.072237
UTC=2024-01-08T05:54:02.000000
2558328.345056 5796567.705948 3375563.876721
2979.337960 2469.591653 -6477.609951
UTC=2024-01-08T05:56:02.000000
2897520.791173 6044461.181800 2574051.934748
2664.221565 1657.559362 -6863.611513
UTC=2024-01-08T05:58:02.000000
3195521.712303 6193598.945846 1732563.014252
2293.647097 825.959780 -7143.022057
UTC=2024-01-08T06:00:02.000000
3445998.376817 6242462.990293 864167.176071
1873.163959 -11.353499 -7311.478334
UTC=2024-01-08T06:02:02.000000
3643346.532296 6191199.710522 -17647.380144
1409.348304 -840.535343 -7366.385218
UTC=2024-01-08T06:04:02.000000
3782807.368991 6041603.871478 -899189.632800
909.693738 -1647.999744 -7306.961792
UTC=2024-01-08T06:06:02.000000
3860569.690469 5797072.934993 -1766784.200510
382.476981 -2420.659433 -7134.248391
UTC=2024-01-08T06:08:02.000000
3873855.200646 5462533.450466 -2606988.931682
-163.390180 -3146.154538 -6851.085339
UTC=2024-01-08T06:10:02.000000
3820984.853142 5044340.664922 -3406807.760815
-718.527407 -3813.067105 -6462.054303
UTC=2024-01-08T06:12:02.000000
3701424.610594 4550153.831837 -4153894.298967
-1273.260808 -4411.110439 -5973.382443
UTC=2024-01-08T06:14:02.000000
3515810.273822 3988790.885751 -4836742.079542
-1817.795654 -4931.283022 -5392.820272
UTC=2024-01-08T06:16:02.000000
3265951.503141 3370066.198219 -5444859.361837
-2342.391746 -5365.999124 -4729.503812
UTC=2024-01-08T06:18:02.000000
2954814.880144 2704614.201753 -5968925.715423
-2837.535138 -5709.190498 -3993.790371
UTC=2024-01-08T06:20:02.000000
2586486.841764 2003703.008830 -6400928.227219
-3294.102479 -5956.373011 -3197.084984
UTC=2024-01-08T06:22:02.000000
2166117.333944 1279041.653929 -6734276.200022
-3703.516376 -6104.685724 -2351.654307
UTC=2024-01-08T06:24:02.000000
1699845.833868 542584.602730 -6963893.270984
-4057.884397 -6152.898304 -1470.440553
UTC=2024-01-08T06:26:02.000000
1194711.095037 -193663.344419 -7086287.789668
-4350.133741 -6101.399431 -566.883240
UTC=2024-01-08T06:28:02.000000
658544.844730 -917839.963178 -7099601.048942
-4574.140376 -5952.169301 345.275500
UTC=2024-01-08T06:30:02.000000
99851.488858 -1618413.232762 -7003631.735240
-4724.833071 -5708.719251 1252.184860
UTC=2024-01-08T06:32:02.000000
-472323.971752 -2284360.732085 -6799838.325870
-4798.289128 -5376.019311 2140.061675
UTC=2024-01-08T06:34:02.000000
-1048539.328246 -2905340.216289 -6491319.912044
-4791.824238 -4960.420590 2995.379241
UTC=2024-01-08T06:36:02.000000
-1619107.919578 -3471849.108965 -6082773.531195
-4704.057809 -4469.546307 3805.062247
UTC=2024-01-08T06:38:02.000000
-2174258.285992 -3975369.912211 -5580429.247348
-4534.965015 -3912.170854 4556.665535
UTC=2024-01-08T06:40:02.000000
-2704299.411350 -4408500.713562 -4991963.521326
-4285.916485 -3298.089324 5238.559550
UTC=2024-01-08T06:42:02.000000
-3199789.366579 -4765068.530904 -4326389.847856
-3959.692524 -2637.960365 5840.120690
UTC=2024-01-08T06:44:02.000000
-3651703.743515 -5040222.488228 -3593927.408207
-3560.467027 -1943.130504 6351.905313
UTC=2024-01-08T06:46:02.000000
-4051600.881433 -5230505.361017 -2805849.714873
-3093.770341 -1225.448454 6765.811209
UTC=2024-01-08T06:48:02.000000
-4391781.032735 -5333901.877195 -1974314.497873
-2566.423751 -497.063469 7075.226717
UTC=2024-01-08T06:50:02.000000
-4665435.794991 -5349862.196348 -1112176.975674
-1986.443252 229.785635 7275.157836
UTC=2024-01-08T06:52:02.000000
-4866784.267011 -5279299.701491 -232789.430592
-1362.914860 942.986744 7362.328394
UTC=2024-01-08T06:54:02.000000
-4991192.709665 -5124562.802948 650209.456308
-705.845182 1630.770857 7335.250521
UTC=2024-01-08T06:56:02.000000
-5035274.872740 -4889380.834951 1523111.874847
-25.987988 2281.927029 7194.263115
UTC=2024-01-08T06:58:02.000000
-4996970.112274 -4578784.650481 2372360.319243
665.350355 2886.006428 6941.528221
UTC=2024-01-08T07:00:02.000000
-4875597.585629 -4199004.008168 3184764.250890
1356.514030 3433.504878 6580.990537
UTC=2024-01-08T07:02:02.000000
-4671885.662090 -3757344.362532 3947710.019862
2035.707266 3916.022882 6118.306106
UTC=2024-01-08T07:04:02.000000
-4387975.854096 -3262045.798485 4649360.568299
2691.209848 4326.404147 5560.742084
UTC=2024-01-08T07:06:02.000000
-4027400.888496 -2722126.935788 5278840.753676
3311.588710 4658.843789 4917.037976
UTC=2024-01-08T07:08:02.000000
-3595038.443966 -2147218.234043 5826404.878196
3885.892829 4908.958908 4197.252441
UTC=2024-01-08T07:10:02.000000
-3097041.974351 -1547388.326539 6283585.447893
4403.841269 5073.836016 3412.602222
UTC=2024-01-08T07:12:02.000000
-2540749.303731 -932965.738194 6643321.539395
4856.004586 5152.059590 2575.281151
UTC=2024-01-08T07:14:02.000000
-1934570.298519 -314358.950131 6900064.090982
5233.970808 5143.708530 1698.258036
UTC=2024-01-08T07:16:02.000000
-1287856.171360 298120.692369 7049856.409989
5530.482904 5050.314021 795.071272
UTC=2024-01-08T07:18:02.000000
-610753.752796 894430.177630 7090391.152929
5739.557422 4874.808293 -120.360649
UTC=2024-01-08T07:20:02.000000
85954.189622 1464959.244588 7021043.976927
5856.595651 4621.458404 -1033.940313
UTC=2024-01-08T07:22:02.000000
791020.795302 2000685.445620 6842882.719276
5878.475187 4295.777781 -1931.596868
UTC=2024-01-08T07:24:02.000000
1492916.675015 2493317.291696 6558651.726245
5803.618789 3904.415597 -2799.492865
UTC=2024-01-08T07:26:02.000000
2180018.253840 2935423.234011 6172732.002006
5632.040190 3455.034158 -3624.220485
UTC=2024-01-08T07:28:02.000000
2840800.636247 3320545.496476 5691077.923368
5365.373865 2956.177548 -4392.997951
UTC=2024-01-08T07:30:02.000000
3464032.794023 3643297.171891 5121129.952563
5006.880840 2417.122983 -5093.873413
UTC=2024-01-08T07:32:02.000000
4038970.954036 3899440.223215 4471703.120964
4561.412060 1847.712200 -5715.917568
UTC=2024-01-08T07:34:02.000000
4555546.462807 4085943.251701 3752854.677399
4035.362242 1258.187663 -6249.384762
UTC=2024-01-08T07:36:02.000000
5004547.475644 4201019.106782 2975730.666531
3436.596376 659.010005 -6685.904983
UTC=2024-01-08T07:38:02.000000
5377787.428236 4244139.029143 2152391.737289
2774.316571 60.661295 -7018.623701
UTC=2024-01-08T07:40:02.000000
5668257.612740 4216024.127204 1295624.045034
2058.925007 -526.541489 -7242.323818
UTC=2024-01-08T07:42:02.000000
5870260.921091 4118614.094705 418736.356193
1301.848192 -1092.636728 -7353.525878
UTC=2024-01-08T07:44:02.000000
5979522.913789 3955013.457130 -464652.655701
515.335037 -1628.201971 -7350.551065
UTC=2024-01-08T07:46:02.000000
5993277.539905 3729416.522689 -1340832.191233
-287.760373 -2124.523595 -7233.544223
UTC=2024-01-08T07:48:02.000000
5910326.126289 3447012.914009 -2196218.009707
-1094.208676 -2573.750415 -7004.465057
UTC=2024-01-08T07:50:02.000000
5731068.181938 3113876.051964 -3017567.812904
-1890.641991 -2969.023337 -6667.042769
UTC=2024-01-08T07:52:02.000000
5457504.037808 2736837.429413 -3792189.370723
-2663.786282 -3304.582932 -6226.701272
UTC=2024-01-08T07:54:02.000000
5093209.686325 2323349.328579 -4508138.168537
-3400.694143 -3575.854889 -5690.459535
UTC=2024-01-08T07:56:02.000000
4643283.536465 1881338.583989 -5154400.870252
-4088.974754 -3779.511126 -5066.791492
UTC=2024-01-08T07:58:02.000000
4114267.541970 1419055.319388 -5721060.437504
-4716.991829 -3913.493404 -4365.469058
UTC=2024-01-08T08:00:02.000000
3514045.344420 944920.274266 -6199442.279420
-5274.050012 -3977.015037 -3597.399478
UTC=2024-01-08T08:02:02.000000
2851718.901874 467373.118765 -6582239.932495
-5750.565901 -3970.541932 -2774.446055
UTC=2024-01-08T08:04:02.000000
2137466.232261 -5275.460577 -6863618.460836
-6138.209930 -3895.749129 -1909.240305
UTC=2024-01-08T08:06:02.000000
1382383.584436 -464985.473641 -7039295.726522
-6430.027252 -3755.462627 -1015.001036
UTC=2024-01-08T08:08:02.000000
598313.446692 -904121.603669 -7106601.840675
-6620.553104 -3553.586909 -105.346664
UTC=2024-01-08T08:10:02.000000
-202339.653588 -1315577.141245 -7064515.119100
-6705.895807 -3295.011062 805.902058
UTC=2024-01-08T08:12:02.000000
-1006801.784012 -1692886.154655 -6913675.550577
-6683.800927 -2985.508767 1704.901309
UTC=2024-01-08T08:14:02.000000
-1802129.542662 -2030323.366031 -6656376.362286
-6553.704985 -2631.631477 2577.973756
UTC=2024-01-08T08:16:02.000000
-2575414.704574 -2322990.241486 -6296532.367309
-6316.759456 -2240.585254 3411.801132
UTC=2024-01-08T08:18:02.000000
-3313990.385739 -2566885.875859 -5839626.088165
-5975.835574 -1820.103699 4193.602616
UTC=2024-01-08T08:20:02.000000
-4005637.299326 -2758962.615695 -5292632.329248
-5535.518990 -1378.317882 4911.320081
UTC=2024-01-08T08:22:02.000000
-4638787.451058 -2897165.228922 -4663919.776085
-5002.068515 -923.612180 5553.811331
UTC=2024-01-08T08:24:02.000000
-5202720.733606 -2980452.327681 -3963130.310688
-4383.343035 -464.474727 6111.027271
UTC=2024-01-08T08:26:02.000000
-5687751.423249 -3008799.779302 -3201037.584371
-3688.704534 -9.345986 6574.181917
UTC=2024-01-08T08:28:02.000000
-6085401.044752 -2983185.695047 -2389385.749891
-2928.886896 433.536259 6935.911148
UTC=2024-01-08T08:30:02.000000
-6388553.414456 -2905556.930295 -1540710.406084
-2115.831814 856.288901 7190.408893
UTC=2024-01-08T08:32:02.000000
-6591588.525036 -2778777.635579 -668144.576907
-1262.499548 1251.531025 7333.541262
UTC=2024-01-08T08:34:02.000000
-6690491.894078 -2606560.514283 214787.354085
-382.650945 1612.523019 7362.930641
UTC=2024-01-08T08:36:02.000000
-6682936.729003 -2393382.193418 1094383.945882
509.387963 1933.292284 7278.010535
UTC=2024-01-08T08:38:02.000000
-6568336.414533 -2144384.382467 1956985.690374
1398.984858 2208.743492 7080.046011
UTC=2024-01-08T08:40:02.000000
-6347865.223900 -1865262.997736 2789193.725200
2271.467243 2434.748237 6772.108344
UTC=2024-01-08T08:42:02.000000
-6024447.836500 -1562147.888877 3578083.434559
3112.376664 2608.212062 6359.020260
UTC=2024-01-08T08:44:02.000000
-5602717.916455 -1241475.791860 4311410.241847
3907.733179 2727.120521 5847.274790
UTC=2024-01-08T08:46:02.000000
-5088945.388731 -909859.243004 4977802.478542
4644.283102 2790.558521 5244.903286
UTC=2024-01-08T08:48:02.000000
-4490936.374835 -573954.952168 5566937.400206
5309.711003 2798.702141 4561.332691
UTC=2024-01-08T08:50:02.000000
-3817908.340047 -240334.153328 6069699.765080
5892.843541 2752.794403 3807.233538
UTC=2024-01-08T08:52:02.000000
-3080341.454838 84642.948549 6478320.516207
6383.837481 2655.099676 2994.340034
UTC=2024-01-08T08:54:02.000000
-2289809.381689 394945.745046 6786492.917694
6774.334354 2508.833479 2135.257862
UTC=2024-01-08T08:56:02.000000
-1458793.220646 684982.450684 6989465.550042
7057.588137 2318.080078 1243.270069
UTC=2024-01-08T08:58:02.000000
-600481.657987 949699.029762 7084111.441246
7228.565978 2087.700856 332.134125
UTC=2024-01-08T09:00:02.000000
271439.369536 1184666.141657 7068973.010998
7284.024277 1823.227515 -584.117494
UTC=2024-01-08T09:02:02.000000
1143004.931331 1386152.811256 6944283.065631
7222.564260 1530.748235 -1491.377978
UTC=2024-01-08T09:04:02.000000
2000194.620831 1551185.925742 6711961.444237
7044.662689 1216.784425 -2375.670817
UTC=2024-01-08T09:06:02.000000
2829158.079194 1677594.453670 6375587.364888
6752.676107 888.161030 -3223.348883
UTC=2024-01-08T09:08:02.000000
3616439.936876 1764037.984246 5940347.940206
6350.826192 551.874158 -4021.295959
UTC=2024-01-08T09:10:02.000000
4349200.821071 1810019.062487 5412962.049330
5845.145459 214.954427 -4757.130763
UTC=2024-01-08T09:12:02.000000
5015430.013300 1815879.339632 4801581.081394
5243.398832 -115.665573 -5419.389241
UTC=2024-01-08T09:14:02.000000
5604148.124140 1782779.803832 4115667.772270
4554.991725 -433.285774 -5997.713002
UTC=2024-01-08T09:16:02.000000
6105595.752640 1712664.745009 3365851.673252
3790.821616 -731.572589 -6483.041749
UTC=2024-01-08T09:18:02.000000
6511401.758057 1608210.171981 2563764.461372
2963.100357 -1004.684880 -6867.755593
UTC=2024-01-08T09:20:02.000000
6814730.095509 1472757.628037 1721858.825967
2085.165277 -1247.389550 -7145.813868
UTC=2024-01-08T09:22:02.000000
7010401.185169 1310234.917602 853211.563416
1171.245906 -1455.164926 -7312.870323
UTC=2024-01-08T09:24:02.000000
7094984.311262 1125065.289782 -28684.421338
236.219282 -1624.288323 -7366.347124
UTC=2024-01-08T09:26:02.000000
7066859.759106 922067.109398 -910135.846977
-704.655247 -1751.907838 -7305.487360
UTC=2024-01-08T09:28:02.000000
6926247.906181 706345.966705 -1777468.198628
-1636.013766 -1836.095364 -7131.357931
UTC=2024-01-08T09:30:02.000000
6675205.714834 483181.734907 -2617243.194527
-2542.655285 -1875.877141 -6846.822696
UTC=2024-01-08T09:32:02.000000
6317591.051580 257913.515789 -3416471.305103
-3409.809323 -1871.239062 -6456.484071
UTC=2024-01-08T09:34:02.000000
5858995.625411 35825.080433 -4162815.199988
-4223.390677 -1823.113516 -5966.592101
UTC=2024-01-08T09:36:02.000000
5306648.095090 -177966.843273 -4844780.392822
-4970.239723 -1733.344539 -5384.920494
UTC=2024-01-08T09:38:02.000000
4669290.264687 -378618.838733 -5451889.218260
-5638.328211 -1604.632723 -4720.617141
UTC=2024-01-08T09:40:02.000000
3957030.456521 -561659.573252 -5974836.523578
-6216.937527 -1440.466626 -3984.049327
UTC=2024-01-08T09:42:02.000000
3181176.480816 -723079.683185 -6405625.996614
-6696.819871 -1245.042306 -3186.633629
UTC=2024-01-08T09:44:02.000000
2354050.883531 -859410.927042 -6737684.867203
-7070.328903 -1023.165011 -2340.647242
UTC=2024-01-08T09:46:02.000000
1488792.870388 -967793.080584 -6965955.952946
-7331.514059 -780.146095 -1459.042786
UTC=2024-01-08T09:48:02.000000
599149.958574 -1046028.322856 -7086967.829085
-7476.199157 -521.694866 -555.265588
UTC=2024-01-08T09:50:02.000000
-300738.538114 -1092621.848637 -7098882.433297
-7502.036277 -253.799259 356.939269
UTC=2024-01-08T09:52:02.000000
-1196562.566586 -1106808.334802 -7001519.772215
-7408.531272 17.390105 1263.712537
UTC=2024-01-08T09:54:02.000000
-2074064.770822 -1088564.246248 -6796360.410840
-7197.056217 285.681444 2151.270303
UTC=2024-01-08T09:56:02.000000
-2919263.553968 -1038605.399357 -6486524.682889
-6870.828634 544.963993 3006.098191
UTC=2024-01-08T09:58:02.000000
-3718672.065368 -958370.133174 -6076729.665249
-6434.870549 789.325805 3815.126642
UTC=2024-01-08T10:00:02.000000
-4459512.246058 -849988.440212 -5573224.887129
-5895.962154 1013.171054 4565.917743
UTC=2024-01-08T10:02:02.000000
-5129920.859808 -716237.046532 -4983704.772832
-5262.552697 1211.334944 5246.858168
UTC=2024-01-08T10:04:02.000000
-5719143.176716 -560481.281988 -4317198.982211
-4544.648004 1379.189297 5847.336547
UTC=2024-01-08T10:06:02.000000
-6217712.021588 -386604.585412 -3583941.592819
-3753.676030 1512.743701 6357.920186
UTC=2024-01-08T10:08:02.000000
-6617608.393737 -198926.328513 -2795219.373796
-2902.313538 1608.736433 6770.522700
UTC=2024-01-08T10:10:02.000000
-6912399.708765 -2109.801242 -1963201.384864
-2004.289880 1664.709158 7078.548344
UTC=2024-01-08T10:12:02.000000
-7097353.207755 198938.202079 -1100752.141964
-1074.166653 1679.070485 7277.022750
UTC=2024-01-08T10:14:02.000000
-7169520.831254 399174.086567 -221230.138350
-127.081647 1651.137168 7362.701376
UTC=2024-01-08T10:16:02.000000
-7127792.008106 593527.979437 661723.592264
821.521709 1581.156404 7334.125941
UTC=2024-01-08T10:18:02.000000
-6972914.637376 777015.642348 1534401.906102
1756.157447 1470.306575 7191.656918
UTC=2024-01-08T10:20:02.000000
-6707483.699740 944849.210114 2383250.457597
2661.573280 1320.677204 6937.477741
UTC=2024-01-08T10:22:02.000000
-6335896.604509 1092544.315542 3195084.671422
3523.026153 1135.228533 6575.558563
UTC=2024-01-08T10:24:02.000000
-5864276.112639 1216021.086138 3957300.065359
4326.545552 917.730055 6111.581738
UTC=2024-01-08T10:26:02.000000
-5300363.029548 1311696.691278 4658071.453992
5059.172011 672.681962 5552.833211
UTC=2024-01-08T10:28:02.000000
-4653381.846344 1376567.517534 5286537.698001
5709.170044 405.220704 4908.070240
UTC=2024-01-08T10:30:02.000000
-3933882.614890 1408279.259335 5832969.250216
6266.210553 121.013416 4187.369331
UTC=2024-01-08T10:32:02.000000
-3153562.456270 1405183.799323 6288916.788866
6721.529302 -173.857332 3401.962322
UTC=2024-01-08T10:34:02.000000
-2325069.465390 1366381.794687 6647339.114776
7068.061140 -473.015102 2564.053678
UTC=2024-01-08T10:36:02.000000
-1461792.387634 1291750.301119 6902707.859404
7300.539933 -769.918429 1686.618622
UTC=2024-01-08T10:38:02.000000
-577640.865191 1181954.721477 7051087.798088
7415.557364 -1057.991046 783.201434
UTC=2024-01-08T10:40:02.000000
313179.739421 1038445.226819 7090193.415753
7411.597518 -1330.751525 -132.279642
UTC=2024-01-08T10:42:02.000000
1196396.555172 863437.649964 7019421.868483
7289.051381 -1581.941117 -1045.732057
UTC=2024-01-08T10:44:02.000000
2057897.561727 659879.257005 6839861.762672
7050.204548 -1805.648757 -1943.091078
UTC=2024-01-08T10:46:02.000000
2883956.960274 431399.690623 6554277.817904
6699.200912 -1996.432247 -2810.519296
UTC=2024-01-08T10:48:02.000000
3661455.025465 182247.710851 6167071.443328
6241.985432 -2149.433847 -3634.610893
UTC=2024-01-08T10:50:02.000000
4378089.026826 -82785.470561 5684216.628112
5686.212292 -2260.487624 -4402.594648
UTC=2024-01-08T10:52:02.000000
5022571.652382 -358455.155130 5113172.083746
5041.129829 -2326.216345 -5102.528575
UTC=2024-01-08T10:54:02.000000
5584814.198997 -639162.937295 4462770.247725
4317.440672 -2344.114899 -5723.490467
UTC=2024-01-08T10:56:02.000000
6056091.298975 -919065.590870 3743084.004371
3527.135081 -2312.618015 -6255.757575
UTC=2024-01-08T10:58:02.000000
6429184.094832 -1192191.124734 2965272.340943
2683.295669 -2231.151733 -6690.977765
UTC=2024-01-08T11:00:02.000000
6698498.156664 -1452559.677657 2141406.751611
1799.874749 -2100.161522 -7022.317344
UTC=2024-01-08T11:02:02.000000
6860153.506466 -1694306.502631 1284281.546850
891.453308 -1921.120583 -7244.580553
UTC=2024-01-08T11:04:02.000000
6912045.148893 -1911804.926097 407211.386557
-27.009602 -1696.520135 -7354.305113
UTC=2024-01-08T11:06:02.000000
6853872.398470 -2099786.554116 -476181.359044
-940.448037 -1429.830727 -7349.832472
UTC=2024-01-08T11:08:02.000000
6687135.238156 -2253455.100450 -1352184.768901
-1833.960438 -1125.439384 -7231.329806
UTC=2024-01-08T11:10:02.000000
6415098.732757 -2368591.979363 -2207216.398512
-2693.074791 -788.572000 -7000.783462
UTC=2024-01-08T11:12:02.000000
6042725.915221 -2441651.028817 -3028039.094831
-3504.004204 -425.191659 -6661.951012
UTC=2024-01-08T11:14:02.000000
5576581.423664 -2469840.232289 -3801969.023487
-4253.878638 -41.884393 -6220.281117
UTC=2024-01-08T11:16:02.000000
5024708.864056 -2451189.084728 -4517072.509003
-4930.951343 354.265589 -5682.808600
UTC=2024-01-08T11:18:02.000000
4396484.598740 -2384600.419395 -5162348.929118
-5524.785787 755.809856 -5058.025486
UTC=2024-01-08T11:20:02.000000
3702450.679763 -2269885.689375 -5727896.325466
-6026.412993 1155.077108 -4355.722357
UTC=2024-01-08T11:22:02.000000
2954131.516875 -2107783.133843 -6205056.881503
-6428.444836 1544.315740 -3586.815870
UTC=2024-01-08T11:24:02.000000
2163838.968969 -1899958.995594 -6586541.956728
-6725.158691 1915.833973 -2763.180873
UTC=2024-01-08T11:26:02.000000
1344467.933612 -1648991.835059 -6866536.383417
-6912.569084 2262.141905 -1897.467319
UTC=2024-01-08T11:28:02.000000
509285.572077 -1358340.155169 -7040779.597428
-6988.459413 2576.084791 -1002.904092
UTC=2024-01-08T11:30:02.000000
-328281.564966 -1032294.532465 -7106623.973063
-6952.389399 2850.970808 -93.112877
UTC=2024-01-08T11:32:02.000000
-1154859.962152 -675914.651943 -7063070.635480
-6805.679310 3080.693006 818.079101
UTC=2024-01-08T11:34:02.000000
-1957338.780849 -294951.957889 -6910782.969614
-6551.379610 3259.848440 1716.827529
UTC=2024-01-08T11:36:02.000000
-2723074.178948 104241.404421 -6652076.976638
-6194.210797 3383.844793 2589.464095
UTC=2024-01-08T11:38:02.000000
-3440085.075002 514815.699820 -6290889.294787
-5740.485004 3448.996974 3422.675910
UTC=2024-01-08T11:40:02.000000
-4097239.168392 929537.894483 -5832723.632536
-5198.020335 3452.615032 4203.690447
UTC=2024-01-08T11:42:02.000000
-4684427.052847 1340915.534359 -5284574.383124
-4576.025386 3393.076572 4920.465312
UTC=2024-01-08T11:44:02.000000
-5192721.268620 1741328.871431 -4654828.267080
-3884.967200 3269.892191 5561.869346
UTC=2024-01-08T11:46:02.000000
-5614517.926687 2123169.585853 -3953143.516743
-3136.408248 3083.745555 6117.871137
UTC=2024-01-08T11:48:02.000000
-5943657.278669 2478982.608997 -3190307.862847
-2342.824050 2836.508577 6579.703699
UTC=2024-01-08T11:50:02.000000
-6175521.641900 2801608.785763 -2378077.338016
-1517.405028 2531.238806 6940.020625
UTC=2024-01-08T11:52:02.000000
-6307108.152710 3084325.783730 -1528997.253967
-673.836353 2172.152455 7193.035066
UTC=2024-01-08T11:54:02.000000
-6337074.100342 3320984.194056 -656207.861985
173.938353 1764.570831 7334.634872
UTC=2024-01-08T11:56:02.000000
-6265753.323426 3506135.562401 226762.064003
1011.961588 1314.839347 7362.469111
UTC=2024-01-08T11:58:02.000000
-6095142.731484 3635149.117819 1106210.247818
1826.515879 830.221345 7276.002311
UTC=2024-01-08T12:00:02.000000
-5828858.384704 3704314.585362 1968479.825214
2604.372763 318.772389 7076.526046
UTC=2024-01-08T12:02:02.000000
-5472062.619533 3710928.677722 2800177.609540
3333.027046 -210.805523 6767.136178
UTC=2024-01-08T12:04:02.000000
-5031364.216468 3653363.269775 3588387.596945
4000.911326 -749.322581 6352.679076
UTC=2024-01-08T12:06:02.000000
-4514693.622277 3531113.736661 4320876.217506
4597.596384 -1287.273049 5839.663983
UTC=2024-01-08T12:08:02.000000
-3931155.944246 3344826.265824 4986284.680576
5113.958102 -1815.011274 5236.139122
UTC=2024-01-08T12:10:02.000000
-3290865.971652 3096304.352959 5574305.579077
5542.314625 -2322.923347 4551.554906
UTC=2024-01-08T12:12:02.000000
-2604767.795744 2788494.441329 6075841.635443
5876.541721 -2801.603510 3796.600464
UTC=2024-01-08T12:14:02.000000
-1884442.984067 2425450.576606 6483143.663836
6112.149706 -3242.025131 2983.024209
UTC=2024-01-08T12:16:02.000000
-1141911.136241 2012279.072434 6789926.175766
6246.332277 -3635.703015 2123.438466
UTC=2024-01-08T12:18:02.000000
-389427.154439 1555064.547273 6991459.113373
6277.973376 -3974.841185 1231.124113
UTC=2024-01-08T12:20:02.000000
360721.358802 1060778.706715 7084636.775698
6207.641962 -4252.473215 319.839132
UTC=2024-01-08T12:22:02.000000
1096414.832578 537173.060728 7068022.821199
6037.561952 -4462.588737 -596.385500
UTC=2024-01-08T12:24:02.000000
1805897.179997 -7342.761333 6941871.009250
5771.556795 -4600.247625 -1503.445501
UTC=2024-01-08T12:26:02.000000
2477963.496207 -563835.787659 6708122.026358
5414.975359 -4661.683926 -2387.363478
UTC=2024-01-08T12:28:02.000000
3102137.680500 -1122995.984010 6370376.025758
4974.598458 -4644.391515 -3234.492914
UTC=2024-01-08T12:30:02.000000
3668837.726614 -1675291.676864 5933840.778528
4458.526061 -4547.193152 -4031.720836
UTC=2024-01-08T12:32:02.000000
4169525.953071 -2211132.243499 5405255.355020
3876.038431 -4370.289081 -4766.671382
UTC=2024-01-08T12:34:02.000000
4596841.397439 -2721035.057403 4792790.251876
3237.440727 -4115.282125 -5427.893900
UTC=2024-01-08T12:36:02.000000
4944712.883748 -3195794.496366 4105925.259467
2553.894307 -3785.184973 -6005.048510
UTC=2024-01-08T12:38:02.000000
5208450.590278 -3626649.987002 3355305.244301
1837.227278 -3384.395570 -6489.085799
UTC=2024-01-08T12:40:02.000000
5384813.737525 -4005449.184589 2552575.405339
1099.725852 -2918.641603 -6872.407526
UTC=2024-01-08T12:42:02.000000
5472052.327117 -4324802.935983 1710198.939871
353.913352 -2394.899913 -7148.998332
UTC=2024-01-08T12:44:02.000000
5469922.327415 -4578229.033647 841260.351072
-387.671440 -1821.288528 -7314.534544
UTC=2024-01-08T12:46:02.000000
5379674.051853 -4760281.226869 -40742.565266
-1112.698916 -1206.931563 -7366.461954
UTC=2024-01-08T12:48:02.000000
5204013.673047 -4866660.769979 -922114.251424
-1809.270757 -561.800962 -7304.043798
UTC=2024-01-08T12:50:02.000000
4947038.578255 -4894307.471683 -1789180.470983
-2466.133033 103.463451 -7128.370621
UTC=2024-01-08T12:52:02.000000
4614147.974371 -4841468.424245 -2628506.273731
-3072.873638 777.746622 -6842.332337
UTC=2024-01-08T12:54:02.000000
4211931.118628 -4707743.026444 -3427108.528661
-3620.097998 1449.658895 -6450.556452
UTC=2024-01-08T12:56:02.000000
3748035.902892 -4494103.659882 -4172659.170674
-4099.579337 2107.741334 -5959.315229
UTC=2024-01-08T12:58:02.000000
3231021.085718 -4202891.727351 -4853675.589720
-4504.381944 2740.669359 -5376.405130
UTC=2024-01-08T13:00:02.000000
2670195.270362 -3837789.575826 -5459694.946807
-4828.957069 3337.450555 -4710.998927
UTC=2024-01-08T13:02:02.000000
2075446.632723 -3403769.481330 -5981429.386420
-5069.200463 3887.607244 -3973.479012
UTC=2024-01-08T13:04:02.000000
1457067.549318 -2907021.780974 -6410901.271600
-5222.484034 4381.343530 -3175.272226
UTC=2024-01-08T13:06:02.000000
825576.309628 -2354863.167953 -6741558.150609
-5287.670863 4809.709723 -2328.673589
UTC=2024-01-08T13:08:02.000000
191538.793710 -1755625.894808 -6968365.370430
-5265.099377 5164.752084 -1446.651926
UTC=2024-01-08T13:10:02.000000
-434606.217194 -1118530.558690 -7087875.324190
-5156.540732 5439.638166 -542.657946
UTC=2024-01-08T13:12:02.000000
-1042715.575622 -453544.807370 -7098274.155489
-4965.140736 5628.766797 369.560469
UTC=2024-01-08T13:14:02.000000
-1623102.790734 228770.412837 -6999406.202976
-4695.351331 5727.865847 1276.146823
UTC=2024-01-08T13:16:02.000000
-2166689.510825 917425.342961 -6792775.593195
-4352.839440 5734.072823 2163.325158
UTC=2024-01-08T13:18:02.000000
-2665145.067789 1601174.710428 -6481525.527503
-3944.381246 5646.000980 3017.584370
UTC=2024-01-08T13:20:02.000000
-3111012.891593 2268697.805657 -6070395.468255
-3477.749245 5463.786782 3825.861675
UTC=2024-01-08T13:22:02.000000
-3497822.672380 2908783.491116 -5565656.239968
-2961.586519 5189.123643 4575.728676
UTC=2024-01-08T13:24:02.000000
-3820186.655489 3510517.805982 -4975022.473244
-2405.268081 4825.270216 5255.582368
UTC=2024-01-08T13:26:02.000000
-4073878.204701 4063470.897267 -4307542.181615
-1818.742928 4377.030601 5854.832995
UTC=2024-01-08T13:28:02.000000
-4255890.364372 4557879.852292 -3573464.606762
-1212.360560 3850.706057 6364.077092
UTC=2024-01-08T13:30:02.000000
-4364473.390547 4984824.147381 -2784088.324774
-596.696066 3254.020317 6775.254948
UTC=2024-01-08T13:32:02.000000
-4399151.147124 5336390.329614 -1951590.998151
17.629806 2596.014385 7081.797289
UTC=2024-01-08T13:34:02.000000
-4360715.436831 5605822.610471 -1088842.820139
620.136778 1886.918130 7278.751279
UTC=2024-01-08T13:36:02.000000
-4251197.606499 5787656.133977 -209205.725337
1200.678801 1137.985568 7362.888775
UTC=2024-01-08T13:38:02.000000
-4073817.191504 5877828.166025 673677.695497
1749.627356 361.299464 7332.767788
UTC=2024-01-08T13:40:02.000000
-3832909.425447 5873765.686428 1546101.164619
2258.044863 -430.431374 7188.773521
UTC=2024-01-08T13:42:02.000000
-3533832.238656 5774446.752737 2394514.614343
2717.850660 -1224.104368 6933.120656
UTC=2024-01-08T13:44:02.000000
-3182854.301717 5580433.207219 3205741.421258
3121.967892 -2006.465955 6569.807058
UTC=2024-01-08T13:46:02.000000
-2787027.539861 5293874.614411 3967187.757707
3464.435663 -2764.345763 6104.533353
UTC=2024-01-08T13:48:02.000000
-2354047.608636 4918484.462327 4667041.180566
3740.499207 -3484.887631 5544.602663
UTC=2024-01-08T13:50:02.000000
-1892105.070712 4459488.745046 5294455.400683
3946.673174 -4155.775673 4898.791278
UTC=2024-01-08T13:52:02.000000
-1409730.419244 3923548.176140 5839718.207426
4080.781874 -4765.448520 4177.196061
UTC=2024-01-08T13:54:02.000000
-915636.089722 3318655.654123 6294399.494749
4141.967499 -5303.295178 3391.058928
UTC=2024-01-08T13:56:02.000000
-418559.087423 2654011.501815 6651477.748738
4130.673606 -5759.829959 2552.582431
UTC=2024-01-08T13:58:02.000000
72893.012994 1939879.306053 6905443.885654
4048.606234 -6126.840967 1674.740450
UTC=2024-01-08T14:00:02.000000
550390.567972 1187424.611049 7052382.376465
3898.680760 -6397.529214 771.083691
UTC=2024-01-08T14:02:02.000000
1006022.587010 408538.392189 7090027.977149
3684.944972 -6566.618713 -144.467053
UTC=2024-01-08T14:04:02.000000
1432427.235622 -384351.092760 7017798.408626
3412.487483 -6630.444977 -1057.815486
UTC=2024-01-08T14:06:02.000000
1822910.633753 -1178476.536005 6836803.440001
3087.333685 -6587.032257 -1954.892268
UTC=2024-01-08T14:08:02.000000
2171552.314672 -1960937.280279 6549829.196333
2716.328032 -6436.139635 -2821.860265
UTC=2024-01-08T14:10:02.000000
2473296.006588 -2718909.381950 6161298.319054
2307.007140 -6179.289101 -3645.315971
UTC=2024-01-08T14:12:02.000000
2724024.437283 -3439857.371098 5677205.577954
1867.459984 -5819.763956 -4412.494262
UTC=2024-01-08T14:14:02.000000
2920616.663619 -4111744.065717 5105029.368299
1406.177902 -5362.578081 -5111.464730
UTC=2024-01-08T14:16:02.000000
3060987.325096 -4723235.135473 4453620.347182
931.903814 -4814.420887 -5731.318149
UTC=2024-01-08T14:18:02.000000
3144107.381510 -5263895.367038 3733067.577421
453.472495 -4183.569957 -6262.353074
UTC=2024-01-08T14:20:02.000000
3170005.245179 -5724372.250768 2954543.630064
-20.353601 -3479.771216 -6696.238414
UTC=2024-01-08T14:22:02.000000
3139748.286824 -6096563.594526 2130130.956168
-481.048720 -2714.088733 -7026.163654
UTC=2024-01-08T14:24:02.000000
3055404.640671 -6373764.827084 1272631.890286
-920.484558 -1898.719379 -7246.958139
UTC=2024-01-08T14:26:02.000000
2919986.715800 -6550792.913334 395366.324017
-1331.075060 -1046.790626 -7355.179540
UTC=2024-01-08T14:28:02.000000
2737377.642636 -6624085.153507 -488040.041348
-1705.917331 -172.141402 -7349.183488
UTC=2024-01-08T14:30:02.000000
2512241.288125 -6591769.594563 -1363874.200260
-2038.922190 710.932607 -7229.160169
UTC=2024-01-08T14:32:02.000000
2249917.847355 -6453704.197799 -2218555.234567
-2324.922125 1587.936332 -6997.115130
UTC=2024-01-08T14:34:02.000000
1956308.081618 -6211485.840279 -3038850.081768
-2559.755754 2444.427222 -6656.832889
UTC=2024-01-08T14:36:02.000000
1637748.071060 -5868427.689653 -3812082.742009
-2740.335939 3266.286080 -6213.793946
UTC=2024-01-08T14:38:02.000000
1300878.606734 -5429505.847646 -4526330.890831
-2864.674598 4039.954528 -5675.059906
UTC=2024-01-08T14:40:02.000000
952512.349342 -4901278.501105 -5170608.017591
-2931.895549 4752.658472 -5049.141629
UTC=2024-01-08T14:42:02.000000
599500.830465 -4291779.427204 -5735028.331858
-2942.223429 5392.611339 -4345.847334
UTC=2024-01-08T14:44:02.000000
248604.069345 -3610388.139598 -6210952.599746
-2896.951790 5949.199665 -3576.115255
UTC=2024-01-08T14:46:02.000000
-93634.756657 -2867679.317864 -6591112.982404
-2798.390865 6413.141703 -2751.833477
UTC=2024-01-08T14:48:02.000000
-421007.333090 -2075254.703088 -6869716.040533
-2649.798788 6776.622033 -1885.656094
UTC=2024-01-08T14:50:02.000000
-727749.085585 -1245560.286346 -7042523.426712
-2455.298030 7033.401649 -990.816398
UTC=2024-01-08T14:52:02.000000
-1008637.299054 -391691.517193 -7106910.249562
-2219.780666 7178.908910 -80.940041
UTC=2024-01-08T14:54:02.000000
-1259077.389286 472811.034492 -7061900.503676
-1948.805575 7210.304866 830.149032
UTC=2024-01-08T14:56:02.000000
-1475176.291927 1334172.266133 -6908179.761646
-1648.486505 7126.526485 1728.612125
UTC=2024-01-08T14:58:02.000000
-1653801.929106 2178597.619495 -6648085.715233
-1325.372551 6928.314147 2600.783738
UTC=2024-01-08T15:00:02.000000
-1792628.197832 2992489.900190 -6285576.551398
-986.327384 6618.217875 3433.351642
UTC=2024-01-08T15:02:02.000000
-1890165.225292 3762666.118523 -5826177.055218
-638.402349 6200.585354 4213.550484
UTC=2024-01-08T15:04:02.000000
-1945773.982090 4476570.753738 -5276901.766598
-288.705551 5681.518516 4929.346801
UTC=2024-01-08T15:06:02.000000
-1959665.361890 5122482.735315 -4646155.920982
55.727936 5068.809014 5569.627601
UTC=2024-01-08T15:08:02.000000
-1932883.369010 5689712.426654 -3943613.817085
388.070365 4371.835818 6124.383947
UTC=2024-01-08T15:10:02.000000
-1867272.250099 6168784.399911 -3180076.241134
701.833802 3601.432776 6584.875974
UTC=2024-01-08T15:12:02.000000
-1765428.133977 6551602.978624 -2367309.041426
990.994624 2769.734217 6943.783851
UTC=2024-01-08T15:14:02.000000
-1630636.248102 6831597.520847 -1517864.025199
1250.110748 1889.988044 7195.349730
UTC=2024-01-08T15:16:02.000000
-1466794.482304 7003842.974460 -644884.686599
1474.429792 976.335853 7335.484749
UTC=2024-01-08T15:18:02.000000
-1278324.872256 7065153.613108 238099.241605
1659.983308 43.584582 7361.853793
UTC=2024-01-08T15:20:02.000000
-1070074.551053 7014147.659692 1117386.479253
1803.666020 -893.053174 7273.940684
UTC=2024-01-08T15:22:02.000000
-847208.502111 6851278.863839 1979324.118487
1903.293939 -1818.246023 7073.065527
UTC=2024-01-08T15:24:02.000000
-615096.508370 6578833.874979 2810526.241082
1957.641756 -2716.821247 6762.349448
UTC=2024-01-08T15:26:02.000000
-379197.120988 6200897.525039 3598086.626852
1966.455786 -3574.024909 6346.654408
UTC=2024-01-08T15:28:02.000000
-144941.360200 5723287.457460 4329782.778975
1930.445243 -4375.770163 5832.499082
UTC=2024-01-08T15:30:02.000000
82381.472873 5153459.230630 4994269.260808
1851.258140 -5108.891019 5227.960938
UTC=2024-01-08T15:32:02.000000
297734.132718 4500380.700344 5581254.938177
1731.437137 -5761.378300 4542.502324
UTC=2024-01-08T15:34:02.000000
496434.767866 3774383.348056 6081659.200924
1574.350678 -6322.543292 3786.813713
UTC=2024-01-08T15:36:02.000000
674251.324079 2986992.904377 6487749.945565
1384.111727 -6783.198020 2972.646827
UTC=2024-01-08T15:38:02.000000
827485.234993 2150740.606292 6793259.112455
1165.482455 -7135.791644 2112.619349
UTC=2024-01-08T15:40:02.000000
953043.241512 1278959.864267 6993475.205953
923.770961 -7374.522542 1220.022785
UTC=2024-01-08T15:42:02.000000
1048496.187651 385571.088689 7085311.865449
664.718174 -7495.418768 308.617526
UTC=2024-01-08T15:44:02.000000
1112123.892906 -515141.027771 7067352.420825
394.379098 -7496.389126 -607.559958
UTC=2024-01-08T15:46:02.000000
1142945.427353 -1408755.953325 6939871.227288
118.998676 -7377.264969 -1514.398039
UTC=2024-01-08T15:48:02.000000
1140734.326601 -2280948.630973 6704830.088446
-155.114868 -7139.804912 -2397.917434
UTC=2024-01-08T15:50:02.000000
1106018.558812 -3117720.010047 6365850.239844
-421.717385 -6787.679022 -3244.475376
UTC=2024-01-08T15:52:02.000000
1040065.018556 -3905623.788396 5928159.256256
-674.758463 -6326.417187 -4040.976537
UTC=2024-01-08T15:54:02.000000
944849.096511 -4631984.653879 5398513.586308
-908.499501 -5763.324271 -4775.065576
UTC=2024-01-08T15:56:02.000000
823010.280860 -5285105.564052 4785098.802699
-1117.629877 -5107.382307 -5435.309570
UTC=2024-01-08T15:58:02.000000
677794.018539 -5854462.138158 4097407.717190
-1297.379373 -4369.130089 -6011.386056
UTC=2024-01-08T16:00:02.000000
512980.468712 -6330880.012311 3346096.037712
-1443.622379 -3560.498625 -6494.263716
UTC=2024-01-08T16:02:02.000000
332801.579662 -6706690.473718 2542817.827924
-1552.969225 -2694.616328 -6876.359158
UTC=2024-01-08T16:04:02.000000
141847.928807 -6975861.099110 1700043.535185
-1622.843119 -1785.588302 -7151.668489
UTC=2024-01-08T16:06:02.000000
-55032.357797 -7134099.230888 830863.840373
-1651.537307 -848.265448 -7315.876312
UTC=2024-01-08T16:08:02.000000
-252840.888168 -7178926.030601 -51218.926320
-1638.259090 102.020277 -7366.448783
UTC=2024-01-08T16:10:02.000000
-446539.888080 -7109717.094886 -932507.617000
-1583.145460 1049.740565 -7302.676009
UTC=2024-01-08T16:12:02.000000
-631163.631901 -6927709.220604 -1799329.556593
-1487.257756 1979.449318 -7125.672852
UTC=2024-01-08T16:14:02.000000
-801928.120405 -6635974.429065 -2638253.935680
-1352.558037 2876.049239 -6838.348661
UTC=2024-01-08T16:16:02.000000
-954336.848089 -6239362.385869 -3436304.078154
-1181.867193 3725.053349 -6445.350594
UTC=2024-01-08T16:18:02.000000
-1084280.364802 -5744411.957647 -4181160.828157
-978.803282 4512.835617 -5952.971974
UTC=2024-01-08T16:20:02.000000
-1188127.277478 -5159233.969058 -4861352.803572
-747.701368 5226.857322 -5369.025509
UTC=2024-01-08T16:22:02.000000
-1262804.866932 -4493368.966552 -5466430.051431
-493.521273 5855.858128 -4702.697123
UTC=2024-01-08T16:24:02.000000
-1305867.927684 -3757623.634385 -5987119.459846
-221.743522 6390.021349 -3964.387185
UTC=2024-01-08T16:26:02.000000
-1315554.564633 -2963889.025332 -6415460.281657
61.743120 6821.111610 -3165.538510
UTC=2024-01-08T16:28:02.000000
-1290828.161962 -2124943.898885 -6744918.299275
350.759380 7142.584586 -2318.452067
UTC=2024-01-08T16:30:02.000000
-1231405.038393 -1254246.955246 -6970477.444138
638.955723 7349.662553 -1436.098398
UTC=2024-01-08T16:32:02.000000
-1137767.615478 -365721.510117 -7088708.987651
919.933860 7439.386644 -531.931194
UTC=2024-01-08T16:34:02.000000
-1011162.758822 526464.661469 -7097818.081988
1187.372267 7410.642889 380.303454
UTC=2024-01-08T16:36:02.000000
-853585.204366 1408120.962404 -6997667.769874
1435.147726 7264.164803 1286.750741
UTC=2024-01-08T16:38:02.000000
-667746.712987 2265255.073752 -6789780.756044
1657.452239 7002.518340 2173.635336
UTC=2024-01-08T16:40:02.000000
-457031.290803 3084290.850309 -6477318.982805
1848.909164 6630.067435 3027.442616
UTC=2024-01-08T16:42:02.000000
-225436.551923 3852281.252116 -6065040.976116
2004.686712 6152.921640 3835.110371
UTC=2024-01-08T16:44:02.000000
22498.071644 4557112.872361 -5559235.888048
2120.602714 5578.848621 4584.220768
UTC=2024-01-08T16:46:02.000000
281774.969039 5187698.828217 -4967635.323777
2193.217971 4917.170991 5263.181671
UTC=2024-01-08T16:48:02.000000
547032.708450 5734157.981528 -4299303.063429
2219.921260 4178.637421 5861.412897
UTC=2024-01-08T16:50:02.000000
812649.850848 6187976.643127 -3564502.887578
2199.000777 3375.260806 6369.522649
UTC=2024-01-08T16:52:02.000000
1072856.301984 6542149.380647 -2774546.205854
2129.698486 2520.133526 6779.467984
UTC=2024-01-08T16:54:02.000000
1321850.184686 6791296.379181 -1941621.152982
2012.247190 1627.219882 7084.703083
UTC=2024-01-08T16:56:02.000000
1553917.925547 6931754.298947 -1078605.031697
1847.886802 711.122816 7280.306710
UTC=2024-01-08T16:58:02.000000
1763555.018668 6961637.856627 -198863.061115
1638.858793 -213.170295 7363.082178
UTC=2024-01-08T17:00:02.000000
1945584.546347 6880869.979852 683962.824060
1388.374150 -1130.554509 7331.621661
UTC=2024-01-08T17:02:02.000000
2095270.536826 6691179.985226 1556170.641854
1100.560860 -2026.072198 7186.334431
UTC=2024-01-08T17:04:02.000000
2208423.964792 6396070.073292 2404216.599724
780.393095 -2885.176620 6929.444356
UTC=2024-01-08T17:06:02.000000
2281499.015759 6000750.600755 3214930.934195
433.600497 -3693.986202 6564.952785
UTC=2024-01-08T17:08:02.000000
2311677.496266 5512045.658445 3975727.596372
66.560587 -4439.526722 6098.572993
UTC=2024-01-08T17:10:02.000000
2296939.141926 4938270.467049 4674803.893206
-313.826660 -5109.955429 5537.628933
UTC=2024-01-08T17:12:02.000000
2236116.343166 4289082.946048 5301326.263212
-700.274586 -5694.769063 4890.921280
UTC=2024-01-08T17:14:02.000000
2128931.918508 3575313.086066 5845597.126646
-1085.251778 -6184.956738 4168.555008
UTC=2024-01-08T17:16:02.000000
1976020.387717 2808776.578292 6299201.790842
-1461.118427 -6573.120702 3381.779229
UTC=2024-01-08T17:18:02.000000
1778932.198537 2002074.567375 6655135.391135
-1820.273501 -6853.583502 2542.810294
UTC=2024-01-08T17:20:02.000000
1540120.348533 1168382.322658 6907907.166983
-2155.299228 -7022.462811 1664.632729
UTC=2024-01-08T17:22:02.000000
1262909.974856 321231.465824 7053620.386521
-2459.100179 -7077.703947 760.796318
UTC=2024-01-08T17:24:02.000000
951451.698101 -525709.888037 7090028.788838
-2725.035812 -7019.088347 -154.771626
UTC=2024-01-08T17:26:02.000000
610659.101178 -1358857.800309 7016570.106815
-2947.051974 -6848.234359 -1067.967843
UTC=2024-01-08T17:28:02.000000
246130.878033 -2164930.944613 6834374.489312
-3119.804093 -6568.558772 -1964.722389
UTC=2024-01-08T17:30:02.000000
-135941.201608 -2931163.104493 6546248.204179
-3238.769651 -6185.218191 -2831.205583
UTC=2024-01-08T17:32:02.000000
-528876.810048 -3645506.795804 6156631.970980
-3300.342727 -5705.015930 -3654.039547
UTC=2024-01-08T17:34:02.000000
-925622.029177 -4296823.921375 5671535.356673
-3301.915863 -5136.285643 -4420.484582
UTC=2024-01-08T17:36:02.000000
-1318873.805993 -4875062.262432 5098449.389459
-3241.956645 -4488.770612 -5118.620646
UTC=2024-01-08T17:38:02.000000
-1701212.961706 -5371416.420222 4446236.511317
-3120.069849 -3773.480770 -5737.544374
UTC=2024-01-08T17:40:02.000000
-2065242.922449 -5778469.305425 3724996.857765
-2937.031277 -3002.511611 -6267.561203
UTC=2024-01-08T17:42:02.000000
-2403731.157195 -6090309.965751 2945912.839960
-2694.798914 -2188.833270 -6700.353305
UTC=2024-01-08T17:44:02.000000
-2709750.466416 -6302625.233774 2121075.182630
-2396.499280 -1346.067464 -7029.122355
UTC=2024-01-08T17:46:02.000000
-2976817.082529 -6412763.952917 1263292.953323
-2046.387646 -488.252215 -7248.712515
UTC=2024-01-08T17:48:02.000000
-3199022.522810 -6419772.147046 385890.508524
-1649.784151 370.406266 -7355.704504
UTC=2024-01-08T17:50:02.000000
-3371156.338174 -6324398.036627 -497504.915730
-1212.986132 1215.786344 -7348.477296
UTC=2024-01-08T17:52:02.000000
-3488817.043389 -6129066.698420 -1373181.097035
-743.159025 2034.104120 -7227.237248
UTC=2024-01-08T17:54:02.000000
-3548508.728366 -5837824.607300 -2227559.974862
-248.207391 2812.160164 -6994.009523
UTC=2024-01-08T17:56:02.000000
-3547721.179509 -5456255.442317 -3047413.617047
263.370714 3537.571051 -6652.594297
UTC=2024-01-08T17:58:02.000000
-3484991.582806 -4991369.207495 -3820072.791654
782.644244 4198.981062 -6208.486514
UTC=2024-01-08T18:00:02.000000
-3359946.532458 -4451467.744078 -4533623.806238
1300.415039 4786.242531 -5668.762764
UTC=2024-01-08T18:02:02.000000
-3173324.153353 -3845990.524298 -5177090.490714
1807.383391 5290.565424 -5041.948151
UTC=2024-01-08T18:04:02.000000
-2926976.370515 -3185344.077280 -5740599.067936
2294.312893 5704.640009 -4337.863826
UTC=2024-01-08T18:06:02.000000
-2623851.568866 -2480718.586953 -6215523.744099
2752.192372 6022.727559 -3567.459758
UTC=2024-01-08T18:08:02.000000
-2267957.994287 -1743895.391954 -6594611.713687
3172.394781 6240.722678 -2742.638610
UTC=2024-01-08T18:10:02.000000
-1864308.527844 -987048.583427 -6872086.161389
3546.826758 6356.187746 -1876.065212
UTC=2024-01-08T18:12:02.000000
-1418848.445343 -222544.401835 -7043726.159010
3868.063192 6368.356159 -980.974483
UTC=2024-01-08T18:14:02.000000
-938367.679574 537258.147931 -7106923.908021
4129.472108 6278.109893 -70.987415
UTC=2024-01-08T18:16:02.000000
-430398.328726 1280203.136962 -7060720.248117
4325.335075 6087.944655 840.071749
UTC=2024-01-08T18:18:02.000000
96901.339765 1994528.168442 -6905817.531708
4450.950142 5801.911893 1738.365087
UTC=2024-01-08T18:20:02.000000
634874.712265 2669046.964393 -6644570.710417
4502.730566 5425.550239 2610.218443
UTC=2024-01-08T18:22:02.000000
1174506.318334 3293322.855281 -6280955.954730
4478.294132 4965.797277 3442.319150
UTC=2024-01-08T18:24:02.000000
1706570.245686 3857829.991763 -5820515.559055
4376.525149 4430.875040 4221.908212
UTC=2024-01-08T18:26:02.000000
2221785.338851 4354099.863302 -5270280.648793
4197.625747 3830.161763 4936.961354
UTC=2024-01-08T18:28:02.000000
2710975.466983 4774851.758632 -4638671.892986
3943.147575 3174.050563 5576.374978
UTC=2024-01-08T18:30:02.000000
3165232.136917 5114104.894618 -3935377.937906
3615.998611 2473.784094 6130.148812
UTC=2024-01-08T18:32:02.000000
3576076.543021 5367269.475549 -3171212.921335
3220.428398 1741.271768 6589.551947
UTC=2024-01-08T18:34:02.000000
3935618.498786 5531215.029401 -2357954.446285
2761.987717 988.890741 6947.282783
UTC=2024-01-08T18:36:02.000000
4236708.367854 5604313.699129 -1508163.716066
2247.453992 229.272167 7197.603139
UTC=2024-01-08T18:38:02.000000
4473078.616165 5586457.807822 -634990.900549
1684.732734 -524.916415 7336.452180
UTC=2024-01-08T18:40:02.000000
4639471.891422 5479050.473280 248031.548123
1082.731476 -1261.201197 7361.530198
UTC=2024-01-08T18:42:02.000000
4731752.280777 5284968.667480 1127203.378780
451.205523 -1967.528249 7272.344558
UTC=2024-01-08T18:44:02.000000
4746996.928722 5008500.191433 1988874.208221
-199.410543 -2632.470370 7070.218629
UTC=2024-01-08T18:46:02.000000
4683567.253962 4655256.536575 2819661.195975
-858.179596 -3245.427968 6758.284959
UTC=2024-01-08T18:48:02.000000
4541156.701845 4232061.508334 3606663.515764
-1513.873561 -3796.824244 6341.429681
UTC=2024-01-08T18:50:02.000000
4320813.445509 3746818.770291 4337667.097678
-2155.174985 -4278.263017 5826.194911
UTC=2024-01-08T18:52:02.000000
4024939.176310 3208362.059254 5001336.428543
-2770.875119 -4682.657259 5220.661028
UTC=2024-01-08T18:54:02.000000
3657263.825060 2626291.646031 5587391.648077
-3350.082181 -5004.335784 4534.315080
UTC=2024-01-08T18:56:02.000000
3222795.217996 2010799.424967 6086766.611773
-3882.417790 -5239.116730 3777.868497
UTC=2024-01-08T18:58:02.000000
2727747.384188 1372487.677466 6491745.463109
-4358.186085 -5384.348271 2963.084930
UTC=2024-01-08T19:00:02.000000
2179448.363989 722184.129450 6796077.601764
-4768.542529 -5438.923518 2102.588894
UTC=2024-01-08T19:02:02.000000
1586228.903850 70757.550744 6995069.463256
-5105.643659 -5403.260853 1209.675580
UTC=2024-01-08T19:04:02.000000
957293.981287 -571063.616509 7085653.686598
-5362.784488 -5279.275293 298.119713
UTC=2024-01-08T19:06:02.000000
302578.605303 -1192868.262710 7066434.195173
-5534.521325 -5070.329140 -618.033834
UTC=2024-01-08T19:08:02.000000
-367409.858012 -1784731.722964 6937706.249212
-5616.774437 -4781.153493 -1524.675110
UTC=2024-01-08T19:10:02.000000
-1041760.609814 -2337374.576525 6701451.764539
-5606.911273 -4417.753369 -2407.838238
UTC=2024-01-08T19:12:02.000000
-1709336.615842 -2842308.589501 6361309.700920
-5503.800876 -3987.289232 -3253.903142
UTC=2024-01-08T19:14:02.000000
-2358957.401312 -3291967.895707 5922523.542476
-5307.857735 -3497.952875 -4049.778967
UTC=2024-01-08T19:16:02.000000
-2979586.896153 -3679825.003194 5391866.104832
-5021.078126 -2958.834389 -4783.102207
UTC=2024-01-08T19:18:02.000000
-3560523.832480 -4000489.237072 4777539.749408
-4647.041882 -2379.761966 -5442.444569
UTC=2024-01-08T19:20:02.000000
-4091589.594968 -4249784.838931 4089052.538441
-4190.871075 -1771.126466 -6017.501937
UTC=2024-01-08T19:22:02.000000
-4563309.613490 -4424807.675453 3337073.085124
-3659.164733 -1143.699750 -6499.262364
UTC=2024-01-08T19:24:02.000000
-4967085.559210 -4523959.766894 2533266.307989
-3059.911604 -508.447740 -6880.157416
UTC=2024-01-08T19:26:02.000000
-5295355.478887 -4546960.922186 1690111.505482
-2402.372837 123.666393 -7154.204048
UTC=2024-01-08T19:28:02.000000
-5541737.613889 -4494836.192573 820705.197970
-1696.930030 741.884845 -7317.113404
UTC=2024-01-08T19:30:02.000000
-5701154.625457 -4369879.467038 -61447.124353
-954.910734 1335.850189 -7366.368832
UTC=2024-01-08T19:32:02.000000
-5769935.466589 -4175594.086734 -942646.832853
-188.391065 1895.792630 -7301.273389
UTC=2024-01-08T19:34:02.000000
-5745892.298924 -3916611.540755 -1809221.760923
590.023361 2412.708486 -7122.963634
UTC=2024-01-08T19:36:02.000000
-5628370.058167 -3598589.647323 -2647744.659082
1367.430477 2878.519605 -6834.375677
UTC=2024-01-08T19:38:02.000000
-5418268.280629 -3228093.524924 -3445245.387888
2130.860511 3286.202385 -6440.178979
UTC=2024-01-08T19:40:02.000000
-5118035.539775 -2812462.326047 -4189413.578946
2867.503162 3629.895483 -5946.682190
UTC=2024-01-08T19:42:02.000000
-4731636.978119 -2359664.684670 -4868788.404287
3564.929150 3904.980003 -5361.713567
UTC=2024-01-08T19:44:02.000000
-4264495.744628 -1878146.190987 -5472932.504195
4211.301382 4108.132227 -4694.477193
UTC=2024-01-08T19:46:02.000000
-3723410.082616 -1376672.018527 -5992587.549401
4795.569815 4237.352056 -3955.390846
UTC=2024-01-08T19:48:02.000000
-3116448.111071 -864167.771615 -6419809.367928
5307.647579 4291.963588 -3155.909501
UTC=2024-01-08T19:50:02.000000
-2452822.607192 -349561.811302 -6748081.530602
5738.568826 4272.590747 -2308.342863
UTC=2024-01-08T19:52:02.000000
-1742747.919982 158368.114489 -6972406.572603
6080.627428 4181.110237 -1425.664920
UTC=2024-01-08T19:54:02.000000
-997281.940813 651141.417471 -7089374.303503
6327.487181 4020.586534 -521.326665
UTC=2024-01-08T19:56:02.000000
-228155.691259 1120712.984432 -7097208.228303
6474.281043 3795.199451 390.926793
UTC=2024-01-08T19:58:02.000000
552407.931524 1559601.517578 -6995789.497057
6517.689562 3510.149286 1297.241582
UTC=2024-01-08T20:00:02.000000
1331884.246984 1961006.183080 -6786659.565414
6456.014658 3171.560492 2183.832862
UTC=2024-01-08T20:02:02.000000
2097644.674952 2318911.006811 -6472999.711871
6289.227080 2786.369192 3037.186794
UTC=2024-01-08T20:04:02.000000
2837158.538799 2628174.879629 -6059587.267855
6018.990377 2362.198562 3844.249105
UTC=2024-01-08T20:06:02.000000
3538196.227943 2884605.876455 -5552728.953629
5648.656099 1907.222333 4592.613110
UTC=2024-01-08T20:08:02.000000
4189030.882795 3085019.181848 -4960172.681212
5183.248034 1430.028632 5270.697032
UTC=2024-01-08T20:10:02.000000
4778636.796970 3227278.047524 -4290997.179962
4629.417678 939.471079 5867.933062
UTC=2024-01-08T20:12:02.000000
5296880.234600 3310316.175583 -3555479.480800
3995.362864 444.510301 6374.945689
UTC=2024-01-08T20:14:02.000000
5734698.464359 3334141.098976 -2764942.223391
3290.716279 -45.942712 6783.708172
UTC=2024-01-08T20:16:02.000000
6084264.407245 3299818.835912 -1931582.811048
2526.413887 -523.185467 7087.692651
UTC=2024-01-08T20:18:02.000000
6339132.883223 3209438.823562 -1068285.478697
1714.519812 -978.889768 7281.997246
UTC=2024-01-08T20:20:02.000000
6494364.413080 3066059.811005 -188420.303980
868.030685 -1405.253722 7363.441003
UTC=2024-01-08T20:22:02.000000
6546624.060928 2873637.628980 694367.884199
0.652475 -1795.152078 7330.633340
UTC=2024-01-08T20:24:02.000000
6494252.129797 2636936.020427 1566376.213134
-873.440132 -2142.263118 7183.999431
UTC=2024-01-08T20:26:02.000000
6337305.811504 2361423.730822 2414062.091383
-1739.849482 -2441.176840 6925.783801
UTC=2024-01-08T20:28:02.000000
6077570.323611 2053158.848675 3224259.930609
-2584.216961 -2687.494792 6560.015345
UTC=2024-01-08T20:30:02.000000
5718538.583197 1718663.094021 3984391.051748
-3392.481799 -2877.897726 6092.432384
UTC=2024-01-08T20:32:02.000000
5265360.287819 1364789.230284 4682662.770291
-4151.132527 -3010.192870 5530.374738
UTC=2024-01-08T20:34:02.000000
4724762.140720 998584.668107 5308252.439379
-4847.432360 -3083.329825 4882.647747
UTC=2024-01-08T20:36:02.000000
4104941.937258 627154.223242 5851475.086675
-5469.636799 -3097.400361 4159.380339
UTC=2024-01-08T20:38:02.000000
3415436.895517 257524.432486 6303931.657010
-6007.196561 -3053.610021 3371.842924
UTC=2024-01-08T20:40:02.000000
2666970.409484 -103487.021172 6658634.460175
-6450.915031 -2954.224089 2532.258030
UTC=2024-01-08T20:42:02.000000
1871281.225588 -449394.724804 6910110.654139
-6793.089068 -2802.503335 1653.619270
UTC=2024-01-08T20:44:02.000000
1040936.385531 -774160.451238 7054483.271481
-7027.636794 -2602.625866 749.497116
UTC=2024-01-08T20:46:02.000000
189130.279791 -1072297.681675 7089527.875881
-7150.197112 -2359.591145 -166.171681
UTC=2024-01-08T20:48:02.000000
-670526.052041 -1338963.748187 7014704.231859
-7158.196854 -2079.112062 -1079.287789
UTC=2024-01-08T20:50:02.000000
-1524222.479144 -1570038.523240 6831163.499671
-7050.896082 -1767.497326 -1975.794736
UTC=2024-01-08T20:52:02.000000
-2358171.024310 -1762188.215841 6541731.010463
-6829.404717 -1431.521649 -2841.878051
UTC=2024-01-08T20:54:02.000000
-3158827.964786 -1912913.431956 6150866.004152
-6496.683900 -1078.295921 -3664.151450
UTC=2024-01-08T20:56:02.000000
-3913115.690138 -2020581.858400 5664598.354621
-6057.535521 -715.138117 -4429.860724
UTC=2024-01-08T20:58:02.000000
-4608640.400770 -2084444.807109 5090439.878944
-5518.541477 -349.433609 -5127.093315
UTC=2024-01-08T21:00:02.000000
-5233900.650154 -2104636.717841 4437271.840545
-4887.974880 11.508329 -5744.969305
UTC=2024-01-08T21:02:02.000000
-5778483.231272 -2082157.351674 3715210.101638
-4175.677174 360.598487 -6273.819616
UTC=2024-01-08T21:04:02.000000
-6233242.732099 -2018837.116185 2935450.188127
-3392.910236 691.103738 -6705.343941
UTC=2024-01-08T21:06:02.000000
-6590462.038141 -1917286.689627 2110094.291454
-2552.187171 996.773311 -7032.755193
UTC=2024-01-08T21:08:02.000000
-6843990.687364 -1780831.685366 1251961.269265
-1667.066579 1271.962723 -7250.916305
UTC=2024-01-08T21:10:02.000000
-6989355.807157 -1613432.967564 374382.618003
-751.909295 1511.746046 -7356.431702
UTC=2024-01-08T21:12:02.000000
-7023843.620346 -1419594.558508 -509010.322608
178.370999 1712.010890 -7347.707781
UTC=2024-01-08T21:14:02.000000
-6946549.711621 -1204261.328430 -1384504.666342
1108.577377 1869.532924 -7224.979927
UTC=2024-01-08T21:16:02.000000
-6758396.673214 -972708.954368 -2238524.997608
2023.501576 1982.029957 -6990.298453
UTC=2024-01-08T21:18:02.000000
-6462119.502716 -730428.884399 -3057848.690150
2908.188834 2048.191328 -6647.483611
UTC=2024-01-08T21:20:02.000000
-6062219.392022 -483010.779295 -3829814.277093
3748.200627 2067.691882 -6202.051965
UTC=2024-01-08T21:22:02.000000
-5564886.662871 -236024.410310 -4542518.590355
4529.862714 2041.184636 -5661.104343
UTC=2024-01-08T21:24:02.000000
-4977895.345401 5095.937462 -5184998.919984
5240.489307 1970.267447 -5033.190042
UTC=2024-01-08T21:26:02.000000
-4310472.357048 235161.918486 -5747397.837784
5868.583323 1857.431394 -4328.154014
UTC=2024-01-08T21:28:02.000000
-3573143.956919 449334.312557 -6221108.434410
6404.012420 1705.991236 -3556.963023
UTC=2024-01-08T21:30:02.000000
-2777563.239409 643217.005774 -6598897.989824
6838.148802 1520.002531 -2731.523213
UTC=2024-01-08T21:32:02.000000
-1936322.597970 812940.326925 -6875010.025518
7163.983727 1304.167382 -1864.502825
UTC=2024-01-08T21:34:02.000000
-1062753.289651 955232.639158 -7045244.537045
7376.224353 1063.733445 -969.141830
UTC=2024-01-08T21:36:02.000000
-170715.565662 1067479.291620 -7107015.000820
7471.355177 804.383799 -59.060936
UTC=2024-01-08T21:38:02.000000
725617.191146 1147767.973848 -7059383.334758
7447.679157 532.121733 851.914567
UTC=2024-01-08T21:40:02.000000
1611979.124204 1194920.189923 -6903073.911979
7305.357340 253.154606 1749.936068
UTC=2024-01-08T21:42:02.000000
2474235.564389 1208508.528223 -6640464.158086
7046.412550 -26.227385 2621.332870
UTC=2024-01-08T21:44:02.000000
3298605.426141 1188859.266515 -6275551.822389
6674.709549 -299.773465 3452.803232
UTC=2024-01-08T21:46:02.000000
4071879.463681 1137040.229758 -5813899.266929
6195.904523 -561.395490 4231.601062
UTC=2024-01-08T21:48:02.000000
4781631.650955 1054834.092731 -5262556.134773
5617.382913 -805.286967 4945.715514
UTC=2024-01-08T21:50:02.000000
5416421.710263 944697.647577 -4629959.826208
4948.170493 -1026.038088 5584.059740
UTC=2024-01-08T21:52:02.000000
5965984.731553 809707.403700 -3925813.582556
4198.807596 -1218.748281 6136.651793
UTC=2024-01-08T21:54:02.000000
6421404.034633 653492.141705 -3160943.841459
3381.196952 -1379.129851 6594.780195
UTC=2024-01-08T21:56:02.000000
6775264.384502 480153.759516 -2347138.461018
2508.428738 -1503.599618 6951.157885
UTC=2024-01-08T21:58:02.000000
7021782.427110 294177.730435 -1496966.988992
1594.572505 -1589.360270 7200.065653
UTC=2024-01-08T22:00:02.000000
7156909.917459 100334.763715 -623585.446318
654.435741 -1634.463968 7337.463520
UTC=2024-01-08T22:02:02.000000
7178407.230300 -96423.919418 259470.096375
-296.687793 -1637.855971 7361.067946
UTC=2024-01-08T22:04:02.000000
7085886.079998 -291075.670249 1138497.721927
-1243.282342 -1599.403961 7270.404648
UTC=2024-01-08T22:06:02.000000
6880819.515891 -478637.712143 1999848.137121
-2169.886988 -1519.903467 7066.825070
UTC=2024-01-08T22:08:02.000000
6566518.675402 -654277.682169 2830143.177225
-3061.375150 -1401.061868 6753.489780
UTC=2024-01-08T22:10:02.000000
6148076.043652 -813421.147412 3616489.506617
-3903.227639 -1245.462163 6335.305072
UTC=2024-01-08T22:12:02.000000
5632277.647341 -951853.285636 4346682.748019
-4681.776452 -1056.504807 5818.830973
UTC=2024-01-08T22:14:02.000000
5027486.850264 -1065813.084044 5009399.576904
-5384.439548 -838.339029 5212.169323
UTC=2024-01-08T22:16:02.000000
4343500.993459 -1152077.726343 5594374.054823
-5999.930732 -595.768514 4524.815367
UTC=2024-01-08T22:18:02.000000
3591385.165793 -1208034.935836 6092555.199993
-6518.433849 -334.148181 3767.494902
UTC=2024-01-08T22:20:02.000000
2783286.607416 -1231742.787208 6496244.132483
-6931.751208 -59.276236 2951.985764
UTC=2024-01-08T22:22:02.000000
1932233.373123 -1221975.806969 6799209.058801
-7233.417268 222.724457 2090.930939
UTC=2024-01-08T22:24:02.000000
1051920.568943 -1178256.628190 6996777.703230
-7418.793699 505.529874 1197.645099
UTC=2024-01-08T22:26:02.000000
156487.114963 -1100872.335035 7085905.428751
-7485.128310 782.744538 285.906628
UTC=2024-01-08T22:28:02.000000
-739712.411025 -990875.411492 7065218.688462
-7431.581484 1048.028234 -630.244864
UTC=2024-01-08T22:30:02.000000
-1622337.700711 -850069.542514 6935034.382180
-7259.229399 1295.222525 -1536.708051
UTC=2024-01-08T22:32:02.000000
-2477291.635119 -680980.143057 6697355.249309
-6971.043373 1518.477514 -2419.520022
UTC=2024-01-08T22:34:02.000000
-3290945.348516 -486810.074229 6355841.475922
-6571.848135 1712.372085 -3265.052491
UTC=2024-01-08T22:36:02.000000
-4050357.155480 -271381.257564 5915758.470484
-6068.258804 1872.027877 -4060.214165
UTC=2024-01-08T22:38:02.000000
-4743482.036892 -39063.057120 5383900.198847
-5468.586245 1993.216548 -4792.654114
UTC=2024-01-08T22:40:02.000000
-5359367.830475 205311.627263 4768488.393132
-4782.710533 2072.455738 -5450.958830
UTC=2024-01-08T22:42:02.000000
-5888334.619315 456541.094659 4079048.797479
-4021.927194 2107.094211 -6024.838695
UTC=2024-01-08T22:44:02.000000
-6322133.766666 709158.897588 3326265.909276
-3198.763705 2095.380967 -6505.296888
UTC=2024-01-08T22:46:02.000000
-6654083.999279 957545.241148 2521818.451926
-2326.779180 2036.518345 -6884.785336
UTC=2024-01-08T22:48:02.000000
-6879181.605543 1196043.445761 1678196.986775
-1420.334237 1930.692553 -7157.341541
UTC=2024-01-08T22:50:02.000000
-6994182.061768 1419078.857572 808506.781472
-494.345069 1779.084741 -7318.699663
UTC=2024-01-08T22:52:02.000000
-6997650.784083 1621277.862877 -73741.077525
435.984703 1583.860533 -7366.372204
UTC=2024-01-08T22:54:02.000000
-6889981.074935 1797584.082709 -954845.986269
1355.439582 1348.133531 -7299.691588
UTC=2024-01-08T22:56:02.000000
-6673379.331345 1943368.926350 -1821136.755966
2249.060444 1075.909457 -7119.813599
UTC=2024-01-08T22:58:02.000000
-6351818.661859 2054534.572301 -2659189.296388
3102.404972 772.015178 -6829.695040
UTC=2024-01-08T23:00:02.000000
-5930961.198565 2127607.054171 -3456039.739041
3901.806761 442.003535 -6434.035605
UTC=2024-01-08T23:02:02.000000
-5418050.664058 2159816.706506 -4199387.822843
4634.608333 92.040592 -5939.176279
UTC=2024-01-08T23:04:02.000000
-4821778.960521 2149164.621529 -4877786.475827
5289.362130 -271.214483 -5352.973329
UTC=2024-01-08T23:06:02.000000
-4152130.290309 2094474.181176 -5480815.037149
5856.003286 -640.737929 -4684.650890
UTC=2024-01-08T23:08:02.000000
-3420206.654459 1995426.890816 -5999233.679984
6325.986774 -1009.273756 -3944.637832
UTC=2024-01-08T23:10:02.000000
-2638038.695013 1852582.120139 -6425117.996666
6692.397048 -1369.469767 -3144.400332
UTC=2024-01-08T23:12:02.000000
-1818384.504598 1667380.441102 -6751972.694836
6950.037668 -1714.014131 -2296.257954
UTC=2024-01-08T23:14:02.000000
-974520.055698 1442130.679918 -6974822.232296
7095.478153 -2035.769781 -1413.189692
UTC=2024-01-08T23:16:02.000000
-120025.816933 1179981.119286 -7090279.001654
7127.076361 -2327.903778 -508.650702
UTC=2024-01-08T23:18:02.000000
731428.031674 884875.649594 -7096589.466665
7044.978485 -2584.009052 403.607675
UTC=2024-01-08T23:20:02.000000
1566296.112029 561495.293477 -6993659.107486
6851.116048 -2798.227775 1309.720480
UTC=2024-01-08T23:22:02.000000
2371370.059998 215185.130575 -6783053.809773
6549.164246 -2965.368261 2195.910767
UTC=2024-01-08T23:24:02.000000
3133984.155050 -148131.905829 -6467978.242225
6144.481547 -3081.008088 3048.673806
UTC=2024-01-08T23:26:02.000000
3842212.792739 -522053.352074 -6053231.620994
5644.027809 -3141.592981 3854.970214
UTC=2024-01-08T23:28:02.000000
4485056.403643 -899806.551290 -5545140.950739
5056.259855 -3144.520455 4602.405236
UTC=2024-01-08T23:30:02.000000
5052614.563733 -1274367.578332 -4951472.813991
4391.018299 -3088.216969 5279.412974
UTC=2024-01-08T23:32:02.000000
5536243.464971 -1638588.384994 -4281322.487157
3659.379127 -2972.194952 5875.444146
UTC=2024-01-08T23:34:02.000000
5928694.134017 -1985329.559346 -3544981.469273
2873.483700 -2797.090822 6381.139263
UTC=2024-01-08T23:36:02.000000
6224229.022477 -2307596.546561 -2753784.736353
2046.347079 -2564.683768 6788.492730
UTC=2024-01-08T23:38:02.000000
6418714.154163 -2598676.757221 -1919939.214483
1191.642714 -2277.890944 7091.000345
UTC=2024-01-08T23:40:02.000000
6509684.311204 -2852274.496709 -1056336.038048
323.470533 -1940.736405 7283.780862
UTC=2024-01-08T23:42:02.000000
6496379.835044 -3062640.840066 -176349.693694
-543.885146 -1558.298040 7363.673915
UTC=2024-01-08T23:44:02.000000
6379753.618141 -3224695.620837 706372.843307
-1396.207723 -1136.628810 7329.306478
UTC=2024-01-08T23:46:02.000000
6162448.017606 -3334138.616145 1578129.089289
-2219.598872 -682.656117 7181.130760
UTC=2024-01-08T23:48:02.000000
5848741.063927 -3387547.200599 2425380.527113
-3000.737545 -204.056733 6921.421790
UTC=2024-01-08T23:50:02.000000
5444462.956735 -3382458.029723 3234968.805829
-3727.111979 290.882697 6554.232013
UTC=2024-01-08T23:52:02.000000
4956885.798363 -3317430.896680 3994325.114075
-4387.236473 793.423638 6085.318024
UTC=2024-01-08T23:54:02.000000
4394589.085898 -3192093.412238 4691668.329249
-4970.835076 1294.533690 5522.033429
UTC=2024-01-08T23:56:02.000000
3767304.290574 -3007166.592351 5316189.726843
-5469.011699 1785.050714 4873.207268
UTC=2024-01-08T23:58:02.000000
3085740.452447 -2764469.902520 5858220.583019
-5874.387873 2255.858155 4148.981929
