UTC=2024-02-01T00:00:02.000000
3639480.126815 -3040663.158881 5385333.445697
-5491.412295 1933.100540 4790.604876
UTC=2024-02-01T00:02:02.000000
2956375.191659 -2779970.626997 5916939.866438
-5877.630162 2407.297751 4058.068008
UTC=2024-02-01T00:04:02.000000
2232796.983735 -2464163.528979 6356760.078757
-6165.201942 2850.213203 3262.820082
UTC=2024-02-01T00:06:02.000000
1480824.390779 -2097513.240322 6698001.032620
-6350.389554 3253.303195 2417.205699
UTC=2024-02-01T00:08:02.000000
712881.858739 -1685283.666552 6935397.527574
-6431.175504 3608.594470 1534.311334
UTC=2024-02-01T00:10:02.000000
-58467.712935 -1233653.986824 7065289.200629
-6407.267958 3908.828751 627.764496
UTC=2024-02-01T00:12:02.000000
-820728.991683 -749624.737733 7085673.419084
-6280.079326 4147.596091 -288.467192
UTC=2024-02-01T00:14:02.000000
-1561676.335186 -240908.693857 6996234.096731
-6052.683578 4319.455288 -1200.275462
UTC=2024-02-01T00:16:02.000000
-2269549.636591 284192.137170 6798346.447227
-5729.753030 4420.043890 -2093.614046
UTC=2024-02-01T00:18:02.000000
-2933241.236913 816921.755922 6495057.404000
-5317.473762 4446.172184 -2954.701182
UTC=2024-02-01T00:20:02.000000
-3542471.452350 1348215.705720 6091041.755581
-4823.440226 4395.900431 -3770.220690
UTC=2024-02-01T00:22:02.000000
-4087950.390951 1868854.889858 5592534.366309
-4256.532275 4268.599759 -4527.520696
UTC=2024-02-01T00:24:02.000000
-4561523.755687 2369625.659909 5007238.566155
-3626.770716 4064.995281 -5214.811565
UTC=2024-02-01T00:26:02.000000
-4956299.894411 2841483.644829 4344210.903326
-2945.148489 3787.183482 -5821.360752
UTC=2024-02-01T00:28:02.000000
-5266755.233505 3275717.924408 3613723.474453
-2223.441693 3438.621830 -6337.669277
UTC=2024-02-01T00:30:02.000000
-5488816.372973 3664112.608542 2827106.192234
-1474.009115 3024.095808 -6755.631117
UTC=2024-02-01T00:32:02.000000
-5619917.350420 3999102.982057 1996570.867764
-709.579479 2549.660793 -7068.676953
UTC=2024-02-01T00:34:02.000000
-5659030.585828 4273922.815819 1135018.990382
56.974996 2022.551539 -7271.899868
UTC=2024-02-01T00:36:02.000000
-5606669.932646 4482738.827286 255836.444032
812.875350 1451.060030 -7362.144317
UTC=2024-02-01T00:38:02.000000
-5464865.827470 4620769.304673 -627319.984139
1545.660695 844.395907 -7338.058343
UTC=2024-02-01T00:40:02.000000
-5237113.756300 4684384.886315 -1500741.135607
2243.411825 212.526999 -7200.122791
UTC=2024-02-01T00:42:02.000000
-4928296.010365 4671188.762396 -2350885.197220
2894.969233 -434.004902 -6950.639786
UTC=2024-02-01T00:44:02.000000
-4544578.671462 4580073.694250 -3164593.233469
3490.125862 -1084.281197 -6593.676691
UTC=2024-02-01T00:46:02.000000
-4093286.939746 4411255.420951 -3929296.165343
4019.796103 -1727.204467 -6134.979616
UTC=2024-02-01T00:48:02.000000
-3582761.935167 4166282.169474 -4633209.332769
4476.153946 -2351.696358 -5581.854711
UTC=2024-02-01T00:50:02.000000
-3022202.812133 3848020.706972 -5265511.515569
4852.739175 -2946.890944 -4943.027691
UTC=2024-02-01T00:52:02.000000
-2421498.322380 3460619.960501 -5816506.179136
5144.529639 -3502.314192 -4228.492635
UTC=2024-02-01T00:54:02.000000
-1791050.596722 3009453.290261 -6277764.191777
5347.998440 -4008.062480 -3449.349427
UTC=2024-02-01T00:56:02.000000
-1141593.827158 2501039.737777 -6642245.578996
5461.139454 -4454.970963 -2617.618950
UTC=2024-02-01T00:58:02.000000
-484011.898943 1942946.484779 -6904398.645053
5483.460912 -4834.757937 -1746.054442
UTC=2024-02-01T01:00:02.000000
170841.889546 1343674.803077 -7060236.854350
5415.957777 -5140.158445 -847.957486
UTC=2024-02-01T01:02:02.000000
812320.613466 712530.823681 -7107393.599429
5261.067147 -5365.041430 63.004613
UTC=2024-02-01T01:04:02.000000
1430153.732536 59482.833043 -7045154.900848
5022.613059 -5504.519764 972.988609
UTC=2024-02-01T01:06:02.000000
2014608.615345 -604993.788092 -6874468.660003
4705.720774 -5555.041763 1868.170993
UTC=2024-02-01T01:08:02.000000
2556640.967035 -1270081.186840 -6597931.317332
4316.721318 -5514.462649 2734.930313
UTC=2024-02-01T01:10:02.000000
3048033.288508 -1924791.523269 -6219752.255068
3863.043273 -5382.101275 3560.036565
UTC=2024-02-01T01:12:02.000000
3481519.286283 -2558145.136763 -5745696.172547
3353.091921 -5158.782544 4330.827576
UTC=2024-02-01T01:14:02.000000
3850893.558522 -3159353.483390 -5183003.448091
2796.118458 -4846.868569 5035.405309
UTC=2024-02-01T01:16:02.000000
4151103.523275 -3718003.310490 -4540286.584707
2202.057435 -4450.247301 5662.828238
UTC=2024-02-01T01:18:02.000000
4378321.531313 -4224237.762014 -3827405.340707
1581.362828 -3974.297357 6203.277401
UTC=2024-02-01T01:20:02.000000
4529997.222020 -4668932.397025 -3055322.124302
944.839258 -3425.835638 6648.221942
UTC=2024-02-01T01:22:02.000000
4604888.673697 -5043862.966684 -2235937.814357
303.457670 -2813.031826 6990.575772
UTC=2024-02-01T01:24:02.000000
4603070.688979 -5341861.240878 -1381910.038246
-331.840838 -2145.294492 7224.833536
UTC=2024-02-01T01:26:02.000000
4525919.326191 -5556954.971080 -506456.548169
-950.342181 -1433.120891 7347.180891
UTC=2024-02-01T01:28:02.000000
4376072.964160 -5684488.320367 376852.714075
-1541.753801 -687.923156 7355.572257
UTC=2024-02-01T01:30:02.000000
4157370.490661 -5721220.209409 1254310.868016
-2096.389679 78.165861 7249.776699
UTC=2024-02-01T01:32:02.000000
3874767.834626 -5665397.845725 2112293.168131
-2605.347360 852.512406 7031.392119
UTC=2024-02-01T01:34:02.000000
3534234.042935 -5516803.225112 2937474.794613
-3060.667974 1622.207484 6703.811070
UTC=2024-02-01T01:36:02.000000
3142629.913658 -5276772.587624 3717042.906751
-3455.468396 2374.295492 6272.161783
UTC=2024-02-01T01:38:02.000000
2707572.061584 -4948187.849430 4438899.654880
-3784.050343 3096.008727 5743.214308
UTC=2024-02-01T01:40:02.000000
2237285.547562 -4535440.510107 5091852.272975
-4041.983483 3774.992544 5125.260872
UTC=2024-02-01T01:42:02.000000
1740448.088269 -4044368.984978 5665787.105473
-4226.160423 4399.520668 4427.969144
UTC=2024-02-01T01:44:02.000000
1226029.196755 -3482170.878592 6151825.194054
-4334.828878 4958.699523 3662.219660
UTC=2024-02-01T01:46:02.000000
703127.085626 -2857291.776524 6542456.550850
-4367.593515 5442.650691 2839.916257
UTC=2024-02-01T01:48:02.000000
180807.210628 -2179293.737840 6831651.579741
-4325.389387 5842.670080 1973.796200
UTC=2024-02-01T01:50:02.000000
-332054.672397 -1458705.760373 7014949.499536
-4210.433601 6151.367686 1077.237717
UTC=2024-02-01T01:52:02.000000
-826922.703350 -706858.382831 7089523.793289
-4026.161970 6362.794651 164.066383
UTC=2024-02-01T01:54:02.000000
-1295742.486785 64295.830421 7054223.551459
-3777.148556 6472.547809 -751.650754
UTC=2024-02-01T01:56:02.000000
-1731072.059696 842372.813713 6909590.141874
-3469.008646 6477.850305 -1655.810221
UTC=2024-02-01T01:58:02.000000
-2126200.204110 1614755.885885 6657849.359830
-3108.286594 6377.609882 -2534.475485
UTC=2024-02-01T02:00:02.000000
-2475250.640873 2368800.294540 6302879.263335
-2702.331814 6172.455255 -3374.078662
UTC=2024-02-01T02:02:02.000000
-2773270.581434 3092040.861043 5850153.988438
-2259.163081 5864.750938 -4161.619595
UTC=2024-02-01T02:04:02.000000
-3016302.559281 3772399.771698 5306663.767775
-1787.326251 5458.584319 -4884.862395
UTC=2024-02-01T02:06:02.000000
-3201438.697358 4398391.357358 4680811.564676
-1295.741827 4959.728238 -5532.529570
UTC=2024-02-01T02:08:02.000000
-3326855.933455 4959320.506047 3982286.792857
-793.542221 4375.571793 -6094.487750
UTC=2024-02-01T02:10:02.000000
-3391831.461543 5445470.895814 3221917.413075
-289.904105 3715.019122 -6561.922437
UTC=2024-02-01T02:12:02.000000
-3396737.800330 5848278.915358 2411502.122337
206.121772 2988.352452 -6927.492843
UTC=2024-02-01T02:14:02.000000
-3343017.664452 6160489.323562 1563625.527311
685.777194 2207.066200 -7185.460130
UTC=2024-02-01T02:16:02.000000
-3233139.029558 6376289.784176 691459.623923
1140.759115 1383.681707 -7331.788694
UTC=2024-02-01T02:18:02.000000
-3070531.200606 6491421.629538 -191445.664603
1563.372883 531.533874 -7364.225895
UTC=2024-02-01T02:20:02.000000
-2859503.343637 6503263.392168 -1071379.475222
1946.670807 -335.466128 -7282.346758
UTC=2024-02-01T02:22:02.000000
-2605147.011311 6410884.894872 -1934690.419367
2284.581771 -1203.086366 -7087.565808
UTC=2024-02-01T02:24:02.000000
-2313224.000479 6215069.438413 -2768005.221277
2572.021059 -2057.043562 -6783.090879
UTC=2024-02-01T02:26:02.000000
-1990043.350733 5918305.245280 -3558439.157261
2804.962555 -2883.245060 -6373.843449
UTC=2024-02-01T02:28:02.000000
-1642331.101997 5524748.127938 -4293796.502252
2980.489175 -3668.031344 -5866.367132
UTC=2024-02-01T02:30:02.000000
-1277095.270152 5040155.222369 -4962757.770944
3096.820794 -4398.409142 -5268.698372
UTC=2024-02-01T02:32:02.000000
-901488.999324 4471792.613872 -5555050.213197
3153.317806 -5062.255527 -4590.222024
UTC=2024-02-01T02:34:02.000000
-522674.375752 3828319.141625 -6061600.509806
3150.466718 -5648.512304 -3841.515908
UTC=2024-02-01T02:36:02.000000
-147689.241381 3119647.769694 -6474667.455855
3089.843579 -6147.362762 -3034.172812
UTC=2024-02-01T02:38:02.000000
216680.137202 2356787.577550 -6787952.323796
2974.053585 -6550.375762 -2180.609710
UTC=2024-02-01T02:40:02.000000
564018.177676 1551670.447035 -6996686.775826
2806.656557 -6850.621033 -1293.886529
UTC=2024-02-01T02:42:02.000000
888389.588499 716964.488928 -7097698.949822
2592.082181 -7042.773464 -387.518840
UTC=2024-02-01T02:44:02.000000
1184438.000831 -134123.498593 -7089456.692423
2335.532339 -7123.192049 524.711652
UTC=2024-02-01T02:46:02.000000
1447472.206118 -988053.949252 -6972087.972505
2042.872071 -7089.978498 1428.950382
UTC=2024-02-01T02:48:02.000000
1673538.816404 -1831165.665110 -6747378.323481
1720.514106 -6943.007828 2311.455849
UTC=2024-02-01T02:50:02.000000
1859481.002209 -2649889.713082 -6418746.425343
1375.301429 -6683.944097 3158.780668
UTC=2024-02-01T02:52:02.000000
2002982.636526 -3430964.414554 -5991197.958375
1014.381448 -6316.244001 3957.953073
UTC=2024-02-01T02:54:02.000000
2102597.078261 -4161649.753140 -5471256.887870
645.075853 -5845.137768 4696.674476
UTC=2024-02-01T02:56:02.000000
2157759.947446 -4829936.508715 -4866872.824503
274.744655 -5277.561499 5363.511826
UTC=2024-02-01T02:58:02.000000
2168785.641241 -5424746.029526 -4187306.947191
-89.348232 -4622.074021 5948.067067
UTC=2024-02-01T03:00:02.000000
2136847.664592 -5936119.097136 -3442997.442067
-440.171094 -3888.753123 6441.150237
UTC=2024-02-01T03:02:02.000000
2063942.657868 -6355390.017051 -2645404.556684
-771.058638 -3089.053537 6834.942513
UTC=2024-02-01T03:04:02.000000
1952838.591790 -6675341.753386 -1806837.067278
-1075.841772 -2235.632287 7123.143601
UTC=2024-02-01T03:06:02.000000
1807007.965146 -6890338.087032 -940262.617518
-1348.965691 -1342.145227 7301.090038
UTC=2024-02-01T03:08:02.000000
1630547.620652 -6996430.410424 -59104.987643
-1585.597114 -423.020125 7365.857817
UTC=2024-02-01T03:10:02.000000
1428086.218629 -6991434.691253 822968.377359
-1781.719390 506.801449 7316.314710
UTC=2024-02-01T03:12:02.000000
1204681.579944 -6874978.480130 1692263.408979
-1934.207933 1432.113492 7153.154271
UTC=2024-02-01T03:14:02.000000
965710.094569 -6648515.620913 2535278.995990
-2040.884879 2337.730924 6878.892914
UTC=2024-02-01T03:16:02.000000
716750.781071 -6315307.311842 3338922.945226
-2100.555848 3208.760563 6497.818853
UTC=2024-02-01T03:18:02.000000
463466.133308 -5880371.249153 4090720.014459
-2113.023601 4030.862726 6015.909917
UTC=2024-02-01T03:20:02.000000
211483.034983 -5350400.441322 4779008.372497
-2079.075314 4790.494776 5440.725704
UTC=2024-02-01T03:22:02.000000
-33723.750892 -4733653.492568 5393121.843321
-2000.452222 5475.143280 4781.276117
UTC=2024-02-01T03:24:02.000000
-266943.040519 -4039818.416285 5923554.669017
-1879.795425 6073.530319 4047.864738
UTC=2024-02-01T03:26:02.000000
-483331.193153 -3279853.071016 6362106.615055
-1720.577061 6575.798412 3251.914954
UTC=2024-02-01T03:28:02.000000
-678507.005539 -2465805.389675 6702005.620731
-1527.017114 6973.657741 2405.773844
UTC=2024-02-01T03:30:02.000000
-848635.738057 -1610618.305060 6938007.298462
-1303.986249 7260.499308 1522.525136
UTC=2024-02-01T03:32:02.000000
-990500.941040 -727921.800026 7066472.166852
-1056.900704 7431.496958 615.800673
UTC=2024-02-01T03:34:02.000000
-1101563.281803 168185.999637 7085419.231057
-791.609763 7483.683975 -300.424834
UTC=2024-02-01T03:36:02.000000
-1180005.187438 1063364.805361 6994554.754270
-514.272408 7415.996427 -1212.038916
UTC=2024-02-01T03:38:02.000000
-1224760.414094 1943261.908035 6795276.554331
-231.230704 7229.292028 -2104.995405
UTC=2024-02-01T03:40:02.000000
-1235528.408109 2793742.588586 6490653.859969
51.117101 6926.342899 -2965.517425
UTC=2024-02-01T03:42:02.000000
-1212773.459871 3601118.159505 6085382.885635
326.442952 6511.803451 -3780.299120
UTC=2024-02-01T03:44:02.000000
-1157708.561439 4352368.517778 5585718.218525
588.618096 5992.149578 -4536.705850
UTC=2024-02-01T03:46:02.000000
-1072264.005895 5035355.793058 4999380.754141
831.835784 5375.593367 -5222.966083
UTC=2024-02-01T03:48:02.000000
-959041.646603 5639026.205254 4335442.384474
1050.730376 4671.967730 -5828.367022
UTC=2024-02-01T03:50:02.000000
-821254.953826 6153595.310353 3604188.097509
1240.490566 3892.567381 -6343.428135
UTC=2024-02-01T03:52:02.000000
-662656.833239 6570713.792563 2816959.100375
1396.952797 3049.989047 -6760.054900
UTC=2024-02-01T03:54:02.000000
-487456.003739 6883612.032431 1985976.164869
1516.699505 2157.922888 -7071.705840
UTC=2024-02-01T03:56:02.000000
-300222.536882 7087216.504212 1124146.235824
1597.135962 1230.907122 -7273.501760
UTC=2024-02-01T03:58:02.000000
-105785.710559 7178236.792428 244857.615349
1636.544586 284.078986 -7362.311218
UTC=2024-02-01T04:00:02.000000
90873.703135 7155221.810637 -638233.599376
1634.122857 -667.088853 -7336.810622
UTC=2024-02-01T04:02:02.000000
284734.417160 7018583.082063 -1511422.505241
1589.997795 -1607.074046 -7197.509710
UTC=2024-02-01T04:04:02.000000
470845.616358 6770583.715071 -2361174.318475
1505.213598 -2520.583719 -6946.727152
UTC=2024-02-01T04:06:02.000000
644435.614033 6415295.105043 -3174338.489717
1381.706094 -3392.815300 -6588.537314
UTC=2024-02-01T04:08:02.000000
801016.472115 5958522.892546 -3938354.911280
1222.259669 -4209.708373 -6128.690693
UTC=2024-02-01T04:10:02.000000
936482.246381 5407703.504963 -4641448.706925
1030.444637 -4958.180987 -5574.503012
UTC=2024-02-01T04:12:02.000000
1047198.724759 4771773.821367 -5272810.003267
810.538604 -5626.340211 -4934.716913
UTC=2024-02-01T04:14:02.000000
1130082.869459 4061017.394174 -5822755.836514
567.433454 -6203.661669 -4219.344442
UTC=2024-02-01T04:16:02.000000
1182670.300479 3286890.895248 -6282872.558289
306.530219 -6681.141303 -3439.499752
UTC=2024-02-01T04:18:02.000000
1203169.784859 2461833.832344 -6646137.171400
33.627862 -7051.419908 -2607.214195
UTC=2024-02-01T04:20:02.000000
1190504.024412 1599065.733370 -6907016.066354
-245.193219 -7308.868165 -1735.249741
UTC=2024-02-01T04:22:02.000000
1144336.314746 712374.434919 -7061541.966836
-523.690419 -7449.653708 -836.918657
UTC=2024-02-01T04:24:02.000000
1065082.721721 -184102.504125 -7107368.503984
-795.580613 -7471.785126 74.107916
UTC=2024-02-01T04:26:02.000000
953909.494142 -1076100.054929 -7043801.771377
-1054.664444 -7375.129633 983.992614
UTC=2024-02-01T04:28:02.000000
812715.822246 -1949448.247305 -6871808.818309
-1294.944744 -7161.400465 1878.920320
UTC=2024-02-01T04:30:02.000000
644102.678302 -2790292.136818 -6594004.404266
-1510.741692 -6834.130466 2745.272971
UTC=2024-02-01T04:32:02.000000
451327.618570 -3585308.452071 -6214616.433127
-1696.811845 -6398.639885 3569.817056
UTC=2024-02-01T04:34:02.000000
238245.714426 -4321916.046671 -5739427.637117
-1848.456586 -5861.961706 4339.903392
UTC=2024-02-01T04:36:02.000000
9238.227627 -4988475.721342 -5175694.585908
-1961.621399 -5232.745189 5043.647139
UTC=2024-02-01T04:38:02.000000
-230870.543313 -5574477.583892 -4532045.048302
-2032.991813 -4521.141327 5670.110432
UTC=2024-02-01T04:40:02.000000
-476907.147576 -6070712.871241 -3818353.435586
-2060.075500 -3738.657687 6209.483133
UTC=2024-02-01T04:42:02.000000
-723451.812186 -6469426.461673 -3045595.266382
-2041.269426 -2897.982800 6653.249751
UTC=2024-02-01T04:44:02.000000
-964948.436090 -6764447.016138 -2225682.673184
-1975.911591 -2012.790278 6994.339903
UTC=2024-02-01T04:46:02.000000
-1195819.642581 -6951292.191050 -1371282.474786
-1864.312885 -1097.516542 7227.266945
UTC=2024-02-01T04:48:02.000000
-1410584.366632 -7027245.439037 -495619.254308
-1707.767687 -167.112566 7348.236900
UTC=2024-02-01T04:50:02.000000
-1603975.475950 -6991402.201525 387732.683814
-1508.543758 763.216983 7355.225053
UTC=2024-02-01T04:52:02.000000
-1771054.940979 -6844684.351767 1265064.629535
-1269.851344 1678.281353 7248.021022
UTC=2024-02-01T04:54:02.000000
-1907323.904323 -6589822.233599 2122752.276313
-995.788717 2563.175315 7028.240887
UTC=2024-02-01T04:56:02.000000
-2008824.865381 -6231304.235746 2947473.760114
-691.265853 3403.547322 6699.301737
UTC=2024-02-01T04:58:02.000000
-2072233.550413 -5775294.884270 3726422.309712
-361.909223 4185.853892 6266.357812
UTC=2024-02-01T05:00:02.000000
-2094938.356772 -5229523.742215 4447509.190121
-13.950759 4897.590951 5736.203344
UTC=2024-02-01T05:02:02.000000
-2075105.905911 -4603148.208440 5099553.281313
345.891406 5527.496670 5117.149203
UTC=2024-02-01T05:04:02.000000
-2011731.834051 -3906593.454438 5672454.943995
710.541038 6065.732545 4418.883913
UTC=2024-02-01T05:06:02.000000
-1904675.382135 -3151371.788759 6157351.406643
1072.705156 6504.040046 3652.302344
UTC=2024-02-01T05:08:02.000000
-1754676.767829 -2349886.132328 6546750.353902
1425.017188 6835.849296 2829.319936
UTC=2024-02-01T05:10:02.000000
-1563357.705415 -1515222.335364 6834641.413984
1760.174778 7056.360516 1962.689535
UTC=2024-02-01T05:12:02.000000
-1333205.531422 -660932.597007 7016585.074857
2071.075771 7162.608993 1065.804244
UTC=2024-02-01T05:14:02.000000
-1067541.168690 199186.544371 7089777.001717
2350.951194 7153.487557 152.491452
UTC=2024-02-01T05:16:02.000000
-770471.175502 1051317.211785 7053088.656490
2593.498329 7029.747390 -763.179354
UTC=2024-02-01T05:18:02.000000
-446823.964446 1881842.402144 6907084.086016
2793.009470 6793.979157 -1667.102592
UTC=2024-02-01T05:20:02.000000
-102071.240878 2677564.029503 6654011.827785
2944.489552 6450.563517 -2545.343390
UTC=2024-02-01T05:22:02.000000
257763.991268 3425913.386930 6297772.239596
3043.761750 6005.595592 -3384.339138
UTC=2024-02-01T05:24:02.000000
626211.353481 4115151.532781 5843860.866565
3087.561647 5466.791686 -4171.099786
UTC=2024-02-01T05:26:02.000000
996467.736523 4734556.767572 5299287.784265
3073.620946 4843.367631 -4893.405269
UTC=2024-02-01T05:28:02.000000
1361521.073360 5274596.298857 4672473.551874
3000.734554 4145.896126 -5540.000330
UTC=2024-02-01T05:30:02.000000
1714280.764440 5727078.715956 3973122.304970
2868.804889 3386.130130 -6100.773509
UTC=2024-02-01T05:32:02.000000
2047712.883231 6085284.891541 3212074.996294
2678.879274 2576.824214 -6566.919778
UTC=2024-02-01T05:34:02.000000
2354978.134714 6344075.775554 2401141.585305
2433.150110 1731.517872 -6931.118953
UTC=2024-02-01T05:36:02.000000
2629567.977887 6499972.098244 1552915.015213
2134.933554 864.293923 -7187.661308
UTC=2024-02-01T05:38:02.000000
2865437.027594 6551204.395481 680571.321911
1788.621606 -10.476899 -7332.551795
UTC=2024-02-01T05:40:02.000000
3057127.979424 6497732.273206 -202340.260466
1399.610753 -878.389231 -7363.574191
UTC=2024-02-01T05:42:02.000000
3199887.079057 6341233.380142 -1082113.391535
974.213479 -1725.257409 -7280.330003
UTC=2024-02-01T05:44:02.000000
3289767.473053 6085061.757909 -1945103.240796
519.545245 -2537.367695 -7084.240169
UTC=2024-02-01T05:46:02.000000
3323717.978397 5734176.866987 -2777943.340696
43.395684 -3301.715956 -6778.515759
UTC=2024-02-01T05:48:02.000000
3299655.396364 5295044.622467 -3567756.957122
-445.917624 -4006.235008 -6368.093868
UTC=2024-02-01T05:50:02.000000
3216518.410874 4775512.556973 -4302358.336838
-939.707331 -4639.995155 -5859.533667
UTC=2024-02-01T05:52:02.000000
3074302.416731 4184663.193946 -4970439.903280
-1429.076024 -5193.368290 -5260.890132
UTC=2024-02-01T05:54:02.000000
2874074.990340 3532649.189251 -5561743.230173
-1905.077717 -5658.167696 -4581.567826
UTC=2024-02-01T05:56:02.000000
2617972.293344 2830513.508495 -6067211.318234
-2358.875180 -6027.757408 -3832.157642
UTC=2024-02-01T05:58:02.000000
2309176.478427 2089998.320955 -6479120.455588
-2781.898276 -6297.130317 -3024.259561
UTC=2024-02-01T06:00:02.000000
1951874.665181 1323346.462111 -6791190.118086
-3165.990815 -6462.953982 -2170.295406
UTC=2024-02-01T06:02:02.000000
1551201.059385 543099.211265 -6998670.498128
-3503.546892 -6523.587780 -1283.325234
UTC=2024-02-01T06:04:02.000000
1113162.739452 -238106.731964 -7098408.260500
-3787.647047 -6479.080538 -376.865834
UTC=2024-02-01T06:06:02.000000
644549.497591 -1007740.988565 -7088889.738616
-4012.184689 -6331.148859 535.305236
UTC=2024-02-01T06:08:02.000000
152829.765074 -1753576.629169 -6970260.583278
-4171.972591 -6083.122963 1439.340247
UTC=2024-02-01T06:10:02.000000
-353965.757099 -2463879.912252 -6744323.620228
-4262.843735 -5739.881865 2321.496601
UTC=2024-02-01T06:12:02.000000
-867372.407263 -3127592.088145 -6414515.056457
-4281.746419 -5307.781615 3168.327940
UTC=2024-02-01T06:14:02.000000
-1378629.909285 -3734500.501956 -5985857.064416
-4226.816152 -4794.548214 3966.877783
UTC=2024-02-01T06:16:02.000000
-1878828.583864 -4275395.976152 -5464888.312156
-4097.436745 -4209.160240 4704.858008
UTC=2024-02-01T06:18:02.000000
-2359062.183950 -4742215.495746 -4859572.641259
-3894.287945 -3561.717768 5370.835575
UTC=2024-02-01T06:20:02.000000
-2810585.167119 -5128167.496727 -4179185.132331
-3619.370106 -2863.282773 5954.419730
UTC=2024-02-01T06:22:02.000000
-3224971.233890 -5427836.637760 -3434176.529604
-3276.001127 -2125.699434 6446.434091
UTC=2024-02-01T06:24:02.000000
-3594270.148511 -5637266.298000 -2636017.928934
-2868.791515 -1361.402280 6839.074630
UTC=2024-02-01T06:26:02.000000
-3911160.142696 -5754017.082717 -1797027.241499
-2403.594429 -583.207918 7126.054434
UTC=2024-02-01T06:28:02.000000
-4169092.514008 -5777199.480440 -930179.438401
-1887.425103 195.906724 7302.727931
UTC=2024-02-01T06:30:02.000000
-4362424.743200 -5707479.350668 -48903.565159
-1328.350930 963.034347 7366.185797
UTC=2024-02-01T06:32:02.000000
-4486538.986136 -5547055.710109 833129.641309
-735.358554 1705.567815 7315.317022
UTC=2024-02-01T06:34:02.000000
-4537943.301740 -5299610.975507 1702225.732260
-118.198400 2411.428830 7150.839290
UTC=2024-02-01T06:36:02.000000
-4514352.848880 -4970234.168975 2544885.753079
512.792189 3069.286952 6875.287740
UTC=2024-02-01T06:38:02.000000
-4414749.205338 -4565319.163384 3348021.765335
1146.875139 3668.756042 6492.967155
UTC=2024-02-01T06:40:02.000000
-4239416.904464 -4092440.658092 4099164.918170
1773.105713 4200.569218 6009.875831
UTC=2024-02-01T06:42:02.000000
-3989956.180482 -3560210.389824 4786662.569801
2380.534135 4656.733078 5433.597713
UTC=2024-02-01T06:44:02.000000
-3669271.600476 -2978116.613581 5399860.247476
2958.403106 5030.648982 4773.159573
UTC=2024-02-01T06:46:02.000000
-3281537.640038 -2356351.396353 5929265.526401
3496.335703 5317.197098 4038.875373
UTC=2024-02-01T06:48:02.000000
-2832142.081462 -1705629.396417 6366692.641429
3984.516617 5512.795747 3242.180104
UTC=2024-02-01T06:50:02.000000
-2327608.139655 -1037000.670676 6705386.274945
4413.865575 5615.441147 2395.447498
UTC=2024-02-01T06:52:02.000000
-1775496.235164 -361660.437584 6940122.166280
4776.201780 5624.715245 1511.785390
UTC=2024-02-01T06:54:02.000000
-1184287.645448 309239.456077 7067282.539133
5064.378273 5541.751465 604.829067
UTC=2024-02-01T06:56:02.000000
-563253.203784 964774.165503 7084908.208911
5272.403431 5369.192336 -311.446037
UTC=2024-02-01T06:58:02.000000
77692.465516 1594423.666943 6992727.333975
5395.556499 5111.130098 -1222.927277
UTC=2024-02-01T07:00:02.000000
728149.400694 2188241.915287 6792159.503858
5430.483827 4773.022868 -2115.571731
UTC=2024-02-01T07:02:02.000000
1377401.062800 2737014.475700 6486294.922235
5375.273093 4361.586617 -2975.611811
UTC=2024-02-01T07:04:02.000000
2014590.676560 3232402.392109 6079849.588040
5229.506909 3884.676200 -3789.751210
UTC=2024-02-01T07:06:02.000000
2628903.024032 3667071.142212 5579096.925680
4994.300181 3351.153878 -4545.362276
UTC=2024-02-01T07:08:02.000000
3209749.579039 4034802.657688 4991775.455955
4672.315762 2770.737433 -5230.688599
UTC=2024-02-01T07:10:02.000000
3746953.165358 4330587.608864 4326972.506514
4267.739757 2153.825137 -5835.034470
UTC=2024-02-01T07:12:02.000000
4230928.328667 4550696.799361 3594987.210335
3786.242427 1511.326450 -6348.926850
UTC=2024-02-01T07:14:02.000000
4652856.671933 4692731.499847 2807172.894370
3234.921130 854.469852 -6764.299794
UTC=2024-02-01T07:16:02.000000
5004850.783273 4755648.889819 1975759.006326
2622.174000 194.593418 -7074.634486
UTC=2024-02-01T07:18:02.000000
5280103.169814 4739763.513675 1113658.972569
1957.579583 -457.053090 -7275.069077
UTC=2024-02-01T07:20:02.000000
5473018.891616 4646724.143914 234265.076273
1251.737952 -1089.516443 -7362.498017
UTC=2024-02-01T07:22:02.000000
5579326.640064 4479465.990042 -648766.090314
516.076336 -1692.342059 -7335.626288
UTC=2024-02-01T07:24:02.000000
5596166.003253 4242139.504634 -1521731.921594
-237.351696 -2255.759968 -7194.982209
UTC=2024-02-01T07:26:02.000000
5522149.987725 3940017.808759 -2371102.040635
-996.079599 -2770.856236 -6942.902323
UTC=2024-02-01T07:28:02.000000
5357401.153995 3579384.726526 -3183732.530367
-1747.452321 -3229.722204 -6583.479646
UTC=2024-02-01T07:30:02.000000
5103560.776807 3167406.591927 -3947072.056729
-2478.850018 -3625.576351 -6122.481961
UTC=2024-02-01T07:32:02.000000
4763771.259929 2711990.717566 -4649356.702479
-3177.910826 -3952.866371 -5567.244222
UTC=2024-02-01T07:34:02.000000
4342632.150833 2221632.876820 -5279789.706214
-3832.744657 -4207.345922 -4926.524728
UTC=2024-02-01T07:36:02.000000
3846131.660693 1705258.004700 -5828702.872677
-4432.128925 -4386.113072 -4210.347770
UTC=2024-02-01T07:38:02.000000
3281555.435166 1172057.764866 -6287698.555543
-4965.691675 -4487.624776 -3429.835952
UTC=2024-02-01T07:40:02.000000
2657374.259556 631327.714598 -6649770.661450
-5424.078100 -4511.688966 -2597.027468
UTC=2024-02-01T07:42:02.000000
1983113.357250 92307.019847 -6909403.208993
-5799.090452 -4459.430208 -1724.688849
UTC=2024-02-01T07:44:02.000000
1269206.087820 -435976.696554 -7062646.944952
-6083.811439 -4333.240698 -826.136164
UTC=2024-02-01T07:46:02.000000
526832.941859 -944855.833009 -7107174.066371
-6272.723689 -4136.715409 84.956687
UTC=2024-02-01T07:48:02.000000
-232251.855229 -1426161.960092 -7042309.219017
-6361.794296 -3874.563152 994.752956
UTC=2024-02-01T07:50:02.000000
-995902.797505 -1872353.790098 -6869038.364149
-6348.546664 -3552.511478 1889.430949
UTC=2024-02-01T07:52:02.000000
-1751773.705893 -2276633.417130 -6589995.686967
-6232.120340 -3177.203731 2755.374898
UTC=2024-02-01T07:54:02.000000
-2487513.778609 -2633049.020788 -6209427.267280
-6013.301986 -2756.076559 3579.366005
UTC=2024-02-01T07:56:02.000000
-3190966.219780 -2936582.414423 -5733132.720528
-5694.540281 -2297.232806 4348.760549
UTC=2024-02-01T07:58:02.000000
-3850368.053694 -3183221.188889 -5168385.142633
-5279.948228 -1809.309148 5051.676876
UTC=2024-02-01T08:00:02.000000
-4454548.213268 -3370013.921599 -4523828.000728
-4775.269020 -1301.325806 5677.187547
UTC=2024-02-01T08:02:02.000000
-4993119.560087 -3495106.767211 -3809350.046365
-4187.812816 -782.529239 6215.493623
UTC=2024-02-01T08:04:02.000000
-5456661.949468 -3557761.013783 -3035939.758365
-3526.368548 -262.231135 6658.092473
UTC=2024-02-01T08:06:02.000000
-5836892.722940 -3558350.938170 -2215520.303797
-2801.082161 250.358599 6997.932940
UTC=2024-02-01T08:08:02.000000
-6126820.534232 -3498341.465544 -1360767.168455
-2023.301755 746.299895 7229.547093
UTC=2024-02-01T08:10:02.000000
-6320879.125828 -3380245.960177 -484911.486120
-1205.398161 1217.086043 7349.158115
UTC=2024-02-01T08:12:02.000000
-6415037.857184 -3207564.638515 398467.901158
-360.558448 1654.801194 7354.758052
UTC=2024-02-01T08:14:02.000000
-6406886.300845 -2984704.879106 1275660.025861
497.441332 2052.265273 7246.158726
UTC=2024-02-01T08:16:02.000000
-6295689.935355 -2716884.757751 2133041.345285
1354.488557 2403.167549 7025.003064
UTC=2024-02-01T08:18:02.000000
-6082415.169168 -2410021.796681 2957293.702785
2196.387924 2702.177047 6694.729066
UTC=2024-02-01T08:20:02.000000
-5769724.610381 -2070610.161023 3735616.448087
3009.107234 2945.027143 6260.513335
UTC=2024-02-01T08:22:02.000000
-5361941.837808 -1705588.529413 4455930.139928
3779.038528 3128.585160 5729.178860
UTC=2024-02-01T08:24:02.000000
-4864985.958620 -1322201.481384 5107066.115347
4493.234026 3250.888486 5109.058477
UTC=2024-02-01T08:26:02.000000
-4286279.628988 -927858.447368 5678939.049858
5139.616386 3311.151979 4409.850538
UTC=2024-02-01T08:28:02.000000
-3634632.421642 -529992.751665 6162701.694921
5707.180928 3309.759848 3642.463122
UTC=2024-02-01T08:30:02.000000
-2920100.603847 -135922.829022 6550879.319897
6186.182973 3248.235103 2818.831321
UTC=2024-02-01T08:32:02.000000
-2153826.167790 247281.127679 6837481.195340
6568.295106 3129.180173 1951.720363
UTC=2024-02-01T08:34:02.000000
-1347858.908243 612922.263219 7018088.456565
6846.734049 2956.202249 1054.530105
UTC=2024-02-01T08:36:02.000000
-514964.620938 954792.792950 7089918.325807
7016.365259 2733.829819 141.095274
UTC=2024-02-01T08:38:02.000000
331577.936679 1267278.675925 7051864.244355
7073.785979 2467.412504 -774.515327
UTC=2024-02-01T08:40:02.000000
1178188.801978 1545451.643969 6904511.881533
7017.387531 2163.010996 -1678.200917
UTC=2024-02-01T08:42:02.000000
2011204.604223 1785147.296673 6650130.610665
6847.392068 1827.274249 -2556.034270
UTC=2024-02-01T08:44:02.000000
2817099.132877 1983027.905878 6292640.731299
6565.863917 1467.309365 -3394.459755
UTC=2024-02-01T08:46:02.000000
3582704.221653 2136629.412441 5837556.940139
6176.702415 1090.547158 -4180.494438
UTC=2024-02-01T08:48:02.000000
4295427.617573 2244391.797545 5291907.272378
5685.595823 704.600676 -4901.930900
UTC=2024-02-01T08:50:02.000000
4943463.452066 2305672.569559 4664128.926594
5099.949597 317.125705 -5547.520332
UTC=2024-02-01T08:52:02.000000
5515993.424711 2320743.353741 3963942.286559
4428.801183 -64.323146 -6107.157573
UTC=2024-02-01T08:54:02.000000
6003375.048900 2290768.680783 3202201.936744
3682.679510 -432.443263 -6572.072520
UTC=2024-02-01T08:56:02.000000
6397309.904767 2217767.371440 2390727.952273
2873.430861 -780.320796 -6934.964486
UTC=2024-02-01T08:58:02.000000
6690991.548473 2104557.967332 1542121.437951
2014.039852 -1101.563193 -7190.139350
UTC=2024-02-01T09:00:02.000000
6879228.647669 1954688.391757 669564.770970
1118.400694 -1390.426032 -7333.617193
UTC=2024-02-01T09:02:02.000000
6958539.726344 1772351.700650 -213388.546336
201.075232 -1641.917691 -7363.202651
UTC=2024-02-01T09:04:02.000000
6927217.698884 1562290.029276 -1093030.888225
-722.970546 -1851.893129 -7278.524166
UTC=2024-02-01T09:06:02.000000
6785362.492473 1329688.197142 -1955719.155454
-1638.627824 -2017.129962 -7081.025956
UTC=2024-02-01T09:08:02.000000
6534882.584345 1080059.633800 -2788091.457059
-2530.909250 -2135.380380 -6773.943655
UTC=2024-02-01T09:10:02.000000
6179463.952575 819127.548147 -3577278.422875
-3385.220155 -2205.398392 -6362.235412
UTC=2024-02-01T09:12:02.000000
5724507.808646 552704.179742 -4311104.192731
-4187.609002 -2226.945565 -5852.482985
UTC=2024-02-01T09:14:02.000000
5177039.026420 286570.551564 -4978273.796501
-4925.003185 -2200.776136 -5252.761714
UTC=2024-02-01T09:16:02.000000
4545588.092749 26359.415300 -5568543.342974
-5585.413397 -2128.598956 -4572.488398
UTC=2024-02-01T09:18:02.000000
3840050.111825 -222556.072362 -6072871.558970
-6158.113699 -2013.021345 -3822.262683
UTC=2024-02-01T09:20:02.000000
3071523.295337 -455166.179969 -6483551.653762
-6633.803893 -1857.480340 -3013.695845
UTC=2024-02-01T09:22:02.000000
2252129.454651 -666919.212878 -6794321.320967
-7004.742380 -1666.157419 -2159.219235
UTC=2024-02-01T09:24:02.000000
1394820.944609 -853805.198661 -7000450.007289
-7264.843648 -1443.883696 -1271.901269
UTC=2024-02-01T09:26:02.000000
513176.565266 -1012427.780721 -7098804.501411
-7409.765444 -1196.036273 -365.263719
UTC=2024-02-01T09:28:02.000000
-378811.485728 -1140062.874300 -7087891.628291
-7436.966458 -928.423690 546.912954
UTC=2024-02-01T09:30:02.000000
-1266955.786802 -1234703.671113 -6967878.228827
-7345.739442 -647.172734 1450.772613
UTC=2024-02-01T09:32:02.000000
-2137095.220719 -1295091.683248 -6740588.941952
-7137.230653 -358.607990 2332.574215
UTC=2024-02-01T09:34:02.000000
-2975316.878973 -1320733.043889 -6409480.703052
-6814.425488 -69.128044 3178.884542
UTC=2024-02-01T09:36:02.000000
-3768174.836609 -1311900.125025 -5979595.245749
-6382.117000 214.914783 3976.752383
UTC=2024-02-01T09:38:02.000000
-4502905.003340 -1269618.739043 -5457490.209386
-5846.865831 487.336291 4713.897067
UTC=2024-02-01T09:40:02.000000
-5167632.633229 -1195640.569308 -4851147.006420
-5216.917283 742.242576 5378.900002
UTC=2024-02-01T09:42:02.000000
-5751568.223309 -1092401.321486 -4169856.662127
-4502.093934 974.146189 5961.382093
UTC=2024-02-01T09:44:02.000000
-6245189.210369 -962965.189804 -3424084.588221
-3713.664092 1178.078030 6452.178121
UTC=2024-02-01T09:46:02.000000
-6640403.738301 -810956.258678 -2625314.878843
-2864.173702 1349.692192 6843.500782
UTC=2024-02-01T09:48:02.000000
-6930692.395856 -640478.080739 -1785876.232059
-1967.249809 1485.357405 7129.082415
UTC=2024-02-01T09:50:02.000000
-7111225.204983 -456023.091474 -918752.040671
-1037.384011 1582.236280 7304.298972
UTC=2024-02-01T09:52:02.000000
-7178950.448557 -262373.050210 -37376.673520
-89.676870 1638.353426 7366.270455
UTC=2024-02-01T09:54:02.000000
-7132651.635074 -64492.855991 844577.209605
860.428085 1652.636837 7313.911508
UTC=2024-02-01T09:56:02.000000
-6972972.884529 132579.320078 1713415.993942
1797.410403 1624.939478 7147.960933
UTC=2024-02-01T09:58:02.000000
-6702411.403208 323843.403268 2555644.069393
2705.952032 1556.042178 6870.975549
UTC=2024-02-01T10:00:02.000000
-6325276.663977 504447.940261 3358179.712695
3571.211881 1447.636436 6487.286453
UTC=2024-02-01T10:02:02.000000
-5847617.101773 669797.242502 4108563.521784
4379.090740 1302.285156 6002.917720
UTC=2024-02-01T10:04:02.000000
-5277116.418556 815652.564901 4795155.007607
5116.471486 1123.363124 5425.473181
UTC=2024-02-01T10:06:02.000000
-4622962.424028 938225.134742 5407314.149087
5771.436460 914.981238 4763.998146
UTC=2024-02-01T10:08:02.000000
-3895691.678812 1034259.247481 5935565.097361
6333.453034 681.897111 4028.823883
UTC=2024-02-01T10:10:02.000000
-3107013.199750 1101103.824075 6371740.641581
6793.538237 429.411957 3231.399889
UTC=2024-02-01T10:12:02.000000
-2269614.032404 1136771.032037 6709105.407249
7144.395179 163.260175 2384.108691
UTC=2024-02-01T10:14:02.000000
-1396950.114348 1139981.346324 6942455.898210
7380.520199 -110.508310 1500.064318
UTC=2024-02-01T10:16:02.000000
-503026.800688 1110193.900587 7068195.965730
7498.268324 -385.653147 592.909136
UTC=2024-02-01T10:18:02.000000
397826.884495 1047621.812328 7084388.479878
7495.895678 -655.869529 -323.381861
UTC=2024-02-01T10:20:02.000000
1291187.916229 953232.347271 6990783.273673
7373.580904 -914.913887 -1234.701331
UTC=2024-02-01T10:22:02.000000
2162769.938638 828732.038532 6788820.868321
7133.420025 -1156.729692 -2127.012086
UTC=2024-02-01T10:24:02.000000
2998651.782344 676536.772838 6481612.047518
6779.397145 -1375.571185 -2986.546838
UTC=2024-02-01T10:26:02.000000
3785501.259569 499727.255647 6073893.244534
6317.332702 -1566.123309 -3800.013666
UTC=2024-02-01T10:28:02.000000
4510790.532131 301990.471200 5571957.267308
5754.795469 -1723.614983 -4554.797034
UTC=2024-02-01T10:30:02.000000
5162999.528988 87547.853559 4983560.579654
5100.992454 -1843.926800 -5239.150133
UTC=2024-02-01T10:32:02.000000
5731804.703129 -138928.715687 4317807.650603
4366.633661 -1923.684999 -5842.384141
UTC=2024-02-01T10:34:02.000000
6208249.732498 -372411.216567 3585013.043045
3563.766105 -1960.339835 -6355.048569
UTC=2024-02-01T10:36:02.000000
6584894.538348 -607618.526195 2796542.701556
2705.578242 -1952.232361 -6769.097217
UTC=2024-02-01T10:38:02.000000
6855938.876245 -839126.407996 1964636.475939
1806.172119 -1898.642857 -7078.032085
UTC=2024-02-01T10:40:02.000000
7017317.570031 -1061482.119269 1102215.454024
880.323184 -1799.818553 -7277.014006
UTC=2024-02-01T10:42:02.000000
7066766.427463 -1269321.002173 222677.228785
-56.771199 -1656.979975 -7362.953989
UTC=2024-02-01T10:44:02.000000
7003856.506983 -1457482.708655 -660318.403796
-989.769395 -1472.306939 -7334.577205
UTC=2024-02-01T10:46:02.000000
6829994.491305 -1621124.089514 -1533068.248280
-1903.463113 -1248.898275 -7192.434841
UTC=2024-02-01T10:48:02.000000
6548390.690469 -1755826.237816 -2382044.350807
-2783.045726 -990.714381 -6938.890751
UTC=2024-02-01T10:50:02.000000
6163994.922259 -1857693.374796 -3194108.557365
-3614.373367 -702.499357 -6578.065721
UTC=2024-02-01T10:52:02.000000
5683402.506432 -1923441.394778 -3956718.487664
-4384.202643 -389.686464 -6115.751890
UTC=2024-02-01T10:54:02.000000
5114733.135881 -1950474.133716 -4658121.617346
-5080.404272 -58.289242 -5559.300836
UTC=2024-02-01T10:56:02.000000
4467485.552456 -1936946.088920 -5287534.565358
-5692.153247 285.214770 -4917.488968
UTC=2024-02-01T10:58:02.000000
3752370.872584 -1881810.711345 -5835304.747720
-6210.092462 634.008845 -4200.357885
UTC=2024-02-01T11:00:02.000000
2981128.645759 -1784853.218674 -6293051.737062
-6626.455596 981.069198 -3419.039385
UTC=2024-02-01T11:02:02.000000
2166330.290511 -1646707.439318 -6653787.720876
-6935.158652 1319.298226 -2585.583409
UTC=2024-02-01T11:04:02.000000
1321172.367708 -1468856.701399 -6912016.876436
-7131.876670 1641.657056 -1712.773374
UTC=2024-02-01T11:06:02.000000
459262.815742 -1253619.084765 -7063811.636446
-7214.082270 1941.293035 -813.932843
UTC=2024-02-01T11:08:02.000000
-405595.940805 -1004117.416055 -7106866.403300
-7181.062071 2211.667419 97.260916
UTC=2024-02-01T11:10:02.000000
-1259624.367346 -724234.262132 -7040528.692210
-7033.908614 2446.676561 1006.963586
UTC=2024-02-01T11:12:02.000000
-2089281.378029 -418552.442534 -6865807.928822
-6775.497088 2640.772916 1901.353874
UTC=2024-02-01T11:14:02.000000
-2881475.247525 -92281.582022 -6585361.020583
-6410.430211 2789.074461 2766.825704
UTC=2024-02-01T11:16:02.000000
-3623766.661185 248827.903441 -6203455.817304
-5944.966969 2887.466763 3590.165375
UTC=2024-02-01T11:18:02.000000
-4304562.949003 598582.721170 -5725912.981693
-5386.943017 2932.697546 4358.739550
UTC=2024-02-01T11:20:02.000000
-4913300.623314 950455.089998 -5160024.778770
-4745.654736 2922.456720 5060.683829
UTC=2024-02-01T11:22:02.000000
-5440613.126114 1297700.256025 -4514452.265968
-4031.731524 2855.449786 5685.080981
UTC=2024-02-01T11:24:02.000000
-5878481.492017 1633481.952309 -3799100.308137
-3256.973872 2731.452467 6222.147312
UTC=2024-02-01T11:26:02.000000
-6220363.897453 1951002.746687 -3024971.475098
-2434.168394 2551.339742 6663.398018
UTC=2024-02-01T11:28:02.000000
-6461301.996201 2243636.819904 -2204000.869083
-1576.883840 2317.097116 7001.799510
UTC=2024-02-01T11:30:02.000000
-6598001.488649 2505062.889961 -1348873.765568
-699.246522 2031.810955 7231.903338
UTC=2024-02-01T11:32:02.000000
-6628884.612531 2729394.373213 -472828.443645
184.302535 1699.631398 7349.957179
UTC=2024-02-01T11:34:02.000000
-6554112.660313 2911303.533113 410552.475009
1059.263934 1325.710221 7353.984667
UTC=2024-02-01T11:36:02.000000
-6375577.220061 3046136.884419 1287558.025596
1911.341808 916.117770 7243.826962
UTC=2024-02-01T11:38:02.000000
-6096860.380077 3130019.389453 2144567.844402
2726.699528 477.738005 7021.151615
UTC=2024-02-01T11:40:02.000000
-5723164.639983 3159944.606744 2968269.925066
3492.205679 18.141593 6689.422230
UTC=2024-02-01T11:42:02.000000
-5261214.586655 3133848.889090 3745872.846773
4195.660875 -454.553871 6253.839304
UTC=2024-02-01T11:44:02.000000
-4719132.058443 3050667.769791 4465308.797794
4826.009463 -931.839195 5721.242773
UTC=2024-02-01T11:46:02.000000
-4106287.987134 2910373.546871 5115422.779612
5373.515238 -1404.970499 5099.983641
UTC=2024-02-01T11:48:02.000000
-3433135.059152 2713993.872489 5686145.556239
5829.907866 -1865.129146 4399.782041
UTC=2024-02-01T11:50:02.000000
-2711024.016815 2463611.036407 6168648.454294
6188.508580 -2303.584090 3631.564136
UTC=2024-02-01T11:52:02.000000
-1952006.931728 2162341.595135 6555477.095976
6444.319231 -2711.855069 2807.277430
UTC=2024-02-01T11:54:02.000000
-1168631.758593 1814296.901795 6840662.343944
6594.079389 -3081.867449 1939.694300
UTC=2024-02-01T11:56:02.000000
-373732.479489 1424525.602149 7019807.279430
6636.283187 -3406.098008 1042.214525
UTC=2024-02-01T11:58:02.000000
419781.643380 998939.117277 7090151.030203
6571.180793 -3677.712437 128.672446
UTC=2024-02-01T12:00:02.000000
1199135.767104 544221.242798 7050608.769017
6400.756059 -3890.692432 -786.866005
UTC=2024-02-01T12:02:02.000000
1951894.814844 67723.116072 6901787.436869
6128.678203 -4039.952652 -1690.303844
UTC=2024-02-01T12:04:02.000000
2666161.819750 -422655.295789 6645977.494736
5760.233520 -4121.448285 -2567.712965
UTC=2024-02-01T12:06:02.000000
3330766.907002 -918595.766532 6287120.423344
5302.237345 -4132.266667 -3405.538776
UTC=2024-02-01T12:08:02.000000
3935444.324012 -1411502.341424 5830751.666934
4762.922306 -4070.703551 -4190.803705
UTC=2024-02-01T12:10:02.000000
4470994.449281 -1892650.121326 5283919.242790
4151.799486 -3936.321509 -4911.308094
UTC=2024-02-01T12:12:02.000000
4929428.002997 -2353339.560578 4655079.079902
3479.503640 -3729.985092 -5555.816925
UTC=2024-02-01T12:14:02.000000
5304090.922303 -2785053.989794 3953968.207359
2757.623086 -3453.878643 -6114.244463
UTC=2024-02-01T12:16:02.000000
5589767.209438 -3179617.662355 3191455.931918
1998.502014 -3111.495243 -6577.833389
UTC=2024-02-01T12:18:02.000000
5782756.585818 -3529350.600083 2379374.937540
1215.020799 -2707.595922 -6939.307257
UTC=2024-02-01T12:20:02.000000
5880925.381909 -3827217.221205 1530335.949158
420.371778 -2248.147431 -7192.994652
UTC=2024-02-01T12:22:02.000000
5883730.124178 -4066965.911925 657528.347163
-372.174835 -1740.230275 -7334.938150
UTC=2024-02-01T12:24:02.000000
5792212.446444 -4243255.559794 -225489.962950
-1149.509075 -1191.918636 -7362.961806
UTC=2024-02-01T12:26:02.000000
5608965.852127 -4351766.856830 -1105009.237760
-1898.916427 -612.141869 -7276.715044
UTC=2024-02-01T12:28:02.000000
5338074.339890 -4389295.110242 -1967387.308718
-2608.305955 -10.519845 -7077.671461
UTC=2024-02-01T12:30:02.000000
4985024.729246 -4353822.833599 -2799266.697361
-3266.421967 602.810609 -6769.093111
UTC=2024-02-01T12:32:02.000000
4556594.896087 -4244570.852002 -3587785.390578
-3863.032123 1217.379218 -6355.962252
UTC=2024-02-01T12:34:02.000000
4060720.738732 -4062026.846273 -4320777.637481
-4389.093498 1822.573759 -5844.881346
UTC=2024-02-01T12:36:02.000000
3506345.080440 -3807951.036400 -4986960.960726
-4836.887091 2407.828993 -5243.946454
UTC=2024-02-01T12:38:02.000000
2903252.113968 -3485359.285069 -5576106.617794
-5200.123903 2962.812944 -4562.596445
UTC=2024-02-01T12:40:02.000000
2261891.238356 -3098484.570269 -6079190.679284
-5474.014768 3477.599812 -3811.444433
UTC=2024-02-01T12:42:02.000000
1593194.388219 -2652718.510552 -6488524.952426
-5655.312618 3942.831654 -3002.112008
UTC=2024-02-01T12:44:02.000000
908389.158084 -2154533.452570 -6797867.569340
-5742.338874 4349.880859 -2147.050790
UTC=2024-02-01T12:46:02.000000
218810.650975 -1611385.827327 -7002510.764360
-5734.976350 4690.995432 -1259.344881
UTC=2024-02-01T12:48:02.000000
-464284.053428 -1031603.495392 -7099345.244721
-5634.635176 4959.423463 -352.520216
UTC=2024-02-01T12:50:02.000000
-1129896.213716 -424258.853317 -7086902.133816
-5444.201836 5149.525772 559.639206
UTC=2024-02-01T12:52:02.000000
-1767459.063101 200970.973292 -6965372.737667
-5167.976972 5256.878595 1463.280087
UTC=2024-02-01T12:54:02.000000
-2367002.494070 833955.280371 -6736605.383508
-4811.588137 5278.359112 2344.669287
UTC=2024-02-01T12:56:02.000000
-2919306.293068 1464270.367431 -6404080.022281
-4381.888427 5212.217485 3190.376848
UTC=2024-02-01T12:58:02.000000
-3416040.692654 2081367.771001 -5972860.849156
-3886.846224 5058.132370 3987.459069
UTC=2024-02-01T13:00:02.000000
-3849892.961796 2674748.353665 -5449526.856850
-3335.421797 4817.252462 4723.644925
UTC=2024-02-01T13:02:02.000000
-4214678.112613 3234140.043964 -4842079.532307
-2737.424949 4492.213933 5387.529225
UTC=2024-02-01T13:04:02.000000
-4505431.169870 3749675.916577 -4159827.755814
-2103.350521 4087.129097 5968.756251
UTC=2024-02-01T13:06:02.000000
-4718478.845734 4212069.499884 -3413251.752563
-1444.202349 3607.552281 6458.186270
UTC=2024-02-01T13:08:02.000000
-4851489.870994 4612784.427141 -2613847.456248
-771.311878 3060.417415 6848.056831
UTC=2024-02-01T13:10:02.000000
-4903502.616834 4944194.565802 -1773952.431328
-96.142263 2453.943818 7132.124342
UTC=2024-02-01T13:12:02.000000
-4874929.112434 5199731.522138 -906556.181556
569.908881 1797.518955 7305.785862
UTC=2024-02-01T13:14:02.000000
-4767534.819882 5374016.206542 -25096.928889
1215.717917 1101.549108 7366.179540
UTC=2024-02-01T13:16:02.000000
-4584393.236164 5462970.440519 856751.138571
1830.638479 377.279385 7312.240566
UTC=2024-02-01T13:18:02.000000
-4329817.542831 5463906.349524 1725295.748375
2404.688540 -363.398885 7144.735902
UTC=2024-02-01T13:20:02.000000
-4009269.367529 5375590.788260 2567046.271984
2928.737963 -1108.168293 6866.253276
UTC=2024-02-01T13:22:02.000000
-3629246.700633 5198283.233416 3368929.431722
3394.668914 -1844.506534 6481.149275
UTC=2024-02-01T13:24:02.000000
-3197154.216556 4933746.951147 4118496.800992
3795.506992 -2559.909481 5995.465775
UTC=2024-02-01T13:26:02.000000
-2721159.466149 4585233.574452 4804120.988043
4125.528470 -3242.112375 5416.824754
UTC=2024-02-01T13:28:02.000000
-2210037.557278 4157441.116182 5415177.374083
4380.341908 -3879.309176 4754.292556
UTC=2024-02-01T13:30:02.000000
-1673007.855747 3656446.391901 5942208.180524
4556.941201 -4460.359079 4018.221801
UTC=2024-02-01T13:32:02.000000
-1119565.997919 3089613.603285 6377066.284075
4653.729195 -4974.976857 3220.073691
UTC=2024-02-01T13:34:02.000000
-559314.911895 2465481.083763 6713037.022262
4670.511320 -5413.905224 2372.228954
UTC=2024-02-01T13:36:02.000000
-1798.165973 1793629.002595 6944937.152801
4608.465805 -5769.061395 1487.800080
UTC=2024-02-01T13:38:02.000000
543662.426253 1084529.842576 7069191.139741
4470.100947 -6033.677880 580.434591
UTC=2024-02-01T13:40:02.000000
1068122.466546 349383.543520 7083882.874953
4259.185422 -6202.414375 -335.890887
UTC=2024-02-01T13:42:02.000000
1563161.204930 -400059.522712 6988783.427987
3980.662737 -6271.452466 -1247.066088
UTC=2024-02-01T13:44:02.000000
2021016.700128 -1151686.320617 6785354.996115
3640.551417 -6238.577521 -2139.050867
UTC=2024-02-01T13:46:02.000000
2434708.024506 -1893217.008244 6476730.120779
3245.829938 -6103.231261 -2998.079025
UTC=2024-02-01T13:48:02.000000
2798143.063027 -2612406.058557 6067666.792514
2804.310972 -5866.547568 -3810.860820
UTC=2024-02-01T13:50:02.000000
3106210.203894 -3297245.954213 5564478.928013
2324.498562 -5531.358239 -4564.786695
UTC=2024-02-01T13:52:02.000000
3354852.159420 -3936170.026587 4974943.055129
1815.434916 -5102.173197 -5248.121135
UTC=2024-02-01T13:54:02.000000
3541121.174664 -4518251.294597 4308182.134242
1286.542927 -4585.134430 -5850.190376
UTC=2024-02-01T13:56:02.000000
3663214.549352 -5033394.033775 3574527.002979
747.454301 -3987.937573 -6361.565464
UTC=2024-02-01T13:58:02.000000
3720489.161597 -5472513.787995 2785357.237057
207.834666 -3319.721151 -6774.221977
UTC=2024-02-01T14:00:02.000000
3713454.919398 -5827702.451591 1952923.744476
-322.794399 -2590.926201 -7081.683697
UTC=2024-02-01T14:02:02.000000
3643746.831881 -6092374.562813 1090155.748038
-835.231645 -1813.124374 -7279.138799
UTC=2024-02-01T14:04:02.000000
3514076.424267 -6261391.189764 210455.722255
-1320.762715 -998.819338 -7363.521911
UTC=2024-02-01T14:06:02.000000
3328163.998796 -6331159.638251 -672513.806219
-1771.315125 -161.241059 -7333.573905
UTC=2024-02-01T14:08:02.000000
3090652.209984 -6299706.226385 -1545049.366451
-2179.612849 685.899684 -7189.869864
UTC=2024-02-01T14:10:02.000000
2807002.695086 -6166719.133957 -2393625.265917
-2539.300330 1528.655316 -6934.792147
UTC=2024-02-01T14:12:02.000000
2483379.288090 -5933562.245726 -3205108.136928
-2845.046185 2353.087307 -6572.487035
UTC=2024-02-01T14:14:02.000000
2126519.612104 -5603258.882697 -3966963.983423
-3092.630861 3145.518603 -6108.779603
UTC=2024-02-01T14:16:02.000000
1743598.142640 -5180445.766045 -4667452.479940
-3278.998646 3892.774259 -5551.050399
UTC=2024-02-01T14:18:02.000000
1342084.958386 -4671299.601191 -5295805.375820
-3402.280626 4582.397015 -4908.095797
UTC=2024-02-01T14:20:02.000000
929602.961632 -4083438.902166 -5842387.355184
-3461.797540 5202.846037 -4189.974747
UTC=2024-02-01T14:22:02.000000
513785.941784 -3425802.873934 -6298837.477480
-3458.042424 5743.679000 -3407.838169
UTC=2024-02-01T14:24:02.000000
102140.083887 -2708509.879864 -6658189.418185
-3392.640503 6195.710101 -2573.748423
UTC=2024-02-01T14:26:02.000000
-298088.485701 -1942698.236936 -6914969.821382
-3268.289480 6551.146822 -1700.494705
UTC=2024-02-01T14:28:02.000000
-680037.973058 -1140351.990897 -7065274.276334
-3088.683290 6803.703381 -801.405983
UTC=2024-02-01T14:30:02.000000
-1037345.285559 -314114.240528 -7106820.876878
-2858.424456 6948.695441 109.837029
UTC=2024-02-01T14:32:02.000000
-1364249.369236 522909.514714 -7038980.837296
-2582.927207 6983.109960 1019.394513
UTC=2024-02-01T14:34:02.000000
-1655682.162328 1357355.085066 -6862786.519697
-2268.308025 6905.656575 1913.451121
UTC=2024-02-01T14:36:02.000000
-1907345.805675 2175808.650504 -6580917.253611
-1921.267109 6716.801284 2778.403406
UTC=2024-02-01T14:38:02.000000
-2115775.529795 2965018.444191 -6197663.110196
-1548.968791 6418.781247 3601.040244
UTC=2024-02-01T14:40:02.000000
-2278387.681198 3712107.346287 -5718866.256281
-1158.911317 6015.599023 4368.736091
UTC=2024-02-01T14:42:02.000000
-2393511.744762 4404782.857396 -5151839.600213
-758.793398 5512.988944 5069.635189
UTC=2024-02-01T14:44:02.000000
-2460406.253493 5031541.766464 -4505263.047488
-356.376626 4918.358419 5692.841489
UTC=2024-02-01T14:46:02.000000
-2479257.681076 5581865.472904 -3789057.315509
40.659079 4240.691183 6228.599294
UTC=2024-02-01T14:48:02.000000
-2451161.987174 6046401.863239 -3014237.364127
424.859128 3490.423102 6668.451765
UTC=2024-02-01T14:50:02.000000
-2378089.233411 6417131.270999 -2192747.552675
789.132264 2679.298972 7005.390990
UTC=2024-02-01T14:52:02.000000
-2262831.900610 6687512.881252 -1337279.070158
1126.884817 1820.186843 7233.997856
UTC=2024-02-01T14:54:02.000000
-2108937.523789 6852606.823055 -461073.017040
1432.145822 926.865767 7350.539810
UTC=2024-02-01T14:56:02.000000
-1920627.106244 6909170.630205 422286.797648
1699.679770 13.808308 7353.051106
UTC=2024-02-01T14:58:02.000000
-1702700.597740 6855727.385252 1299090.211306
1925.089124 -904.080090 7241.397706
UTC=2024-02-01T15:00:02.000000
-1460431.010091 6692600.498157 2155721.204326
2104.898928 -1811.745190 7017.278076
UTC=2024-02-01T15:02:02.000000
-1199449.992364 6421915.430368 2978875.586937
2236.614132 -2694.250538 6684.182060
UTC=2024-02-01T15:04:02.000000
-925628.044059 6047570.038150 3755772.300054
2318.752939 -3537.034959 6247.325619
UTC=2024-02-01T15:06:02.000000
-644951.984353 5575174.556737 4474355.422018
2350.858496 -4326.160849 5713.562707
UTC=2024-02-01T15:08:02.000000
-363402.056723 5011961.647807 5123484.432958
2333.496066 -5048.568372 5091.271599
UTC=2024-02-01T15:10:02.000000
-86830.495900 4366667.046791 5693107.091118
2268.225693 -5692.295699 4390.182952
UTC=2024-02-01T15:12:02.000000
179154.547107 3649387.336360 6174412.269805
2157.545394 -6246.655546 3621.226530
UTC=2024-02-01T15:14:02.000000
429297.731680 2871415.781487 6559963.652414
2004.824726 -6702.416789 2796.352555
UTC=2024-02-01T15:16:02.000000
658796.266582 2045059.108250 6843810.407115
1814.221824 -7051.940223 1928.337874
UTC=2024-02-01T15:18:02.000000
863388.959383 1183439.196072 7021574.925146
1590.588196 -7289.296898 1030.591927
UTC=2024-02-01T15:20:02.000000
1039433.094719 300282.370085 7090516.386355
1339.361857 -7410.352411 116.951797
UTC=2024-02-01T15:22:02.000000
1183968.045018 -590299.565735 7049570.433005
1066.453193 -7412.826249 -798.510356
UTC=2024-02-01T15:24:02.000000
1294764.726358 -1474034.955535 6899365.392012
778.123597 -7296.339466 -1701.690943
UTC=2024-02-01T15:26:02.000000
1370360.191403 -2336721.420547 6642213.538147
480.859293 -7062.425870 -2578.660926
UTC=2024-02-01T15:28:02.000000
1410076.899350 -3164455.112065 6282077.966483
181.242131 -6714.523180 -3415.870649
UTC=2024-02-01T15:30:02.000000
1414026.158544 -3943856.948909 5824514.529490
-114.184122 -6257.929118 -4200.357838
UTC=2024-02-01T15:32:02.000000
1383095.917021 -4662291.398446 5276589.486020
-399.039887 -5699.723963 -4919.942047
UTC=2024-02-01T15:34:02.000000
1318923.590332 -5308074.968128 4646774.786768
-667.234333 -5048.678243 -5563.405913
UTC=2024-02-01T15:36:02.000000
1223853.996839 -5870672.441216 3944821.326706
-913.088473 -4315.136242 -6120.682774
UTC=2024-02-01T15:38:02.000000
1100882.840121 -6340876.371608 3181609.857572
-1131.451810 -3510.852538 -6583.035525
UTC=2024-02-01T15:40:02.000000
953586.755987 -6710964.947682 2368982.324767
-1317.809857 -2648.800012 -6943.203787
UTC=2024-02-01T15:42:02.000000
786041.077916 -6974835.782799 1519556.869354
-1468.379738 -1742.958563 -7195.530972
UTC=2024-02-01T15:44:02.000000
602727.334253 -7128112.896057 646528.842186
-1580.186087 -808.081747 -7336.069404
UTC=2024-02-01T15:46:02.000000
408432.220016 -7168224.409910 -236539.616021
-1651.127948 140.562440 -7362.664793
UTC=2024-02-01T15:48:02.000000
208139.888941 -7094447.081238 -1115937.625278
-1680.019387 1087.479122 -7274.994008
UTC=2024-02-01T15:50:02.000000
6921.034801 -6907916.685487 -1978025.094956
-1666.605133 2017.224748 -7074.555731
UTC=2024-02-01T15:52:02.000000
-190178.805089 -6611605.799087 -2809449.310953
-1611.557763 2914.673281 -6764.632677
UTC=2024-02-01T15:54:02.000000
-378249.534247 -6210270.003467 -3597355.472648
-1516.456998 3765.276918 -6350.227287
UTC=2024-02-01T15:56:02.000000
-552623.112881 -5710363.272367 -4329587.565889
-1383.748831 4555.317645 -5837.964218
UTC=2024-02-01T15:58:02.000000
-708974.037521 -5119924.405448 -4994875.343830
-1216.684638 5272.134190 -5235.957441
UTC=2024-02-01T16:00:02.000000
-843411.565055 -4448438.391271 -5583004.224604
-1019.245249 5904.315101 -4553.661842
UTC=2024-02-01T16:02:02.000000
-952561.974528 -3706675.949636 -6084966.624694
-796.050750 6441.868919 -3801.710707
UTC=2024-02-01T16:04:02.000000
-1033639.316419 -2906514.392163 -6493092.941599
-552.259896 6876.365214 -2991.740532
UTC=2024-02-01T16:06:02.000000
-1084503.660686 -2060743.186812 -6801160.932294
-293.462382 7201.047905 -2136.205886
UTC=2024-02-01T16:08:02.000000
-1103706.053140 -1182857.883995 -7004482.586486
-25.565698 7410.916504 -1248.191936
UTC=2024-02-01T16:10:02.000000
-1090519.692084 -286845.655240 -7099968.673513
245.321863 7502.786160 -341.228161
UTC=2024-02-01T16:12:02.000000
-1044956.693822 613034.887035 -7086170.514026
513.013631 7475.320125 570.903850
UTC=2024-02-01T16:14:02.000000
-967770.275550 1502476.140830 -6963299.228977
771.364397 7329.039938 1474.353053
UTC=2024-02-01T16:16:02.000000
-860442.669745 2367344.332670 -6733222.786335
1014.388774 7066.317206 2355.387021
UTC=2024-02-01T16:18:02.000000
-725158.817991 3193899.989054 -6399440.919744
1236.380120 6691.346869 3200.573001
UTC=2024-02-01T16:20:02.000000
-564765.910638 3969014.265214 -5967037.705930
1432.026747 6210.100089 3996.970743
UTC=2024-02-01T16:22:02.000000
-382719.201769 4680377.462304 -5442610.986458
1596.523631 5630.243081 4732.321176
UTC=2024-02-01T16:24:02.000000
-183015.046754 5316696.794413 -4834179.702339
1725.673859 4961.039951 5395.229685
UTC=2024-02-01T16:26:02.000000
29887.853245 5867880.817533 -4151068.968658
1815.983657 4213.224774 5975.351393
UTC=2024-02-01T16:28:02.000000
251158.002727 6325206.519532 -3403773.564588
1864.746411 3398.841768 6463.564201
UTC=2024-02-01T16:30:02.000000
475689.896087 6681465.747136 -2603801.632931
1870.112208 2531.062099 6852.126123
UTC=2024-02-01T16:32:02.000000
698210.200913 6931088.233537 -1763500.233415
1831.141364 1623.975525 7134.819636
UTC=2024-02-01T16:34:02.000000
913389.306570 7070237.933829 -895864.829433
1747.839721 692.354849 7307.073520
UTC=2024-02-01T16:36:02.000000
1115955.877748 7096879.865557 -14335.856404
1621.173560 -248.598903 7366.055904
UTC=2024-02-01T16:38:02.000000
1300811.898091 7010815.348106 867414.011345
1453.061507 -1183.527796 7310.734682
UTC=2024-02-01T16:40:02.000000
1463145.134484 6813684.401611 1735697.426781
1246.340845 -2097.189204 7141.898011
UTC=2024-02-01T16:42:02.000000
1598536.482358 6508935.961582 2577030.473826
1004.716526 -2974.721424 6862.143722
UTC=2024-02-01T16:44:02.000000
1703060.224630 6101766.483032 3378347.503233
732.694012 -3801.902898 6475.835826
UTC=2024-02-01T16:46:02.000000
1773374.990709 5599027.996437 4127209.130850
435.490720 -4565.403504 5989.032069
UTC=2024-02-01T16:48:02.000000
1806803.264059 5009107.028122 4811999.097845
118.935275 -5253.014312 5409.374523
UTC=2024-02-01T16:50:02.000000
1801397.562405 4341777.162316 5422106.754840
-210.655437 -5853.859861 4745.952472
UTC=2024-02-01T16:52:02.000000
1755991.453479 3608028.745644 5948089.937960
-546.600801 -6358.557444 4009.123814
UTC=2024-02-01T16:54:02.000000
1670235.779179 2819882.069056 6381817.659335
-881.982661 -6759.345716 3210.355831
UTC=2024-02-01T16:56:02.000000
1544618.950459 1990185.564782 6716592.567090
-1209.782295 -7050.200009 2362.042931
UTC=2024-02-01T16:58:02.000000
1380470.904274 1132402.184566 6947250.361438
-1523.015755 -7226.913429 1477.307366
UTC=2024-02-01T17:00:02.000000
1179950.792726 260388.424242 7070234.842765
-1814.868664 -7287.137208 569.795840
UTC=2024-02-01T17:02:02.000000
946018.780244 -611829.702248 7083649.487694
-2078.827174 -7230.398054 -346.508218
UTC=2024-02-01T17:04:02.000000
682392.096056 -1470282.514422 6987285.916892
-2308.808693 -7058.105807 -1257.488527
UTC=2024-02-01T17:06:02.000000
393485.742841 -2301281.007827 6782627.199770
-2499.286463 -6773.521483 -2149.104108
UTC=2024-02-01T17:08:02.000000
84338.715521 -3091636.142589 6472826.514069
-2645.405811 -6381.705922 -3007.596964
UTC=2024-02-01T17:10:02.000000
-239472.912460 -3828869.852166 6062660.272201
-2743.085625 -5889.429331 -3819.703898
UTC=2024-02-01T17:12:02.000000
-571934.293866 -4501413.467085 5558457.512545
-2789.108537 -5305.059277 -4572.840981
UTC=2024-02-01T17:14:02.000000
-906700.512952 -5098792.454147 4968007.584098
-2781.204444 -4638.443464 -5255.284720
UTC=2024-02-01T17:16:02.000000
-1237214.860594 -5611795.980714 4300445.197279
-2718.123518 -3900.768158 -5856.369741
UTC=2024-02-01T17:18:02.000000
-1556834.300517 -6032626.687523 3566111.789801
-2599.682753 -3104.371128 -6366.678163
UTC=2024-02-01T17:20:02.000000
-1858959.268311 -6355026.364341 2776396.025333
-2426.792462 -2262.530976 -6778.198432
UTC=2024-02-01T17:22:02.000000
-2137165.485029 -6574375.616481 1943556.562645
-2201.463126 -1389.243900 -7084.464634
UTC=2024-02-01T17:24:02.000000
-2385335.061238 -6687765.466384 1080528.929163
-1926.784368 -498.978207 -7280.679054
UTC=2024-02-01T17:26:02.000000
-2597783.306337 -6694038.655473 200719.805680
-1606.877148 393.582317 -7363.798505
UTC=2024-02-01T17:28:02.000000
-2769378.648509 -6593799.825855 -682207.067078
-1246.825995 1273.800230 -7332.587911
UTC=2024-02-01T17:30:02.000000
-2895653.150488 -6389394.253350 -1554549.353486
-852.590653 2127.345592 -7187.639345
UTC=2024-02-01T17:32:02.000000
-2972901.282915 -6084855.603103 -2402784.759992
-430.898730 2940.449772 -6931.355940
UTC=2024-02-01T17:34:02.000000
-2998264.701085 -5685823.981784 -3213785.733156
10.880089 3700.146416 -6567.902349
UTC=2024-02-01T17:36:02.000000
-2969800.936631 -5199436.055081 -3975025.998125
464.875304 4394.493911 -6103.117518
UTC=2024-02-01T17:38:02.000000
-2886534.608934 -4634190.314183 -4674774.539667
922.864306 5012.765508 -5544.395058
UTC=2024-02-01T17:40:02.000000
-2748490.640542 -3999791.536335 -5302274.013059
1376.423225 5545.607226 -4900.544746
UTC=2024-02-01T17:42:02.000000
-2556709.324853 -3306977.970044 -5847901.557374
1817.078343 5985.167797 -4181.637898
UTC=2024-02-01T17:44:02.000000
-2313243.176344 -2567334.642856 -6303310.205541
2236.458595 6325.199908 -3398.838995
UTC=2024-02-01T17:46:02.000000
-2021135.437611 -1793096.280319 -6661549.345201
2626.447735 6561.132120 -2564.224824
UTC=2024-02-01T17:48:02.000000
-1684380.861900 -996943.440927 -6917162.770484
2979.326026 6690.109417 -1690.593545
UTC=2024-02-01T17:50:02.000000
-1307870.160179 -191795.574821 -7066263.837436
3287.901976 6711.005040 -791.274891
UTC=2024-02-01T17:52:02.000000
-897318.982174 609395.753957 -7106588.116637
3545.639037 6624.406639 120.053874
UTC=2024-02-01T17:54:02.000000
-459181.954580 1393851.052831 -7037524.159318
3746.776436 6432.588506 1029.552397
UTC=2024-02-01T17:56:02.000000
-553.124276 2149162.480246 -6860121.630859
3886.434596 6139.460156 1923.405343
UTC=2024-02-01T17:58:02.000000
470945.935713 2863486.399086 -6577077.696275
3960.718589 5750.504309 2788.001140
UTC=2024-02-01T18:00:02.000000
947290.193358 3525727.468174 -6192700.854899
3966.812301 5272.693120 3610.129327
UTC=2024-02-01T18:02:02.000000
1420184.961894 4125710.802999 -5712851.127976
3903.048295 4714.375176 4377.171464
UTC=2024-02-01T18:04:02.000000
1881207.458003 4654339.804611 -5144858.294370
3768.968007 4085.151742 5077.280793
UTC=2024-02-01T18:06:02.000000
2321954.649031 5103738.226015 -4497418.069626
3565.364257 3395.734705 5699.570002
UTC=2024-02-01T18:08:02.000000
2734194.713446 5467373.423660 -3780465.924486
3294.298723 2657.775147 6234.291831
UTC=2024-02-01T18:10:02.000000
3110019.338671 5740158.025211 -3005030.484664
2959.099626 1883.678070 6673.001038
UTC=2024-02-01T18:12:02.000000
3441994.447225 5918528.395186 -2183067.811199
2564.335688 1086.397824 7008.709889
UTC=2024-02-01T18:14:02.000000
3723305.929639 6000497.331750 -1327278.311978
2115.759143 279.216482 7236.020535
UTC=2024-02-01T18:16:02.000000
3947896.851813 5985679.603923 -450909.164225
1620.220958 -524.488291 7351.233360
UTC=2024-02-01T18:18:02.000000
4110592.961227 5875289.097776 432454.282165
1085.561486 -1311.481976 7352.421507
UTC=2024-02-01T18:20:02.000000
4207213.732166 5672107.292442 1309104.033499
520.478659 -2068.912016 7239.471219
UTC=2024-02-01T18:22:02.000000
4234666.314767 5380423.660610 2165427.514392
-65.623968 -2784.532759 7014.084626
UTC=2024-02-01T18:24:02.000000
4191020.534285 5005950.371369 2988124.685267
-662.801293 -3446.914966 6679.764592
UTC=2024-02-01T18:26:02.000000
4075562.617325 4555711.084955 3764421.052704
-1260.757579 -4045.661595 6241.749963
UTC=2024-02-01T18:28:02.000000
3888826.165114 4037906.797774 4482269.646822
-1849.028218 -4571.572699 5706.910363
UTC=2024-02-01T18:30:02.000000
3632601.308244 3461763.441282 5130540.279126
-2417.169947 -5016.787719 5083.635186
UTC=2024-02-01T18:32:02.000000
3309919.860607 2837363.502443 5699193.427495
-2954.962788 -5374.910338 4381.682664
UTC=2024-02-01T18:34:02.000000
2925017.935434 2175464.806488 6179433.438911
-3452.582078 -5641.090229 3611.997329
UTC=2024-02-01T18:36:02.000000
2483278.504510 1487311.822491 6563840.859196
-3900.767302 -5812.075067 2786.541167
UTC=2024-02-01T18:38:02.000000
1991153.506920 784441.850003 6846483.021791
-4290.988833 -5886.237241 1918.098500
UTC=2024-02-01T18:40:02.000000
1456067.130446 78490.456934 7023000.941438
-4615.595522 -5863.563211 1020.081656
UTC=2024-02-01T18:42:02.000000
886302.205952 -619000.978547 7090673.352555
-4867.949711 -5745.632563 106.340583
UTC=2024-02-01T18:44:02.000000
290870.945964 -1296774.388684 7048456.828404
-5042.551942 -5535.577101 -809.045922
UTC=2024-02-01T18:46:02.000000
-320628.243513 -1944037.099799 6897000.825516
-5135.148407 -5238.008475 -1711.976246
UTC=2024-02-01T18:48:02.000000
-938165.782894 -2550634.242171 6638637.895817
-5142.819209 -4858.927763 -2588.535551
UTC=2024-02-01T18:50:02.000000
-1551444.888410 -3107208.727989 6277348.936931
-5064.039216 -4405.609593 -3425.197676
UTC=2024-02-01T18:52:02.000000
-2150072.041201 -3605346.692089 5818705.507562
-4898.730202 -3886.479023 -4209.009065
UTC=2024-02-01T18:54:02.000000
-2723733.452302 -4037707.676339 5269789.472908
-4648.304465 -3310.976631 -4927.785166
UTC=2024-02-01T18:56:02.000000
-3262375.097513 -4398137.136345 4639088.506815
-4315.677641 -2689.397982 -5570.314042
UTC=2024-02-01T18:58:02.000000
-3756381.806968 -4681758.266648 3936367.773212
-3905.241272 -2032.712261 -6126.545690
UTC=2024-02-01T19:00:02.000000
-4196751.288630 -4885041.491752 3172520.226439
-3422.807046 -1352.371468 -6587.759414
UTC=2024-02-01T19:02:02.000000
-4575260.156189 -5005850.613663 2359398.163256
-2875.530795 -660.113059 -6946.710762
UTC=2024-02-01T19:04:02.000000
-4884619.374726 -5043464.629865 1509627.777813
-2271.808809 32.249960 -7197.765966
UTC=2024-02-01T19:06:02.000000
-5118615.186660 -4998573.843219 636409.400627
-1621.141333 713.044191 -7337.004096
UTC=2024-02-01T19:08:02.000000
-5272232.246253 -4873250.456857 -246692.622367
-933.973157 1370.946091 -7362.288666
UTC=2024-02-01T19:10:02.000000
-5341756.233470 -4670894.254278 -1125966.852201
-221.510835 1995.186250 -7273.308752
UTC=2024-02-01T19:12:02.000000
-5324853.187697 -4396154.249149 -1987774.502128
504.481639 2575.745180 -7071.583158
UTC=2024-02-01T19:14:02.000000
-5220623.448993 -4054827.804808 -2818767.020901
1231.899749 3103.530108 -6760.420177
UTC=2024-02-01T19:16:02.000000
-5029629.466517 -3653740.352089 -3606096.632312
1948.515416 3570.521709 -6344.843300
UTC=2024-02-01T19:18:02.000000
-4753897.759974 -3200609.032916 -4337616.423402
2642.190985 3969.895572 -5831.491524
UTC=2024-02-01T19:20:02.000000
-4396895.321559 -2703893.242562 -5002067.005585
3301.091177 4296.119132 -5228.494720
UTC=2024-02-01T19:22:02.000000
-3963481.048100 -2172635.272612 -5589246.631668
3913.885230 4545.018620 -4545.324127
UTC=2024-02-01T19:24:02.000000
-3459833.851001 -1616294.636166 -6090162.442751
4469.933529 4713.818703 -3792.628094
UTC=2024-02-01T19:26:02.000000
-2893359.249574 -1044579.166261 -6497161.228617
4959.459786 4801.155937 -2982.055654
UTC=2024-02-01T19:28:02.000000
-2272576.141929 -467276.144490 -6804038.494894
5373.708839 4807.065276 -2126.071358
UTC=2024-02-01T19:30:02.000000
-1606985.807821 105913.462350 -7006124.780475
5705.083169 4732.942007 -1237.762274
UTC=2024-02-01T19:32:02.000000
-906926.153592 665534.891170 -7100349.128322
5947.254227 4581.484012 -330.653983
UTC=2024-02-01T19:34:02.000000
-183413.057189 1202532.108206 -7085280.914857
6095.267238 4356.626196 581.472679
UTC=2024-02-01T19:36:02.000000
552029.676468 1708391.071792 -6961149.127961
6145.624058 4063.451170 1484.766576
UTC=2024-02-01T19:38:02.000000
1287549.901694 2175272.021773 -6729840.341509
6096.363473 3708.098342 2365.485951
UTC=2024-02-01T19:40:02.000000
2011155.186057 2596129.861863 -6394873.404340
5947.114204 3297.652800 3210.199286
UTC=2024-02-01T19:42:02.000000
2710905.602109 2964820.369439 -5961350.975428
5699.126394 2840.021818 4005.973929
UTC=2024-02-01T19:44:02.000000
3375108.864378 3276190.590548 -5435888.272560
5355.276395 2343.796480 4740.561966
UTC=2024-02-01T19:46:02.000000
3992515.149571 3526152.716304 -4826520.345455
4920.059522 1818.113863 5402.579026
UTC=2024-02-01T19:48:02.000000
4552509.567101 3711740.416126 -4142587.159997
4399.553844 1272.501161 5981.690780
UTC=2024-02-01T19:50:02.000000
5045298.319463 3831145.752521 -3394596.939906
3801.351409 716.709194 6468.789169
UTC=2024-02-01T19:52:02.000000
5462084.383806 3883735.802445 -2594069.290426
3134.454009 160.542806 6856.150221
UTC=2024-02-01T19:54:02.000000
5795229.450070 3870048.895795 -1753360.491888
2409.148337 -386.311836 7137.576235
UTC=2024-02-01T19:56:02.000000
6038398.810476 3791769.597329 -885472.718114
1636.844657 -914.466208 7308.517066
UTC=2024-02-01T19:58:02.000000
6186685.186600 3651682.685405 -3850.795482
829.890868 -1414.999807 7366.158008
UTC=2024-02-01T20:00:02.000000
6236709.076915 3453607.022254 877830.077872
1.365158 -1879.625218 7309.481829
UTC=2024-02-01T20:02:02.000000
6186692.641405 3202310.298940 1745881.986336
-835.156526 -2300.839497 7139.294748
UTC=2024-02-01T20:04:02.000000
6036504.975183 2903406.907601 2586822.774127
-1665.841259 -2672.054095 6858.215950
UTC=2024-02-01T20:06:02.000000
5787678.233727 2563241.150588 3387591.561531
-2476.846832 -2987.710313 6470.637290
UTC=2024-02-01T20:08:02.000000
5443393.483651 2188757.851063 4135756.912183
-3254.575085 -3243.370654 5982.641103
UTC=2024-02-01T20:10:02.000000
5008436.719274 1787363.790801 4819713.055218
-3985.913767 -3435.781760 5401.883405
UTC=2024-02-01T20:12:02.000000
4489127.464221 1366783.208800 5428860.489562
-4658.451378 -3562.909585 4737.458063
UTC=2024-02-01T20:14:02.000000
3893221.495199 934910.502867 5953770.252869
-5260.698880 -3623.952920 3999.751018
UTC=2024-02-01T20:16:02.000000
3229787.820593 499662.679017 6386327.719167
-5782.286645 -3619.331180 3200.248989
UTC=2024-02-01T20:18:02.000000
2509064.813404 68835.233670 6719853.223140
-6214.119007 -3550.641649 2351.351725
UTC=2024-02-01T20:20:02.000000
1742298.674845 -350036.040139 6949200.858346
-6548.517712 -3420.605398 1466.190669
UTC=2024-02-01T20:22:02.000000
941565.288128 -749805.941932 7070834.692413
-6779.353476 -3232.998320 558.432891
UTC=2024-02-01T20:24:02.000000
119577.786084 -1123841.313317 7082880.371188
-6902.148355 -2992.561982 -357.930307
UTC=2024-02-01T20:26:02.000000
-710516.195689 -1466130.825674 6985151.796666
-6914.149616 -2704.900811 -1268.786903
UTC=2024-02-01T20:28:02.000000
-1535344.929072 -1771381.769291 6779153.181375
-6814.381078 -2376.366705 -2160.111366
UTC=2024-02-01T20:30:02.000000
-2341527.359045 -2035102.050966 6468056.640581
-6603.665496 -2013.929243 -3018.162061
UTC=2024-02-01T20:32:02.000000
-3115889.649773 -2253666.514680 6056657.064686
-6284.635690 -1625.046954 -3829.665777
UTC=2024-02-01T20:34:02.000000
-3845682.646278 -2424367.872921 5551303.811030
-5861.732272 -1217.535374 -4582.025136
UTC=2024-02-01T20:36:02.000000
-4518795.933258 -2545450.739077 4959806.743604
-5341.148207 -799.419023 -5263.527608
UTC=2024-02-01T20:38:02.000000
-5123963.421798 -2616127.624763 4291318.729049
-4730.746287 -378.779024 -5863.533029
UTC=2024-02-01T20:40:02.000000
-5650957.193824 -2636576.430256 3556196.380360
-4039.945589 36.401104 -6372.646107
UTC=2024-02-01T20:42:02.000000
-6090766.242003 -2607919.777699 2765841.196892
-3279.583756 438.383725 -6782.872390
UTC=2024-02-01T20:44:02.000000
-6435757.095383 -2532186.951781 1932522.714759
-2461.752354 819.818691 -7087.762060
UTC=2024-02-01T20:46:02.000000
-6679812.718054 -2412258.871352 1069185.165773
-1599.595850 1173.886402 -7282.538641
UTC=2024-02-01T20:48:02.000000
-6818444.819166 -2251796.184211 189241.240145
-707.076901 1494.430879 -7364.180837
UTC=2024-02-01T20:50:02.000000
-6848877.948179 -2055152.701460 -693641.990394
201.262366 1776.073633 -7331.478168
UTC=2024-02-01T20:52:02.000000
-6770103.156771 -1827275.966024 -1565762.164722
1110.567458 2014.311820 -7185.052085
UTC=2024-02-01T20:54:02.000000
-6582899.431706 -1573597.488072 -2413600.433478
2005.937967 2205.592936 -6927.333210
UTC=2024-02-01T20:56:02.000000
-6289823.431311 -1299915.293826 -3224035.625869
2872.689588 2347.367862 -6562.507510
UTC=2024-02-01T20:58:02.000000
-5895168.181133 -1012271.392461 -3984550.184561
3696.608739 2438.122924 -6096.432595
UTC=2024-02-01T21:00:02.000000
-5404891.950824 -716826.693403 -4683424.196582
4464.193783 2477.389946 -5536.523778
UTC=2024-02-01T21:02:02.000000
-4826519.192474 -419736.108101 -5309914.214414
5162.878839 2465.732569 -4891.615199
UTC=2024-02-01T21:04:02.000000
-4169015.939647 -127026.768251 -5854414.187051
5781.234979 2404.709331 -4171.801314
UTC=2024-02-01T21:06:02.000000
-3442642.626979 155518.321732 -6308596.240118
6309.143949 2296.819842 -3388.260221
UTC=2024-02-01T21:08:02.000000
-2658788.019628 422469.029471 -6665529.774920
6737.939742 2145.432285 -2553.071745
UTC=2024-02-01T21:10:02.000000
-1829787.574150 668847.233562 -6919778.937346
7060.529220 1954.696783 -1679.037881
UTC=2024-02-01T21:12:02.000000
-968728.485031 890215.116942 -7067477.934290
7271.489891 1729.452277 -779.492092
UTC=2024-02-01T21:14:02.000000
-89244.873102 1082751.764045 -7106383.363199
7367.138266 1475.123052 131.890107
UTC=2024-02-01T21:16:02.000000
794693.908032 1243316.648243 -7035904.540612
7345.578417 1197.605834 1041.266805
UTC=2024-02-01T21:18:02.000000
1669000.708732 1369499.593751 -6857112.838857
7206.748922 903.157216 1934.813148
UTC=2024-02-01T21:20:02.000000
2519691.709824 1459656.790082 -6572727.456041
6952.432416 598.272652 2798.921426
UTC=2024-02-01T21:22:02.000000
3333107.205486 1512931.980833 -6187077.967588
6586.243361 289.561340 3620.392630
UTC=2024-02-01T21:24:02.000000
4096128.999719 1529262.472416 -5706043.975124
6113.584363 -16.380586 4386.620873
UTC=2024-02-01T21:26:02.000000
4796391.935118 1509370.143111 -5136973.278107
5541.592728 -313.093642 5085.773347
UTC=2024-02-01T21:28:02.000000
5422487.412266 1454737.622735 -4488577.718514
4879.056128 -594.378940 5706.980156
UTC=2024-02-01T21:30:02.000000
5964154.424769 1367569.594490 -3770806.799306
4136.291189 -854.421080 6240.511482
UTC=2024-02-01T21:32:02.000000
6412454.542064 1250739.720794 -2994701.027038
3324.998005 -1087.904568 6677.939800
UTC=2024-02-01T21:34:02.000000
6759927.977409 1107724.139800 -2172226.375567
2458.089233 -1290.120573 7012.293170
UTC=2024-02-01T21:36:02.000000
7000727.020285 942522.704924 -1316091.091797
1549.482733 -1457.065021 7238.192639
UTC=2024-02-01T21:38:02.000000
7130722.729848 759569.088470 -439547.876965
613.865731 -1585.524158 7351.958034
UTC=2024-02-01T21:40:02.000000
7147582.105191 563631.940807 443814.689583
-333.559760 -1673.137623 7351.680297
UTC=2024-02-01T21:42:02.000000
7050814.386911 359709.424599 1320287.356125
-1277.335881 -1718.448184 7237.262597
UTC=2024-02-01T21:44:02.000000
6841785.397709 152918.672018 2176258.930430
-2202.024800 -1720.932737 7010.435461
UTC=2024-02-01T21:46:02.000000
6523698.077561 -51616.791982 2998434.301647
-3092.491464 -1681.007378 6674.727211
UTC=2024-02-01T21:48:02.000000
6101540.050003 -248879.264214 3774046.444402
-3934.170759 -1600.015571 6235.397688
UTC=2024-02-01T21:50:02.000000
5581999.731056 -434065.923449 4491058.475863
-4713.319277 -1480.186771 5699.337405
UTC=2024-02-01T21:52:02.000000
4973354.070523 -602692.254592 5138352.607263
-5417.244045 -1324.587574 5074.952412
UTC=2024-02-01T21:54:02.000000
4285328.949970 -750688.453474 5705903.239014
-6034.522187 -1137.048563 4372.011625
UTC=2024-02-01T21:56:02.000000
3528935.875995 -874485.694735 6184930.236995
-6555.175591 -922.073449 3601.475753
UTC=2024-02-01T21:58:02.000000
2716289.389027 -971091.228166 6568031.517352
-6970.821587 -684.742596 2775.319901
UTC=2024-02-01T22:00:02.000000
1860408.125181 -1038151.182876 6849293.430487
-7274.792689 -430.605180 1906.345587
UTC=2024-02-01T22:02:02.000000
975002.653891 -1074000.021828 7024378.456692
-7462.238904 -165.564109 1007.985205
UTC=2024-02-01T22:04:02.000000
74253.067761 -1077695.599607 7090588.298359
-7530.192199 104.247707 94.092606
UTC=2024-02-01T22:06:02.000000
-827419.084907 -1049039.334942 7046902.287304
-7477.600104 372.591129 -821.259151
UTC=2024-02-01T22:08:02.000000
-1715581.528197 -988581.430401 6893991.649252
-7305.336079 633.247046 -1723.978316
UTC=2024-02-01T22:10:02.000000
-2576021.745330 -897610.750641 6634209.716738
-7016.184721 880.144421 -2600.154295
UTC=2024-02-01T22:12:02.000000
-3394974.398187 -778129.610220 6271558.516287
-6614.807703 1107.483843 -3436.252232
UTC=2024-02-01T22:14:02.000000
-4159343.566459 -632813.997323 5811631.568677
-6107.687873 1309.855960 -4219.316496
UTC=2024-02-01T22:16:02.000000
-4856916.178276 -464959.884245 5261532.150455
-5503.038918 1482.355941 -4937.173720
UTC=2024-02-01T22:18:02.000000
-5476562.626015 -278416.132300 4629767.485932
-4810.681732 1620.690608 -5578.629589
UTC=2024-02-01T22:20:02.000000
-6008420.789463 -77505.218618 3926120.138782
-4041.891904 1721.274725 -6133.652398
UTC=2024-02-01T22:22:02.000000
-6444059.919119 133066.869143 3161498.424540
-3209.219053 1781.314390 -6593.536772
UTC=2024-02-01T22:24:02.000000
-6776621.938168 348309.941381 2347768.063249
-2326.288757 1798.877173 -6951.056318
UTC=2024-02-01T22:26:02.000000
-7000936.927697 563056.188484 1497566.330522
-1407.571018 1772.941351 -7200.597763
UTC=2024-02-01T22:28:02.000000
-7113609.584795 772071.381438 624101.950748
-468.129229 1703.425240 -7338.265279
UTC=2024-02-01T22:30:02.000000
-7113074.431082 970168.551943 -259055.712534
476.648882 1591.198177 -7361.953225
UTC=2024-02-01T22:32:02.000000
-6999618.019260 1152321.607637 -1138193.982722
1411.330565 1438.067856 -7271.380913
UTC=2024-02-01T22:34:02.000000
-6775367.801104 1313775.992862 -1999675.838266
2320.710594 1246.745043 -7068.086024
UTC=2024-02-01T22:36:02.000000
-6444249.331154 1450154.302749 -2830156.502427
3190.069716 1020.795443 -6755.395888
UTC=2024-02-01T22:38:02.000000
-6011911.810350 1557554.779491 -3616795.089286
4005.443478 764.565838 -6338.365627
UTC=2024-02-01T22:40:02.000000
-5485622.793743 1632639.522766 -4347455.493202
4753.859787 483.091292 -5823.666038
UTC=2024-02-01T22:42:02.000000
-4874136.611622 1672711.142981 -5010892.657060
5423.543409 181.993855 -5219.453984
UTC=2024-02-01T22:44:02.000000
-4187539.702248 1675776.480735 -5596922.046513
6004.094563 -132.630973 -4535.220893
UTC=2024-02-01T22:46:02.000000
-3437076.655739 1640596.263463 -6096569.936779
6486.631900 -454.334487 -3781.627769
UTC=2024-02-01T22:48:02.000000
-2634960.748275 1566719.934389 -6502203.578234
6863.909487 -776.441320 -2970.333626
UTC=2024-02-01T22:50:02.000000
-1794171.829755 1454505.332407 -6807640.038987
7130.410323 -1092.174527 -2113.810775
UTC=2024-02-01T22:52:02.000000
-928245.065224 1305123.172727 -7008232.121377
7282.401980 -1394.784831 -1225.151438
UTC=2024-02-01T22:54:02.000000
-51054.926603 1120546.082207 -7100931.702731
7317.964874 -1677.676571 -317.883698
UTC=2024-02-01T22:56:02.000000
823402.971465 903522.922766 -7084331.254966
7237.000750 -1934.528491 594.205287
UTC=2024-02-01T22:58:02.000000
1681230.931004 657538.461661 -6958684.181443
7041.238192 -2159.417310 1497.254918
UTC=2024-02-01T23:00:02.000000
2508846.648394 386758.413505 -6725901.420871
6734.196555 -2346.935775 2377.531182
UTC=2024-02-01T23:02:02.000000
3293195.032842 95961.027627 -6389525.167835
6321.133422 -2492.299924 3221.612582
UTC=2024-02-01T23:04:02.000000
4021952.389320 -209544.092066 -5954679.822278
5808.965335 -2591.454521 4016.581256
UTC=2024-02-01T23:06:02.000000
4683719.684563 -524009.042358 -5428000.751367
5206.170218 -2641.164081 4750.201704
UTC=2024-02-01T23:08:02.000000
5268203.582000 -841351.111168 -4817541.466960
4522.677058 -2639.097119 5411.106033
UTC=2024-02-01T23:10:02.000000
5766382.004757 -1155265.534846 -4132658.131544
3769.717427 -2583.894009 5988.980519
UTC=2024-02-01T23:12:02.000000
6170650.393848 -1459345.368410 -3383872.754437
2959.654864 -2475.218640 6474.735932
UTC=2024-02-01T23:14:02.000000
6474946.158470 -1747206.528295 -2582716.503797
2105.791101 -2313.792056 6860.667541
UTC=2024-02-01T23:16:02.000000
6674848.466100 -2012615.600973 -1741554.763935
1222.148661 -2101.404255 7140.598647
UTC=2024-02-01T23:18:02.000000
6767650.588448 -2249617.563462 -873396.400385
323.232848 -1840.900980 7309.998478
UTC=2024-02-01T23:20:02.000000
6752403.018974 -2452660.624010 8309.453792
-576.217126 -1536.149646 7366.073061
UTC=2024-02-01T23:22:02.000000
6629926.019556 -2616715.602572 889885.892998
-1461.488155 -1191.980819 7307.827657
UTC=2024-02-01T23:24:02.000000
6402790.734565 -2737386.732245 1757646.142434
-2318.155956 -814.105896 7136.094305
UTC=2024-02-01T23:26:02.000000
6075268.709349 -2811011.567698 2598112.537920
-3132.347065 -409.016837 6853.520434
UTC=2024-02-01T23:28:02.000000
5653251.058076 -2834747.559294 3398231.834780
-3890.982179 16.135216 6464.522429
UTC=2024-02-01T23:30:02.000000
5144139.025250 -2806642.996532 4145582.849944
-4582.006872 453.677659 5975.200087
UTC=2024-02-01T23:32:02.000000
4556709.270576 -2725691.057725 4828571.769833
-5194.581419 895.558878 5393.224119
UTC=2024-02-01T23:34:02.000000
3900957.512813 -2591866.549764 5436613.459296
-5719.256995 1333.495695 4727.711386
UTC=2024-02-01T23:36:02.000000
3187921.953125 -2406144.167386 5960295.483119
-6148.128488 1759.133515 3989.059965
UTC=2024-02-01T23:38:02.000000
2429491.454729 -2170497.562616 6391521.104862
-6474.938294 2164.202822 3188.770564
UTC=2024-02-01T23:40:02.000000
1638202.830994 -1887880.122550 6723630.704958
-6695.155771 2540.669156 2339.262670
UTC=2024-02-01T23:42:02.000000
827030.263026 -1562187.823244 6951500.486310
-6806.028401 2880.881680 1453.680654
UTC=2024-02-01T23:44:02.000000
9170.396111 -1198204.529173 7071617.346190
-6806.601297 3177.716116 545.691438
UTC=2024-02-01T23:46:02.000000
-802173.053525 -801530.704722 7082129.490244
-6697.707943 3424.707965 -370.717107
UTC=2024-02-01T23:48:02.000000
-1594002.196518 -378496.772746 6982872.964191
-6481.938613 3616.176028 -1281.435306
UTC=2024-02-01T23:50:02.000000
-2353732.876227 63937.966064 6775374.192884
-6163.587635 3747.338226 -2172.433439
UTC=2024-02-01T23:52:02.000000
-3069394.869692 518299.481334 6462828.325554
-5748.578810 3814.413827 -3029.962990
UTC=2024-02-01T23:54:02.000000
-3729821.860963 976724.600321 6050053.362436
-5244.369074 3814.711192 -3840.758206
UTC=2024-02-01T23:56:02.000000
-4324828.621021 1431096.212400 5543420.203778
-4659.831243 3746.700461 -4592.236602
UTC=2024-02-01T23:58:02.000000
-4845372.608162 1873186.256655 4950758.742422
-4005.111603 3610.070370 -5272.696728
