UTC=2024-01-11T00:00:02.000000
-1668983.947900 2129351.482881 -6660046.071410
6387.889623 -3020.589938 -2567.958703
UTC=2024-01-11T00:02:02.000000
-894931.171071 1744782.887026 -6916116.757820
6495.466830 -3381.003045 -1694.470175
UTC=2024-01-11T00:04:02.000000
-114281.253132 1319943.689959 -7065688.391370
6497.865788 -3690.617674 -795.230155
UTC=2024-01-11T00:06:02.000000
660386.170902 861327.517335 -7106488.895341
6396.058631 -3942.939544 116.081506
UTC=2024-01-11T00:08:02.000000
1416707.124190 376155.940674 -7037900.059469
6192.661946 -4132.350668 1025.613583
UTC=2024-01-11T00:10:02.000000
2142727.545576 -127733.547375 -6860965.960494
5891.878107 -4254.220100 1919.544530
UTC=2024-01-11T00:12:02.000000
2827088.891568 -642011.577698 -6578378.319065
5499.417227 -4304.995581 2784.265465
UTC=2024-01-11T00:14:02.000000
3459203.947531 -1157991.473998 -6194439.594709
5022.406312 -4282.286321 3606.572088
UTC=2024-01-11T00:16:02.000000
4029420.001539 -1666772.614958 -5715003.405878
4469.274877 -4184.927967 4373.844749
UTC=2024-01-11T00:18:02.000000
4529168.177745 -2159391.342434 -5147393.414436
3849.634223 -4013.042339 5074.235435
UTC=2024-01-11T00:20:02.000000
4951096.261458 -2626977.502582 -4500299.156708
3174.123355 -3768.068945 5696.857503
UTC=2024-01-11T00:22:02.000000
5289181.969855 -3060913.204911 -3783650.153836
2454.239780 -3452.772077 6231.959407
UTC=2024-01-11T00:24:02.000000
5538825.229112 -3452991.137102 -3008469.641507
1702.157613 -3071.225920 6671.091343
UTC=2024-01-11T00:26:02.000000
5696917.418183 -3795569.559079 -2186708.839057
930.524456 -2628.773004 7007.260792
UTC=2024-01-11T00:28:02.000000
5761885.147683 -4081720.584664 -1331064.080878
152.243576 -2131.955170 7235.061105
UTC=2024-01-11T00:30:02.000000
5733707.616758 -4305368.776774 -454779.796461
-619.750284 -1588.419625 7350.779746
UTC=2024-01-11T00:32:02.000000
5613906.612611 -4461416.726918 428559.718833
-1372.720333 -1006.797838 7352.475554
UTC=2024-01-11T00:34:02.000000
5405508.802138 -4545854.700967 1305246.087635
-2094.360542 -396.559456 7240.026097
UTC=2024-01-11T00:36:02.000000
5112980.547391 -4555851.157612 2161665.936395
-2773.017818 232.158804 7015.135193
UTC=2024-01-11T00:38:02.000000
4742137.036935 -4489821.747867 2984518.446820
-3397.897052 868.738232 6681.299751
UTC=2024-01-11T00:40:02.000000
4300028.177396 -4347475.863110 3761026.981897
-3959.243423 1502.267239 6243.746553
UTC=2024-01-11T00:42:02.000000
3794803.756827 -4129840.120476 4479141.517398
-4448.506182 2121.737033 5709.341264
UTC=2024-01-11T00:44:02.000000
3235560.297395 -3839257.806512 5127728.173913
-4858.476922 2716.245964 5086.463441
UTC=2024-01-11T00:46:02.000000
2632173.694202 -3479364.187584 5696741.964573
-5183.388449 3275.193676 4384.856302
UTC=2024-01-11T00:48:02.000000
1995121.498699 -3055039.104262 6177380.959563
-5418.991479 3788.468967 3615.464600
UTC=2024-01-11T00:50:02.000000
1335297.629337 -2572337.447033 6562219.330726
-5562.599876 4246.626342 2790.246995
UTC=2024-01-11T00:52:02.000000
663823.780263 -2038399.568136 6845317.732417
-5613.104253 4641.046444 1921.987449
UTC=2024-01-11T00:54:02.000000
-8139.410617 -1461343.040873 7022310.519567
-5570.960141 4964.084969 1024.097376
UTC=2024-01-11T00:56:02.000000
-669578.078119 -850137.414579 7090469.251394
-5438.150699 5209.208191 110.418601
UTC=2024-01-11T00:58:02.000000
-1309805.313117 -214463.680367 7048742.221027
-5218.131334 5371.110509 -804.978485
UTC=2024-01-11T01:00:02.000000
-1918633.595558 435439.376965 6897769.765836
-4915.755405 5445.816563 -1707.997700
UTC=2024-01-11T01:02:02.000000
-2486537.013585 1088940.008814 6639875.133325
-4537.179310 5430.764575 -2584.720610
UTC=2024-01-11T01:04:02.000000
-3004801.089338 1735187.147112 6279030.981767
-4089.750215 5324.869990 -3421.608626
UTC=2024-01-11T01:06:02.000000
-3465658.141603 2363290.551566 5820801.973245
-3581.878859 5128.570579 -4205.699749
UTC=2024-01-11T01:08:02.000000
-3862406.605526 2962505.241193 5272263.618490
-3022.897644 4843.851314 -4924.808869
UTC=2024-01-11T01:10:02.000000
-4189512.120098 3522417.126728 4641897.191389
-2422.899722 4474.238924 -5567.722752
UTC=2024-01-11T01:12:02.000000
-4442688.560072 4033126.453810 3939462.113235
-1792.565768 4024.771775 -6124.381819
UTC=2024-01-11T01:14:02.000000
-4618957.444504 4485426.034756 3175847.092641
-1142.976961 3501.942190 -6586.051757
UTC=2024-01-11T01:16:02.000000
-4716684.090193 4870970.743382 2362901.561723
-485.414557 2913.608168 -6945.478686
UTC=2024-01-11T01:18:02.000000
-4735589.371558 5182434.416445 1513249.906641
168.843856 2268.871038 -7197.020151
UTC=2024-01-11T01:20:02.000000
-4676737.172539 5413650.158635 640091.773499
808.725425 1577.923905 -7336.744772
UTC=2024-01-11T01:22:02.000000
-4542497.996259 5559731.467581 -243007.785825
1423.558782 851.884221 -7362.504123
UTC=2024-01-11T01:24:02.000000
-4336488.943915 5617171.971448 -1122335.498828
2003.271557 102.601028 -7273.981683
UTC=2024-01-11T01:26:02.000000
-4063490.348132 5583919.728461 -1984250.325113
2538.577715 -657.571823 -7072.692118
UTC=2024-01-11T01:28:02.000000
-3729341.688878 5459424.816587 -2815400.747296
3021.135191 -1415.990763 -6761.938545
UTC=2024-01-11T01:30:02.000000
-3340819.844604 5244660.353823 -3602935.881117
3443.683867 -2159.955110 -6346.746284
UTC=2024-01-11T01:32:02.000000
-2905502.386790 4942115.514512 -4334705.895402
3800.154465 -2876.934120 -5833.754522
UTC=2024-01-11T01:34:02.000000
-2431619.548483 4555762.233331 -4999448.128174
4085.749743 -3554.780554 -5231.086073
UTC=2024-01-11T01:36:02.000000
-1927898.300860 4090997.203780 -5586956.223822
4296.993824 -4181.927047 -4548.198785
UTC=2024-01-11T01:38:02.000000
-1403401.952601 3554560.897344 -6088231.337049
4431.760167 -4747.576249 -3795.732486
UTC=2024-01-11T01:40:02.000000
-867367.605080 2954434.173590 -6495613.588808
4489.277484 -5241.880466 -2985.332399
UTC=2024-01-11T01:42:02.000000
-329044.566788 2299714.800504 -6802891.315740
4470.107503 -5656.095218 -2129.458382
UTC=2024-01-11T01:44:02.000000
202462.977632 1600477.140312 -7005387.655929
4376.098012 -5982.709391 -1241.200611
UTC=2024-01-11T01:46:02.000000
718346.819771 867616.908308 -7100025.235981
4210.323745 -6215.562685 -334.095720
UTC=2024-01-11T01:48:02.000000
1210237.855810 112682.935809 -7085368.406907
3977.014431 -6349.946126 578.062718
UTC=2024-01-11T01:50:02.000000
1670339.244007 -652302.309073 -6961642.464552
3681.461005 -6382.686111 1481.418237
UTC=2024-01-11T01:52:02.000000
2091547.465645 -1415030.584660 -6730729.891822
3329.910168 -6312.201925 2362.237577
UTC=2024-01-11T01:54:02.000000
2467560.491370 -2163101.806349 -6396144.525985
2929.453506 -6138.548788 3207.096022
UTC=2024-01-11T01:56:02.000000
2792971.765859 -2884222.001461 -5962983.667355
2487.903283 -5863.444384 4003.056495
UTC=2024-01-11T01:58:02.000000
3063349.145410 -3566404.084121 -5437858.362156
2013.664491 -5490.285550 4737.861603
UTC=2024-01-11T02:00:02.000000
3275297.200597 -4198168.103073 -4828799.573935
1515.584196 -5024.118837 5400.134338
UTC=2024-01-11T02:02:02.000000
3426500.833962 -4768735.752356 -4145142.106821
1002.795521 -4471.581457 5979.547764
UTC=2024-01-11T02:04:02.000000
3515750.511519 -5268217.251996 -3397388.877821
484.565597 -3840.831604 6466.987997
UTC=2024-01-11T02:06:02.000000
3542948.700293 -5687788.309361 -2597055.292919
-29.867831 -3141.448437 6854.721497
UTC=2024-01-11T02:08:02.000000
3509096.171584 -6019852.236872 -1756494.446632
-531.464766 -2384.286348 7136.541549
UTC=2024-01-11T02:10:02.000000
3416258.465431 -6258183.199469 -888706.635493
-1011.546491 -1581.308801 7307.886939
UTC=2024-01-11T02:12:02.000000
3267512.651901 -6398047.742704 -7135.676222
-1461.959986 -745.388811 7365.939736
UTC=2024-01-11T02:14:02.000000
3066874.897057 -6436300.539619 874543.890428
-1875.229698 109.915105 7309.678184
UTC=2024-01-11T02:16:02.000000
2819211.177088 -6371453.026377 1742644.291677
-2244.689303 970.590012 7139.907455
UTC=2024-01-11T02:18:02.000000
2530132.566515 -6203712.446326 2583683.957042
-2564.605861 1822.429156 6859.252470
UTC=2024-01-11T02:20:02.000000
2205877.024047 -5934989.672099 3384602.814215
-2830.277892 2651.287268 6472.101686
UTC=2024-01-11T02:22:02.000000
1853181.162488 -5568877.025155 4132969.268258
-3038.106231 3443.325678 5984.526080
UTC=2024-01-11T02:24:02.000000
1479144.776863 -5110596.891897 4817176.013542
-3185.642387 4185.255237 5404.171955
UTC=2024-01-11T02:26:02.000000
1091091.338641 -4566921.978130 5426621.246514
-3271.609334 4864.562775 4740.128576
UTC=2024-01-11T02:28:02.000000
696426.845993 -3946069.009567 5951872.941626
-3295.906963 5469.730335 4002.773558
UTC=2024-01-11T02:30:02.000000
302499.941334 -3257567.260473 6384812.409063
-3259.584610 5990.428571 3203.586652
UTC=2024-01-11T02:32:02.000000
-83533.307384 -2512106.232885 6718755.262410
-3164.793011 6417.674151 2354.961915
UTC=2024-01-11T02:34:02.000000
-454837.756125 -1721365.726019 6948549.815703
-3014.717816 6743.966459 1470.018719
UTC=2024-01-11T02:36:02.000000
-805018.729011 -897830.595391 7070652.736100
-2813.500077 6963.407697 562.411068
UTC=2024-01-11T02:38:02.000000
-1128231.169771 -54592.024092 7083181.165987
-2566.142538 7071.804311 -353.875157
UTC=2024-01-11T02:40:02.000000
-1419276.815409 794861.465102 6985940.091262
-2278.403251 7066.737177 -1264.729257
UTC=2024-01-11T02:42:02.000000
-1673687.773313 1636859.943955 6780425.080266
-1956.676761 6947.607544 -2156.119295
UTC=2024-01-11T02:44:02.000000
-1887795.487929 2457772.080117 6469800.716499
-1607.869270 6715.659335 -3014.293923
UTC=2024-01-11T02:46:02.000000
-2058784.238800 3244226.456124 6058854.813057
-1239.265836 6373.978085 -3825.984432
UTC=2024-01-11T02:48:02.000000
-2184728.319225 3983331.025631 5553928.536981
-858.391751 5927.460703 -4578.601872
UTC=2024-01-11T02:50:02.000000
-2264612.561516 4662887.618449 4962823.358857
-472.873804 5382.763888 -5260.429942
UTC=2024-01-11T02:52:02.000000
-2298335.828526 5271598.314038 4294684.612937
-90.294564 4748.217830 -5860.817876
UTC=2024-01-11T02:54:02.000000
-2286697.008960 5799259.464237 3559862.808782
281.951809 4033.707552 -6370.359271
UTC=2024-01-11T02:56:02.000000
-2231363.922634 6236939.361450 2769754.262286
636.800426 3250.519010 -6781.055297
UTC=2024-01-11T02:58:02.000000
-2134825.591291 6577135.912950 1936623.644843
967.651806 2411.161437 -7086.454180
UTC=2024-01-11T03:00:02.000000
-2000328.487935 6813911.274374 1073410.947667
1268.501917 1529.159252 -7281.769199
UTC=2024-01-11T03:02:02.000000
-1831798.005228 6942999.956008 193526.224009
1534.057104 618.820475 -7363.964716
UTC=2024-01-11T03:04:02.000000
-1633747.209234 6961888.129987 -689364.259928
1759.831478 -305.010524 -7331.813622
UTC=2024-01-11T03:06:02.000000
-1411174.646884 6869862.329883 -1561557.340432
1942.232932 -1227.220145 -7185.930465
UTC=2024-01-11T03:08:02.000000
-1169452.981510 6668024.167363 -2409533.250981
2078.625579 -2132.717520 -6928.747562
UTC=2024-01-11T03:10:02.000000
-914212.066872 6359271.530632 -3220169.769631
2167.362787 -3006.697315 -6564.445386
UTC=2024-01-11T03:12:02.000000
-651219.211799 5948249.549215 -3980947.051726
2207.800833 -3834.884401 -6098.867810
UTC=2024-01-11T03:14:02.000000
-386259.043921 5441272.477018 -4680141.137890
2200.291899 -4603.774438 -5539.414673
UTC=2024-01-11T03:16:02.000000
-125015.409046 4846217.700161 -5307002.537506
2146.157613 -5300.853570 -4894.902785
UTC=2024-01-11T03:18:02.000000
127042.471405 4172394.971534 -5851917.254909
2047.644361 -5914.794356 -4175.413476
UTC=2024-01-11T03:20:02.000000
364767.304422 3430393.179020 -6306548.434615
1907.858867 -6435.632255 -3392.120865
UTC=2024-01-11T03:22:02.000000
583432.204421 2631907.822008 -6663956.436010
1730.686610 -6854.909211 -2557.106507
UTC=2024-01-11T03:24:02.000000
778818.784931 1789553.314190 -6918696.536590
1520.701425 -7165.784485 -1683.173667
UTC=2024-01-11T03:26:02.000000
947293.823611 916663.207168 -7066894.571434
1283.064283 -7363.127339 -783.663741
UTC=2024-01-11T03:28:02.000000
1085873.230069 27080.528028 -7106300.156837
1023.414820 -7443.586789 127.732959
UTC=2024-01-11T03:30:02.000000
1192272.676953 -865058.879426 -7036317.109601
747.756052 -7405.638966 1037.169621
UTC=2024-01-11T03:32:02.000000
1264944.017049 -1745546.872495 -6858010.646044
462.334976 -7249.603606 1930.833451
UTC=2024-01-11T03:34:02.000000
1303097.493946 -2600324.294316 -6574092.519187
173.524822 -6977.643018 2795.124356
UTC=2024-01-11T03:36:02.000000
1306709.682513 -3415701.605620 -6188884.776092
-112.296644 -6593.752728 3616.835606
UTC=2024-01-11T03:38:02.000000
1276516.380368 -4178577.225906 -5708260.814494
-388.873971 -6103.726547 4383.351964
UTC=2024-01-11T03:40:02.000000
1213990.745992 -4876648.914615 -5139562.680166
-650.192762 -5515.078027 5082.840653
UTC=2024-01-11T03:42:02.000000
1121307.263582 -5498614.673172 -4491496.729745
-890.598734 -4836.947888 5704.425491
UTC=2024-01-11T03:44:02.000000
1001291.422517 -6034361.315014 -3774007.984197
-1104.914786 -4079.985430 6238.368262
UTC=2024-01-11T03:46:02.000000
857355.951275 -6475136.351307 -2998133.271580
-1288.547506 -3256.191420 6676.236360
UTC=2024-01-11T03:48:02.000000
693424.953041 -6813699.593117 -2175835.454564
-1437.582390 -2378.737969 7011.052588
UTC=2024-01-11T03:50:02.000000
513847.202884 -7044451.467009 -1319820.427433
-1548.869501 -1461.758621 7237.431017
UTC=2024-01-11T03:52:02.000000
323299.960737 -7163534.187049 -443339.382955
-1620.093978 -520.107897 7351.684162
UTC=2024-01-11T03:54:02.000000
126685.534721 -7168903.017442 440019.684338
-1649.826926 430.894736 7351.895559
UTC=2024-01-11T03:56:02.000000
-70977.153434 -7060366.247451 1316547.345560
-1637.557269 1375.729929 7237.962731
UTC=2024-01-11T03:58:02.000000
-264663.626428 -6839592.755413 2172631.555285
-1583.703782 2298.953958 7011.610323
UTC=2024-01-11T04:00:02.000000
-449455.057494 -6510086.102582 2994975.786819
-1489.604899 3185.479128 6676.364953
UTC=2024-01-11T04:02:02.000000
-620646.893504 -6077125.075004 3770811.663294
-1357.486310 4020.850548 6237.486558
UTC=2024-01-11T04:04:02.000000
-773852.486163 -5547672.782364 4488100.732184
-1190.411420 4791.488567 5701.862823
UTC=2024-01-11T04:06:02.000000
-905099.798950 -4930258.012401 5135722.997281
-992.213512 5484.915072 5077.890848
UTC=2024-01-11T04:08:02.000000
-1010918.678408 -4234830.589581 5703649.444852
-767.409127 6089.955616 4375.331713
UTC=2024-01-11T04:10:02.000000
-1088417.264241 -3472593.771955 6183096.261410
-521.102635 6596.923042 3605.147288
UTC=2024-01-11T04:12:02.000000
-1135345.981329 -2655816.407476 6566657.438462
-258.875052 6997.764498 2779.306041
UTC=2024-01-11T04:14:02.000000
-1150147.748066 -1797630.448750 6848414.019981
13.332515 7286.162852 1910.593672
UTC=2024-01-11T04:16:02.000000
-1131994.149962 -911817.271207 7024021.243824
289.336561 7457.625551 1012.428572
UTC=2024-01-11T04:18:02.000000
-1080807.264691 -12584.425457 7090772.339673
562.833500 7509.549334 98.657642
UTC=2024-01-11T04:20:02.000000
-997266.328536 885663.054690 7047637.784474
827.529476 7441.249502 -816.644936
UTC=2024-01-11T04:22:02.000000
-882798.751631 1768553.652186 6895280.437975
1077.270077 7253.968140 -1719.381465
UTC=2024-01-11T04:24:02.000000
-739555.820139 2621979.588545 6636046.028156
1306.165614 6950.853098 -2595.635862
UTC=2024-01-11T04:26:02.000000
-570373.663323 3432322.928014 6273929.226115
1508.711185 6536.911091 -3431.874977
UTC=2024-01-11T04:28:02.000000
-378720.147200 4186674.744958 5814515.591219
1679.901653 6018.937622 -4215.151138
UTC=2024-01-11T04:30:02.000000
-168628.260430 4873043.926961 5264899.472178
1815.340747 5405.415908 -4933.296517
UTC=2024-01-11T04:32:02.000000
55382.996012 5480552.892518 4633579.034481
1911.340419 4706.399072 -5575.115933
UTC=2024-01-11T04:34:02.000000
288398.980974 5999616.409502 3930327.653503
1965.007216 3933.340559 -6130.577972
UTC=2024-01-11T04:36:02.000000
525208.955457 6422098.886762 3166045.711566
1974.310772 3098.924293 -6590.955422
UTC=2024-01-11T04:38:02.000000
760413.707644 6741452.073557 2352593.266503
1938.149656 2216.878780 -6949.013546
UTC=2024-01-11T04:40:02.000000
988539.363159 6952823.997584 1502602.051466
1856.383426 1301.706114 -7199.139529
UTC=2024-01-11T04:42:02.000000
1204153.635636 7053137.378199 629275.307993
1729.847214 368.438230 -7337.436638
UTC=2024-01-11T04:44:02.000000
1401982.847397 7041137.112073 -253822.684084
1560.346088 -567.631704 -7361.792968
UTC=2024-01-11T04:46:02.000000
1577026.629332 6917405.337720 -1132983.254569
1350.622926 -1491.221683 -7271.916109
UTC=2024-01-11T04:48:02.000000
1724667.576302 6684343.985255 -1994571.836237
1104.307816 -2387.327732 -7069.330909
UTC=2024-01-11T04:50:02.000000
1840773.806439 6346125.682647 -2825244.462548
825.849739 -3241.485142 -6757.347777
UTC=2024-01-11T04:52:02.000000
1921792.198886 5908613.846409 -3612158.442664
520.429945 -4040.019337 -6340.997162
UTC=2024-01-11T04:54:02.000000
1964830.308806 5379253.666134 -4343173.138636
193.860297 -4770.278961 -5826.930038
UTC=2024-01-11T04:56:02.000000
1967725.201917 4766936.673203 -5007036.814886
-147.532927 -5420.840790 -5223.286495
UTC=2024-01-11T04:58:02.000000
1929097.776719 4081842.884394 -5593556.383972
-497.032938 -5981.678555 -4539.544325
UTC=2024-01-11T05:00:02.000000
1848392.028396 3335264.578632 -6093748.379971
-847.660325 -6444.302551 -3786.358505
UTC=2024-01-11T05:02:02.000000
1725898.476436 2539414.639832 -6499969.769528
-1192.308256 -6801.875006 -2975.383216
UTC=2024-01-11T05:04:02.000000
1562761.521584 1707223.409903 -6806026.570289
-1523.873462 -7049.285851 -2119.084490
UTC=2024-01-11T05:06:02.000000
1360971.358520 852128.168622 -7007260.409743
-1835.384516 -7183.203625 -1230.559401
UTC=2024-01-11T05:08:02.000000
1123340.217434 -12142.414315 -7100613.017137
-2120.133955 -7202.105837 -323.347431
UTC=2024-01-11T05:10:02.000000
853463.004388 -871785.884231 -7084667.837774
-2371.805283 -7106.283903 588.761559
UTC=2024-01-11T05:12:02.000000
555663.210169 -1713142.470708 -6959668.458767
-2584.590519 -6897.817979 1491.919196
UTC=2024-01-11T05:14:02.000000
234925.250736 -2522907.184335 -6727514.881765
-2753.300751 -6580.533547 2372.395398
UTC=2024-01-11T05:16:02.000000
-103186.553059 -3288336.625134 -6391738.615395
-2873.477985 -6159.955466 3216.762233
UTC=2024-01-11T05:18:02.000000
-452621.729268 -3997448.367302 -5957454.237911
-2941.492056 -5643.224543 4012.094394
UTC=2024-01-11T05:20:02.000000
-806948.085205 -4639208.628320 -5431288.214720
-2954.624970 -5038.992902 4746.149094
UTC=2024-01-11T05:22:02.000000
-1159465.945188 -5203706.734655 -4821285.959524
-2911.148405 -4357.304523 5407.551189
UTC=2024-01-11T05:24:02.000000
-1503330.767353 -5682313.510953 -4136796.612020
-2810.384770 -3609.446699 5985.977023
UTC=2024-01-11T05:26:02.000000
-1831681.878006 -6067820.226530 -3388336.326935
-2652.747845 -2807.775099 6472.327552
UTC=2024-01-11T05:28:02.000000
-2137774.865022 -6354555.243059 -2587431.729951
-2439.763328 -1965.518255 6858.885629
UTC=2024-01-11T05:30:02.000000
-2415115.193515 -6538476.134294 -1746445.353238
-2174.067917 -1096.563773 7139.459182
UTC=2024-01-11T05:32:02.000000
-2657590.237610 -6617234.891832 -878384.982483
-1859.383879 -215.223601 7309.504460
UTC=2024-01-11T05:34:02.000000
-2859596.811031 -6590213.828441 3300.152109
-1500.469036 664.018770 7366.220619
UTC=2024-01-11T05:36:02.000000
-3016161.128872 -6458530.591380 884932.377237
-1103.041087 1526.767504 7308.607940
UTC=2024-01-11T05:38:02.000000
-3123048.362670 -6225012.236452 1752823.555570
-673.680302 2358.970994 7137.493256
UTC=2024-01-11T05:40:02.000000
-3176859.258559 -5894138.648944 2593494.021966
-219.711332 3147.174914 6855.519003
UTC=2024-01-11T05:42:02.000000
-3175111.467638 -5471956.461830 3393887.841640
250.932573 3878.758762 6467.094030
UTC=2024-01-11T05:44:02.000000
-3116303.778075 -4965965.862492 4141580.234190
729.857772 4542.151132 5978.312672
UTC=2024-01-11T05:46:02.000000
-2999962.110864 -4384982.942222 4824973.494090
1208.365225 5127.021641 5396.844500
UTC=2024-01-11T05:48:02.000000
-2826666.633715 -3738980.564422 5433478.097688
1677.610667 5624.446287 4731.798521
UTC=2024-01-11T05:50:02.000000
-2598059.119671 -3038911.198006 5957676.087396
2128.772857 6027.041344 3993.562950
UTC=2024-01-11T05:52:02.000000
-2316830.394907 -2296516.044805 6389464.066488
2553.215075 6329.058153 3193.629685
UTC=2024-01-11T05:54:02.000000
-1986688.773751 -1524124.463810 6722175.007710
2942.641882 6526.453121 2344.415577
UTC=2024-01-11T05:56:02.000000
-1612309.823386 -734446.038178 6950677.618184
3289.252609 6616.938261 1459.063614
UTC=2024-01-11T05:58:02.000000
-1199268.538205 59640.890642 7071450.630484
3585.878715 6599.985719 551.231660
UTC=2024-01-11T06:00:02.000000
-753955.789572 845299.277181 7082633.285256
3826.112898 6476.808877 -365.094450
UTC=2024-01-11T06:02:02.000000
-283479.158786 1609940.836752 6984052.788097
4004.437396 6250.332553 -1275.802584
UTC=2024-01-11T06:04:02.000000
204450.719404 2341428.078854 6777227.006926
4116.336731 5925.133045 -2166.861850
UTC=2024-01-11T06:06:02.000000
701646.422184 3028267.510201 6465342.323390
4158.394369 5507.350932 -3024.527674
UTC=2024-01-11T06:08:02.000000
1199580.549240 3659791.308790 6053207.454745
4128.372876 5004.588642 -3835.539083
UTC=2024-01-11T06:10:02.000000
1689531.306349 4226325.632109 5547183.375748
4025.279241 4425.787471 -4587.318833
UTC=2024-01-11T06:12:02.000000
2162734.946391 4719342.828774 4955089.591671
3849.413956 3781.083622 -5268.167995
UTC=2024-01-11T06:14:02.000000
2610542.765172 5131594.851344 4286087.058961
3602.395162 3081.636331 -5867.458314
UTC=2024-01-11T06:16:02.000000
3024579.248444 5457224.719169 3550539.427000
3287.156267 2339.440276 -6375.799263
UTC=2024-01-11T06:18:02.000000
3396899.078683 5691855.764961 2759854.839588
2907.929127 1567.139142 -6785.202627
UTC=2024-01-11T06:20:02.000000
3720140.201187 5832656.012920 1926307.468756
2470.189369 777.791375 -7089.244425
UTC=2024-01-11T06:22:02.000000
3987667.761439 5878373.339541 1062843.318714
1980.565612 -15.366763 -7283.166363
UTC=2024-01-11T06:24:02.000000
4193706.549939 5829343.385293 182874.809510
1446.737526 -799.150179 -7363.966862
UTC=2024-01-11T06:26:02.000000
4333459.513576 5687468.443950 -699933.730732
877.303759 -1560.672312 -7330.453087
UTC=2024-01-11T06:28:02.000000
4403209.092307 5456168.015685 -1571884.099844
281.631042 -2287.569600 -7183.253821
UTC=2024-01-11T06:30:02.000000
4400399.506880 5140302.930320 -2419462.339795
-330.314092 -2968.218436 -6924.805413
UTC=2024-01-11T06:32:02.000000
4323697.836674 4746074.419369 -3229552.940222
-948.148541 -3591.933950 -6559.301241
UTC=2024-01-11T06:34:02.000000
4173032.548939 4280900.498414 -3989644.904232
-1561.264349 -4149.148742 -6092.605286
UTC=2024-01-11T06:36:02.000000
3949609.149108 3753272.774221 -4688025.289199
-2159.016108 -4631.558406 -5532.133672
UTC=2024-01-11T06:38:02.000000
3655903.541169 3172597.573613 -5313957.684881
-2730.907477 -5032.239886 -4886.721498
UTC=2024-01-11T06:40:02.000000
3295632.916971 2549024.440484 -5857843.202753
-3266.776469 -5345.741449 -4166.464299
UTC=2024-01-11T06:42:02.000000
2873705.221526 1893265.791633 -6311361.443080
-3756.966889 -5568.141012 -3382.545302
UTC=2024-01-11T06:44:02.000000
2396148.608189 1216411.271054 -6667590.155844
-4192.490595 -5697.075773 -2547.052101
UTC=2024-01-11T06:46:02.000000
1870022.467474 529740.424088 -6921102.432954
-4565.170713 -5731.741307 -1672.788952
UTC=2024-01-11T06:48:02.000000
1303312.168267 -155463.188609 -7068041.971389
-4867.773384 -5672.870848 -773.099078
UTC=2024-01-11T06:50:02.000000
704807.912705 -828094.694598 -7106176.604550
-5094.138613 -5522.701212 138.326076
UTC=2024-01-11T06:52:02.000000
83969.410650 -1477404.693839 -7034928.022877
-5239.283078 -5284.907180 1047.644424
UTC=2024-01-11T06:54:02.000000
-549220.726852 -2093167.067096 -6855379.104069
-5299.490059 -4964.522079 1941.040776
UTC=2024-01-11T06:56:02.000000
-1184414.204560 -2665837.136819 -6570259.744026
-5272.393914 -4567.854462 2804.913208
UTC=2024-01-11T06:58:02.000000
-1811063.001769 -3186698.402753 -6183909.392077
-5157.039463 -4102.378247 3626.068731
UTC=2024-01-11T07:00:02.000000
-2418591.299905 -3647994.978928 -5702217.132673
-4953.925029 -3576.609129 4391.902738
UTC=2024-01-11T07:02:02.000000
-2996571.975030 -4043048.971944 -5132540.171734
-4665.034398 -2999.974823 5090.583058
UTC=2024-01-11T07:04:02.000000
-3534905.533483 -4366361.001807 -4483599.560336
-4293.841891 -2382.661806 5711.242323
UTC=2024-01-11T07:06:02.000000
-4023997.569116 -4613691.101651 -3765353.651472
-3845.285050 -1735.444962 6244.154097
UTC=2024-01-11T07:08:02.000000
-4454931.685456 -4782118.747060 -2988851.245749
-3325.716188 -1069.509234 6680.897825
UTC=2024-01-11T07:10:02.000000
-4819634.847464 -4870080.628538 -2166065.446806
-2742.823064 -396.256918 7014.512710
UTC=2024-01-11T07:12:02.000000
-5111031.346967 -4877384.793625 -1309710.416344
-2105.519342 272.891940 7239.628601
UTC=2024-01-11T07:14:02.000000
-5323181.878675 -4805200.616252 -433043.859874
-1423.806264 926.702279 7352.571689
UTC=2024-01-11T07:16:02.000000
-5451404.535263 -4656024.553146 450341.473576
-708.609885 1554.324457 7351.442636
UTC=2024-01-11T07:18:02.000000
-5492374.668216 -4433621.928630 1326733.962459
28.408557 2145.492953 7236.164287
UTC=2024-01-11T07:20:02.000000
-5444200.634433 -4142945.361714 2182522.576113
775.062879 2690.714933 7008.487610
UTC=2024-01-11T07:22:02.000000
-5306473.712227 -3790031.762373 3004414.587138
1518.861050 3181.437667 6671.958460
UTC=2024-01-11T07:24:02.000000
-5080291.369243 -3381880.676496 3779647.359299
2247.229271 3610.191832 6231.852799
UTC=2024-01-11T07:26:02.000000
-4768253.514763 -2926316.746914 4496190.737986
2947.739158 3970.713932 5695.084183
UTC=2024-01-11T07:28:02.000000
-4374431.400124 -2431838.956936 5142935.997053
3608.332324 4258.040806 5070.071459
UTC=2024-01-11T07:30:02.000000
-3904310.835512 -1907460.829473 5709867.451117
4217.523911 4468.567247 4366.587653
UTC=2024-01-11T07:32:02.000000
-3364711.713027 -1362545.228152 6188215.641705
4764.595999 4600.080578 3595.603011
UTC=2024-01-11T07:34:02.000000
-2763684.587947 -806636.036404 6570590.660901
5239.785669 4651.777000 2769.107829
UTC=2024-01-11T07:36:02.000000
-2110385.691897 -249289.584368 6851092.676337
5634.453854 4624.247369 1899.911869
UTC=2024-01-11T07:38:02.000000
-1414933.401352 300090.006117 7025397.951361
5941.224404 4519.427585 1001.441146
UTC=2024-01-11T07:40:02.000000
-688249.550377 832408.663985 7090821.285211
6154.101527 4340.539037 87.546191
UTC=2024-01-11T07:42:02.000000
58112.780500 1339032.479330 7046355.026056
6268.576314 4092.015529 -827.698308
UTC=2024-01-11T07:44:02.000000
812153.080310 1811927.776316 6892683.761907
6281.713459 3779.410316 -1730.197427
UTC=2024-01-11T07:46:02.000000
1561616.369683 2243788.927492 6632174.284510
6192.215333 3409.283898 -2606.043370
UTC=2024-01-11T07:48:02.000000
2294192.237552 2628151.752910 6268841.165929
6000.460650 2989.078662 -3441.713254
UTC=2024-01-11T07:50:02.000000
2997717.491042 2959491.552524 5808288.870806
5708.526611 2526.987336 -4224.265081
UTC=2024-01-11T07:52:02.000000
3660380.148313 3233304.574124 5257629.862453
5320.185560 2031.807476 -4941.541807
UTC=2024-01-11T07:54:02.000000
4270920.540012 3446171.167177 4625378.471374
4840.860290 1512.782509 -5582.365588
UTC=2024-01-11T07:56:02.000000
4818825.869507 3595799.470886 3921323.298697
4277.567152 979.439154 -6136.704763
UTC=2024-01-11T07:58:02.000000
5294517.254257 3681049.605685 3156378.515127
3638.834200 441.419268 -6595.863531
UTC=2024-01-11T08:00:02.000000
5689522.653795 3701936.154781 2342413.772678
2934.556231 -91.707098 -6952.632994
UTC=2024-01-11T08:02:02.000000
5996631.970709 3659609.354621 1492068.388846
2175.843203 -610.610952 -7201.414933
UTC=2024-01-11T08:04:02.000000
6210032.169768 3556315.802177 618551.265097
1374.836075 -1106.377382 -7338.329687
UTC=2024-01-11T08:06:02.000000
6325418.385549 3395338.585003 -264570.021191
544.492551 -1570.673261 -7361.287236
UTC=2024-01-11T08:08:02.000000
6340078.276683 3180918.146214 -1143586.219544
-301.642266 -1995.900063 -7270.019039
UTC=2024-01-11T08:10:02.000000
6252948.005074 2918155.903826 -2004865.137591
-1149.679493 -2375.325969 -7066.074057
UTC=2024-01-11T08:12:02.000000
6064638.859214 2612903.672887 -2835067.966735
-1985.630125 -2703.193764 -6752.785561
UTC=2024-01-11T08:14:02.000000
5777434.424180 2271640.719225 -3621359.776865
-2795.652310 -2974.816618 -6335.203634
UTC=2024-01-11T08:16:02.000000
5395258.440985 1901341.027223 -4351609.900467
-3566.292098 -3186.645447 -5819.997938
UTC=2024-01-11T08:18:02.000000
4923613.835655 1509333.926126 -5014578.916069
-4284.721583 -3336.311170 -5215.327301
UTC=2024-01-11T08:20:02.000000
4369494.862348 1103161.623124 -5600087.934416
-4938.944988 -3422.634438 -4530.682733
UTC=2024-01-11T08:22:02.000000
3741275.932400 690436.919518 -6099169.058809
-5517.985784 -3445.614650 -3776.728678
UTC=2024-01-11T08:24:02.000000
3048578.701049 278703.429407 -6504195.882781
-6012.060339 -3406.398466 -2965.128142
UTC=2024-01-11T08:26:02.000000
2302119.880061 -124699.172260 -6808992.079492
-6412.722575 -3307.228149 -2108.355006
UTC=2024-01-11T08:28:02.000000
1513543.470939 -512762.700803 -7008917.651645
-6712.982279 -3151.374041 -1219.511006
UTC=2024-01-11T08:30:02.000000
695239.404937 -878929.190849 -7100933.380515
-6907.414984 -2943.054537 -312.141479
UTC=2024-01-11T08:32:02.000000
-139849.723790 -1217198.889911 -7083642.144129
-6992.244236 -2687.337482 599.962460
UTC=2024-01-11T08:34:02.000000
-978429.859632 -1522225.955727 -6957307.395795
-6965.398074 -2390.035987 1502.945418
UTC=2024-01-11T08:36:02.000000
-1807063.087988 -1789401.389764 -6723849.786272
-6826.556556 -2057.598285 2383.075474
UTC=2024-01-11T08:38:02.000000
-2612379.271443 -2014921.983329 -6386820.635539
-6577.169577 -1696.984498 3226.938139
UTC=2024-01-11T08:40:02.000000
-3381288.217567 -2195844.094912 -5951352.955276
-6220.451785 -1315.540109 4021.615273
UTC=2024-01-11T08:42:02.000000
-4101190.876762 -2330122.373662 -5424091.107262
-5761.370232 -920.868908 4754.868164
UTC=2024-01-11T08:44:02.000000
-4760187.245655 -2416632.530415 -4813097.576296
-5206.597052 -520.694532 5415.331544
UTC=2024-01-11T08:46:02.000000
-5347276.325025 -2455177.255892 -4127737.254724
-4564.428479 -122.719729 5992.692751
UTC=2024-01-11T08:48:02.000000
-5852545.083496 -2446475.295513 -3378540.747722
-3844.681027 265.514432 6477.864436
UTC=2024-01-11T08:50:02.000000
-6267342.896892 -2392133.481260 -2577047.369383
-3058.552038 636.771028 6863.147513
UTC=2024-01-11T08:52:02.000000
-6584437.273068 -2294601.955805 -1735629.912225
-2218.449412 984.254002 7142.371418
UTC=2024-01-11T08:54:02.000000
-6798147.602214 -2157113.384002 -867303.766957
-1337.794252 1301.738423 7311.014832
UTC=2024-01-11T08:56:02.000000
-6904453.440012 -1983607.105934 14476.796266
-430.795943 1583.690222 7366.297041
UTC=2024-01-11T08:58:02.000000
-6901074.650330 -1778639.666882 896031.490694
487.792457 1825.373246 7307.239381
UTC=2024-01-11T09:00:02.000000
-6787520.958775 -1547283.551570 1763672.212071
1402.937821 2022.937502 7134.691349
UTC=2024-01-11T09:02:02.000000
-6565109.341433 -1295016.637972 2603922.044560
2299.597516 2173.485933 6851.317877
UTC=2024-01-11T09:04:02.000000
-6236949.117623 -1027604.798219 3403730.516794
3162.985423 2275.121997 6461.551261
UTC=2024-01-11T09:06:02.000000
-5807895.339892 -750980.024935 4150681.489718
3978.836901 2326.975711 5971.515451
UTC=2024-01-11T09:08:02.000000
-5284470.545435 -471117.064258 4833189.347331
4733.664352 2329.202074 5388.905263
UTC=2024-01-11T09:10:02.000000
-4674758.162637 -193911.610034 5440679.031288
5414.974858 2282.958612 4722.844662
UTC=2024-01-11T09:12:02.000000
-3988270.937717 74937.797285 5963748.715723
6011.472627 2190.365209 3983.737007
UTC=2024-01-11T09:14:02.000000
-3235795.715823 330041.782480 6394313.161020
6513.247097 2054.442899 3183.090897
UTC=2024-01-11T09:16:02.000000
-2429217.677835 566423.641119 6725725.007159
6911.925964 1879.033826 2333.330958
UTC=2024-01-11T09:18:02.000000
-1581327.921358 779612.503528 6952873.310633
7200.802634 1668.711006 1447.606067
UTC=2024-01-11T09:20:02.000000
-705617.288343 965725.174011 7072258.126339
7374.934279 1428.677901 539.583429
UTC=2024-01-11T09:22:02.000000
183939.593958 1121535.099629 7082040.746767
7431.210735 1164.655789 -376.749852
UTC=2024-01-11T09:24:02.000000
1073107.412353 1244527.489392 6982070.143137
7368.403791 882.766212 -1287.286457
UTC=2024-01-11T09:26:02.000000
1947617.775073 1332940.016749 6773885.201275
7187.192015 589.407356 -2178.002446
UTC=2024-01-11T09:28:02.000000
2793398.114768 1385788.293805 6460692.636838
6890.158526 291.125234 -3035.157421
UTC=2024-01-11T09:30:02.000000
3596799.171157 1402875.853091 6047320.997006
6481.769431 -5.516051 -3845.496178
UTC=2024-01-11T09:32:02.000000
4344817.790653 1384788.437803 5540149.925225
5968.313434 -294.065313 -4596.454715
UTC=2024-01-11T09:34:02.000000
5025310.559524 1332872.792998 4947016.066884
5357.816326 -568.311253 -5276.343515
UTC=2024-01-11T09:36:02.000000
5627196.624141 1249200.369861 4277096.963075
4659.941673 -822.407371 -5874.537194
UTC=2024-01-11T09:38:02.000000
6140645.812502 1136516.363982 3540771.636242
3885.841751 -1050.989864 -6381.665593
UTC=2024-01-11T09:40:02.000000
6557246.428994 998174.975850 2749460.181488
3047.973329 -1249.291135 -6789.771321
UTC=2024-01-11T09:42:02.000000
6870150.034699 838061.706076 1915446.073969
2159.899808 -1413.238001 -7092.444158
UTC=2024-01-11T09:44:02.000000
7074190.983117 660504.982345 1051682.763015
1236.062005 -1539.534953 -7284.945714
UTC=2024-01-11T09:46:02.000000
7165976.446276 470178.462808 171587.791730
291.524527 -1625.733239 -7364.290751
UTC=2024-01-11T09:48:02.000000
7143945.721794 271996.278031 -711171.438912
-658.288984 -1670.280572 -7329.307103
UTC=2024-01-11T09:50:02.000000
7008396.387041 71003.515986 -1582896.575649
-1597.876727 -1672.549386 -7180.650255
UTC=2024-01-11T09:52:02.000000
6761477.145185 -127735.435437 -2430076.742712
-2511.933929 -1632.845501 -6920.782890
UTC=2024-01-11T09:54:02.000000
6407148.086818 -319248.356152 -3239602.471538
-3385.619081 -1552.395101 -6553.921206
UTC=2024-01-11T09:56:02.000000
5951109.607742 -498763.770910 -3998971.429510
-4204.810190 -1433.310336 -6085.951251
UTC=2024-01-11T09:58:02.000000
5400701.500907 -661814.169817 -4696482.149524
-4956.343682 -1278.534299 -5524.312575
UTC=2024-01-11T10:00:02.000000
4764775.147331 -804331.518064 -5321412.018151
-5628.221400 -1091.768909 -4877.855057
UTC=2024-01-11T10:02:02.000000
4053542.752276 -922733.529897 -5864177.460491
-6209.789554 -877.393760 -4156.686185
UTC=2024-01-11T10:04:02.000000
3278406.245882 -1013999.543802 -6316474.845162
-6691.897176 -640.372649 -3372.000855
UTC=2024-01-11T10:06:02.000000
2451769.078727 -1075734.170019 -6671399.981658
-7067.020917 -386.143833 -2535.897290
UTC=2024-01-11T10:08:02.000000
1586835.067710 -1106217.422265 -6923545.428738
-7329.358278 -120.507558 -1661.192276
UTC=2024-01-11T10:10:02.000000
697397.440462 -1104441.512644 -7069075.624451
-7474.898323 150.486180 -761.236146
UTC=2024-01-11T10:12:02.000000
-202379.323461 -1070133.492981 -7105779.621078
-7501.469928 420.660597 150.276918
UTC=2024-01-11T10:14:02.000000
-1098181.623927 -1003763.273468 -7033100.930423
-7408.760784 683.831058 1059.496935
UTC=2024-01-11T10:16:02.000000
-1975770.298998 -906537.331385 -6852145.103388
-7198.322657 933.926865 1952.605926
UTC=2024-01-11T10:18:02.000000
-2821203.119568 -780377.718557 -6565664.118177
-6873.545322 1165.111848 2816.013067
UTC=2024-01-11T10:20:02.000000
-3621052.411583 -627887.009739 -6178018.269152
-6439.606884 1371.899007 3636.532140
UTC=2024-01-11T10:22:02.000000
-4362616.695613 -452299.639766 -5695116.883522
-5903.421172 1549.262972 4401.565439
UTC=2024-01-11T10:24:02.000000
-5034123.814962 -257419.966138 -5124335.845593
-5273.544342 1692.747208 5099.298614
UTC=2024-01-11T10:26:02.000000
-5624921.113144 -47548.176229 -4474412.911905
-4560.058424 1798.559957 5718.877229
UTC=2024-01-11T10:28:02.000000
-6125650.745373 172605.038393 -3755321.856782
-3774.435535 1863.665680 6250.585845
UTC=2024-01-11T10:30:02.000000
-6528406.278369 398013.949745 -2978125.289218
-2929.362617 1885.860347 6686.018665
UTC=2024-01-11T10:32:02.000000
-6826866.880991 623441.430801 -2154808.330881
-2038.543790 1863.833879 7018.230567
UTC=2024-01-11T10:34:02.000000
-7016406.156123 843548.970708 -1298095.174597
-1116.477674 1797.211675 7241.869049
UTC=2024-01-11T10:36:02.000000
-7094173.164425 1053010.448204 -421250.813392
-178.211447 1686.576780 7353.290381
UTC=2024-01-11T10:38:02.000000
-7059141.678345 1246627.249403 462128.789478
760.934916 1533.469552 7350.628902
UTC=2024-01-11T10:40:02.000000
-6912127.171653 1419442.196458 1338332.258678
1685.630284 1340.368743 7233.831662
UTC=2024-01-11T10:42:02.000000
-6655772.011554 1566849.938822 2193751.455630
2580.803387 1110.650613 7004.671050
UTC=2024-01-11T10:44:02.000000
-6294497.893300 1684701.049205 3015099.284547
3431.914552 848.525274 6666.717579
UTC=2024-01-11T10:46:02.000000
-5834426.293723 1769397.264066 3789621.907715
4225.215688 558.953292 6225.274185
UTC=2024-01-11T10:48:02.000000
-5283268.963652 1817975.740236 4505300.813400
4947.987210 247.546988 5687.273949
UTC=2024-01-11T10:50:02.000000
-4650191.773267 1828180.715777 5151041.010816
5588.745631 -79.540828 5061.152679
UTC=2024-01-11T10:52:02.000000
-3945655.397363 1798521.175504 5716842.687011
6137.421672 -415.737946 4356.701948
UTC=2024-01-11T10:54:02.000000
-3181236.226126 1728313.559229 6193954.441343
6585.513128 -754.180792 3584.909127
UTC=2024-01-11T10:56:02.000000
-2369430.192619 1617708.780464 6575006.192187
6926.215594 -1087.848005 2757.776304
UTC=2024-01-11T10:58:02.000000
-1523443.088857 1467702.806051 6854119.039073
7154.514403 -1409.699733 1888.120907
UTC=2024-01-11T11:00:02.000000
-656972.225021 1280130.717221 7026991.001631
7267.238262 -1712.812779 989.374285
UTC=2024-01-11T11:02:02.000000
216016.540669 1057644.721673 7090958.947845
7263.085909 -1990.513741 75.386969
UTC=2024-01-11T11:04:02.000000
1081513.943118 803676.320889 7045037.055117
7142.634259 -2236.508785 -839.770250
UTC=2024-01-11T11:06:02.000000
1925691.812459 522383.275420 6889931.089096
6908.319337 -2445.007855 -1742.008532
UTC=2024-01-11T11:08:02.000000
2735123.800835 218581.945555 6628028.570869
6564.393420 -2610.843519 -2617.420460
UTC=2024-01-11T11:10:02.000000
3496999.826271 -102334.188863 6263364.937488
6116.862550 -2729.582326 -3452.483081
UTC=2024-01-11T11:12:02.000000
4199331.164624 -434488.756471 5801564.973990
5573.391801 -2797.625393 -4234.263352
UTC=2024-01-11T11:14:02.000000
4831142.590723 -771628.094026 5249760.231119
4943.186101 -2812.296843 -4950.613656
UTC=2024-01-11T11:16:02.000000
5382648.934946 -1107236.518850 4616483.251830
4236.848944 -2771.916186 -5590.363663
UTC=2024-01-11T11:18:02.000000
5845413.031541 -1434659.269356 3911539.125762
3466.213796 -2675.854029 -6143.503905
UTC=2024-01-11T11:20:02.000000
6212482.074363 -1747231.100752 3145855.706272
2644.151656 -2524.568991 -6601.358831
UTC=2024-01-11T11:22:02.000000
6478499.122108 -2038407.849598 2331314.158249
1784.351217 -2319.620882 -6956.738669
UTC=2024-01-11T11:24:02.000000
6639787.211030 -2301898.211904 1480562.801779
901.083141 -2063.660592 -7204.066289
UTC=2024-01-11T11:26:02.000000
6694404.449043 -2531792.977884 606817.133266
8.951582 -1760.398367 -7339.481408
UTC=2024-01-11T11:28:02.000000
6642168.277469 -2722688.952494 -276350.950505
-877.369128 -1414.545124 -7360.912717
UTC=2024-01-11T11:30:02.000000
6484648.227697 -2869804.249751 -1155230.285947
-1743.395941 -1031.730303 -7268.114065
UTC=2024-01-11T11:32:02.000000
6225127.042145 -2969082.720533 -2016189.883791
-2575.101326 -618.401132 -7062.663726
UTC=2024-01-11T11:34:02.000000
5868531.139339 -3017284.907875 -2845895.690248
-3359.156863 -181.700433 -6747.923258
UTC=2024-01-11T11:36:02.000000
5421333.061229 -3012063.584649 -3631520.707848
-4083.158326 270.667091 -6328.967462
UTC=2024-01-11T11:38:02.000000
4891428.190924 -2952022.783821 -4360944.774524
-4735.827134 730.576066 -5812.483708
UTC=2024-01-11T11:40:02.000000
4287988.745971 -2836759.299515 -5022940.977570
-5307.189619 1189.631943 -5206.648817
UTC=2024-01-11T11:42:02.000000
3621297.797546 -2666885.539699 -5607345.327348
-5788.726283 1639.328503 -4520.973462
UTC=2024-01-11T11:44:02.000000
2902568.062570 -2444033.699676 -6105206.662992
-6173.476833 2071.200062 -3766.132706
UTC=2024-01-11T11:46:02.000000
2143750.026857 -2170842.115676 -6508916.422230
-6456.117475 2476.967997 -2953.800424
UTC=2024-01-11T11:48:02.000000
1357331.510944 -1850923.778737 -6812318.015320
-6633.024698 2848.691800 -2096.469890
UTC=2024-01-11T11:50:02.000000
556131.600300 -1488817.144958 -7010793.286909
-6702.301996 3178.909049 -1207.256208
UTC=2024-01-11T11:52:02.000000
-246906.662959 -1089921.100772 -7101325.826269
-6663.778252 3460.762986 -299.708631
UTC=2024-01-11T11:54:02.000000
-1038922.144915 -660414.838562 -7082541.766397
-6518.984257 3688.124688 612.376700
UTC=2024-01-11T11:56:02.000000
-1807337.755121 -207163.506361 -6954728.350859
-6271.115382 3855.709544 1515.143237
UTC=2024-01-11T11:58:02.000000
-2540056.645482 262389.544014 -6719829.495777
-5924.967200 3959.181165 2394.867579
UTC=2024-01-11T12:00:02.000000
-3225649.271324 740342.073014 -6381418.830988
-5486.851197 3995.242523 3238.140941
UTC=2024-01-11T12:02:02.000000
-3853529.880969 1218462.712814 -5944651.090416
-4964.502653 3961.717320 4032.051752
UTC=2024-01-11T12:04:02.000000
-4414120.868470 1688329.508811 -5416191.073298
-4366.967371 3857.615483 4764.374828
UTC=2024-01-11T12:06:02.000000
-4899002.052041 2141475.762790 -4804120.181917
-3704.465899 3683.189225 5423.757121
UTC=2024-01-11T12:08:02.000000
-5301042.281826 2569541.135164 -4117820.331932
-2988.232195 3439.960638 5999.905994
UTC=2024-01-11T12:10:02.000000
-5614510.356562 2964424.330792 -3367836.573758
-2230.334480 3130.724323 6483.755207
UTC=2024-01-11T12:12:02.000000
-5835163.876719 3318435.138890 -2565720.353440
-1443.484020 2759.532708 6867.623600
UTC=2024-01-11T12:14:02.000000
-5960313.750553 3624443.178788 -1723854.398521
-640.821072 2331.654214 7145.359876
UTC=2024-01-11T12:16:02.000000
-5988862.147603 3876019.759839 -855261.576861
164.312655 1853.500898 7312.464212
UTC=2024-01-11T12:18:02.000000
-5921312.598609 4067569.511797 26599.001553
958.608202 1332.531454 7366.178589
UTC=2024-01-11T12:20:02.000000
-5759751.910470 4194448.935651 908045.248939
1729.027750 777.128423 7305.552872
UTC=2024-01-11T12:22:02.000000
-5507802.963677 4253068.438249 1775390.819186
2463.046405 196.448335 7131.465936
UTC=2024-01-11T12:24:02.000000
-5170549.640586 4240975.531140 2615163.899186
3148.874471 -399.741965 6846.608502
UTC=2024-01-11T12:26:02.000000
-4754436.323421 4156917.800272 3414322.025175
3775.659365 -1001.238148 6455.436312
UTC=2024-01-11T12:28:02.000000
-4267143.923856 4000884.116060 4160459.587098
4333.673772 -1597.588948 5964.090656
UTC=2024-01-11T12:30:02.000000
-3717445.222977 3774122.721790 4842003.376563
4814.470213 -2178.287203 5380.282851
UTC=2024-01-11T12:32:02.000000
-3115043.305926 3479136.739532 5448393.190045
5211.011194 -2732.957172 4713.160463
UTC=2024-01-11T12:34:02.000000
-2470395.945170 3119657.040747 5970244.788722
5517.769658 -3251.542578 3973.147178
UTC=2024-01-11T12:36:02.000000
-1794529.994953 2700593.145922 6399492.636491
5730.797102 -3724.484573 3171.767276
UTC=2024-01-11T12:38:02.000000
-1098849.279918 2227963.203924 6729510.609247
5847.762275 -4142.892003 2321.452782
UTC=2024-01-11T12:40:02.000000
-394940.306891 1708804.669297 6955209.027637
5867.949633 -4498.691278 1435.348870
UTC=2024-01-11T12:42:02.000000
305620.939469 1151067.604427 7073109.103254
5792.246947 -4784.768931 527.124606
UTC=2024-01-11T12:44:02.000000
991459.504130 563491.646542 7081393.451978
5623.108024 -4995.098318 -389.232726
UTC=2024-01-11T12:46:02.000000
1651585.818530 -44531.187036 6979932.292069
5364.490486 -5124.850689 -1299.616639
UTC=2024-01-11T12:48:02.000000
2275571.596097 -663106.386518 6770285.797508
5021.776530 -5170.495554 -2190.001690
UTC=2024-01-11T12:50:02.000000
2853715.041380 -1281997.822244 6455682.087086
4601.674471 -5129.880879 -3046.647861
UTC=2024-01-11T12:52:02.000000
3377193.322919 -1890796.983889 6040970.909570
4112.104599 -5002.295124 -3856.302232
UTC=2024-01-11T12:54:02.000000
3838199.980495 -2479098.586665 5532552.838339
3562.061356 -4788.507487 -4606.403766
UTC=2024-01-11T12:56:02.000000
4230064.700063 -3036679.337132 4938284.666945
2961.459550 -4490.783461 -5285.274460
UTC=2024-01-11T12:58:02.000000
4547353.878758 -3553677.512399 4267362.130956
2320.966932 -4112.880301 -5882.307773
UTC=2024-01-11T13:00:02.000000
4785950.122812 -4020770.099538 3530180.399847
1651.820844 -3660.010709 -6388.148221
UTC=2024-01-11T13:02:02.000000
4943108.963934 -4429343.773694 2738173.975731
965.632247 -3138.776397 -6794.855153
UTC=2024-01-11T13:04:02.000000
5017491.210901 -4771656.004599 1903638.065120
274.175755 -2557.070290 -7096.045151
UTC=2024-01-11T13:06:02.000000
5009169.812414 -5040982.845270 1039534.711303
-410.822771 -1923.953259 -7287.004383
UTC=2024-01-11T13:08:02.000000
4919611.263442 -5231750.385792 159286.982324
-1077.898943 -1249.504227 -7364.774472
UTC=2024-01-11T13:10:02.000000
4751631.797782 -5339646.561201 -723435.079009
-1716.053895 -544.644529 -7328.203656
UTC=2024-01-11T13:12:02.000000
4509329.797731 -5361710.898809 -1594932.984944
-2314.950473 179.054846 -7177.970214
UTC=2024-01-11T13:14:02.000000
4197994.967557 -5296399.922480 -2441698.539570
-2865.098511 909.583583 -6916.560553
UTC=2024-01-11T13:16:02.000000
3823997.020820 -5143626.999167 -3250627.930678
-3358.013157 1634.708170 -6548.216684
UTC=2024-01-11T13:18:02.000000
3394656.499476 -4904775.909842 -4009227.509207
-3786.352393 2342.190956 -6078.848798
UTC=2024-01-11T13:20:02.000000
2918100.858399 -4582688.507823 -4705807.410447
-4144.025971 3020.004350 -5515.922147
UTC=2024-01-11T13:22:02.000000
2403108.981314 -4181626.667887 -5329659.905514
-4426.277794 3656.543134 -4868.313903
UTC=2024-01-11T13:24:02.000000
1858947.970058 -3707209.832510 -5871219.013509
-4629.731879 4240.816028 -4146.148399
UTC=2024-01-11T13:26:02.000000
1295206.091351 -3166330.931636 -6322200.291288
-4752.413852 4762.617714 -3360.632360
UTC=2024-01-11T13:28:02.000000
721624.176024 -2567052.036908 -6675720.364256
-4793.753656 5212.694725 -2523.879711
UTC=2024-01-11T13:30:02.000000
147928.308819 -1918480.822059 -6926394.505896
-4754.560475 5582.896979 -1648.721586
UTC=2024-01-11T13:32:02.000000
-416332.854322 -1230630.335109 -7070411.152375
-4636.972363 5866.304362 -748.514923
UTC=2024-01-11T13:34:02.000000
-961943.750273 -514264.753379 -7105583.811779
-4444.391333 6057.334892 163.043613
UTC=2024-01-11T13:36:02.000000
-1480169.241744 219266.927927 -7031380.559134
-4181.408545 6151.837616 1072.106598
UTC=2024-01-11T13:38:02.000000
-1962891.847055 958207.279674 -6848930.738955
-3853.709802 6147.167650 1964.864267
UTC=2024-01-11T13:40:02.000000
-2402736.638922 1690574.995479 -6561009.362394
-3467.966288 6042.246742 2827.729697
UTC=2024-01-11T13:42:02.000000
-2793182.649722 2404355.403972 -6171999.329064
-3031.719943 5837.602878 3647.522021
UTC=2024-01-11T13:44:02.000000
-3128659.932463 3087695.016466 -5687831.546458
-2553.256649 5535.396594 4411.653545
UTC=2024-01-11T13:46:02.000000
-3404630.678886 3729097.661910 -5115902.456830
-2041.469516 5139.420682 5108.317941
UTC=2024-01-11T13:48:02.000000
-3617653.280098 4317619.077784 -4464968.870075
-1505.708749 4655.073725 5726.679945
UTC=2024-01-11T13:50:02.000000
-3765427.329705 4843056.368815 -3745020.489075
-955.615734 4089.300535 6257.055056
UTC=2024-01-11T13:52:02.000000
-3846818.348366 5296128.437112 -2967132.084703
-400.953721 3450.503049 6691.067990
UTC=2024-01-11T13:54:02.000000
-3861862.561683 5668644.465869 -2143297.548705
148.557061 2748.429973 7021.799436
UTC=2024-01-11T13:56:02.000000
-3811751.319527 5953657.460559 -1286246.894133
683.414431 1994.037092 7243.920947
UTC=2024-01-11T13:58:02.000000
-3698794.240043 6145598.839991 -409248.305706
1194.511712 1199.308411 7353.806440
UTC=2024-01-11T14:00:02.000000
-3526361.911876 6240389.617471 474100.559437
1673.297802 377.053567 7349.600737
UTC=2024-01-11T14:02:02.000000
-3298809.864368 6235526.951101 1350088.595504
2111.935442 -459.307627 7231.274299
UTC=2024-01-11T14:04:02.000000
-3021383.507282 6130142.730829 2205111.340083
2503.453604 -1295.991679 7000.631376
UTC=2024-01-11T14:06:02.000000
-2700106.519362 5925031.873813 3025889.149940
2841.869936 -2119.107126 6661.271365
UTC=2024-01-11T14:08:02.000000
-2341656.330097 5622650.430610 3799678.489810
3122.284697 -2914.899872 6218.516178
UTC=2024-01-11T14:10:02.000000
-1953229.671439 5227084.675996 4514473.202926
3340.952623 -3669.993578 5679.315318
UTC=2024-01-11T14:12:02.000000
-1542400.911748 4743991.689388 5159192.723123
3495.331531 -4371.622102 5052.123590
UTC=2024-01-11T14:14:02.000000
-1116975.805275 4180512.732322 5723854.082031
3584.108619 -5007.850794 4346.751717
UTC=2024-01-11T14:16:02.000000
-684844.197446 3545161.277960 6199724.453791
3607.191891 -5567.775381 3574.196313
UTC=2024-01-11T14:18:02.000000
-253834.916120 2847688.380364 6579452.859707
3565.684281 -6041.701618 2746.459479
UTC=2024-01-11T14:20:02.000000
168424.910363 2098928.178985 6857179.308611
3461.834963 -6421.295483 1876.357959
UTC=2024-01-11T14:22:02.000000
574643.751169 1310626.381839 7028621.196935
3298.975930 -6699.719851 977.330788
UTC=2024-01-11T14:24:02.000000
957990.772584 495253.680086 7091135.560407
3081.438056 -6871.743655 63.232517
UTC=2024-01-11T14:26:02.000000
1312209.975055 -334192.009505 7043757.129106
2814.454004 -6933.823988 -851.861763
UTC=2024-01-11T14:28:02.000000
1631722.038129 -1164392.659560 6887212.963220
2504.050096 -6884.178638 -1753.856769
UTC=2024-01-11T14:30:02.000000
1911712.484611 -1981924.187339 6623912.328031
2156.926692 -6722.826678 -2628.844111
UTC=2024-01-11T14:32:02.000000
2148204.978777 -2773474.018491 6257912.283868
1780.330390 -6451.608975 -3463.303446
UTC=2024-01-11T14:34:02.000000
2338118.727916 -3526059.522593 5794858.756739
1381.916684 -6074.179799 -4244.307873
UTC=2024-01-11T14:36:02.000000
2479308.902538 -4227243.536855 5241903.258689
969.604982 -5595.966620 -4959.723199
UTC=2024-01-11T14:38:02.000000
2570589.571478 -4865343.399327 4607596.526281
551.433775 -5024.104576 -5598.393914
UTC=2024-01-11T14:40:02.000000
2611739.356099 -5429630.759754 3901759.906864
135.415130 -4367.345191 -6150.329392
UTC=2024-01-11T14:42:02.000000
2603488.922914 -5910518.171963 3135335.060721
-270.621528 -3635.928342 -6606.874799
UTC=2024-01-11T14:44:02.000000
2547489.993519 -6299728.493438 2320214.366050
-659.178871 -2841.422514 -6960.863781
UTC=2024-01-11T14:46:02.000000
2446266.952171 -6590442.856914 1469054.375702
-1023.232269 -1996.529804 -7206.744027
UTC=2024-01-11T14:48:02.000000
2303152.237096 -6777424.414562 595076.255285
-1356.360153 -1114.879611 -7340.672247
UTC=2024-01-11T14:50:02.000000
2122206.546674 -6857116.182557 -288144.140394
-1652.864998 -210.799643 -7360.591148
UTC=2024-01-11T14:52:02.000000
1908125.390152 -6827709.598938 -1166893.893698
-1907.882083 700.943414 -7266.277606
UTC=2024-01-11T14:54:02.000000
1666133.259062 -6689180.574775 -2027543.111980
-2117.471785 1605.418768 -7059.332375
UTC=2024-01-11T14:56:02.000000
1401868.715993 -6443293.756430 -2856761.689220
-2278.681768 2487.790372 -6743.144655
UTC=2024-01-11T14:58:02.000000
1121263.357193 -6093574.504506 -3641730.113501
-2389.583424 3333.591600 -6322.817748
UTC=2024-01-11T15:00:02.000000
830418.030987 -5645250.056994 -4370338.928047
-2449.286331 4128.963775 -5805.064662
UTC=2024-01-11T15:02:02.000000
535478.113878 -5105162.494921 -5031374.641026
-2457.936048 4860.888371 -5198.081093
UTC=2024-01-11T15:04:02.000000
242510.643629 -4481655.264839 -5614688.748660
-2416.686368 5517.393678 -4511.395441
UTC=2024-01-11T15:06:02.000000
-42614.067831 -3784436.168533 -6111348.069218
-2327.653062 6087.741449 -3755.705748
UTC=2024-01-11T15:08:02.000000
-314334.184859 -3024419.467780 -6513764.451558
-2193.849539 6562.586264 -2942.701023
UTC=2024-01-11T15:10:02.000000
-567499.478915 -2213550.548026 -6815802.770817
-2019.108444 6934.108333 -2084.878246
UTC=2024-01-11T15:12:02.000000
-797464.305070 -1364616.169441 -7012866.634628
-1807.990747 7196.120038 -1195.355120
UTC=2024-01-11T15:14:02.000000
-1000169.037568 -491043.316628 -7101961.793409
-1565.684960 7344.151622 -287.684756
UTC=2024-01-11T15:16:02.000000
-1172208.925831 393310.997629 -7081736.778304
-1297.898544 7375.512857 624.338593
UTC=2024-01-11T15:18:02.000000
-1310889.562941 1274375.479415 -6952500.636329
-1010.743597 7289.328114 1526.863851
UTC=2024-01-11T15:20:02.000000
-1414268.310964 2138083.891579 -6716218.602668
-710.617244 7086.557973 2406.170573
UTC=2024-01-11T15:22:02.000000
-1481181.213018 2970595.335682 -6376485.477393
-404.080193 6769.997037 3248.849668
UTC=2024-01-11T15:24:02.000000
-1511255.274999 3758513.659488 -5938476.937585
-97.733218 6344.256721 4041.995285
UTC=2024-01-11T15:26:02.000000
-1504905.604446 4489102.563912 -5408877.718193
201.910152 5815.713291 4773.392352
UTC=2024-01-11T15:28:02.000000
-1463317.567981 5150493.442819 -4795787.660524
488.546319 5192.437642 5431.702660
UTC=2024-01-11T15:30:02.000000
-1388414.180644 5731882.762383 -4108605.200851
756.205241 4484.089448 6006.651033
UTC=2024-01-11T15:32:02.000000
-1282808.803866 6223714.697499 -3357889.397174
999.370594 3701.778825 6489.195882
UTC=2024-01-11T15:34:02.000000
-1149743.928954 6617845.671962 -2555202.560202
1213.090906 2857.904790 6871.682603
UTC=2024-01-11T15:36:02.000000
-993017.178323 6907688.084575 -1712934.976556
1393.081554 1965.965744 7147.989067
UTC=2024-01-11T15:38:02.000000
-816895.818010 7088328.940013 -844113.676951
1535.813436 1040.335390 7313.641144
UTC=2024-01-11T15:40:02.000000
-626021.378244 7156620.954235 37800.888134
1638.589368 96.027104 7365.903091
UTC=2024-01-11T15:42:02.000000
-425306.176715 7111243.859848 919127.790472
1699.600991 -851.567627 7303.844393
UTC=2024-01-11T15:44:02.000000
-219824.352121 6952732.996071 1786184.434499
1717.963601 -1786.961958 7128.368326
UTC=2024-01-11T15:46:02.000000
-14700.047214 6683473.538978 2625505.731703
1693.728915 -2694.857549 6842.189286
UTC=2024-01-11T15:48:02.000000
185004.712455 6307661.949758 3424058.349673
1627.877558 -3560.407688 6449.778232
UTC=2024-01-11T15:50:02.000000
374400.126781 5831236.551717 4169447.046336
1522.293922 -4369.467362 5957.284046
UTC=2024-01-11T15:52:02.000000
548874.622376 5261778.928012 4850110.832265
1379.721050 -5108.839310 5372.444978
UTC=2024-01-11T15:54:02.000000
704194.024662 4608384.320726 5455504.998722
1203.693223 -5766.525843 4704.426905
UTC=2024-01-11T15:56:02.000000
836591.868108 3881507.737990 5976261.676750
998.457957 -6331.888162 3963.655259
UTC=2024-01-11T15:58:02.000000
942849.618349 3092790.745362 6404331.999783
768.881910 -6795.816427 3161.657308
UTC=2024-01-11T16:00:02.000000
1020364.432876 2254869.236270 6733106.958217
520.341972 -7150.867758 2310.871564
UTC=2024-01-11T16:02:02.000000
1067203.793208 1381166.779916 6957515.279556
258.614017 -7391.373387 1424.455369
UTC=2024-01-11T16:04:02.000000
1082146.282594 485676.690514 7074097.461609
-10.246418 -7513.515245 516.080135
UTC=2024-01-11T16:06:02.000000
1064707.795292 -417262.775038 7081055.656570
-280.027190 -7515.368981 -400.262265
UTC=2024-01-11T16:08:02.000000
1015152.750922 -1313197.979356 6978280.530005
-544.486207 -7396.939639 -1310.457294
UTC=2024-01-11T16:10:02.000000
934490.063320 -2187791.776698 6767353.301001
-797.478507 -7160.160954 -2200.477082
UTC=2024-01-11T16:12:02.000000
824453.934070 -3027053.746784 6451523.230683
-1033.081784 -6808.872478 -3056.583887
UTC=2024-01-11T16:14:02.000000
687469.603855 -3817565.960610 6035659.956879
-1245.720929 -6348.762179 -3865.543978
UTC=2024-01-11T16:16:02.000000
526604.885485 -4546699.369081 5526181.231205
-1430.279466 -5787.274330 -4614.819446
UTC=2024-01-11T16:18:02.000000
345508.682802 -5202818.576562 4930958.471812
-1582.206405 -5133.507171 -5292.750799
UTC=2024-01-11T16:20:02.000000
148336.944166 -5775473.319170 4259200.177257
-1697.618793 -4398.091148 -5888.745532
UTC=2024-01-11T16:22:02.000000
-60333.264111 -6255572.745456 3521312.472441
-1773.394907 -3593.021528 -6393.464113
UTC=2024-01-11T16:24:02.000000
-275599.758190 -6635537.652603 2728738.917366
-1807.248906 -2731.462423 -6798.981435
UTC=2024-01-11T16:26:02.000000
-492339.167412 -6909427.506426 1893782.042104
-1797.788080 -1827.521798 -7098.926071
UTC=2024-01-11T16:28:02.000000
-705316.634774 -7073039.884586 1029410.188003
-1744.552622 -896.021100 -7288.591594
UTC=2024-01-11T16:30:02.000000
-909299.350845 -7123980.806120 149051.251506
-1648.037626 47.768137 -7365.037810
UTC=2024-01-11T16:32:02.000000
-1099170.968582 -7061701.691258 -733622.684744
-1509.685924 988.407035 -7327.139848
UTC=2024-01-11T16:34:02.000000
-1270043.850476 -6887502.864203 -1604914.199433
-1331.860418 1910.564779 -7175.599167
UTC=2024-01-11T16:36:02.000000
-1417366.966535 -6604504.469091 -2451318.686219
-1117.799524 2799.285545 -6912.922035
UTC=2024-01-11T16:38:02.000000
-1537027.381388 -6217585.842332 -3259738.260219
-871.554214 3640.248065 -6543.369840
UTC=2024-01-11T16:40:02.000000
-1625443.008948 -5733294.270243 -4017687.631470
-597.905786 4420.014160 -6072.873839
UTC=2024-01-11T16:42:02.000000
-1679644.443244 -5159725.303267 -4713487.594327
-302.266703 5126.251935 -5508.914969
UTC=2024-01-11T16:44:02.000000
-1697344.231124 -4506378.367880 -5336442.558444
9.428436 5747.924150 -4860.381098
UTC=2024-01-11T16:46:02.000000
-1676992.572726 -3783991.561213 -5877000.197157
330.840255 6275.447917 -4137.411743
UTC=2024-01-11T16:48:02.000000
-1617818.495566 -3004358.888242 -6326891.675282
655.348744 6700.827692 -3351.229831
UTC=2024-01-11T16:50:02.000000
-1519855.870326 -2180133.122415 -6679250.863112
976.181357 7017.761006 -2513.959165
UTC=2024-01-11T16:52:02.000000
-1383954.037677 -1324618.085854 -6928711.028173
1286.540487 7221.708582 -1638.434753
UTC=2024-01-11T16:54:02.000000
-1211773.269611 -451554.196075 -7071478.990030
1579.729181 7309.938751 -738.016105
UTC=2024-01-11T16:56:02.000000
-1005765.071545 425099.895977 -7105386.716457
1849.278491 7281.546522 173.601859
UTC=2024-01-11T16:58:02.000000
-769137.327383 1291386.366068 -7029920.477185
2089.070855 7137.449254 1082.572981
UTC=2024-01-11T17:00:02.000000
-505805.139262 2133565.892359 -6846227.718389
2293.455548 6880.365018 1975.088278
UTC=2024-01-11T17:02:02.000000
-220328.068503 2938331.308191 -6557101.702997
2457.361283 6514.770957 2837.556759
UTC=2024-01-11T17:04:02.000000
82166.121966 3693015.548694 -6166944.075208
2576.407019 6046.846113 3656.796055
UTC=2024-01-11T17:06:02.000000
396070.336957 4385790.699801 -5681704.022335
2646.999770 5484.379471 4420.227010
UTC=2024-01-11T17:08:02.000000
715397.888841 5005854.723877 -5108795.040961
2666.419591 4836.661206 5116.054014
UTC=2024-01-11T17:10:02.000000
1033891.932669 5543604.220860 -4456989.778561
2632.895319 4114.354044 5733.451357
UTC=2024-01-11T17:12:02.000000
1345143.094692 5990789.672983 -3736292.677678
2545.664154 3329.330545 6262.743306
UTC=2024-01-11T17:14:02.000000
1642713.045034 6340649.726874 -2957792.063780
2405.011492 2494.488855 6695.567074
UTC=2024-01-11T17:16:02.000000
1920261.759693 6588022.260500 -2133493.356770
2212.292119 1623.548519 7025.024678
UTC=2024-01-11T17:18:02.000000
2171676.023683 6729429.441053 -1276135.030371
1969.929258 730.821325 7245.816908
UTC=2024-01-11T17:20:02.000000
2391196.333004 6763133.951506 -398990.039825
1681.388248 -169.038782 7354.349811
UTC=2024-01-11T17:22:02.000000
2573539.104691 6689164.514492 484343.430225
1351.125423 -1061.295293 7348.805733
UTC=2024-01-11T17:24:02.000000
2714011.449015 6509310.171085 1360157.647872
984.515522 -1931.389054 7229.180096
UTC=2024-01-11T17:26:02.000000
2808615.989877 6227083.567204 2214853.569034
587.758493 -2765.194895 6997.286950
UTC=2024-01-11T17:28:02.000000
2854143.388107 5847653.874193 3035157.658537
167.768697 -3549.269455 6656.730045
UTC=2024-01-11T17:30:02.000000
2848250.656979 5377750.689362 3808333.354291
-267.951626 -4271.086754 6212.841885
UTC=2024-01-11T17:32:02.000000
2789523.319083 4825540.985245 4522383.191119
-711.454305 -4919.250365 5672.591398
UTC=2024-01-11T17:34:02.000000
2677519.549671 4200481.365607 5166238.250690
-1154.504329 -5483.694198 5044.459365
UTC=2024-01-11T17:36:02.000000
2512795.068971 3513148.682402 5729929.565876
-1588.734975 -5955.833626 4338.269772
UTC=2024-01-11T17:38:02.000000
2296910.233150 2775055.348209 6204739.543946
-2005.794256 -6328.678026 3565.027656
UTC=2024-01-11T17:40:02.000000
2032418.985785 1998452.138937 6583333.635283
-2397.500799 -6596.926616 2736.748339
UTC=2024-01-11T17:42:02.000000
1722839.030415 1196120.834562 6859870.001431
-2755.998149 -6757.037886 1866.260642
UTC=2024-01-11T17:44:02.000000
1372604.098308 381161.191455 7030084.860954
-3073.898679 -6807.254806 967.003765
UTC=2024-01-11T17:46:02.000000
986999.584481 -433223.266632 7091354.283221
-3344.417688 -6747.604975 52.838782
UTC=2024-01-11T17:48:02.000000
572082.250267 -1233939.263185 7042733.169245
-3561.505159 -6579.894351 -862.150707
UTC=2024-01-11T17:50:02.000000
134584.631081 -2008214.857070 6884969.227967
-3719.967541 -6307.662972 -1763.868755
UTC=2024-01-11T17:52:02.000000
-318194.428365 -2743803.795055 6620492.138369
-3815.576623 -5936.119568 -2638.413785
UTC=2024-01-11T17:54:02.000000
-778511.151792 -3429180.415597 6253377.481804
-3845.157942 -5472.046155 -3472.289481
UTC=2024-01-11T17:56:02.000000
-1238307.736807 -4053721.352266 5789286.568460
-3806.664108 -4923.679081 -4252.593256
UTC=2024-01-11T17:58:02.000000
-1689351.845882 -4607872.738012 5235384.296210
-3699.244558 -4300.585184 -4967.199582
UTC=2024-01-11T18:00:02.000000
-2123383.646496 -5083301.476060 4600234.196778
-3523.297785 -3613.517038 -5604.956536
UTC=2024-01-11T18:02:02.000000
-2532267.370608 -5473027.269931 3893669.875285
-3280.494549 -2874.236691 -6155.879642
UTC=2024-01-11T18:04:02.000000
-2908143.894566 -5771531.605204 3126644.053664
-2973.771306 -2095.308891 -6611.328017
UTC=2024-01-11T18:06:02.000000
-3243580.922895 -5974840.975650 2311058.363532
-2607.298324 -1289.882343 -6964.149909
UTC=2024-01-11T18:08:02.000000
-3531718.016410 -6080583.516211 1459576.869817
-2186.425088 -471.463474 -7208.809197
UTC=2024-01-11T18:10:02.000000
-3766403.530813 -6088017.681449 585425.796805
-1717.599629 346.322727 -7341.486928
UTC=2024-01-11T18:12:02.000000
-3942320.316134 -5998031.899821 -297816.987119
-1208.262731 1149.975192 -7360.150390
UTC=2024-01-11T18:14:02.000000
-4055097.373966 -5813115.194058 -1176438.996104
-666.719387 1926.358859 -7264.592200
UTC=2024-01-11T18:16:02.000000
-4101404.751052 -5537298.880444 -2036812.601241
-101.988963 2662.942395 -7056.430726
UTC=2024-01-11T18:18:02.000000
-4079029.476357 -5176070.647732 -2865612.204569
476.360283 3348.019457 -6739.072212
UTC=2024-01-11T18:20:02.000000
-3986930.843566 -4736263.367335 -3650024.725310
1058.389159 3970.907456 -6317.637108
UTC=2024-01-11T18:22:02.000000
-3825274.014808 -4225921.784202 -4377949.240824
1633.969205 4522.116745 -5798.854569
UTC=2024-01-11T18:24:02.000000
-3595441.922563 -3654150.702377 -5038182.567677
2192.962634 4993.490520 -5190.935016
UTC=2024-01-11T18:26:02.000000
-3300025.639399 -3030947.924634 -5620588.331898
2725.400910 5378.318638 -4503.421413
UTC=2024-01-11T18:28:02.000000
-2942793.695306 -2367025.483798 -6116246.994211
3221.656059 5671.418046 -3747.023118
UTC=2024-01-11T18:30:02.000000
-2528641.322839 -1673623.027936 -6517585.548126
3672.604768 5869.185218 -2933.443251
UTC=2024-01-11T18:32:02.000000
-2063520.343329 -962316.346114 -6818485.655688
4069.785232 5969.622984 -2075.190732
UTC=2024-01-11T18:34:02.000000
-1554351.291813 -244824.601570 -7014368.692720
4405.535622 5972.335845 -1185.386498
UTC=2024-01-11T18:36:02.000000
-1008919.940518 467180.241955 -7102257.918158
4673.116971 5878.499338 -277.578182
UTC=2024-01-11T18:38:02.000000
-435759.405380 1162259.489695 -7080818.988484
4866.831592 5690.817909 634.440290
UTC=2024-01-11T18:40:02.000000
155981.123361 1829387.672527 -6950377.969028
4982.124195 5413.461234 1536.819463
UTC=2024-01-11T18:42:02.000000
756678.974629 2458123.835690 -6712917.475321
5015.675139 5051.989040 2415.830409
UTC=2024-01-11T18:44:02.000000
1356391.698348 3038773.158341 -6372050.505977
4965.485252 4613.259312 3258.062484
UTC=2024-01-11T18:46:02.000000
1945018.959236 3562536.022224 -5932970.551855
4830.930620 4105.313384 4050.615826
UTC=2024-01-11T18:48:02.000000
2512470.287551 4021642.224121 -5402379.239680
4612.804836 3537.244264 4781.285052
UTC=2024-01-11T18:50:02.000000
3048836.651912 4409468.907522 -4788392.019054
4313.340231 2919.056872 5438.742623
UTC=2024-01-11T18:52:02.000000
3544563.318629 4720640.689227 -4100421.774904
3936.206941 2261.509042 6012.722046
UTC=2024-01-11T18:54:02.000000
3990621.018297 4951109.468728 -3349041.066641
3486.486500 1575.933801 6494.189673
UTC=2024-01-11T18:56:02.000000
4378672.438899 5098212.073751 -2545824.234087
2970.617186 874.046321 6875.508723
UTC=2024-01-11T18:58:02.000000
4701229.848698 5160703.919934 -1703171.264890
2396.304279 167.741508 7150.575576
UTC=2024-01-11T19:00:02.000000
4951800.951573 5138768.447668 -834116.517865
1772.412205 -531.111259 7314.940106
UTC=2024-01-11T19:02:02.000000
5125019.542178 5034000.882319 47875.716941
1108.817292 -1210.887491 7365.898384
UTC=2024-01-11T19:04:02.000000
5216756.821875 4849366.315084 929124.117560
416.237576 -1860.413546 7302.542766
UTC=2024-01-11T19:06:02.000000
5224211.801769 4589133.896350 1795947.421660
-293.945410 -2469.160814 7125.783723
UTC=2024-01-11T19:08:02.000000
5145979.349532 4258787.943691 2634882.777089
-1009.884758 -3027.436308 6838.347759
UTC=2024-01-11T19:10:02.000000
4982092.727627 3864916.911168 3432901.380874
-1719.491563 -3526.557112 6444.730275
UTC=2024-01-11T19:12:02.000000
4734039.367109 3415083.276143 4177615.796652
-2410.654979 -3958.994481 5951.108712
UTC=2024-01-11T19:14:02.000000
4404750.574791 2917677.642046 4857475.119722
-3071.455305 -4318.491847 5365.226383
UTC=2024-01-11T19:16:02.000000
3998566.157093 2381760.641433 5461945.236402
-3690.374730 -4600.151546 4696.263654
UTC=2024-01-11T19:18:02.000000
3521173.065546 1816895.757597 5981671.780488
-4256.509805 -4800.497733 3954.671985
UTC=2024-01-11T19:20:02.000000
2979520.912714 1232976.520798 6408621.897241
-4759.749154 -4917.509212 3151.994829
UTC=2024-01-11T19:22:02.000000
2381716.562660 640051.433554 6736203.982015
-5190.943029 -4950.621091 2300.677589
UTC=2024-01-11T19:24:02.000000
1736899.590349 48150.768390 6959364.684040
-5542.053340 -4900.696644 1413.882020
UTC=2024-01-11T19:26:02.000000
1055100.397254 -532882.712233 7074663.613172
-5806.293520 -4769.990641 505.295431
UTC=2024-01-11T19:28:02.000000
347082.423978 -1093557.601208 7080323.906138
-5978.250642 -4562.091724 -411.079345
UTC=2024-01-11T19:30:02.000000
-375828.700686 -1624889.008887 6976257.715485
-6053.982883 -4281.838330 -1321.128746
UTC=2024-01-11T19:32:02.000000
-1101926.658476 -2118542.830838 6764067.062177
-6031.097999 -3935.220062 -2210.836968
UTC=2024-01-11T19:34:02.000000
-1819313.610516 -2566966.829375 6447019.743268
-5908.802138 -3529.257076 -3066.488649
UTC=2024-01-11T19:36:02.000000
-2516094.106664 -2963506.684372 6030002.211843
-5687.935026 -3071.873967 -3874.852239
UTC=2024-01-11T19:38:02.000000
-3180573.077795 -3302506.905743 5519449.922305
-5370.999627 -2571.769546 -4623.377833
UTC=2024-01-11T19:40:02.000000
-3801455.456218 -3579394.554393 4923252.720014
-4962.153477 -2038.259577 -5300.409789
UTC=2024-01-11T19:42:02.000000
-4368041.834530 -3790743.162818 4250635.870995
-4467.156294 -1481.107779 -5895.376089
UTC=2024-01-11T19:44:02.000000
-4870416.529322 -3934316.138046 3512019.679229
-3893.295764 -910.352163 -6398.958657
UTC=2024-01-11T19:46:02.000000
-5299625.224351 -4009089.047393 2718859.583083
-3249.288844 -336.127963 -6803.248353
UTC=2024-01-11T19:48:02.000000
-5647839.222325 -4015250.515004 1883468.149792
-2545.153976 231.513703 -7101.891950
UTC=2024-01-11T19:50:02.000000
-5908501.959786 -3954180.811627 1018820.864877
-1792.045274 782.794167 -7290.210359
UTC=2024-01-11T19:52:02.000000
-6076454.217534 -3828408.228040 138349.947686
-1002.064416 1308.387512 -7365.281983
UTC=2024-01-11T19:54:02.000000
-6148035.428220 -3641544.523110 -744270.103484
-188.050736 1799.589061 -7325.997149
UTC=2024-01-11T19:56:02.000000
-6121158.557268 -3398200.716531 -1615341.711648
636.650336 2248.474893 -7173.081177
UTC=2024-01-11T19:58:02.000000
-5995355.988919 -3103884.637127 -2461363.404492
1458.434583 2648.042985 -6909.068914
UTC=2024-01-11T20:00:02.000000
-5771796.179658 -2764883.355813 -3269243.579365
2263.678162 2992.324767 -6538.245254
UTC=2024-01-11T20:02:02.000000
-5453271.593998 -2388133.509910 -4026505.704790
3038.977600 3276.475849 -6066.559092
UTC=2024-01-11T20:04:02.000000
-5044158.341063 -1981082.261746 -4721481.252784
3771.379598 3496.840115 -5501.507180
UTC=2024-01-11T20:06:02.000000
-4550348.962559 -1551542.219141 -5343487.453934
4448.598842 3650.987499 -4851.997578
UTC=2024-01-11T20:08:02.000000
-3979159.878405 -1107543.115649 -5882987.326409
5059.221546 3737.729576 -4128.190108
UTC=2024-01-11T20:10:02.000000
-3339215.766318 -657183.298185 -6331729.415492
5592.885098 3757.107157 -3341.320739
UTC=2024-01-11T20:12:02.000000
-2640313.769691 -208484.091200 -6682866.122577
6040.435597 3710.355426 -2503.520472
UTC=2024-01-11T20:14:02.000000
-1893269.949234 230750.335445 -6931049.990634
6394.066376 3599.847491 -1627.628818
UTC=2024-01-11T20:16:02.000000
-1109750.627787 653065.292182 -7072507.281860
6647.429090 3429.022287 -727.004462
UTC=2024-01-11T20:18:02.000000
-302091.723737 1051478.835958 -7105089.319393
6795.726866 3202.305442 184.658688
UTC=2024-01-11T20:20:02.000000
516892.096413 1419594.391368 -7028301.421623
6835.787785 2925.009726 1093.516675
UTC=2024-01-11T20:22:02.000000
1334106.358200 1751701.045568 -6843310.579480
6766.131687 2603.233336 1985.751098
UTC=2024-01-11T20:24:02.000000
2136382.867119 2042861.258391 -6552930.273241
6587.013204 2243.747009 2847.771285
UTC=2024-01-11T20:26:02.000000
2910688.952539 2288984.093356 -6161581.807215
6300.437980 1853.868585 3666.403359
UTC=2024-01-11T20:28:02.000000
3644337.201358 2486882.906636 -5675232.732443
5910.150316 1441.329260 4429.079721
UTC=2024-01-11T20:30:02.000000
4325192.623129 2634316.919713 -5101313.571211
5421.607878 1014.139748 5124.016069
UTC=2024-01-11T20:32:02.000000
4941875.605572 2730016.405063 -4448612.463467
4841.930592 580.448897 5740.401164
UTC=2024-01-11T20:34:02.000000
5483956.296751 2773690.351112 -3727147.421399
4179.809899 148.395175 6268.576712
UTC=2024-01-11T20:36:02.000000
5942136.287139 2766016.388031 -2948018.263721
3445.391098 -274.039946 6700.195741
UTC=2024-01-11T20:38:02.000000
6308415.212052 2708613.279011 -2123240.090431
2650.136078 -679.177221 7028.376915
UTC=2024-01-11T20:40:02.000000
6576237.949686 2603995.718589 -1265558.790659
1806.637143 -1059.787414 7247.839973
UTC=2024-01-11T20:42:02.000000
6740618.255635 2455512.087707 -388252.765560
928.414644 -1409.226778 7355.005915
UTC=2024-01-11T20:44:02.000000
6798236.478628 2267266.389182 495076.450076
29.682047 -1721.566232 7348.077355
UTC=2024-01-11T20:46:02.000000
6747507.514421 2044025.648743 1370720.018964
-874.904465 -1991.699592 7227.065168
UTC=2024-01-11T20:48:02.000000
6588619.498234 1791115.858960 2225079.709839
-1770.491493 -2215.431868 6993.803345
UTC=2024-01-11T20:50:02.000000
6323540.944605 1514307.613663 3044885.767208
-2642.304984 -2389.558423 6651.922639
UTC=2024-01-11T20:52:02.000000
5955995.351233 1219694.176957 3817408.559347
-3475.912409 -2511.912159 6206.781702
UTC=2024-01-11T20:54:02.000000
5491404.561578 913565.112093 4530660.498046
-4257.482542 -2581.390887 5665.368419
UTC=2024-01-11T20:56:02.000000
4936802.395674 602278.328515 5173583.695261
-4974.016437 -2597.955585 5036.168386
UTC=2024-01-11T20:58:02.000000
4300721.595750 292133.385277 5736221.648322
-5613.567766 -2562.613661 4329.026177
UTC=2024-01-11T21:00:02.000000
3593054.931964 -10751.930592 6209872.064567
-6165.446156 -2477.377493 3554.969159
UTC=2024-01-11T21:02:02.000000
2824894.452926 -300558.305034 6587217.527176
-6620.377974 -2345.197605 2726.021239
UTC=2024-01-11T21:04:02.000000
2008353.032146 -571873.162831 6862434.230942
-6970.645272 -2169.888893 1855.020820
UTC=2024-01-11T21:06:02.000000
1156370.063838 -819789.246802 7031278.289045
-7210.209927 -1956.042932 955.428037
UTC=2024-01-11T21:08:02.000000
282503.673135 -1039991.852267 7091147.880569
-7334.810142 -1708.925478 41.115300
UTC=2024-01-11T21:10:02.000000
-599286.319174 -1228832.991147 7041120.369538
-7342.021486 -1434.363619 -873.837067
UTC=2024-01-11T21:12:02.000000
-1474861.505742 -1383391.676551 6881965.041563
-7231.296176 -1138.626137 -1775.344626
UTC=2024-01-11T21:14:02.000000
-2330131.053956 -1501519.239712 6616131.485375
-7003.974610 -828.294174 -2649.519379
UTC=2024-01-11T21:16:02.000000
-3151277.907007 -1581868.958788 6247714.570343
-6663.277622 -510.131182 -3482.859023
UTC=2024-01-11T21:18:02.000000
-3924983.561825 -1623910.327287 5782396.434301
-6214.287292 -190.955878 -4262.447331
UTC=2024-01-11T21:20:02.000000
-4638648.017598 -1627927.858442 5227363.411667
-5663.882742 122.489210 -4976.163555
UTC=2024-01-11T21:22:02.000000
-5280600.020767 -1595003.831819 4591198.878136
-5020.645601 423.672803 -5612.876488
UTC=2024-01-11T21:24:02.000000
-5840293.964318 -1526985.002049 3883753.267953
-4294.730681 706.406525 -6162.628530
UTC=2024-01-11T21:26:02.000000
-6308489.459675 -1426433.888342 3115993.330752
-3497.708986 964.968941 -6616.797235
UTC=2024-01-11T21:28:02.000000
-6677410.970218 -1296565.911614 2299833.091931
-2642.393187 1194.217789 -6968.241116
UTC=2024-01-11T21:30:02.000000
-6940884.894278 -1141173.528639 1447947.515695
-1742.630208 1389.694743 -7211.441090
UTC=2024-01-11T21:32:02.000000
-7094448.928692 -964538.502520 573571.128049
-813.052580 1547.716816 -7342.603312
UTC=2024-01-11T21:34:02.000000
-7135431.014058 -771334.268951 -309713.223014
131.178854 1665.449568 -7359.724942
UTC=2024-01-11T21:36:02.000000
-7062996.637855 -566520.736839 -1188191.731022
1074.645271 1740.960342 -7262.629038
UTC=2024-01-11T21:38:02.000000
-6878163.058040 -355233.836592 -2048238.827199
2001.948264 1773.251300 -7052.958182
UTC=2024-01-11T21:40:02.000000
-6583780.945015 -142672.684021 -2876533.349275
2897.972371 1762.267162 -6734.136222
UTC=2024-01-11T21:42:02.000000
-6184484.500333 66013.325918 -3660269.146097
3748.153143 1708.889492 -6311.308428
UTC=2024-01-11T21:44:02.000000
-5686609.602888 265835.483944 -4387355.437421
4538.732913 1614.907702 -5791.231564
UTC=2024-01-11T21:46:02.000000
-5098083.393453 452071.794745 -5046602.473534
5256.983870 1482.967967 -5182.142655
UTC=2024-01-11T21:48:02.000000
-4428288.414238 620366.020185 -5627890.284238
5891.408037 1316.507455 -4493.607643
UTC=2024-01-11T21:50:02.000000
-3687904.451337 766817.661509 -6122318.282846
6431.909030 1119.669365 -3736.354616
UTC=2024-01-11T21:52:02.000000
-2888731.503308 888061.048059 -6522333.976451
6869.933352 897.207886 -2922.092905
UTC=2024-01-11T21:54:02.000000
-2043497.910778 981332.640125 -6821839.909277
7198.579396 654.387087 -2063.334729
UTC=2024-01-11T21:56:02.000000
-1165656.223232 1044525.812649 -7016278.955586
7412.690955 396.872465 -1173.206700
UTC=2024-01-11T21:58:02.000000
-269170.116772 1076232.063344 -7102696.370433
7508.912553 130.614371 -265.257985
UTC=2024-01-11T22:00:02.000000
631703.867339 1075768.178837 -7079779.719865
7485.723316 -138.269038 646.716994
UTC=2024-01-11T22:02:02.000000
1522638.380573 1043189.253756 -6947877.877427
7343.468565 -403.610786 1548.857138
UTC=2024-01-11T22:04:02.000000
2389459.667042 979287.277534 -6708996.858962
7084.358756 -659.316570 2427.436641
UTC=2024-01-11T22:06:02.000000
3218369.838818 885575.230528 -6366772.224889
6712.441974 -899.483809 3269.054820
UTC=2024-01-11T22:08:02.000000
3996164.396858 764256.936982 -5926418.534162
6233.548678 -1118.520796 4060.825297
UTC=2024-01-11T22:10:02.000000
4710441.975437 618182.827111 -5394656.923919
5655.220745 -1311.260645 4790.555639
UTC=2024-01-11T22:12:02.000000
5349804.444657 450792.548910 -4779620.681460
4986.619120 -1473.067402 5446.933952
UTC=2024-01-11T22:14:02.000000
5904043.925532 266045.036403 -4090738.351863
4238.395948 -1599.938604 6019.713962
UTC=2024-01-11T22:16:02.000000
6364312.510952 68336.908116 -3338595.597769
3422.537359 -1688.595889 6499.883428
UTC=2024-01-11T22:18:02.000000
6723271.943386 -137589.215672 -2534777.693890
2552.186708 -1736.563046 6879.820069
UTC=2024-01-11T22:20:02.000000
6975220.352354 -346745.000194 -1691693.664399
1641.435445 -1742.229927 7153.439714
UTC=2024-01-11T22:22:02.000000
7116191.821240 -554003.090744 -822384.320848
705.083658 -1704.895291 7316.313334
UTC=2024-01-11T22:24:02.000000
7144026.441652 -754207.882285 59681.763013
-241.611329 -1624.792421 7365.752729
UTC=2024-01-11T22:26:02.000000
7058409.447695 -942288.282872 940821.091676
-1183.200589 -1503.095708 7300.871600
UTC=2024-01-11T22:28:02.000000
6860877.633864 -1113369.879237 1807353.192693
-2104.318360 -1341.904330 7122.607410
UTC=2024-01-11T22:30:02.000000
6554793.051434 -1262883.870095 2645819.420844
-2989.957110 -1144.204267 6833.715554
UTC=2024-01-11T22:32:02.000000
6145283.280480 -1386670.034391 3443198.292669
-3825.741106 -913.807672 6438.713805
UTC=2024-01-11T22:34:02.000000
5639150.886957 -1481071.547360 4187112.101035
-4598.169571 -655.279139 5943.798450
UTC=2024-01-11T22:36:02.000000
5044754.291455 -1543020.008751 4866022.024420
-5294.848912 -373.843570 5356.733150
UTC=2024-01-11T22:38:02.000000
4371862.523013 -1570108.113227 5469408.026928
-5904.693180 -75.275295 4686.709551
UTC=2024-01-11T22:40:02.000000
3631487.680656 -1560648.675673 5987931.128386
-6418.098028 234.217533 3944.192510
UTC=2024-01-11T22:42:02.000000
2835697.913822 -1513719.472379 6413575.593038
-6827.087606 548.114975 3140.739722
UTC=2024-01-11T22:44:02.000000
1997415.320583 -1429192.953253 6739768.884630
-7125.421315 859.713738 2288.816302
UTC=2024-01-11T22:46:02.000000
1130202.254738 -1307750.433611 6961479.243638
-7308.681177 1162.258716 1401.603209
UTC=2024-01-11T22:48:02.000000
248038.987267 -1150880.153800 7075289.311703
-7374.325483 1449.078369 492.791783
UTC=2024-01-11T22:50:02.000000
-634902.906679 -960859.403415 7079445.131771
-7321.708855 1713.714683 -423.619525
UTC=2024-01-11T22:52:02.000000
-1504488.103289 -740721.297470 6973881.007393
-7152.078510 1950.049755 -1333.524466
UTC=2024-01-11T22:54:02.000000
-2346843.323236 -494206.372611 6760220.448915
-6868.548016 2152.431331 -2222.909268
UTC=2024-01-11T22:56:02.000000
-3148578.540853 -225699.620404 6441753.185455
-6476.048581 2315.789787 -3078.050414
UTC=2024-01-11T22:58:02.000000
-3897001.196819 59846.080972 6023388.278251
-5981.259546 2435.747175 -3885.716481
UTC=2024-01-11T23:00:02.000000
-4580320.391409 356999.027703 5511582.837084
-5392.510109 2508.716837 -4633.372022
UTC=2024-01-11T23:02:02.000000
-5187837.400911 659948.991823 4914246.561441
-4719.650767 2531.989973 -5309.374386
UTC=2024-01-11T23:04:02.000000
-5710119.322611 962617.148403 4240623.178246
-3973.899369 2503.809758 -5903.163730
UTC=2024-01-11T23:06:02.000000
-6139152.257550 1258773.813089 3501149.774827
-3167.655940 2423.426349 -6405.437455
UTC=2024-01-11T23:08:02.000000
-6468471.304974 1542161.692018 2707296.384325
-2314.301561 2291.133608 -6808.308107
UTC=2024-01-11T23:10:02.000000
-6693264.977484 1806622.124433 1871387.431921
-1427.973046 2108.282080 -7105.444403
UTC=2024-01-11T23:12:02.000000
-6810451.560582 2046221.732115 1006407.739264
-523.320864 1877.273088 -7292.189195
UTC=2024-01-11T23:14:02.000000
-6818725.038352 2255376.878109 125795.834343
384.755583 1601.526429 -7365.649076
UTC=2024-01-11T23:16:02.000000
-6718568.860325 2428972.588015 -756770.980679
1281.375617 1285.422082 -7324.743292
UTC=2024-01-11T23:18:02.000000
-6512237.762825 2562473.365142 -1627595.353064
2151.941740 934.223869 -7170.217777
UTC=2024-01-11T23:20:02.000000
-6203708.388617 2652023.814367 -2473178.405548
2982.395791 553.985674 -6904.629832
UTC=2024-01-11T23:22:02.000000
-5798599.253538 2694536.720459 -3280434.436696
3759.471735 151.435457 -6532.295409
UTC=2024-01-11T23:24:02.000000
-5304061.902327 2687766.100854 -4036896.621357
4470.919823 -266.156723 -6059.195356
UTC=2024-01-11T23:26:02.000000
-4728646.979567 2630364.063325 -4730909.900631
5105.701868 -691.116239 -5492.856424
UTC=2024-01-11T23:28:02.000000
-4082148.476829 2521920.749585 -5351808.128934
5654.158699 -1115.508134 -4842.207826
UTC=2024-01-11T23:30:02.000000
-3375430.026555 2362986.867477 -5890072.765651
6108.140735 -1531.281984 -4117.419712
UTC=2024-01-11T23:32:02.000000
-2620237.520707 2155078.848564 -6337471.965015
6461.108857 -1930.417207 -3329.739114
UTC=2024-01-11T23:34:02.000000
-1829000.561829 1900666.458080 -6687179.256496
6708.218154 -2305.069853 -2491.309153
UTC=2024-01-11T23:36:02.000000
-1014626.292817 1603143.084246 -6933869.282882
6846.357614 -2647.712349 -1614.974649
UTC=2024-01-11T23:38:02.000000
-190290.295591 1266779.809320 -7073791.124673
6874.165809 -2951.265808 -714.099895
UTC=2024-01-11T23:40:02.000000
630773.164080 896664.046496 -7104819.442126
6792.023389 -3209.223333 197.614822
UTC=2024-01-11T23:42:02.000000
1435479.472120 498623.647389 -7026484.306307
6602.040836 -3415.771793 1106.312789
UTC=2024-01-11T23:44:02.000000
2211098.986569 79136.524007 -6839977.783164
6308.012501 -3565.907621 1998.183033
UTC=2024-01-11T23:46:02.000000
2945454.979500 -354772.539522 -6548137.313482
5915.348006 -3655.535729 2859.644100
UTC=2024-01-11T23:48:02.000000
3627112.839642 -795646.547686 -6155406.742975
5430.989022 -3681.561914 3677.536566
UTC=2024-01-11T23:50:02.000000
4245557.384708 -1235721.101524 -5667774.576630
4863.299749 -3641.968915 4439.304169
UTC=2024-01-11T23:52:02.000000
4791356.887313 -1667057.923954 -5092690.818116
4221.951724 -3535.886549 5133.177363
UTC=2024-01-11T23:54:02.000000
5256311.330877 -2081685.653754 -4438961.061327
3517.775008 -3363.639307 5748.362497
UTC=2024-01-11T23:56:02.000000
5633581.485789 -2471744.910472 -3716618.823232
2762.590031 -3126.771680 6275.216346
UTC=2024-01-11T23:58:02.000000
5917796.787468 -2829635.196748 -2936777.368489
1969.021097 -2828.052693 6705.413404
