UTC=2024-01-21T00:00:02.000000
-1908918.365189 -111458.076137 6913110.109336
-6179.855698 3982.627475 -1639.346800
UTC=2024-01-21T00:02:02.000000
-2629698.749132 372450.927094 6663311.010868
-5817.453095 4071.106478 -2518.619956
UTC=2024-01-21T00:04:02.000000
-3301482.729782 862813.828513 6310194.623858
-5364.488949 4089.783925 -3359.079216
UTC=2024-01-21T00:06:02.000000
-3913877.274274 1351131.620582 5859206.241481
-4829.097782 4036.816863 -4147.707854
UTC=2024-01-21T00:08:02.000000
-4457545.054472 1828758.709658 5317309.456783
-4220.716539 3911.613824 -4872.250562
UTC=2024-01-21T00:10:02.000000
-4924351.772808 2287055.835404 4692882.965351
-3549.930949 3714.876943 -5521.410117
UTC=2024-01-21T00:12:02.000000
-5307493.467311 2717546.569869 3995594.188526
-2828.295898 3448.618268 -6085.034555
UTC=2024-01-21T00:14:02.000000
-5601601.171855 3112074.139820 3236251.580811
-2068.139328 3116.149925 -6554.285188
UTC=2024-01-21T00:16:02.000000
-5802821.273387 3462955.751863 2426637.816959
-1282.353534 2722.052093 -6921.787430
UTC=2024-01-21T00:18:02.000000
-5908870.103205 3763131.619207 1579325.799787
-484.173271 2272.116044 -7181.766942
UTC=2024-01-21T00:20:02.000000
-5919060.717794 4006305.158152 707479.517297
313.065266 1773.252354 -7330.161589
UTC=2024-01-21T00:22:02.000000
-5834300.486501 4187070.460362 -175355.848367
1096.165090 1233.374465 -7364.688942
UTC=2024-01-21T00:24:02.000000
-5657060.464151 4301024.757587 -1055470.238896
1852.300673 661.263779 -7284.887883
UTC=2024-01-21T00:26:02.000000
-5391316.939472 4344863.535588 -1919208.252320
2569.248598 66.415030 -7092.129780
UTC=2024-01-21T00:28:02.000000
-5042465.608347 4316455.496058 -2753187.640057
3235.610293 -541.143687 -6789.585727
UTC=2024-01-21T00:30:02.000000
-4617210.763849 4214895.541385 -3544511.152185
3841.004408 -1151.034943 -6382.154120
UTC=2024-01-21T00:32:02.000000
-4123432.867342 4040535.302581 -4280968.050347
4376.234655 -1752.722103 -5876.358183
UTC=2024-01-21T00:34:02.000000
-3570037.934311 3794991.087725 -4951221.550128
4833.425363 -2335.695158 -5280.217770
UTC=2024-01-21T00:36:02.000000
-2966792.464812 3481129.492607 -5544979.552753
5206.123956 -2889.655165 -4603.098211
UTC=2024-01-21T00:38:02.000000
-2324148.210882 3103031.785973 -6053146.865231
5489.373884 -3404.685241 -3855.556286
UTC=2024-01-21T00:40:02.000000
-1653058.948728 2665937.679490 -6467958.062655
5679.771006 -3871.423023 -3049.166949
UTC=2024-01-21T00:42:02.000000
-964792.686533 2176169.109714 -6783088.276447
5775.482370 -4281.217708 -2196.332759
UTC=2024-01-21T00:44:02.000000
-270743.478963 1641036.539590 -6993741.367067
5776.237474 -4626.267390 -1310.099601
UTC=2024-01-21T00:46:02.000000
417754.555081 1068729.118379 -7096715.969751
5683.298767 -4899.748858 -403.970596
UTC=2024-01-21T00:48:02.000000
1089608.746482 468190.375888 -7090449.573496
5499.421002 -5095.931451 508.274275
UTC=2024-01-21T00:50:02.000000
1734143.669772 -151019.611914 -6975040.046398
5228.789916 -5210.286464 1412.775343
UTC=2024-01-21T00:52:02.000000
2341267.632945 -778873.792511 -6752243.633636
4876.933431 -5239.572354 2295.782530
UTC=2024-01-21T00:54:02.000000
2901628.222067 -1405037.079411 -6425450.871241
4450.627882 -5181.907798 3143.840114
UTC=2024-01-21T00:56:02.000000
3406755.358931 -2019032.987837 -5999639.863543
3957.782268 -5036.825155 3943.973103
UTC=2024-01-21T00:58:02.000000
3849190.110883 -2610416.147982 -5481308.042409
3407.319315 -4805.317828 4683.867079
UTC=2024-01-21T01:00:02.000000
4222597.981529 -3168949.390737 -4878380.872090
2809.029440 -4489.862600 5352.068160
UTC=2024-01-21T01:02:02.000000
4521863.018003 -3684781.187575 -4200097.575920
2173.403553 -4094.405738 5938.162093
UTC=2024-01-21T01:04:02.000000
4743161.895853 -4148620.185899 -3456876.477910
1511.466072 -3624.330488 6432.939058
UTC=2024-01-21T01:06:02.000000
4884017.258852 -4551904.600767 -2660160.549395
834.593384 -3086.400619 6828.557912
UTC=2024-01-21T01:08:02.000000
4943328.239677 -4886962.759141 -1822244.208986
154.317448 -2488.670813 7118.690875
UTC=2024-01-21T01:10:02.000000
4921376.987314 -5147161.463589 -956084.094531
-517.878481 -1840.371989 7298.647864
UTC=2024-01-21T01:12:02.000000
4819810.247387 -5327038.420281 -75096.417844
-1170.768713 -1151.761176 7365.472396
UTC=2024-01-21T01:14:02.000000
4641596.263446 -5422415.191943 807055.062074
-1793.586501 -433.948673 7318.002694
UTC=2024-01-21T01:16:02.000000
4390958.060073 -5430488.235384 1676676.653811
-2376.218085 301.295718 7156.904228
UTC=2024-01-21T01:18:02.000000
4073283.715410 -5349895.255184 2520263.765415
-2909.388093 1041.756382 6884.657121
UTC=2024-01-21T01:20:02.000000
3695016.088939 -5180755.944329 3324716.133046
-3384.816867 1774.985898 6505.511007
UTC=2024-01-21T01:22:02.000000
3263524.742944 -4924686.274791 4077546.124831
-3795.360374 2488.531811 6025.410771
UTC=2024-01-21T01:24:02.000000
2786962.715689 -4584785.590558 4767075.836563
-4135.120554 3170.160292 5451.887059
UTC=2024-01-21T01:26:02.000000
2274111.713429 -4165597.307165 5382619.649536
-4399.529371 3808.072396 4793.922514
UTC=2024-01-21T01:28:02.000000
1734218.920568 -3673044.380039 5914649.342362
-4585.404343 4391.108399 4061.797932
UTC=2024-01-21T01:30:02.000000
1176828.538096 -3114340.668881 6354939.618841
-4690.979987 4908.943395 3266.916067
UTC=2024-01-21T01:32:02.000000
611611.563866 -2497880.397209 6696691.302183
-4715.906171 5352.256346 2421.611418
UTC=2024-01-21T01:34:02.000000
48197.275093 -1833108.275926 6934631.640122
-4661.221656 5712.884013 1538.957158
UTC=2024-01-21T01:36:02.000000
-503990.639149 -1130372.363676 7065091.384519
-4529.304953 5983.955750 632.573414
UTC=2024-01-21T01:38:02.000000
-1035891.188277 -400761.378750 7086058.547995
-4323.810173 6160.015914 -283.573367
UTC=2024-01-21T01:40:02.000000
-1538954.420910 344071.127729 6997207.663716
-4049.585477 6237.120932 -1195.375055
UTC=2024-01-21T01:42:02.000000
-2005278.859999 1092093.071518 6799904.512528
-3712.572573 6212.916468 -2088.786170
UTC=2024-01-21T01:44:02.000000
-2427736.026727 1831088.056283 6497186.426467
-3319.692859 6086.692385 -2950.026741
UTC=2024-01-21T01:46:02.000000
-2800080.422991 2548854.929196 6093718.400269
-2878.718960 5859.416952 -3765.781855
UTC=2024-01-21T01:48:02.000000
-3117043.472174 3233410.187443 5595725.405475
-2398.136506 5533.748949 -4523.400047
UTC=2024-01-21T01:50:02.000000
-3374410.341959 3873190.113686 5010900.935352
-1886.996511 5114.021386 -5211.089649
UTC=2024-01-21T01:52:02.000000
-3569078.187388 4457249.475279 4348292.355466
-1354.753250 4606.199781 -5818.108726
UTC=2024-01-21T01:54:02.000000
-3699094.423297 4975453.344566 3618164.003311
-811.094487 4017.808895 -6334.945429
UTC=2024-01-21T01:56:02.000000
-3763674.177829 5418658.213844 2831839.412284
-265.764548 3357.826920 -6753.484658
UTC=2024-01-21T01:58:02.000000
-3763196.323943 5778878.224985 2001524.751044
271.615175 2636.543581 -7067.152452
UTC=2024-01-21T02:00:02.000000
-3699178.059727 6049432.715641 1140116.831159
791.722327 1865.393470 -7271.028351
UTC=2024-01-21T02:02:02.000000
-3574228.922907 6225072.821326 260999.092934
1285.701659 1056.772337 -7361.936289
UTC=2024-01-21T02:04:02.000000
-3391984.764374 6302084.127404 -622172.137059
1745.329420 223.819333 -7338.511976
UTC=2024-01-21T02:06:02.000000
-3157022.893973 6278361.608189 -1495686.948052
2163.162184 -619.821665 -7201.228146
UTC=2024-01-21T02:08:02.000000
-2874759.956000 6153455.189378 -2346002.052274
2532.676457 -1460.256145 -6952.381785
UTC=2024-01-21T02:10:02.000000
-2551334.566904 5928584.481404 -3159955.966587
2848.377003 -2283.589728 -6596.026163
UTC=2024-01-21T02:12:02.000000
-2193479.268447 5606624.666820 -3924975.009634
3105.871679 -3076.164117 -6137.889849
UTC=2024-01-21T02:14:02.000000
-1808384.411955 5192063.616774 -4629268.108540
3301.929910 -3824.798597 -5585.265362
UTC=2024-01-21T02:16:02.000000
-1403556.800054 4690931.278981 -5262006.013232
3434.510412 -4517.005859 -4946.866417
UTC=2024-01-21T02:18:02.000000
-986676.419215 4110704.647126 -5813483.112741
3502.767903 -5141.188245 -4232.681174
UTC=2024-01-21T02:20:02.000000
-565453.416020 3460189.524548 -6275260.717436
3507.041004 -5686.826672 -3453.807320
UTC=2024-01-21T02:22:02.000000
-147487.985660 2749380.810642 -6640289.181533
3448.815255 -6144.646877 -2622.265604
UTC=2024-01-21T02:24:02.000000
259863.808309 1989304.916538 -6903007.192984
3330.662522 -6506.750822 -1750.810770
UTC=2024-01-21T02:26:02.000000
649616.126639 1191847.643769 -7059419.112276
3156.168635 -6766.732027 -852.751504
UTC=2024-01-21T02:28:02.000000
1015270.155340 369569.070520 -7107149.988954
2929.849515 -6919.772963 58.241019
UTC=2024-01-21T02:30:02.000000
1350919.926826 -464491.921480 -7045477.732014
2657.052457 -6962.722519 968.322726
UTC=2024-01-21T02:32:02.000000
1651345.537198 -1297020.996230 -6875342.208333
2343.845554 -6894.147026 1863.669303
UTC=2024-01-21T02:34:02.000000
1912092.803238 -2114636.440080 -6599331.913155
1996.903556 -6714.361139 2730.658414
UTC=2024-01-21T02:36:02.000000
2129538.910415 -2904100.022855 -6221648.775582
1623.386650 -6425.443171 3556.051645
UTC=2024-01-21T02:38:02.000000
2300943.028263 -3652529.064062 -5748051.185803
1230.813001 -6031.239898 4327.179133
UTC=2024-01-21T02:40:02.000000
2424481.267751 -4347607.306665 -5185773.620970
826.923029 -5537.334770 5032.142423
UTC=2024-01-21T02:42:02.000000
2499264.809741 -4977789.120330 -4543422.937188
419.537518 -4950.975241 5659.994698
UTC=2024-01-21T02:44:02.000000
2525341.142475 -5532494.387551 -3830854.166107
16.417041 -4280.990477 6200.908317
UTC=2024-01-21T02:46:02.000000
2503678.253740 -6002292.027920 -3059025.922807
-374.880928 -3537.679579 6646.345625
UTC=2024-01-21T02:48:02.000000
2436131.849339 -6379067.693276 -2239836.125137
-747.141846 -2732.662133 6989.213123
UTC=2024-01-21T02:50:02.000000
2325395.753031 -6656171.925990 -1385940.384357
-1093.634240 -1878.700670 7223.996777
UTC=2024-01-21T02:52:02.000000
2174936.330363 -6828545.009675 -510555.484682
-1408.233727 -989.491002 7346.875179
UTC=2024-01-21T02:54:02.000000
1988912.272948 -6892814.748691 372749.045574
-1685.545401 -79.421009 7355.798492
UTC=2024-01-21T02:56:02.000000
1772080.879870 -6847364.893360 1250265.824085
-1921.001401 836.671554 7250.525137
UTC=2024-01-21T02:58:02.000000
1529693.719682 -6692373.750231 2108368.498457
-2110.945487 1743.763197 7032.647164
UTC=2024-01-21T03:00:02.000000
1267382.969622 -6429819.383219 2933730.259621
-2252.698502 2626.925207 6705.555245
UTC=2024-01-21T03:02:02.000000
991041.576600 -6063452.716940 3713536.028455
-2344.598692 3471.582207 6274.374885
UTC=2024-01-21T03:04:02.000000
706699.863943 -5598739.648892 4435685.259402
-2386.018809 4263.767464 5745.871038
UTC=2024-01-21T03:06:02.000000
420401.508043 -5042773.689510 5088981.730801
-2377.361462 4990.359528 5128.329499
UTC=2024-01-21T03:08:02.000000
138081.226286 -4404160.811793 5663307.707426
-2320.033121 5639.307745 4431.412668
UTC=2024-01-21T03:10:02.000000
-134552.758762 -3692878.731491 6149779.308147
-2216.392484 6199.831740 3665.993400
UTC=2024-01-21T03:12:02.000000
-392129.258512 -2920113.791731 6540880.786642
-2069.686117 6662.593386 2843.968370
UTC=2024-01-21T03:14:02.000000
-629715.979343 -2098079.576440 6830575.746069
-1883.967416 7019.829978 1978.065629
UTC=2024-01-21T03:16:02.000000
-842910.737110 -1239820.937418 7014395.773817
-1664.001626 7265.467854 1081.658879
UTC=2024-01-21T03:18:02.000000
-1027920.789398 -359005.141116 7089506.338264
-1415.163035 7395.221463 168.571620
UTC=2024-01-21T03:20:02.000000
-1181629.257262 530297.103662 7054748.311465
-1143.321784 7406.660671 -747.130632
UTC=2024-01-21T03:22:02.000000
-1301647.284958 1413836.873810 6910654.744271
-854.720566 7299.249919 -1651.344426
UTC=2024-01-21T03:24:02.000000
-1386351.205433 2277415.466008 6659443.210898
-555.848690 7074.362063 -2530.131507
UTC=2024-01-21T03:26:02.000000
-1434904.469669 3107113.019111 6304983.842149
-253.314098 6735.267719 -3369.921166
UTC=2024-01-21T03:28:02.000000
-1447264.133340 3889514.316641 5852743.096865
46.286646 6287.098224 -4157.712073
UTC=2024-01-21T03:30:02.000000
-1424171.500223 4611928.386163 5309703.694856
336.500589 5736.780616 -4881.266291
UTC=2024-01-21T03:32:02.000000
-1367127.346735 5262598.970688 4684261.372724
611.143875 5092.948494 -5529.304290
UTC=2024-01-21T03:34:02.000000
-1278351.952700 5830902.014707 3986098.352699
864.429560 4365.813333 -6091.693734
UTC=2024-01-21T03:36:02.000000
-1160730.476732 6307525.626953 3226035.717706
1091.079948 3567.006615 -6559.611281
UTC=2024-01-21T03:38:02.000000
-1017745.671061 6684630.587871 2415866.838046
1286.431958 2709.408623 -6925.702909
UTC=2024-01-21T03:40:02.000000
-853397.442638 6955987.198163 1568172.133545
1446.544753 1806.924457 -7184.223768
UTC=2024-01-21T03:42:02.000000
-672111.241636 7117083.865129 696119.869249
1568.278653 874.243263 -7331.135622
UTC=2024-01-21T03:44:02.000000
-478637.912492 7165206.191362 -186743.242414
1649.359319 -73.413827 -7364.179362
UTC=2024-01-21T03:46:02.000000
-277946.929738 7099484.861290 -1066708.765467
1688.423052 -1020.564138 -7282.924107
UTC=2024-01-21T03:48:02.000000
-75115.568768 6920909.622543 -1930126.685832
1685.038091 -1951.753999 -7088.769932
UTC=2024-01-21T03:50:02.000000
124782.931139 6632309.107866 -2763622.737390
1639.701546 -2851.832279 -6784.902909
UTC=2024-01-21T03:52:02.000000
316789.866714 6238299.180113 -3554308.892152
1553.820878 -3706.204871 -6376.227921
UTC=2024-01-21T03:54:02.000000
496168.354485 5745201.146047 -4289984.306639
1429.677927 -4501.081825 -5869.274823
UTC=2024-01-21T03:56:02.000000
658505.090243 5160931.313885 -4959323.145997
1270.373002 -5223.705727 -5272.074298
UTC=2024-01-21T03:58:02.000000
799804.370395 4494864.727355 -5552045.995326
1079.752515 -5862.552772 -4594.009934
UTC=2024-01-21T04:00:02.000000
916572.495102 3757676.491413 -6059072.571430
862.320745 -6407.505695 -3845.655528
UTC=2024-01-21T04:02:02.000000
1005890.777711 2961163.933600 -6472654.138962
623.139887 -6850.000005 -3038.599056
UTC=2024-01-21T04:04:02.000000
1065476.207561 2118053.124183 -6786483.945748
367.723931 -7183.136658 -2185.254036
UTC=2024-01-21T04:06:02.000000
1093728.916156 1241793.972688 -6995785.217242
101.925304 -7401.763076 -1298.676946
UTC=2024-01-21T04:08:02.000000
1089765.785865 346346.488406 -7097377.323570
-168.182157 -7502.538785 -392.381606
UTC=2024-01-21T04:10:02.000000
1053439.878536 -554039.243234 -7089719.167296
-436.423283 -7483.974367 519.852357
UTC=2024-01-21T04:12:02.000000
985345.181257 -1445046.192529 -6972929.433277
-696.644339 -7346.442492 1424.173201
UTC=2024-01-21T04:14:02.000000
886806.989970 -2312513.110762 -6748784.163312
-942.829903 -7092.163279 2306.839274
UTC=2024-01-21T04:16:02.000000
759858.317173 -3142654.939461 -6420693.101069
-1169.220248 -6725.182934 3154.394208
UTC=2024-01-21T04:18:02.000000
607201.903136 -3922279.994765 -5993653.850531
-1370.432278 -6251.333888 3953.864319
UTC=2024-01-21T04:20:02.000000
432158.449320 -4638999.592407 -5474182.129815
-1541.566910 -5678.151502 4692.951255
UTC=2024-01-21T04:22:02.000000
238602.272922 -5281426.642584 -4870220.042983
-1678.313706 -5014.775909 5360.210453
UTC=2024-01-21T04:24:02.000000
30884.636491 -5839361.227563 -4191022.678116
-1777.049301 -4271.830116 5945.233807
UTC=2024-01-21T04:26:02.000000
-186253.933308 -6303959.527165 -3447023.008719
-1834.922372 -3461.263975 6438.825909
UTC=2024-01-21T04:28:02.000000
-407780.726959 -6667882.281978 -2649676.764317
-1849.925319 -2596.171944 6833.161062
UTC=2024-01-21T04:30:02.000000
-628475.646477 -6925420.248219 -1811289.221346
-1820.950455 -1690.589822 7121.929462
UTC=2024-01-21T04:32:02.000000
-843041.620283 -7072593.262313 -944825.401442
-1747.827055 -759.258374 7300.463166
UTC=2024-01-21T04:34:02.000000
-1046218.253835 -7107219.669459 -63707.204779
-1631.338243 182.631595 7365.828210
UTC=2024-01-21T04:36:02.000000
-1232896.288038 -7028954.494560 818398.572925
-1473.217656 1119.704011 7316.884375
UTC=2024-01-21T04:38:02.000000
-1398230.449839 -6839295.517699 1687797.617387
-1276.125404 2036.668218 7154.315689
UTC=2024-01-21T04:40:02.000000
-1537747.979735 -6541556.483997 2530987.096610
-1043.600147 2918.594415 6880.625282
UTC=2024-01-21T04:42:02.000000
-1647450.162176 -6140807.612940 3334871.668055
-779.990952 3751.181229 6500.091142
UTC=2024-01-21T04:44:02.000000
-1723904.467288 -5643784.884689 4086972.002685
-490.369026 4521.007704 6018.685554
UTC=2024-01-21T04:46:02.000000
-1764325.225441 -5058770.519072 4775621.492903
-180.426669 5215.758706 5443.960693
UTC=2024-01-21T04:48:02.000000
-1766641.659939 -4395448.373290 5390148.133681
143.632828 5824.419819 4784.918513
UTC=2024-01-21T04:50:02.000000
-1729551.973838 -3664736.845463 5921039.802224
475.218144 6337.458337 4051.860109
UTC=2024-01-21T04:52:02.000000
-1652561.897858 -2878601.807943 6360089.324071
807.484638 6746.968689 3256.201715
UTC=2024-01-21T04:54:02.000000
-1536006.953914 -2049855.061161 6700516.985871
1133.469106 7046.771827 2410.287581
UTC=2024-01-21T04:56:02.000000
-1381058.815535 -1191942.259230 6937070.909516
1446.220707 7232.495193 1527.205574
UTC=2024-01-21T04:58:02.000000
-1189715.948293 -318722.232911 7066104.285916
1738.932289 7301.630820 620.583941
UTC=2024-01-21T05:00:02.000000
-964778.467118 555758.045150 7085628.024733
2005.072395 7253.552212 -295.608676
UTC=2024-01-21T05:02:02.000000
-709807.067709 1417489.525696 6995339.898076
2238.517867 7089.516327 -1207.261100
UTC=2024-01-21T05:04:02.000000
-429066.412254 2252725.813968 6796629.183989
2433.679138 6812.636942 -2100.327060
UTC=2024-01-21T05:06:02.000000
-127454.046966 3048202.959440 6492556.547808
2585.616170 6427.829468 -2961.029977
UTC=2024-01-21T05:08:02.000000
189583.935978 3791351.209482 6087809.702187
2690.143202 5941.734337 -3776.062522
UTC=2024-01-21T05:10:02.000000
516149.264647 4470496.241931 5588634.989192
2743.924987 5362.615287 -4532.787608
UTC=2024-01-21T05:12:02.000000
845998.824919 5075046.571699 5002745.357608
2744.562533 4700.233639 -5219.431256
UTC=2024-01-21T05:14:02.000000
1172661.229494 5595664.443968 4339205.002445
2690.658784 3965.693802 -5825.277807
UTC=2024-01-21T05:16:02.000000
1489559.855778 6024416.021317 3608292.228151
2581.865100 3171.261090 -6340.831783
UTC=2024-01-21T05:18:02.000000
1790141.692498 6354900.344035 2821343.288164
2418.928108 2330.183215 -6757.990025
UTC=2024-01-21T05:20:02.000000
2068008.810375 6582352.890098 1990574.614491
2203.682528 1456.444602 -7070.204280
UTC=2024-01-21T05:22:02.000000
2317048.183330 6703719.441530 1128889.733738
1939.038440 564.523406 -7272.590198
UTC=2024-01-21T05:24:02.000000
2531558.472377 6717699.561989 249673.834530
1628.937553 -330.872281 -7362.014619
UTC=2024-01-21T05:26:02.000000
2706370.083922 6624758.752167 -633419.589933
1278.288390 -1215.061085 -7337.145407
UTC=2024-01-21T05:28:02.000000
2836956.389652 6427109.711574 -1506686.526723
892.882861 -2073.647669 -7198.473225
UTC=2024-01-21T05:30:02.000000
2919533.676820 6128662.693576 -2356590.659362
479.292002 -2892.775752 -6948.297417
UTC=2024-01-21T05:32:02.000000
2951147.506925 5734946.285564 -3169978.035572
44.744459 -3659.368717 -6590.681132
UTC=2024-01-21T05:34:02.000000
2929743.515181 5252999.998350 -3934284.221501
-403.011440 -4361.356953 -6131.369271
UTC=2024-01-21T05:36:02.000000
2854220.923455 4691241.368897 -4637729.269004
-855.855921 -4987.872064 -5577.670352
UTC=2024-01-21T05:38:02.000000
2724468.038739 4059311.806992 -5269497.328177
-1305.449390 -5529.409541 -4938.319373
UTC=2024-01-21T05:40:02.000000
2541379.588375 3367904.664033 -5819898.595747
-1743.382582 -5977.961062 -4223.322180
UTC=2024-01-21T05:42:02.000000
2306856.027572 2628579.086909 -6280511.922118
-2161.328304 -6327.120264 -3443.787422
UTC=2024-01-21T05:44:02.000000
2023784.587923 1853563.052696 -6644306.171899
-2551.191448 -6572.155408 -2611.741924
UTC=2024-01-21T05:46:02.000000
1696003.071759 1055549.774138 -6905739.184502
-2905.246605 -6710.048820 -1739.944754
UTC=2024-01-21T05:48:02.000000
1328247.364986 247490.794785 -7060834.723995
-3216.274005 -6739.513569 -841.705067
UTC=2024-01-21T05:50:02.000000
926082.649107 -557611.710488 -7107237.337145
-3477.693190 -6660.990816 69.305835
UTC=2024-01-21T05:52:02.000000
495819.376744 -1346910.882520 -7044243.962112
-3683.681655 -6476.619984 979.251441
UTC=2024-01-21T05:54:02.000000
44415.937996 -2107915.729967 -6872812.621724
-3829.280170 -6190.182645 1874.312505
UTC=2024-01-21T05:56:02.000000
-420631.177207 -2828684.618435 -6595549.873643
-3910.496815 -5807.043165 2740.864128
UTC=2024-01-21T05:58:02.000000
-891409.177589 -3498010.793830 -6216675.618552
-3924.398064 -5334.067708 3565.675290
UTC=2024-01-21T06:00:02.000000
-1359720.367276 -4105595.974835 -5741964.551638
-3869.180470 -4779.512477 4336.093086
UTC=2024-01-21T06:02:02.000000
-1817221.683601 -4642210.200550 -5178666.010087
-3744.234076 -4152.905407 5040.224281
UTC=2024-01-21T06:04:02.000000
-2255570.905321 -5099836.220400 -4535401.504364
-3550.188824 -3464.904191 5667.123718
UTC=2024-01-21T06:06:02.000000
-2666577.067902 -5471795.124829 -3822039.977744
-3288.937284 -2727.126833 6206.974872
UTC=2024-01-21T06:08:02.000000
-3042352.068675 -5752850.504073 -3049552.308845
-2963.632403 -1951.964751 6651.254970
UTC=2024-01-21T06:10:02.000000
-3375460.698375 -5939289.338020 -2229846.852930
-2578.663531 -1152.381416 6992.886208
UTC=2024-01-21T06:12:02.000000
-3659066.326100 -6028977.732102 -1375587.720048
-2139.606891 -341.694367 7226.371553
UTC=2024-01-21T06:14:02.000000
-3887068.819307 -6021389.521679 -499998.042181
-1653.145280 466.658281 7347.907062
UTC=2024-01-21T06:16:02.000000
-4054231.102154 -5917606.348965 383348.235139
-1126.960510 1259.357709 7355.459837
UTC=2024-01-21T06:18:02.000000
-4156291.552015 -5720289.061336 1260741.916590
-569.605079 2023.442198 7248.813742
UTC=2024-01-21T06:20:02.000000
-4190059.638780 -5433620.672830 2118557.655205
9.649034 2746.542632 7029.580739
UTC=2024-01-21T06:22:02.000000
-4153492.242512 -5063221.783428 2943471.868750
600.979169 3417.103004 6701.170115
UTC=2024-01-21T06:24:02.000000
-4045749.184867 -4616040.977672 3722674.963583
1194.189377 4024.577444 6268.726486
UTC=2024-01-21T06:26:02.000000
-3867226.891269 -4100222.765979 4444074.429687
1778.897271 4559.607601 5739.038773
UTC=2024-01-21T06:28:02.000000
-3619569.298966 -3524955.582837 5096484.993660
2344.724948 5014.175692 5120.414865
UTC=2024-01-21T06:30:02.000000
-3305656.112355 -2900303.620997 5669801.999087
2881.484819 5381.719749 4422.531209
UTC=2024-01-21T06:32:02.000000
-2929569.017218 -2237026.869076 6155156.006227
3379.360943 5657.216585 3656.270154
UTC=2024-01-21T06:34:02.000000
-2496536.664423 -1546392.747720 6545047.213645
3829.081246 5837.240469 2833.546859
UTC=2024-01-21T06:36:02.000000
-2012859.339356 -839981.881207 6833458.265653
4222.084994 5920.001034 1967.119716
UTC=2024-01-21T06:38:02.000000
-1485814.080097 -129491.413578 7015942.730086
4550.676180 5905.342007 1070.376752
UTC=2024-01-21T06:40:02.000000
-923543.313517 573459.011627 7089688.661781
4808.148128 5794.705516 157.141296
UTC=2024-01-21T06:42:02.000000
-334928.627156 1257516.869865 7053559.548291
4988.908454 5591.092992 -758.520266
UTC=2024-01-21T06:44:02.000000
270549.801882 1911780.237459 6908111.115997
5088.589967 5299.000245 -1662.504696
UTC=2024-01-21T06:46:02.000000
882965.980334 2525972.005564 6655583.281210
5104.143133 4924.327683 -2540.879960
UTC=2024-01-21T06:48:02.000000
1492110.639114 3090601.887652 6299867.489929
5033.906474 4474.269588 -3380.085083
UTC=2024-01-21T06:50:02.000000
2087661.161647 3597114.611866 5846450.406028
4877.659790 3957.193765 -4167.127119
UTC=2024-01-21T06:52:02.000000
2659356.910933 4038022.607931 5302333.873421
4636.660970 3382.502649 -4889.779288
UTC=2024-01-21T06:54:02.000000
3197177.610937 4407020.678211 4675930.900352
4313.656211 2760.470392 -5536.781489
UTC=2024-01-21T06:56:02.000000
3691520.587816 4699079.823481 3976938.750117
3912.853682 2102.063522 -6098.016213
UTC=2024-01-21T06:58:02.000000
4133374.269720 4910519.866001 3216192.168383
3439.891399 1418.765514 -6564.672279
UTC=2024-01-21T07:00:02.000000
4514486.377041 5039059.393365 2405495.676687
2901.766303 722.366836 -6929.424771
UTC=2024-01-21T07:02:02.000000
4827519.378027 5083839.275351 1557437.519634
2306.708769 24.748738 -7186.551685
UTC=2024-01-21T07:04:02.000000
5066191.943057 5045421.497475 685191.381686
1664.069543 -662.320415 -7332.036025
UTC=2024-01-21T07:06:02.000000
5225403.972893 4925762.419861 -197694.000580
984.153517 -1327.406706 -7363.652965
UTC=2024-01-21T07:08:02.000000
5301339.795387 4728159.735780 -1077511.999545
278.031876 -1959.621339 -7280.997453
UTC=2024-01-21T07:10:02.000000
5291548.706009 4457175.563657 -1940616.650762
-442.650396 -2548.809731 -7085.483305
UTC=2024-01-21T07:12:02.000000
5195001.533321 4118537.697945 -2773639.437067
-1165.881888 -3085.726247 -6780.312780
UTC=2024-01-21T07:14:02.000000
5012121.577477 3719021.077608 -3563700.247190
-1879.502594 -3562.187119 -6370.409832
UTC=2024-01-21T07:16:02.000000
4744789.351114 3266312.612346 -4298608.452376
-2571.421598 -3971.195635 -5862.323440
UTC=2024-01-21T07:18:02.000000
4396321.554056 2768862.282091 -4967050.687009
-3229.827626 -4307.045831 -5264.102412
UTC=2024-01-21T07:20:02.000000
3971425.382608 2235723.557768 -5558762.002148
-3843.389469 -4565.394376 -4585.145310
UTC=2024-01-21T07:22:02.000000
3476129.446951 1676387.230957 -6064678.178344
-4401.445384 -4743.300336 -3836.037432
UTC=2024-01-21T07:24:02.000000
2917692.730135 1100612.027202 -6477067.690148
-4894.178643 -4839.239605 -3028.374552
UTC=2024-01-21T07:26:02.000000
2304493.689063 518254.958607 -6789641.781726
-5312.771742 -4853.093908 -2174.575673
UTC=2024-01-21T07:28:02.000000
1645902.247276 -60895.441677 -6997642.138396
-5649.538348 -4786.115849 -1287.699593
UTC=2024-01-21T07:30:02.000000
952136.527067 -627280.940246 -7097907.010343
-5898.049592 -4640.882138 -381.265079
UTC=2024-01-21T07:32:02.000000
234104.951517 -1171728.596478 -7088914.447527
-6053.243894 -4421.223424 530.949725
UTC=2024-01-21T07:34:02.000000
-496762.708877 -1685595.927196 -6970802.120231
-6111.506562 -4132.134776 1435.091807
UTC=2024-01-21T07:36:02.000000
-1228693.547028 -2160905.126183 -6745365.617703
-6070.744910 -3779.683069 2317.413929
UTC=2024-01-21T07:38:02.000000
-1949757.699302 -2590465.443853 -6416034.066460
-5930.442027 -3370.898865 3164.470030
UTC=2024-01-21T07:40:02.000000
-2648059.331409 -2967981.336131 -5987822.760286
-5691.685707 -2913.650545 3963.299511
UTC=2024-01-21T07:42:02.000000
-3311930.393352 -3288145.389595 -5467264.224754
-5357.186691 -2416.516811 4701.606685
UTC=2024-01-21T07:44:02.000000
-3930125.536837 -3546715.325924 -4862316.953295
-4931.275304 -1888.645703 5367.953728
UTC=2024-01-21T07:46:02.000000
-4492014.300265 -3740572.860224 -4182251.191030
-4419.860368 -1339.595514 5951.944700
UTC=2024-01-21T07:48:02.000000
-4987766.922981 -3867763.207012 -3437513.674017
-3830.365358 -779.171915 6444.395416
UTC=2024-01-21T07:50:02.000000
-5408530.838737 -3927514.614920 -2639572.314821
-3171.634935 -217.257418 6837.496399
UTC=2024-01-21T07:52:02.000000
-5746593.914692 -3920236.998366 -1800742.304814
-2453.807711 336.365990 7124.957895
UTC=2024-01-21T07:54:02.000000
-5995530.601157 -3847499.220284 -933996.362823
-1688.160167 872.193409 7302.128833
UTC=2024-01-21T07:56:02.000000
-6150327.812636 -3711985.412938 -52762.131193
-886.924231 1381.170475 7366.091156
UTC=2024-01-21T07:58:02.000000
-6207487.475620 -3517430.935206 829289.888982
-63.082088 1854.857607 7315.724175
UTC=2024-01-21T08:00:02.000000
-6165102.922655 -3268539.137945 1698464.506373
769.865802 2285.586518 7151.738905
UTC=2024-01-21T08:02:02.000000
-6022906.279014 -2970880.111559 2541261.298222
1598.147838 2666.601140 6876.664384
UTC=2024-01-21T08:04:02.000000
-5782286.379034 -2630774.231835 3344590.008944
2407.963649 2992.168936 6494.798122
UTC=2024-01-21T08:06:02.000000
-5446277.574366 -2255163.648076 4095978.931862
3185.730865 3257.674601 6012.136809
UTC=2024-01-21T08:08:02.000000
-5019518.479552 -1851473.475449 4783772.285612
3918.333342 3459.692516 5436.259600
UTC=2024-01-21T08:10:02.000000
-4508182.501943 -1427466.679826 5397311.632374
4593.342274 3596.020852 4776.185372
UTC=2024-01-21T08:12:02.000000
-3919883.042524 -991096.358929 5927099.768486
5199.219904 3665.693297 4042.223594
UTC=2024-01-21T08:14:02.000000
-3263554.655780 -550357.539433 6364945.886329
5725.516584 3668.974688 3245.807811
UTC=2024-01-21T08:16:02.000000
-2549311.534566 -113141.032582 6704089.140948
6163.048581 3607.329188 2399.303795
UTC=2024-01-21T08:18:02.000000
-1788286.518102 312907.069554 6939298.461340
6504.043619 3483.359531 1515.809364
UTC=2024-01-21T08:20:02.000000
-992454.396797 720517.746567 7066948.731502
6742.259807 3300.735093 608.959772
UTC=2024-01-21T08:22:02.000000
-174442.040565 1102922.194340 7085073.329657
6873.086149 3064.107782 -307.272249
UTC=2024-01-21T08:24:02.000000
652672.308057 1453963.834265 6993392.540917
6893.622378 2779.011875 -1218.777882
UTC=2024-01-21T08:26:02.000000
1475568.090555 1768197.608941 6793317.653490
6802.737703 2451.751669 -2111.517201
UTC=2024-01-21T08:28:02.000000
2280896.884566 2040974.888863 6487930.415246
6601.101590 2089.275039 -2971.722015
UTC=2024-01-21T08:30:02.000000
3055499.219008 2268512.875923 6081938.664419
6291.194317 1699.042435 -3786.091987
UTC=2024-01-21T08:32:02.000000
3786621.475288 2447947.880754 5581608.031027
5877.294138 1288.887764 -4541.998701
UTC=2024-01-21T08:34:02.000000
4462128.794112 2577371.442693 4994669.317452
5365.424375 866.873576 -5227.681819
UTC=2024-01-21T08:36:02.000000
5070710.288791 2655849.050578 4330203.472131
4763.281810 441.144978 -5832.428890
UTC=2024-01-21T08:38:02.000000
5602074.844099 2683420.956734 3598504.825278
4080.146588 19.776449 -6346.762759
UTC=2024-01-21T08:40:02.000000
6047132.206598 2661084.059045 2810921.672991
3326.722429 -389.387648 -6762.616148
UTC=2024-01-21T08:42:02.000000
6398153.840340 2590755.725119 1979679.718019
2514.974268 -778.873855 -7073.456006
UTC=2024-01-21T08:44:02.000000
6648913.260342 2475220.622140 1117689.884323
1657.934896 -1141.724522 -7274.413180
UTC=2024-01-21T08:46:02.000000
6794800.644400 2318060.638338 238342.905449
769.476081 -1471.630733 -7362.372161
UTC=2024-01-21T08:48:02.000000
6832908.779052 2123569.932059 -644704.884073
-135.940538 -1763.048817 -7336.028188
UTC=2024-01-21T08:50:02.000000
6762088.137181 1896656.800672 -1517749.965172
-1043.523570 -2011.301465 -7195.897194
UTC=2024-01-21T08:52:02.000000
6582971.688386 1642734.866696 -2367259.262497
-1938.398998 -2212.655671 -6944.301712
UTC=2024-01-21T08:54:02.000000
6297968.639045 1367605.851787 -3180085.102395
-2805.882827 -2364.384396 -6585.330399
UTC=2024-01-21T08:56:02.000000
5911225.774335 1077336.481005 -3943672.068765
-3631.740827 -2464.801575 -6124.749195
UTC=2024-01-21T08:58:02.000000
5428558.668531 778132.720576 -4646251.843354
-4402.433822 -2513.272352 -5569.888739
UTC=2024-01-21T09:00:02.000000
4857354.636718 476214.168554 -5277022.572706
-5105.339446 -2510.200488 -4929.500732
UTC=2024-01-21T09:02:02.000000
4206450.857403 177691.244044 -5826310.135206
-5728.946565 -2456.994487 -4213.602341
UTC=2024-01-21T09:04:02.000000
3485990.339251 -111552.383396 -6285710.203899
-6263.030051 -2356.015068 -3433.311457
UTC=2024-01-21T09:06:02.000000
2707258.020567 -385970.213311 -6648209.724912
-6698.806196 -2210.508592 -2600.665802
UTC=2024-01-21T09:08:02.000000
1882500.318012 -640454.386898 -6908285.737159
-7029.050944 -2024.524533 -1728.432090
UTC=2024-01-21T09:10:02.000000
1024732.031440 -870426.597498 -7061982.086087
-7248.198056 -1802.823170 -829.926743
UTC=2024-01-21T09:12:02.000000
147532.059221 -1071917.212762 -7106964.032614
-7352.422975 -1550.770047 81.176201
UTC=2024-01-21T09:14:02.000000
-735168.766566 -1241631.201894 -7042549.568512
-7339.691058 -1274.224631 991.035281
UTC=2024-01-21T09:16:02.000000
-1609304.720331 -1377000.674570 -6869718.635106
-7209.793697 -979.426728 1885.824597
UTC=2024-01-21T09:18:02.000000
-2460895.417100 -1476223.252701 -6591099.610822
-6964.360982 -672.874218 2751.928658
UTC=2024-01-21T09:20:02.000000
-3276265.520367 -1538285.530700 -6210932.717097
-6606.842359 -361.198400 3576.127637
UTC=2024-01-21T09:22:02.000000
-4042261.568168 -1562971.828940 -5735012.151194
-6142.481704 -51.042840 4345.772960
UTC=2024-01-21T09:24:02.000000
-4746464.755345 -1550858.088346 -5170605.924875
-5578.266905 251.063735 5048.982088
UTC=2024-01-21T09:26:02.000000
-5377395.079110 -1503290.498882 -4526352.666840
-4922.840033 538.833160 5674.823364
UTC=2024-01-21T09:28:02.000000
-5924703.428693 -1422349.285670 -3812137.002265
-4186.386717 806.339642 6213.490912
UTC=2024-01-21T09:30:02.000000
-6379348.700813 -1310798.111686 -3038944.081178
-3380.494582 1048.137644 6656.476102
UTC=2024-01-21T09:32:02.000000
-6733755.717214 -1172019.677798 -2218694.456627
-2517.976336 1259.373001 6996.721206
UTC=2024-01-21T09:34:02.000000
-6981950.335534 -1009938.696200 -1364061.863207
-1612.667694 1435.881638 7228.751218
UTC=2024-01-21T09:36:02.000000
-7119668.905787 -828933.737009 -488276.328489
-679.200455 1574.277537 7348.786482
UTC=2024-01-21T09:38:02.000000
-7144438.499030 -633739.117919 395084.429365
267.256195 1672.027697 7354.820714
UTC=2024-01-21T09:40:02.000000
-7055625.552005 -429339.471771 1272310.441640
1211.259571 1727.499433 7246.661034
UTC=2024-01-21T09:42:02.000000
-6854452.391381 -220859.724577 2129778.250367
2137.367429 1739.990919 7025.940834
UTC=2024-01-21T09:44:02.000000
-6543980.542612 -13452.487413 2954168.821564
3030.414290 1709.742693 6696.093314
UTC=2024-01-21T09:46:02.000000
-6129061.154649 187814.635529 3732680.256341
3875.783310 1637.927414 6262.290871
UTC=2024-01-21T09:48:02.000000
-5616253.487317 378069.134031 4453230.944367
4659.663593 1526.616493 5731.346915
UTC=2024-01-21T09:50:02.000000
-5013713.976534 552738.412547 5104649.165598
5369.283449 1378.727111 5111.589712
UTC=2024-01-21T09:52:02.000000
-4331058.827897 707647.378577 5676846.085258
5993.116721 1197.954424 4412.713130
UTC=2024-01-21T09:54:02.000000
-3579203.534191 839106.870459 6160970.172994
6521.063752 988.686549 3645.617145
UTC=2024-01-21T09:56:02.000000
-2770181.869078 943990.956861 6549541.381616
6944.609438 755.905339 2822.228787
UTC=2024-01-21T09:58:02.000000
-1916947.853275 1019801.961492 6836563.126392
7256.951091 505.081925 1955.312502
UTC=2024-01-21T10:00:02.000000
-1033163.981830 1064722.381987 7017610.534925
7453.095736 242.061153 1058.264481
UTC=2024-01-21T10:02:02.000000
-132980.263316 1077652.445424 7089894.161635
7529.919507 -27.060098 144.913250
UTC=2024-01-21T10:04:02.000000
769192.734339 1058232.919403 7052300.084694
7486.208563 -296.057053 -770.677653
UTC=2024-01-21T10:06:02.000000
1658914.375692 1006853.018584 6905406.038985
7322.676268 -558.701370 -1674.411366
UTC=2024-01-21T10:08:02.000000
2521944.891223 924643.231727 6651473.267179
7041.953282 -808.887784 -2552.359522
UTC=2024-01-21T10:10:02.000000
3344473.774061 813453.064613 6294414.341089
6648.556595 -1040.758562 -3390.962425
UTC=2024-01-21T10:12:02.000000
4113342.890367 675814.012417 5839736.459904
6148.828167 -1248.824500 -4177.236618
UTC=2024-01-21T10:14:02.000000
4816260.023723 514888.343382 5294460.519364
5550.841065 -1428.081302 -4898.968598
UTC=2024-01-21T10:16:02.000000
5442000.103052 334404.125429 4667017.402924
4864.287261 -1574.120440 -5544.903859
UTC=2024-01-21T10:18:02.000000
5980591.267748 138577.882768 3967121.467165
4100.334393 -1683.224246 -6104.936457
UTC=2024-01-21T10:20:02.000000
6423481.553402 -67973.425849 3205622.063019
3271.447903 -1752.449533 -6570.283309
UTC=2024-01-21T10:22:02.000000
6763682.471205 -280329.816668 2394335.253107
2391.182829 -1779.700347 -6933.639103
UTC=2024-01-21T10:24:02.000000
6995886.071790 -493373.603019 1545858.689653
1473.954279 -1763.784580 -7189.301798
UTC=2024-01-21T10:26:02.000000
7116553.685613 -701899.824208 673372.685637
534.792331 -1704.443177 -7333.277501
UTC=2024-01-21T10:28:02.000000
7123974.088588 -900729.227106 -209569.652274
-410.921173 -1602.364748 -7363.357916
UTC=2024-01-21T10:30:02.000000
7018288.813541 -1084821.831944 -1089259.649641
-1347.736071 -1459.178404 -7279.160188
UTC=2024-01-21T10:32:02.000000
6801483.836109 -1249388.109780 -1952052.200419
-2260.406913 -1277.422418 -7082.124863
UTC=2024-01-21T10:34:02.000000
6477348.645047 -1389995.258329 -2784583.039747
-3134.164894 -1060.494012 -6775.482611
UTC=2024-01-21T10:36:02.000000
6051403.592482 -1502666.316604 -3573979.598938
-3954.971918 -812.580214 -6364.183803
UTC=2024-01-21T10:38:02.000000
5530797.892828 -1583969.861488 -4308061.739064
-4709.755522 -538.570316 -5854.799584
UTC=2024-01-21T10:40:02.000000
4924180.954980 -1631098.312794 -4975528.932517
-5386.617285 -243.955007 -5255.396357
UTC=2024-01-21T10:42:02.000000
4241550.298860 -1641933.720821 -5566131.191461
-5975.015835 65.281228 -4575.390771
UTC=2024-01-21T10:44:02.000000
3494079.019737 -1615100.049363 -6070821.255616
-6465.922192 382.778286 -3825.382140
UTC=2024-01-21T10:46:02.000000
2693926.994273 -1550000.699480 -6481885.849564
-6851.935316 701.927073 -3016.974959
UTC=2024-01-21T10:48:02.000000
1854039.976473 -1446840.668354 -6793055.815059
-7127.372398 1015.998006 -2162.603149
UTC=2024-01-21T10:50:02.000000
987938.958846 -1306633.461451 -6999594.289105
-7288.336729 1318.266031 -1275.338565
UTC=2024-01-21T10:52:02.000000
109503.549824 -1131193.079577 -7098361.919296
-7332.752633 1602.136068 -368.703674
UTC=2024-01-21T10:54:02.000000
-767247.614450 -923110.804594 -7087859.592472
-7260.378157 1861.268498 543.517979
UTC=2024-01-21T10:56:02.000000
-1628376.564399 -685717.351015 -6968248.681836
-7072.797644 2089.699660 1447.466698
UTC=2024-01-21T10:58:02.000000
-2460243.727821 -423030.453611 -6741348.554087
-6773.392011 2281.961645 2329.401475
UTC=2024-01-21T11:00:02.000000
-3249720.099668 -139688.827974 -6410610.992764
-6367.278505 2433.190367 3175.885516
UTC=2024-01-21T11:02:02.000000
-3984391.632164 159126.592953 -5981073.197899
-5861.244531 2539.229788 3973.963159
UTC=2024-01-21T11:04:02.000000
-4652754.728458 467783.442272 -5459288.391473
-5263.657729 2596.726583 4711.355343
UTC=2024-01-21T11:06:02.000000
-5244398.661867 780299.227362 -4853233.644423
-4584.344748 2603.211817 5376.639004
UTC=2024-01-21T11:08:02.000000
-5750172.943119 1090452.123141 -4172196.391687
-3834.457104 2557.176946 5959.429305
UTC=2024-01-21T11:10:02.000000
-6162336.251887 1391899.733086 -3426638.921781
-3026.298740 2458.128011 6450.557895
UTC=2024-01-21T11:12:02.000000
-6474683.348860 1678303.028758 -2628042.656633
-2173.132997 2306.619055 6842.233222
UTC=2024-01-21T11:14:02.000000
-6682647.515802 1943453.142229 -1788734.168731
-1288.968046 2104.266316 7128.183015
UTC=2024-01-21T11:16:02.000000
-6783376.129927 2181398.721965 -921695.211099
-388.322924 1853.742026 7303.779075
UTC=2024-01-21T11:18:02.000000
-6775776.815005 2386570.786795 -40359.238455
514.027565 1558.738928 7366.134132
UTC=2024-01-21T11:20:02.000000
-6660532.300729 2553902.037491 841601.387212
1403.317354 1223.914928 7314.160257
UTC=2024-01-21T11:22:02.000000
-6440083.626647 2678938.400882 1710493.091386
2265.050593 854.818137 7148.593948
UTC=2024-01-21T11:24:02.000000
-6118582.026178 2757940.134729 2552820.028584
3085.263000 457.787433 6871.989084
UTC=2024-01-21T11:26:02.000000
-5701810.212800 2787969.743167 3355499.641432
3850.766486 39.833687 6488.670191
UTC=2024-01-21T11:28:02.000000
-5197075.296014 2766964.727957 4106070.952458
4549.379859 -391.494106 6004.655920
UTC=2024-01-21T11:30:02.000000
-4613075.283987 2693793.624999 4792891.182543
5170.133418 -828.251915 5427.542808
UTC=2024-01-21T11:32:02.000000
-3959743.258233 2568294.586480 5405317.106048
5703.438346 -1262.248550 4766.369741
UTC=2024-01-21T11:34:02.000000
-3248072.762053 2391295.972421 5933869.245664
6141.231539 -1685.197161 4031.467131
UTC=2024-01-21T11:36:02.000000
-2489927.109061 2164618.545054 6370376.740551
6477.097021 -2088.870964 3234.283646
UTC=2024-01-21T11:38:02.000000
-1697836.397671 1891058.875231 6708100.174522
6706.349049 -2465.258440 2387.195619
UTC=2024-01-21T11:40:02.000000
-884786.544075 1574354.591679 6941830.925028
6826.080759 -2806.710846 1503.306252
UTC=2024-01-21T11:42:02.000000
-64004.766967 1219132.331165 7067966.590125
6835.178695 -3106.082951 596.250980
UTC=2024-01-21T11:44:02.000000
751255.828354 830839.254740 7084563.198208
6734.322786 -3356.866056 -319.998954
UTC=2024-01-21T11:46:02.000000
1547930.083579 415659.125611 6991363.313906
6525.958769 -3553.312115 -1231.339340
UTC=2024-01-21T11:48:02.000000
2313349.830754 -19585.988882 6789799.987977
6214.247168 -3690.549320 -2123.732792
UTC=2024-01-21T11:50:02.000000
3035445.614648 -467547.345560 6482976.749551
5804.992696 -3764.688030 -2983.409518
UTC=2024-01-21T11:52:02.000000
3702938.656687 -920472.926850 6075623.115533
5305.550642 -3772.910349 -3797.073491
UTC=2024-01-21T11:54:02.000000
4305519.970595 -1370340.808802 5574025.604835
4724.706576 -3713.547316 -4552.104158
UTC=2024-01-21T11:56:02.000000
4834013.495006 -1809000.678640 4985934.886254
4072.531727 -3586.135513 -5236.750825
UTC=2024-01-21T11:58:02.000000
5280521.017884 -2228320.824478 4320450.241559
3360.224372 -3391.453058 -5840.318036
UTC=2024-01-21T12:00:02.000000
5638546.774987 -2620338.404655 3587881.894959
2599.927303 -3131.537058 -6353.348920
UTC=2024-01-21T12:02:02.000000
5903098.304504 -2977410.152908 2799592.035850
1804.515584 -2809.672277 -6767.792965
UTC=2024-01-21T12:04:02.000000
6070760.843618 -3292360.032798 1967817.576883
987.371523 -2430.352963 -7077.142471
UTC=2024-01-21T12:06:02.000000
6139744.554659 -3558621.058603 1105477.877048
162.155338 -1999.223759 -7276.550013
UTC=2024-01-21T12:08:02.000000
6109903.066549 -3770368.180298 225969.401398
-657.444114 -1522.987378 -7362.922031
UTC=2024-01-21T12:10:02.000000
5982722.333153 -3922638.616079 -657048.018912
-1457.949970 -1009.292598 -7334.970700
UTC=2024-01-21T12:12:02.000000
5761280.450228 -4011437.462761 -1529870.003722
-2226.344308 -466.596089 -7193.240774
UTC=2024-01-21T12:14:02.000000
5450178.538067 -4033825.312221 -2378966.492234
-2950.297785 95.993164 -6940.086734
UTC=2024-01-21T12:16:02.000000
5055445.268160 -3987986.913867 -3191196.128390
-3618.380594 668.876766 -6579.621506
UTC=2024-01-21T12:18:02.000000
4584417.289953 -3873279.360124 -3954012.674143
-4220.252932 1242.144029 -6117.633901
UTC=2024-01-21T12:20:02.000000
4045598.301386 -3690258.818452 -4655659.467836
-4746.828257 1805.751190 -5561.473952
UTC=2024-01-21T12:22:02.000000
3448500.383363 -3440685.548643 -5285348.788593
-5190.406449 2349.703977 -4919.915254
UTC=2024-01-21T12:24:02.000000
2803471.265679 -3127507.377824 -5833423.123972
-5544.773683 2864.231689 -4202.992829
UTC=2024-01-21T12:26:02.000000
2121511.771914 -2754823.102166 -6291496.402055
-5805.267461 3339.948505 -3421.834772
UTC=2024-01-21T12:28:02.000000
1414086.819286 -2327826.746157 -6652575.195678
-5968.821880 3768.013551 -2588.494358
UTC=2024-01-21T12:30:02.000000
692932.115227 -1852732.603372 -6911158.536628
-6033.990075 4140.287467 -1715.759086
UTC=2024-01-21T12:32:02.000000
-30139.615150 -1336682.869197 -7063314.159240
-6000.931188 4449.465434 -816.954966
UTC=2024-01-21T12:34:02.000000
-743429.439233 -787640.098483 -7106731.825704
-5871.374946 4689.198926 94.241001
UTC=2024-01-21T12:36:02.000000
-1435537.811982 -214265.702109 -7040754.464145
-5648.572615 4854.206994 1003.984287
UTC=2024-01-21T12:38:02.000000
-2095543.421654 374214.384497 -6866386.765611
-5337.229725 4940.376860 1898.455400
UTC=2024-01-21T12:40:02.000000
-2713172.384067 968155.010047 -6586280.933142
-4943.415006 4944.847475 2764.045534
UTC=2024-01-21T12:42:02.000000
-3278955.832024 1557646.442583 -6204700.470872
-4474.459015 4866.080629 3587.539021
UTC=2024-01-21T12:44:02.000000
-3784374.742714 2132676.581697 -5727462.010082
-3938.842062 4703.916625 4356.297052
UTC=2024-01-21T12:46:02.000000
-4221990.322085 2683299.000345 -5161854.736123
-3346.064030 4459.614618 5058.448245
UTC=2024-01-21T12:48:02.000000
-4585557.367854 3199804.340536 -4516536.722578
-2706.490646 4135.866159 5683.079957
UTC=2024-01-21T12:50:02.000000
-4870117.950705 3672891.590700 -3801409.295132
-2031.181449 3736.781840 6220.411134
UTC=2024-01-21T12:52:02.000000
-5072074.032869 4093836.655599 -3027471.441200
-1331.710873 3267.858371 6661.956180
UTC=2024-01-21T12:54:02.000000
-5189237.659745 4454655.029072 -2206654.713529
-619.971806 2735.911636 7000.681343
UTC=2024-01-21T12:56:02.000000
-5220856.994305 4748254.748303 -1351641.087206
92.027256 2148.984239 7231.133932
UTC=2024-01-21T12:58:02.000000
-5167617.664796 4968576.677413 -475666.215161
792.373106 1516.224727 7349.554821
UTC=2024-01-21T13:00:02.000000
-5031618.261019 5110718.620769 407688.969351
1469.465895 847.739672 7353.958891
UTC=2024-01-21T13:02:02.000000
-4816320.120416 5171039.875602 1284714.141782
2112.226160 154.416198 7244.179829
UTC=2024-01-21T13:04:02.000000
-4526472.757723 5147243.425110 2141788.975148
2710.297503 -552.271706 7021.881992
UTC=2024-01-21T13:06:02.000000
-4168015.534422 5038433.999323 2965601.236503
3254.234312 -1260.470711 6690.527461
UTC=2024-01-21T13:08:02.000000
-3747958.493775 4845150.866363 3743358.868997
3735.662056 -1958.161091 6255.310137
UTC=2024-01-21T13:10:02.000000
-3274245.606673 4569374.867972 4462992.355188
4147.409691 -2633.371895 5723.060745
UTC=2024-01-21T13:12:02.000000
-2755603.515870 4214509.785475 5113344.272565
4483.620296 -3274.394089 5102.127700
UTC=2024-01-21T13:14:02.000000
-2201378.591789 3785338.215930 5684342.763603
4739.832945 -3869.990312 4402.228753
UTC=2024-01-21T13:16:02.000000
-1621366.022262 3287953.090798 6167155.921618
4913.034418 -4409.590328 3634.282522
UTC=2024-01-21T13:18:02.000000
-1025634.483280 2729666.581931 6554325.028891
5001.680866 -4883.472973 2810.225016
UTC=2024-01-21T13:20:02.000000
-424350.138953 2118898.284399 6839875.013638
5005.687128 -5282.926346 1942.816274
UTC=2024-01-21T13:22:02.000000
172396.817927 1465045.499306 7019402.256298
4926.399540 -5600.391635 1045.454889
UTC=2024-01-21T13:24:02.000000
754761.518054 778336.587049 7090139.043980
4766.550065 -5829.595921 131.972668
UTC=2024-01-21T13:26:02.000000
1313306.536031 69670.144162 7050993.398662
4530.184240 -5965.658106 -783.565789
UTC=2024-01-21T13:28:02.000000
1839154.493868 -649557.814086 6902565.239699
4222.575022 -6005.183922 -1687.060484
UTC=2024-01-21T13:30:02.000000
2324129.336884 -1367637.116704 6647138.279366
3850.119493 -5946.341484 -2564.582482
UTC=2024-01-21T13:32:02.000000
2760884.340355 -2072734.095486 6288647.441287
3420.222539 -5788.912106 -3402.573936
UTC=2024-01-21T13:34:02.000000
3143015.337091 -2753087.394234 5832622.010628
2941.164710 -5534.321972 -4188.054307
UTC=2024-01-21T13:36:02.000000
3465156.959433 -3397205.707765 5286104.379288
2421.953207 -5185.644554 -4908.817730
UTC=2024-01-21T13:38:02.000000
3723060.483613 -3994064.446042 4657545.552988
1872.164787 -4747.578816 -5553.624673
UTC=2024-01-21T13:40:02.000000
3913652.296864 -4533298.096457 3956677.961847
1301.778439 -4226.399622 -6112.388250
UTC=2024-01-21T13:42:02.000000
4035071.319578 -5005384.660350 3194366.574582
720.993751 -3629.874184 -6576.346222
UTC=2024-01-21T13:44:02.000000
4086684.558502 -5401818.282805 2382440.622286
140.048144 -2967.149522 -6938.214079
UTC=2024-01-21T13:46:02.000000
4069080.387719 -5715266.442405 1533508.128978
-430.970813 -2248.607765 -7192.315938
UTC=2024-01-21T13:48:02.000000
3984039.370174 -5939708.026294 660756.376859
-982.311589 -1485.691789 -7334.687462
UTC=2024-01-21T13:50:02.000000
3834483.321226 -6070548.985816 -222257.688912
-1504.732017 -690.710755 -7363.140927
UTC=2024-01-21T13:52:02.000000
3624404.236808 -6104714.072108 -1101823.813787
-1989.666740 123.369956 -7277.314551
UTC=2024-01-21T13:54:02.000000
3358773.188873 -6040711.201131 -1964298.125094
-2429.386372 943.169391 -7078.671534
UTC=2024-01-21T13:56:02.000000
3043432.230060 -5878667.240192 -2796320.099009
-2817.123932 1755.125470 -6770.464196
UTC=2024-01-21T13:58:02.000000
2684971.956775 -5620335.178069 -3585023.964889
-3147.187646 2545.739463 -6357.671943
UTC=2024-01-21T14:00:02.000000
2290596.931260 -5269071.944108 -4318240.092303
-3415.048728 3301.816853 -5846.897617
UTC=2024-01-21T14:02:02.000000
1867982.459234 -4829788.117769 -4984682.065993
-3617.396388 4010.694331 -5246.234901
UTC=2024-01-21T14:04:02.000000
1425126.760539 -4308871.520517 -5574116.794295
-3752.161724 4660.447434 -4565.119770
UTC=2024-01-21T14:06:02.000000
970201.462521 -3714087.012320 -6077516.034955
-3818.522843 5240.080277 -3814.168764
UTC=2024-01-21T14:08:02.000000
511402.683079 -3054454.575749 -6487187.623265
-3816.888689 5739.696870 -3005.003349
UTC=2024-01-21T14:10:02.000000
56805.527989 -2340108.024905 -6796885.176981
-3748.858595 6150.653075 -2150.067537
UTC=2024-01-21T14:12:02.000000
-385775.295911 -1582136.725153 -7001895.575810
-3617.161655 6465.686795 -1262.440282
UTC=2024-01-21T14:14:02.000000
-808916.605517 -792413.075596 -7099103.918688
-3425.580551 6679.026197 -355.648463
UTC=2024-01-21T14:16:02.000000
-1205708.120642 16591.907418 -7087035.913019
-3178.865909 6786.479040 556.523561
UTC=2024-01-21T14:18:02.000000
-1569862.872512 832002.274978 -6965877.303826
-2882.637914 6785.498158 1460.223394
UTC=2024-01-21T14:20:02.000000
-1895814.935228 1640737.839182 -6737471.029645
-2543.274185 6675.234029 2341.715097
UTC=2024-01-21T14:22:02.000000
-2178803.217374 2429719.845459 -6405292.044948
-2167.791460 6456.563349 3187.563873
UTC=2024-01-21T14:24:02.000000
-2414940.960471 3186079.261274 -5974400.252961
-1763.723373 6132.105720 3984.821380
UTC=2024-01-21T14:26:02.000000
-2601269.692729 3897365.456406 -5451370.599147
-1338.985305 5706.210717 4721.215565
UTC=2024-01-21T14:28:02.000000
-2735796.937061 4551751.970696 -4844200.820266
-901.738224 5184.923508 5385.337308
UTC=2024-01-21T14:30:02.000000
-2817516.947138 5138236.279470 -4162196.502087
-460.241443 4575.916676 5966.828575
UTC=2024-01-21T14:32:02.000000
-2846413.376947 5646829.153629 -3415834.455344
-22.700378 3888.386194 6456.553085
UTC=2024-01-21T14:34:02.000000
-2823443.874317 6068730.231053 -2616607.089023
402.881274 3132.929220 6846.745216
UTC=2024-01-21T14:36:02.000000
-2750507.118241 6396487.636153 -1776848.897855
808.848324 2321.394081 7131.160090
UTC=2024-01-21T14:38:02.000000
-2630392.107431 6624136.654523 -909546.095337
1188.040369 1466.683229 7305.196782
UTC=2024-01-21T14:40:02.000000
-2466710.881313 6747313.705244 -28134.245578
1533.920906 582.545935 7365.979499
UTC=2024-01-21T14:42:02.000000
-2263816.312427 6763345.085510 853713.470619
1840.699794 -316.644609 7312.436021
UTC=2024-01-21T14:44:02.000000
-2026705.343817 6671305.689874 1722305.662303
2103.450157 -1216.165269 7145.334719
UTC=2024-01-21T14:46:02.000000
-1760909.780414 6472044.552307 2564152.511687
2318.196774 -2101.213741 6867.260067
UTC=2024-01-21T14:48:02.000000
-1472378.146867 6168178.730235 3366180.805360
2481.977875 -2957.168147 6482.559873
UTC=2024-01-21T14:50:02.000000
-1167351.515414 5764056.445453 4115941.047651
2592.884024 -3769.838925 5997.266736
UTC=2024-01-21T14:52:02.000000
-852235.961233 5265690.394188 4801803.865374
2650.076882 -4525.715728 5418.998088
UTC=2024-01-21T14:54:02.000000
-533473.461753 4680661.414387 5413142.328487
2653.794649 -5212.211061 4756.815253
UTC=2024-01-21T14:56:02.000000
-217414.300917 4017995.493645 5940494.955589
2605.319339 -5817.856256 4021.055680
UTC=2024-01-21T14:58:02.000000
89805.258149 3288018.378735 6375709.557422
2506.927134 -6332.488879 3223.173328
UTC=2024-01-21T15:00:02.000000
382378.654477 2502188.548606 6712065.739194
2361.824511 -6747.415207 2375.545187
UTC=2024-01-21T15:02:02.000000
654935.968340 1672913.054913 6944374.298238
2174.067904 -7055.540640 1491.282138
UTC=2024-01-21T15:04:02.000000
902640.390123 813348.552823 7069053.325489
1948.469066 -7251.481670 584.026895
UTC=2024-01-21T15:06:02.000000
1121272.589993 -62808.800357 7084179.844529
1690.489359 -7331.640749 -332.246290
UTC=2024-01-21T15:08:02.000000
1307301.917694 -941541.476406 6989518.096772
1406.125655 -7294.269105 -1243.425087
UTC=2024-01-21T15:10:02.000000
1457943.427142 -1808735.152187 6786523.605710
1101.788634 -7139.504992 -2135.468305
UTC=2024-01-21T15:12:02.000000
1571199.932126 -2650405.832225 6478322.498933
784.175462 -6869.382621 -2994.607679
UTC=2024-01-21T15:14:02.000000
1645888.505126 -3452926.814430 6069666.360244
460.137185 -6487.817200 -3807.555034
UTC=2024-01-21T15:16:02.000000
1681650.782768 -4203251.712676 5566862.309879
136.543444 -6000.553937 -4561.706083
UTC=2024-01-21T15:18:02.000000
1678947.343068 -4889129.456769 4977679.429181
-179.847936 -5415.088485 -5245.329015
UTC=2024-01-21T15:20:02.000000
1639036.527211 -5499308.921593 4311233.256853
-482.520372 -4740.573542 -5847.745764
UTC=2024-01-21T15:22:02.000000
1563937.679646 -6023730.534327 3577848.010387
-765.328690 -3987.689361 -6359.520442
UTC=2024-01-21T15:24:02.000000
1456378.958281 -6453699.327948 2788897.261696
-1022.624296 -3168.467897 -6772.623732
UTC=2024-01-21T15:26:02.000000
1319730.916327 -6782035.723509 1956626.968790
-1249.366946 -2296.100372 -7080.566108
UTC=2024-01-21T15:28:02.000000
1157927.269429 -7003202.050205 1093963.436134
-1441.226569 -1384.722142 -7278.516001
UTC=2024-01-21T15:30:02.000000
975374.383555 -7113401.560385 214308.480810
-1594.669326 -449.171884 -7363.393024
UTC=2024-01-21T15:32:02.000000
776850.986603 -7110647.320118 -668675.027491
-1707.033873 495.273029 -7333.934768
UTC=2024-01-21T15:34:02.000000
567400.316298 -6994797.497658 -1541282.924468
-1776.578359 1433.185530 -7190.713366
UTC=2024-01-21T15:36:02.000000
352218.221433 -6767556.734113 -2389988.541055
-1802.503453 2349.262391 -6936.108294
UTC=2024-01-21T15:38:02.000000
136539.607248 -6432445.496035 -3201656.741921
-1784.956758 3228.586404 -6574.254910
UTC=2024-01-21T15:40:02.000000
-74474.550274 -5994738.270454 -3963750.153229
-1725.018895 4056.883363 -6110.964586
UTC=2024-01-21T15:42:02.000000
-275847.327246 -5461371.478817 -4664523.779484
-1624.669245 4820.767379 -5553.609941
UTC=2024-01-21T15:44:02.000000
-462890.591009 -4840823.710004 -5293203.902870
-1486.731064 5507.954219 -4910.981647
UTC=2024-01-21T15:46:02.000000
-631302.182605 -4142972.105520 -5840149.169101
-1314.800904 6107.448611 -4193.134675
UTC=2024-01-21T15:48:02.000000
-777253.694166 -3378927.604415 -6296992.194761
-1113.162754 6609.706923 -3411.217487
UTC=2024-01-21T15:50:02.000000
-897467.298141 -2560852.488788 -6656760.077662
-886.692336 7006.770570 -2577.292243
UTC=2024-01-21T15:52:02.000000
-989280.581394 -1701763.566030 -6913972.816064
-640.752803 7292.370709 -1704.147092
UTC=2024-01-21T15:54:02.000000
-1050698.471158 -815324.583582 -7064719.258318
-381.084595 7462.005224 -805.110645
UTC=2024-01-21T15:56:02.000000
-1080431.586702 84369.473218 -7106710.676745
-113.688748 7512.995972 106.137947
UTC=2024-01-21T15:58:02.000000
-1077920.302086 983013.054783 -7039311.298969
155.292973 7444.514208 1015.758533
UTC=2024-01-21T16:00:02.000000
-1043344.503308 1866312.825879 -6863546.720786
419.697033 7257.592529 1909.933757
UTC=2024-01-21T16:02:02.000000
-977619.032183 2720210.457317 -6582089.898321
673.457806 6955.111670 2775.054511
UTC=2024-01-21T16:04:02.000000
-882374.719460 3531103.034951 -6199225.258338
910.727436 6541.774990 3597.904493
UTC=2024-01-21T16:06:02.000000
-759925.161613 4286058.720532 -5720789.847249
1125.994058 6024.051169 4365.854396
UTC=2024-01-21T16:08:02.000000
-613219.528923 4973023.799530 -5154091.846977
1314.194473 5410.092249 5067.045197
UTC=2024-01-21T16:10:02.000000
-445782.376172 5581018.783186 -4507806.959708
1470.819391 4709.629557 5690.575013
UTC=2024-01-21T16:12:02.000000
-261641.124359 6100319.908686 -3791852.603140
1592.012754 3933.834761 6226.679327
UTC=2024-01-21T16:14:02.000000
-65242.238672 6522622.188022 -3017241.397140
1674.660228 3095.152824 6666.895306
UTC=2024-01-21T16:16:02.000000
138642.405608 6841181.076605 -2195915.769462
1716.463721 2207.112070 7004.213277
UTC=2024-01-21T16:18:02.000000
345017.146870 7050929.615647 -1340565.312513
1716.000124 1284.105348 7233.210360
UTC=2024-01-21T16:20:02.000000
548770.256212 7148567.804710 -464429.621053
1672.763383 341.146878 7350.158234
UTC=2024-01-21T16:22:02.000000
744785.491371 7132621.686596 418910.042385
1587.186279 -606.388267 7353.101348
UTC=2024-01-21T16:24:02.000000
928054.938497 7003470.215417 1295746.528231
1460.638929 -1543.039862 7241.900918
UTC=2024-01-21T16:26:02.000000
1093790.068596 6763338.885269 2152465.422116
1295.401308 -2453.537752 7018.239253
UTC=2024-01-21T16:28:02.000000
1237528.386064 6416260.792618 2975762.069914
1094.619140 -3323.068247 6685.588752
UTC=2024-01-21T16:30:02.000000
1355234.019525 5968006.533512 3752853.280190
862.245197 -4137.530432 6249.156531
UTC=2024-01-21T16:32:02.000000
1443390.044054 5425983.424889 4471680.156902
602.962786 -4883.783830 5715.789033
UTC=2024-01-21T16:34:02.000000
1499080.653328 4799106.728797 5121098.446819
322.086822 -5549.876004 5093.861414
UTC=2024-01-21T16:36:02.000000
1520059.854216 4097644.131746 5691052.161773
25.448835 -6125.245475 4393.105084
UTC=2024-01-21T16:38:02.000000
1504807.038627 3333040.122208 6172726.004026
-280.713151 -6600.863097 3624.441368
UTC=2024-01-21T16:40:02.000000
1452568.228981 2517723.916199 6558678.442058
-589.881727 -6969.366721 2799.814191
UTC=2024-01-21T16:42:02.000000
1363381.845591 1664902.703253 6842953.028822
-895.389044 -7225.167304 1931.998397
UTC=2024-01-21T16:44:02.000000
1238088.943105 788344.119471 7021166.066881
-1190.547815 -7364.521651 1034.397051
UTC=2024-01-21T16:46:02.000000
1078327.682219 -97847.515860 7090569.886641
-1468.781701 -7385.565088 120.843139
UTC=2024-01-21T16:48:02.000000
886512.224540 -979458.004310 7050093.227825
-1723.755525 -7288.334497 -794.589843
UTC=2024-01-21T16:50:02.000000
665796.033783 -1842391.777080 6900357.516864
-1949.503776 -7074.765748 -1697.798829
UTC=2024-01-21T16:52:02.000000
420020.054411 -2672897.839420 6643668.145843
-2140.553907 -6748.659044 -2574.854818
UTC=2024-01-21T16:54:02.000000
153646.526323 -3457790.413436 6283980.917310
-2292.041756 -6315.620723 -3412.216505
UTC=2024-01-21T16:56:02.000000
-128320.227765 -4184659.893158 5826843.102368
-2399.812794 -5782.962664 -4196.931028
UTC=2024-01-21T16:58:02.000000
-420424.605009 -4842071.005835 5279311.980093
-2460.514953 -5159.592897 -4916.814495
UTC=2024-01-21T17:00:02.000000
-716861.271114 -5419747.324877 4649851.586272
-2471.685560 -4455.895680 -5560.637570
UTC=2024-01-21T17:02:02.000000
-1011586.518579 -5908739.443079 3948206.173085
-2431.824355 -3683.572639 -6118.324770
UTC=2024-01-21T17:04:02.000000
-1298436.920337 -6301571.289519 3185250.947797
-2340.442898 -2855.443094 -6581.128636
UTC=2024-01-21T17:06:02.000000
-1571252.668698 -6592361.541341 2372823.655130
-2198.092955 -1985.230129 -6941.777162
UTC=2024-01-21T17:08:02.000000
-1824003.295887 -6776918.513158 1523539.572418
-2006.379232 -1087.330785 -7194.604643
UTC=2024-01-21T17:10:02.000000
-2050913.463401 -6852805.799674 650591.696663
-1767.943142 -176.558317 -7335.662933
UTC=2024-01-21T17:12:02.000000
-2246584.884522 -6819376.324786 -232459.861881
-1486.419006 732.122621 -7362.790365
UTC=2024-01-21T17:14:02.000000
-2406112.003129 -6677774.507496 -1111904.727244
-1166.372757 1623.862779 -7275.647113
UTC=2024-01-21T17:16:02.000000
-2525189.135087 -6430906.573751 -1974101.262557
-813.221349 2484.191163 -7075.716041
UTC=2024-01-21T17:18:02.000000
-2600206.808651 -6083379.810537 -2805693.706203
-433.133163 3299.269248 -6766.270853
UTC=2024-01-21T17:20:02.000000
-2628335.019468 -5641411.994678 -3593823.450402
-32.909883 4056.132883 -6352.309353
UTC=2024-01-21T17:22:02.000000
-2607591.417813 -5112713.083756 -4326330.014426
380.145324 4742.910043 -5840.449130
UTC=2024-01-21T17:24:02.000000
-2536893.202690 -4506342.806496 -4991937.766885
798.366585 5349.004434 -5238.796829
UTC=2024-01-21T17:26:02.000000
-2416092.159171 -3832548.110262 -5580425.940300
1213.867159 5865.248492 -4556.801149
UTC=2024-01-21T17:28:02.000000
-2245992.545843 -3102583.939741 -6082780.165359
1618.683445 6284.028490 -3805.092151
UTC=2024-01-21T17:30:02.000000
-2028351.530621 -2328520.612359 -6491323.902823
2004.921896 6599.382462 -2995.306579
UTC=2024-01-21T17:32:02.000000
-1765862.039756 -1523041.299156 -6799828.058909
2364.903129 6807.066207 -2139.899862
UTC=2024-01-21T17:34:02.000000
-1462118.954636 -699233.573116 -7003597.815238
2691.295767 6904.587544 -1251.956401
UTC=2024-01-21T17:36:02.000000
-1121569.571810 129621.621249 -7099536.786966
2977.245571 6891.214865 -345.001322
UTC=2024-01-21T17:38:02.000000
-749448.723014 950260.496210 -7086188.895256
3216.501689 6767.962275 567.182429
UTC=2024-01-21T17:40:02.000000
-351699.265475 1749644.361854 -6963758.088605
3403.532606 6537.559934 1470.742737
UTC=2024-01-21T17:42:02.000000
65120.573975 2515162.466941 -6734105.539881
3533.631313 6204.400763 2351.940465
UTC=2024-01-21T17:44:02.000000
493942.549229 3234827.975208 -6400725.177590
3603.021499 5774.477849 3197.334954
UTC=2024-01-21T17:46:02.000000
927305.681586 3897464.751640 -5968695.915679
3608.946648 5255.291393 3993.982891
UTC=2024-01-21T17:48:02.000000
1357482.979383 4492881.318483 -5444610.824579
3549.741039 4655.732465 4729.621080
UTC=2024-01-21T17:50:02.000000
1776616.176180 5012030.388413 -4836484.655103
3424.891367 3985.956892 5392.849500
UTC=2024-01-21T17:52:02.000000
2176856.757385 5447151.701933 -4153638.916794
3235.078295 3257.230588 5973.319349
UTC=2024-01-21T17:54:02.000000
2550510.520233 5791894.532618 -3406565.296569
2982.194459 2481.749101 6461.903145
UTC=2024-01-21T17:56:02.000000
2890183.171236 6041417.882274 -2606769.554962
2669.343772 1672.444977 6850.853087
UTC=2024-01-21T17:58:02.000000
3188924.401313 6192466.184699 -1766597.012268
2300.815185 842.772075 7133.946697
UTC=2024-01-21T18:00:02.000000
3440367.032252 6243418.104504 -899041.908336
1882.026937 6.473806 7306.609423
UTC=2024-01-21T18:02:02.000000
3638857.811956 6194306.705332 -17543.782548
1419.443739 -822.660960 7366.006412
UTC=2024-01-21T18:04:02.000000
3779576.874436 6046810.139042 864225.026298
920.471481 -1631.043831 7311.099027
UTC=2024-01-21T18:06:02.000000
3858643.425843 5804213.041888 1732576.587816
393.333068 -2405.527732 7142.667171
UTC=2024-01-21T18:08:02.000000
3873205.238354 5471339.742049 2574025.409401
-153.077524 -3133.634825 6863.301474
UTC=2024-01-21T18:10:02.000000
3821509.627356 5054460.636821 3375503.987823
-709.356872 -3803.780098 6477.367952
UTC=2024-01-21T18:12:02.000000
3702954.163934 4561172.091377 4124570.907269
-1265.766143 -4405.477970 5990.917144
UTC=2024-01-21T18:14:02.000000
3518116.598456 4000254.748956 4809606.810070
-1812.405743 -4929.502573 5411.582483
UTC=2024-01-21T18:16:02.000000
3268762.389269 3381513.003058 5419996.944300
-2339.412080 -5368.040097 4748.446443
UTC=2024-01-21T18:18:02.000000
2957829.726058 2715598.262711 5946294.751179
-2837.129936 -5714.802417 4011.867182
UTC=2024-01-21T18:20:02.000000
2589394.826343 2013821.218589 6380364.686610
-3296.275355 -5965.100345 3213.309328
UTC=2024-01-21T18:22:02.000000
2168617.159873 1287956.331951 6715504.498770
-3708.106011 -6115.900424 2365.163286
UTC=2024-01-21T18:24:02.000000
1701664.856348 550041.655670 6946544.240051
-4064.577762 -6165.842459 1480.544054
UTC=2024-01-21T18:26:02.000000
1195622.370976 -187821.382559 7069921.609917
-4358.484961 -6115.227675 573.099775
UTC=2024-01-21T18:28:02.000000
658381.914038 -913666.366969 7083734.485472
-4583.592214 -5966.000563 -343.182882
UTC=2024-01-21T18:30:02.000000
98519.610030 -1615856.514452 6987768.870071
-4734.755032 -5721.699243 -1254.189412
UTC=2024-01-21T18:32:02.000000
-474841.848290 -2283271.624941 6783501.914761
-4808.024377 -5387.381605 -2145.883439
UTC=2024-01-21T18:34:02.000000
-1052181.883828 -2905484.945218 6474079.916745
-4800.729223 -4969.528553 -3004.516816
UTC=2024-01-21T18:36:02.000000
-1623739.082264 -3472926.847122 6064271.840926
-4711.536102 -4475.924237 -3816.823380
UTC=2024-01-21T18:38:02.000000
-2179675.169143 -3977033.834871 5560400.476028
-4540.506368 -3915.531476 -4570.204507
UTC=2024-01-21T18:40:02.000000
-2710245.083169 -4410381.647108 4970250.517918
-4289.136595 -3298.348837 -5252.927369
UTC=2024-01-21T18:42:02.000000
-3205970.011831 -4766799.614324 4302952.601066
-3960.365526 -2635.240441 -5854.324525
UTC=2024-01-21T18:44:02.000000
-3657809.044013 -5041463.318858 3568844.338314
-3558.545447 -1937.747026 -6364.975934
UTC=2024-01-21T18:46:02.000000
-4057325.604339 -5230963.772213 2779310.853084
-3089.385322 -1217.884477 -6776.867051
UTC=2024-01-21T18:48:02.000000
-4396845.977590 -5333352.116449 1946607.685496
-2559.875899 -487.936622 -7083.527832
UTC=2024-01-21T18:50:02.000000
-4669607.145558 -5348158.613637 1083667.952890
-1978.184383 239.765742 -7280.152610
UTC=2024-01-21T18:52:02.000000
-4869890.138538 -5276384.902489 203897.098781
-1353.520210 953.067108 -7363.686801
UTC=2024-01-21T18:54:02.000000
-4993135.967887 -5120469.847858 -679040.951124
-695.978904 1640.205209 -7332.884077
UTC=2024-01-21T18:56:02.000000
-5036041.348585 -4884229.496672 -1551442.636506
-16.361347 2290.024200 -7188.330948
UTC=2024-01-21T18:58:02.000000
-4996631.544030 -4572772.045657 -2399784.096271
674.024923 2892.176049 -6932.429438
UTC=2024-01-21T19:00:02.000000
-4874308.783732 -4192389.960124 -3210935.919836
1363.572686 3437.297936 -6569.339190
UTC=2024-01-21T19:02:02.000000
-4669875.765777 -3750432.603861 -3972369.054127
2040.582515 3917.160181 -6104.889779
UTC=2024-01-21T19:04:02.000000
-4385534.367140 -3255162.679119 -4672348.695669
2693.468189 4324.788643 -5546.468503
UTC=2024-01-21T19:06:02.000000
-4024859.879449 -2715599.437808 -5300113.243963
3310.958789 4654.561806 -4902.883054
UTC=2024-01-21T19:08:02.000000
-3592751.544519 -2141352.165259 -5846035.397804
3882.289961 4902.275671 -4184.203292
UTC=2024-01-21T19:10:02.000000
-3095361.047515 -1542447.546074 -6301763.543605
4397.380468 5065.181905 -3401.591724
UTC=2024-01-21T19:12:02.000000
-2540000.475209 -929153.984353 -6660342.172038
4846.998228 5141.999810 -2567.123207
UTC=2024-01-21T19:14:02.000000
-1935031.193755 -311806.161811 -6916309.982901
5222.910479 5132.900681 -1693.593937
UTC=2024-01-21T19:16:02.000000
-1289736.143003 299366.974162 -7065774.839293
5518.009239 5039.466697 -794.329604
UTC=2024-01-21T19:18:02.000000
-614178.189324 894408.231377 -7106466.556139
5726.422337 4864.635532 116.992841
UTC=2024-01-21T19:20:02.000000
80954.516436 1463790.982964 -7037767.779045
5843.614954 4612.631314 1026.535112
UTC=2024-01-21T19:22:02.000000
784513.957129 1998568.239541 -6860722.531056
5866.471800 4288.876573 1920.474409
UTC=2024-01-21T19:24:02.000000
1485067.651825 2490511.136113 -6578023.156121
5793.377522 3899.899360 2785.196109
UTC=2024-01-21T19:26:02.000000
2171081.618141 2932234.760277 -6193973.452629
5624.262262 3453.217761 3607.488108
UTC=2024-01-21T19:28:02.000000
2831107.873086 3317309.372884 -5714429.002256
5360.631546 2957.209702 4374.730941
UTC=2024-01-21T19:30:02.000000
3453973.907200 3640355.240453 -5146715.177931
5005.571275 2420.974811 5075.076994
UTC=2024-01-21T19:32:02.000000
4028972.030218 3897120.703722 -4499523.560867
4563.738276 1854.188188 5697.634994
UTC=2024-01-21T19:34:02.000000
4546045.693239 4084541.464955 -3782786.232441
4041.318936 1266.935971 6232.650413
UTC=2024-01-21T19:36:02.000000
4995969.037237 4200779.517502 -3007528.986210
3445.956106 669.540229 6671.676373
UTC=2024-01-21T19:38:02.000000
5370515.483510 4245240.676448 -2185705.209829
2786.642346 72.379240 7007.722784
UTC=2024-01-21T19:40:02.000000
5662612.305724 4218570.354901 -1330012.993420
2073.591408 -514.296728 7235.388913
UTC=2024-01-21T19:42:02.000000
5866477.555003 4122626.955319 -453697.673586
1318.072920 -1080.551715 7350.969013
UTC=2024-01-21T19:44:02.000000
5977735.859653 3960433.412428 429656.197991
532.228046 -1616.942212 7352.525468
UTC=2024-01-21T19:46:02.000000
5993510.898281 3736107.596275 1306340.145812
-271.137017 -2114.691100 7239.935474
UTC=2024-01-21T19:48:02.000000
5912491.576863 3454772.528403 2162740.464413
-1078.780384 -2565.847589 7014.899348
UTC=2024-01-21T19:50:02.000000
5734970.157043 3122448.853863 2985555.723908
-1877.261463 -2963.423353 6680.914627
UTC=2024-01-21T19:52:02.000000
5462851.529814 2745931.944034 3762009.211954
-2653.184550 -3301.513024 6243.215557
UTC=2024-01-21T19:54:02.000000
5099633.133003 2332655.916059 4480051.751296
-3393.443293 -3575.389554 5708.673614
UTC=2024-01-21T19:56:02.000000
4650356.435505 1890548.150443 5128550.356353
-4085.443859 -3781.566341 5085.664974
UTC=2024-01-21T19:58:02.000000
4121532.859183 1427878.095274 5697461.101822
-4717.319615 -3917.833991 4383.940212
UTC=2024-01-21T20:00:02.000000
3521043.150381 953102.636431 6177984.012329
-5278.147137 -3983.278428 3614.448984
UTC=2024-01-21T20:02:02.000000
2858013.413934 474711.243920 6562695.318210
-5758.120096 -3978.264884 2789.146806
UTC=2024-01-21T20:04:02.000000
2142671.979384 1074.872809 6845657.145757
-6148.698675 -3904.395827 1920.813360
UTC=2024-01-21T20:06:02.000000
1386188.824854 -459699.564539 7022505.396222
-6442.751265 -3764.459508 1022.866217
UTC=2024-01-21T20:08:02.000000
600498.777653 -899907.526702 7090514.219060
-6634.680354 -3562.360345 109.156104
UTC=2024-01-21T20:10:02.000000
-201888.398494 -1312375.456234 7048635.334341
-6720.514544 -3303.027297 -806.241623
UTC=2024-01-21T20:12:02.000000
-1008087.662574 -1690577.659713 6897512.781998
-6697.980649 -2992.310677 -1709.231899
UTC=2024-01-21T20:14:02.000000
-1805045.452090 -2028739.832898 6639472.823236
-6566.547909 -2636.861814 -2585.906078
UTC=2024-01-21T20:16:02.000000
-2579750.133258 -2321927.340111 6278490.043245
-6327.448802 -2244.002412 -3422.730861
UTC=2024-01-21T20:18:02.000000
-3319444.649959 -2566118.070002 5820131.193235
-5983.695946 -1821.597982 -4206.737558
UTC=2024-01-21T20:20:02.000000
-4011839.866054 -2758259.389587 5271474.560493
-5540.067498 -1377.915295 -4925.738523
UTC=2024-01-21T20:22:02.000000
-4645322.888668 -2896307.011781 4641004.093556
-5003.043918 -921.467306 -5568.524577
UTC=2024-01-21T20:24:02.000000
-5209156.432326 -2979244.992013 3938481.038615
-4380.721025 -460.853206 -6125.045356
UTC=2024-01-21T20:26:02.000000
-5693665.978966 -3007086.504344 3174794.915290
-3682.694726 -4.599668 -6586.572611
UTC=2024-01-21T20:28:02.000000
-6090411.693777 -2980855.801324 2361795.700379
-2919.921249 438.994212 -6945.851438
UTC=2024-01-21T20:30:02.000000
-6392341.608168 -2902551.745243 1512108.556660
-2104.543608 862.009762 -7197.238222
UTC=2024-01-21T20:32:02.000000
-6593921.779989 -2775092.790378 638933.583622
-1249.681554 1257.064392 -7336.807973
UTC=2024-01-21T20:34:02.000000
-6691239.923882 -2602244.178762 -244164.559600
-369.205051 1617.448442 -7362.419009
UTC=2024-01-21T20:36:02.000000
-6682081.138386 -2388529.724610 -1123473.661275
522.509886 1937.248648 -7273.758135
UTC=2024-01-21T20:38:02.000000
-6565972.665489 -2139129.612544 -1985353.798942
1410.847606 2211.453981 -7072.339088
UTC=2024-01-21T20:40:02.000000
-6344197.006886 -1859767.070600 -2816454.426800
2281.212134 2436.036650 -6761.462006
UTC=2024-01-21T20:42:02.000000
-6019774.235055 -1556586.559615 -3603924.913062
3119.282116 2608.011833 -6346.144761
UTC=2024-01-21T20:44:02.000000
-5597414.057641 -1236026.233473 -4335615.019164
3911.258262 2725.473512 -5833.023609
UTC=2024-01-21T20:46:02.000000
-5083439.148926 -904687.448461 -5000261.794681
4644.094378 2787.608154 -5230.227733
UTC=2024-01-21T20:48:02.000000
-4485681.647109 -569204.012925 -5587660.063190
5305.713234 2794.684498 -4547.230777
UTC=2024-01-21T20:50:02.000000
-3813355.126047 -236114.126389 -6088813.780814
5885.197405 2748.020298 -3794.682004
UTC=2024-01-21T20:52:02.000000
-3076905.430189 88262.580637 -6496066.383714
6372.951101 2649.930151 -2984.226316
UTC=2024-01-21T20:54:02.000000
-2287843.733692 397940.541587 -6803209.343751
6760.835660 2503.653927 -2128.322768
UTC=2024-01-21T20:56:02.000000
-1458564.442939 687374.295912 -7005568.867045
7042.286317 2313.272250 -1240.059349
UTC=2024-01-21T20:58:02.000000
-602150.800058 951554.033579 -7100069.928774
7212.400054 2083.616023 -332.962723
UTC=2024-01-21T21:00:02.000000
267828.690233 1186089.490940 -7085277.647806
7268.000940 1820.161428 579.187854
UTC=2024-01-21T21:02:02.000000
1137530.618087 1387280.695250 -6961417.232829
7207.692708 1528.919095 1482.532844
UTC=2024-01-21T21:04:02.000000
1993053.149571 1552175.451849 -6730372.111037
7031.900506 1216.321279 2363.329247
UTC=2024-01-21T21:06:02.000000
2820654.998424 1678612.551993 -6395658.169698
6742.875039 889.097935 3208.143810
UTC=2024-01-21T21:08:02.000000
3606973.775932 1765249.842914 -5962374.999447
6344.673879 554.148288 4004.045858
UTC=2024-01-21T21:10:02.000000
4339240.307817 1811576.821992 -5437134.831937
5843.119227 218.412941 4738.785014
UTC=2024-01-21T21:12:02.000000
5005487.310406 1817911.993948 -4827969.883865
5245.741319 -111.253457 5400.977231
UTC=2024-01-21T21:14:02.000000
5594749.001841 1785384.711068 -4144217.047521
4561.682460 -428.213300 5980.291512
UTC=2024-01-21T21:16:02.000000
6097247.189946 1715901.381090 -3396381.253156
3801.570548 -726.174218 6467.618373
UTC=2024-01-21T21:18:02.000000
6504560.870822 1612096.628912 -2595979.430542
2977.370701 -999.311201 6855.226476
UTC=2024-01-21T21:20:02.000000
6809776.206366 1477270.309269 -1755366.013600
2102.203377 -1242.380722 7136.911762
UTC=2024-01-21T21:22:02.000000
7007612.425585 1315311.184173 -887542.096583
1190.128214 -1450.828137 7308.118039
UTC=2024-01-21T21:24:02.000000
7094520.471154 1130608.509291 -5951.843444
255.904836 -1620.880130 7366.030160
UTC=2024-01-21T21:26:02.000000
7068751.397291 927953.839886 875730.095315
-685.266909 -1749.615409 7309.626979
UTC=2024-01-21T21:28:02.000000
6930393.988941 712435.176210 1743815.591511
-1618.002535 -1835.023261 7139.708813
UTC=2024-01-21T21:30:02.000000
6681380.186471 489325.113074 2584822.090025
-2527.015740 -1876.041841 6858.896372
UTC=2024-01-21T21:32:02.000000
6325456.502306 263965.989967 3385688.170334
-3397.392916 -1872.571159 6471.576964
UTC=2024-01-21T21:34:02.000000
5868123.578494 41654.611338 4133981.268865
-4214.857011 -1825.466600 5983.827296
UTC=2024-01-21T21:36:02.000000
5316544.760054 -172470.481721 4818093.527122
-4966.009578 -1736.503830 5403.296233
UTC=2024-01-21T21:38:02.000000
4679427.288566 -373537.068389 5427423.233609
-5638.556007 -1608.337251 4739.079543
UTC=2024-01-21T21:40:02.000000
3966876.798150 -557040.872112 5952538.724379
-6221.514573 -1444.431098 4001.552520
UTC=2024-01-21T21:42:02.000000
3190229.668818 -718937.614812 6385321.429737
-6705.380360 -1248.973261 3202.195845
UTC=2024-01-21T21:44:02.000000
2361866.954438 -855724.463866 6719087.627571
-7082.267934 -1026.783356 2353.411308
UTC=2024-01-21T21:46:02.000000
1495012.930628 -964509.665088 6948687.740487
-7346.027619 -783.208557 1468.334266
UTC=2024-01-21T21:48:02.000000
603520.683759 -1043069.188482 7070582.285294
-7492.341196 -524.010439 560.628798
UTC=2024-01-21T21:50:02.000000
-298351.277986 -1089889.197890 7082892.799701
-7518.776766 -255.243829 -355.719067
UTC=2024-01-21T21:52:02.000000
-1196167.454631 -1104193.927783 6985428.377980
-7424.819440 16.865724 -1266.602956
UTC=2024-01-21T21:54:02.000000
-2075546.013749 -1085958.552102 6779688.052168
-7211.877375 286.049772 -2157.997098
UTC=2024-01-21T21:56:02.000000
-2922388.630522 -1035906.618430 6468839.235035
-6883.262976 546.124810 -3016.152819
UTC=2024-01-21T21:58:02.000000
-3723107.161917 -955492.365057 6057672.865282
-6444.159675 791.116474 -3827.794054
UTC=2024-01-21T22:00:02.000000
-4464844.708792 -846868.417348 5552534.295105
-5901.557445 1015.379176 -4580.323839
UTC=2024-01-21T22:02:02.000000
-5135686.803371 -712839.174153 4961229.715388
-5264.154194 1213.715126 -5262.024970
UTC=2024-01-21T22:04:02.000000
-5724858.754711 -556800.300923 4292908.975196
-4542.224062 1381.485224 -5862.251016
UTC=2024-01-21T22:06:02.000000
-6222905.377093 -382665.521825 3557926.343444
-3747.455048 1514.710142 -6371.601921
UTC=2024-01-21T22:08:02.000000
-6621849.809225 -194782.020857 2767681.576551
-2892.766453 1610.158734 -6782.077987
UTC=2024-01-21T22:10:02.000000
-6915329.240940 2164.075828 1934442.926474
-1992.101859 1665.424111 -7087.227288
UTC=2024-01-21T22:12:02.000000
-7098703.561673 203250.075897 1071153.746334
-1060.187399 1678.977795 -7282.267321
UTC=2024-01-21T22:14:02.000000
-7169133.865657 403424.512846 191226.571877
-112.272542 1650.206830 -7364.172850
UTC=2024-01-21T22:16:02.000000
-7125628.982077 597618.321889 -691671.385320
836.143120 1579.432043 -7331.730676
UTC=2024-01-21T22:18:02.000000
-6969058.646956 780856.803354 -1563837.046370
1769.590554 1467.902354 -7185.554980
UTC=2024-01-21T22:20:02.000000
-6702133.581363 948369.560666 -2411749.598133
2672.898108 1317.768333 -6928.063925
UTC=2024-01-21T22:22:02.000000
-6329354.316910 1095696.396348 -3222284.924770
3531.453232 1132.040645 -6563.442276
UTC=2024-01-21T22:24:02.000000
-5856927.704420 1218786.779648 -3982922.955720
4331.470919 914.523413 -6097.552817
UTC=2024-01-21T22:26:02.000000
-5292653.825922 1314090.224251 -4681941.684573
5060.217187 669.732012 -5537.812740
UTC=2024-01-21T22:28:02.000000
-4645787.648855 1378636.058715 -5308595.639504
5706.209223 402.797610 -4893.055100
UTC=2024-01-21T22:30:02.000000
-3926878.357500 1410101.025064 -5853276.277071
6259.384660 119.360817 -4173.367975
UTC=2024-01-21T22:32:02.000000
-3147590.389282 1406863.560196 -6307652.550017
6711.239304 -174.544162 -3389.925926
UTC=2024-01-21T22:34:02.000000
-2320509.513247 1368043.819189 -6664790.635069
7054.938092 -472.608970 -2554.811327
UTC=2024-01-21T22:36:02.000000
-1458937.062069 1293529.496195 -6919251.747739
7285.401579 -768.370575 -1680.826325
UTC=2024-01-21T22:38:02.000000
-576676.011575 1183986.752803 -7067166.913634
7399.354251 -1055.338385 -781.301684
UTC=2024-01-21T22:40:02.000000
312187.206503 1040856.192721 -7106289.404214
7395.349499 -1327.115508 130.085616
UTC=2024-01-21T22:42:02.000000
1193502.955915 866334.378146 -7036025.894404
7273.783627 -1577.520113 1039.485816
UTC=2024-01-21T22:44:02.000000
2053279.939499 663340.624891 -6857445.528723
7036.894298 -1800.708277 1933.075153
UTC=2024-01-21T22:46:02.000000
2877903.832590 435469.422446 -6573265.096001
6688.719487 -1991.289288 2797.247285
UTC=2024-01-21T22:48:02.000000
3654350.280038 186929.479612 -6187811.590859
6235.041669 -2144.435485 3618.803843
UTC=2024-01-21T22:50:02.000000
4370389.308043 -77530.351160 -5706962.059633
5683.302840 -2255.988320 4385.138861
UTC=2024-01-21T22:52:02.000000
5014778.808005 -352706.961666 -5138061.771139
5042.508409 -2322.550509 5084.418474
UTC=2024-01-21T22:54:02.000000
5577445.253529 -633039.633879 -4489820.234179
4323.105012 -2341.572237 5705.770873
UTC=2024-01-21T22:56:02.000000
6049647.359932 -912716.078766 -3772184.879028
3536.822294 -2311.420895 6239.463885
UTC=2024-01-21T22:58:02.000000
6424119.612066 -1185785.989463 -2996194.335383
2696.495004 -2231.436721 6677.069681
UTC=2024-01-21T23:00:02.000000
6695192.974960 -1446280.194098 -2173812.598176
1815.860614 -2101.969245 7011.617541
UTC=2024-01-21T23:02:02.000000
6858889.785199 -1688332.843070 -1317745.928308
909.331172 -1924.391508 7237.726936
UTC=2024-01-21T23:04:02.000000
6912990.032968 -1906303.967329 -441245.489339
-8.252988 -1701.092054 7351.711560
UTC=2024-01-21T23:06:02.000000
6857067.527750 -2094899.856734 442100.824835
-921.878904 -1435.446776 7351.656459
UTC=2024-01-21T23:08:02.000000
6692494.573396 -2249288.581346 1318584.150191
-1816.629912 -1131.764966 7237.464468
UTC=2024-01-21T23:10:02.000000
6422414.330551 -2365207.741978 2174593.518369
-2677.952297 -795.216047 7010.862986
UTC=2024-01-21T23:12:02.000000
6051681.564557 -2439062.253914 2996833.556256
-3491.915274 -431.734451 6675.376755
UTC=2024-01-21T23:14:02.000000
5586772.911287 -2468009.429942 3772536.664276
-4245.458620 -47.905971 6236.263002
UTC=2024-01-21T23:16:02.000000
5035668.698579 -2450029.742151 4489665.036202
-4926.614558 349.158091 5700.408516
UTC=2024-01-21T23:18:02.000000
4407710.399560 -2383981.774210 5137099.105261
-5524.694645 751.956549 5076.209897
UTC=2024-01-21T23:20:02.000000
3713436.495608 -2269640.692024 5704810.752723
-6030.465434 1152.738624 4373.434570
UTC=2024-01-21T23:22:02.000000
2964398.756687 -2107719.205756 6184017.446292
-6436.291240 1543.654690 3603.044144
UTC=2024-01-21T23:24:02.000000
2172964.358850 -1899870.512461 6567314.614650
-6736.232232 1916.903435 2777.012832
UTC=2024-01-21T23:26:02.000000
1352107.580451 -1648673.871685 6848786.020727
-6926.120124 2264.876077 1908.139801
UTC=2024-01-21T23:28:02.000000
515194.097734 -1357602.801866 7024090.956407
-7003.604907 2580.300750 1009.850637
UTC=2024-01-21T23:30:02.000000
-324238.292942 -1030976.295194 7090527.183916
-6968.167782 2856.380345 95.993991
UTC=2024-01-21T23:32:02.000000
-1152698.887234 -673894.046489 7047069.614204
-6821.108296 3086.920949 -819.359369
UTC=2024-01-21T23:34:02.000000
-1956960.451441 -292156.645228 6894385.053861
-6565.510639 3266.454967 -1722.115689
UTC=2024-01-21T23:36:02.000000
-2724270.175175 107828.499743 6634822.867411
-6206.186499 3390.354167 -2598.359264
UTC=2024-01-21T23:38:02.000000
-3442552.545440 519154.094580 6272381.565578
-5749.597527 3454.931069 -3434.553769
UTC=2024-01-21T23:40:02.000000
-4100601.540539 934531.216939 5812651.186492
-5203.755069 3457.526095 -4217.743805
UTC=2024-01-21T23:42:02.000000
-4688259.318834 1346417.194274 5262731.486864
-4578.094117 3396.580693 -4935.755526
UTC=2024-01-21T23:44:02.000000
-5196578.239031 1747151.388121 4631126.475197
-3883.322544 3271.695145 -5577.390718
UTC=2024-01-21T23:46:02.000000
-5617963.228999 2129096.540184 3927616.008061
-3131.243411 3083.662532 -6132.612906
UTC=2024-01-21T23:48:02.000000
-5946291.422435 2484782.820257 3163106.212527
-2334.556331 2834.480335 -6592.713583
UTC=2024-01-21T23:50:02.000000
-6177007.175415 2807051.914320 2349460.978831
-1506.645247 2527.339124 -6950.462189
UTC=2024-01-21T23:52:02.000000
-6307190.639662 3089198.334175 1499316.468110
-661.350028 2166.587575 -7200.238884
UTC=2024-01-21T23:54:02.000000
-6335597.727490 3325104.903505 625880.889408
187.283148 1757.668793 -7338.143999
UTC=2024-01-21T23:56:02.000000
-6262669.508651 3509368.836614 -257276.254641
1025.255759 1307.029531 -7362.064192
UTC=2024-01-21T23:58:02.000000
-6090511.596786 3637415.690195 -1136441.054516
1838.864789 822.008347 -7271.709025
