UTC=2024-01-12T00:00:02.000000
6105139.430059 -3148160.882882 -2111462.201155
1150.286403 -2471.455361 7032.098708
UTC=2024-01-12T00:02:02.000000
6193402.196433 -3420673.082939 -1253426.750973
319.973121 -2062.109348 7250.013923
UTC=2024-01-12T00:04:02.000000
6182018.901691 -3641204.522065 -375954.297253
-508.195777 -1606.231165 7355.602255
UTC=2024-01-12T00:06:02.000000
6072066.046347 -3804594.326329 507351.027702
-1320.605336 -1111.026304 7347.082059
UTC=2024-01-12T00:08:02.000000
5866235.455778 -3906599.900913 1382780.120688
-2103.988921 -584.572257 7224.491066
UTC=2024-01-12T00:10:02.000000
5568777.739036 -3943993.000798 2236738.355079
-2845.674026 -35.670369 6989.696172
UTC=2024-01-12T00:12:02.000000
5185417.125819 -3914636.920688 3055962.929485
-3533.807312 526.315112 6646.351971
UTC=2024-01-12T00:14:02.000000
4723241.022021 -3817543.990868 3827733.797450
-4157.554451 1091.627849 6199.836001
UTC=2024-01-12T00:16:02.000000
4190566.844246 -3652911.988100 4540074.841201
-4707.277356 1650.295521 5657.152112
UTC=2024-01-12T00:18:02.000000
3596788.606765 -3422139.325341 5181942.182048
-5174.695834 2192.311737 5026.809852
UTC=2024-01-12T00:20:02.000000
2952206.142459 -3127817.800107 5743395.631287
-5553.009213 2707.823097 4318.667720
UTC=2024-01-12T00:22:02.000000
2267842.038150 -2773703.615709 6215750.810302
-5836.986004 3187.305047 3543.768138
UTC=2024-01-12T00:24:02.000000
1555249.137398 -2364667.746175 6591710.261625
-6023.027282 3621.729727 2714.152412
UTC=2024-01-12T00:26:02.000000
826312.582746 -1906626.736526 6865471.936900
-6109.196834 4002.724714 1842.670532
UTC=2024-01-12T00:28:02.000000
93049.753138 -1406454.981230 7032814.396185
-6095.224740 4322.721796 942.782552
UTC=2024-01-12T00:30:02.000000
-632588.449669 -871879.929913 7091158.045880
-5982.483130 4575.093400 28.358948
UTC=2024-01-12T00:32:02.000000
-1338912.136570 -311361.766783 7039602.328608
-5773.941107 4754.273908 -886.519861
UTC=2024-01-12T00:34:02.000000
-2014680.451395 266040.709435 6878938.869121
-5474.100702 4855.868953 -1787.765359
UTC=2024-01-12T00:36:02.000000
-2649280.541329 850816.357221 6611640.246448
-5088.910879 4876.747846 -2661.484019
UTC=2024-01-12T00:38:02.000000
-3232895.081827 1433157.992947 6241824.424159
-4625.662197 4815.118144 -3494.179437
UTC=2024-01-12T00:40:02.000000
-3756656.078127 2003126.572606 5775195.235017
-4092.864749 4670.582705 -4272.949876
UTC=2024-01-12T00:42:02.000000
-4212783.026433 2550821.186509 5218959.096304
-3500.107974 4444.179072 -4985.687217
UTC=2024-01-12T00:44:02.000000
-4594702.907353 3066552.319380 4581717.918535
-2857.898702 4138.392278 -5621.273272
UTC=2024-01-12T00:46:02.000000
-4897149.666681 3541014.785770 3873339.146321
-2177.481394 3757.138211 -6169.762973
UTC=2024-01-12T00:48:02.000000
-5116241.166962 3965457.352598 3104804.865529
-1470.643401 3305.724840 -6622.550607
UTC=2024-01-12T00:50:02.000000
-5249532.092817 4331846.081486 2288041.915664
-749.509750 2790.785832 -6972.519439
UTC=2024-01-12T00:52:02.000000
-5296041.727205 4633017.991055 1435735.044357
-26.328148 2220.184400 -7214.174696
UTC=2024-01-12T00:54:02.000000
-5256255.192468 4862820.977334 561125.736557
686.755405 1602.880512 -7343.745550
UTC=2024-01-12T00:56:02.000000
-5132098.238715 5016236.389171 -322198.716363
1377.911314 948.779437 -7359.248077
UTC=2024-01-12T00:58:02.000000
-4926886.631957 5089482.681861 -1200522.470299
2035.838425 268.563725 -7260.528424
UTC=2024-01-12T01:00:02.000000
-4645249.786885 5080097.115238 -2060221.292822
2649.976676 -426.503587 -7049.262148
UTC=2024-01-12T01:02:02.000000
-4293030.894836 4986992.978134 -2887979.733917
3210.684531 -1124.786585 -6728.911608
UTC=2024-01-12T01:04:02.000000
-3877166.690821 4810491.606265 -3671001.635612
3709.403206 -1814.489484 -6304.653251
UTC=2024-01-12T01:06:02.000000
-3405549.190353 4552328.836720 -4397209.421346
4138.789244 -2483.867479 -5783.266588
UTC=2024-01-12T01:08:02.000000
-2886873.536634 4215636.614709 -5055428.720415
4492.814724 -3121.429910 -5173.001375
UTC=2024-01-12T01:10:02.000000
-2330475.764671 3804901.037843 -5635555.927094
4766.835347 -3716.128706 -4483.429372
UTC=2024-01-12T01:12:02.000000
-1746163.664695 3325898.141901 -6128707.699732
4957.639260 -4257.543809 -3725.288457
UTC=2024-01-12T01:14:02.000000
-1144043.209321 2785607.779255 -6527350.356262
5063.469797 -4736.059365 -2910.303924
UTC=2024-01-12T01:16:02.000000
-534344.113510 2192107.688289 -6825406.991727
5084.017559 -5143.016231 -2050.998608
UTC=2024-01-12T01:18:02.000000
72752.099148 1554450.579981 -7018342.057289
5020.388064 -5470.845874 -1160.508394
UTC=2024-01-12T01:20:02.000000
667279.037664 882525.805380 -7103223.895049
4875.052633 -5713.191095 -252.398460
UTC=2024-01-12T01:22:02.000000
1239645.997029 186907.520717 -7078765.126433
4651.789567 -5865.013220 659.524076
UTC=2024-01-12T01:24:02.000000
1780789.938057 -521309.403653 -6945339.919592
4355.598912 -5922.685315 1561.406174
UTC=2024-01-12T01:26:02.000000
2282316.162971 -1230683.015687 -6704978.250760
3992.602956 -5884.060055 2439.534067
UTC=2024-01-12T01:28:02.000000
2736626.781622 -1929605.319374 -6361338.080402
3569.940016 -5748.524414 3280.520215
UTC=2024-01-12T01:30:02.000000
3137035.339418 -2606488.627588 -5919655.273719
3095.642137 -5517.035996 4071.482523
UTC=2024-01-12T01:32:02.000000
3477866.671766 -3249956.061899 -5386671.896535
2578.509092 -5192.153033 4800.234270
UTC=2024-01-12T01:34:02.000000
3754540.033438 -3849033.374357 -4770540.515827
2027.953821 -4778.021867 5455.484736
UTC=2024-01-12T01:36:02.000000
3963632.862125 -4393337.044756 -4080706.241456
1453.840106 -4280.333698 6027.009062
UTC=2024-01-12T01:38:02.000000
4102925.334065 -4873256.490829 -3327769.027984
866.322317 -3706.267989 6505.812489
UTC=2024-01-12T01:40:02.000000
4171425.073841 -5280127.836854 -2523326.233253
275.673570 -3064.406947 6884.292539
UTC=2024-01-12T01:42:02.000000
4169370.272740 -5606395.361518 -1679796.472014
-307.901426 -2364.613468 7156.386183
UTC=2024-01-12T01:44:02.000000
4098210.417768 -5845756.037392 -810227.646312
-874.448807 -1617.875754 7317.685706
UTC=2024-01-12T01:46:02.000000
3960565.283692 -5993284.157049 71907.526369
-1414.448449 -836.128163 7365.530833
UTC=2024-01-12T01:48:02.000000
3760162.185079 -6045532.756298 952924.761800
-1918.988697 -32.047034 7299.062090
UTC=2024-01-12T01:50:02.000000
3501753.407390 -6000609.599967 1819146.241046
-2379.924552 781.171161 7119.249103
UTC=2024-01-12T01:52:02.000000
3191014.920440 -5858225.063834 2657119.750552
-2790.029449 1590.053221 6828.874771
UTC=2024-01-12T01:54:02.000000
2834428.511055 -5619711.045290 3453833.104760
-3143.118012 2381.086511 6432.479137
UTC=2024-01-12T01:56:02.000000
2439150.799395 -5288011.318398 4196920.431405
-3434.142012 3140.958711 5936.277959
UTC=2024-01-12T01:58:02.000000
2012872.174954 -4867643.359400 4874856.996361
-3659.264265 3856.792811 5348.053576
UTC=2024-01-12T02:00:02.000000
1563668.390027 -4364632.398843 5477139.041609
-3815.904028 4516.371983 4677.015634
UTC=2024-01-12T02:02:02.000000
1099848.207881 -3786419.530103 5994446.097368
-3902.761485 5108.350428 3933.647439
UTC=2024-01-12T02:04:02.000000
629799.456347 -3141745.202935 6418782.824858
-3919.814907 5622.446879 3129.519046
UTC=2024-01-12T02:06:02.000000
161837.463382 -2440511.594141 6743598.048539
-3868.287263 6049.606014 2277.098522
UTC=2024-01-12T02:08:02.000000
-295941.343738 -1693626.707743 6963881.104596
-3750.593650 6382.141068 1389.561194
UTC=2024-01-12T02:10:02.000000
-735798.580076 -912832.531867 7076235.330479
-3570.273897 6613.859571 480.599087
UTC=2024-01-12T02:12:02.000000
-1150484.006464 -110518.885420 7078927.952718
-3331.908843 6740.172160 -435.782863
UTC=2024-01-12T02:14:02.000000
-1533354.735254 700473.977759 6971915.250058
-3041.022280 6758.172419 -1345.472911
UTC=2024-01-12T02:16:02.000000
-1878481.679609 1507060.982538 6756843.121546
-2703.967521 6666.693892 -2234.456214
UTC=2024-01-12T02:18:02.000000
-2180741.863745 2296123.287416 6437023.327574
-2327.805008 6466.344167 -3089.016824
UTC=2024-01-12T02:20:02.000000
-2435895.355027 3054722.132255 6017385.579585
-1920.168703 6159.516971 -3895.938312
UTC=2024-01-12T02:22:02.000000
-2640645.693404 3770312.510490 5504405.675857
-1489.125663 5750.376303 -4642.700860
UTC=2024-01-12T02:24:02.000000
-2792683.300496 4430953.516109 4906010.348913
-1043.031744 5244.817688 -5317.674960
UTC=2024-01-12T02:26:02.000000
-2890710.884541 5025512.186357 4231458.834788
-590.376385 4650.396752 -5910.312249
UTC=2024-01-12T02:28:02.000000
-2934450.038895 5543856.853062 3491202.304261
-139.625030 3976.225920 -6411.324541
UTC=2024-01-12T02:30:02.000000
-2924628.784095 5977035.930540 2696722.659119
300.940225 3232.834872 -6812.845824
UTC=2024-01-12T02:32:02.000000
-2862950.274352 6317438.214016 1860353.468711
723.374574 2432.003860 -7108.568732
UTC=2024-01-12T02:34:02.000000
-2752043.228722 6558931.664973 995085.846495
1120.221313 1586.571130 -7293.858118
UTC=2024-01-12T02:36:02.000000
-2595394.829400 6696977.570151 114362.349032
1484.651432 710.215565 -7365.837111
UTC=2024-01-12T02:38:02.000000
-2397267.780495 6728717.265348 -768137.654684
1810.587957 -182.781715 -7323.442361
UTC=2024-01-12T02:40:02.000000
-2162603.291768 6653029.278314 -1638717.564027
2092.817475 -1077.794128 -7167.452001
UTC=2024-01-12T02:42:02.000000
-1896911.322921 6470553.920262 -2483883.796075
2327.087766 -1960.131782 -6900.461034
UTC=2024-01-12T02:44:02.000000
-1606151.164347 6183685.049107 -3290559.401287
2510.170048 -2815.298800 -6526.804921
UTC=2024-01-12T02:46:02.000000
-1296606.205765 5796532.377803 -4046287.973069
2639.896018 -3629.234207 -6052.475094
UTC=2024-01-12T02:48:02.000000
-974755.415084 5314854.664407 -4739425.979773
2715.175464 -4388.553592 -5485.005674
UTC=2024-01-12T02:50:02.000000
-647144.030989 4745965.328177 -5359319.493940
2735.991573 -5080.763878 -4833.331859
UTC=2024-01-12T02:52:02.000000
-320256.009532 4098613.566775 -5896463.441540
2703.377020 -5694.460654 -4107.639297
UTC=2024-01-12T02:54:02.000000
-390.501969 3382842.565883 -6342641.550515
2619.369977 -6219.509929 -3319.191913
UTC=2024-01-12T02:56:02.000000
306455.037120 2609827.642534 -6691044.540369
2486.947958 -6647.198789 -2480.143886
UTC=2024-01-12T02:58:02.000000
594692.869404 1791698.470466 -6936365.743419
2309.948249 -6970.351952 -1603.354808
UTC=2024-01-12T03:00:02.000000
859242.914086 941348.268032 -7074874.872350
2092.978324 -7183.434805 -702.206126
UTC=2024-01-12T03:02:02.000000
1095619.169477 72231.900594 -7104469.157831
1841.314677 -7282.632365 209.589343
UTC=2024-01-12T03:04:02.000000
1300003.524461 -801844.211991 -7024701.732759
1560.793017 -7265.907733 1118.178954
UTC=2024-01-12T03:06:02.000000
1469305.846576 -1666937.434905 -6836786.835944
1257.691070 -7133.030493 2009.760572
UTC=2024-01-12T03:08:02.000000
1601209.993722 -2509186.498514 -6543582.925227
938.611234 -6885.587868 2870.762616
UTC=2024-01-12T03:10:02.000000
1694205.494919 -3315029.682412 -6149554.198167
610.357695 -6526.984273 3688.024951
UTC=2024-01-12T03:12:02.000000
1747604.046238 -4071422.076715 -5660709.783101
279.807495 -6062.422070 4448.992941
UTC=2024-01-12T03:14:02.000000
1761540.515833 -4766047.816492 -5084519.061712
-46.218207 -5498.835494 5141.914005
UTC=2024-01-12T03:16:02.000000
1736958.583806 -5387522.732821 -4429804.952169
-361.081612 -4844.803839 5756.010049
UTC=2024-01-12T03:18:02.000000
1675581.016224 -5925585.922112 -3706616.531776
-658.457445 -4110.448309 6281.652974
UTC=2024-01-12T03:20:02.000000
1579864.525786 -6371276.480833 -2926080.659422
-932.458455 -3307.287460 6710.534284
UTC=2024-01-12T03:22:02.000000
1452940.261759 -6717091.023401 -2100234.422707
-1177.749529 -2448.063323 7035.815896
UTC=2024-01-12T03:24:02.000000
1298541.100560 -6957118.588573 -1241840.630022
-1389.654413 -1546.538603 7252.259686
UTC=2024-01-12T03:26:02.000000
1120916.546150 -7087149.816442 -364189.262414
-1564.253386 -617.269866 7356.333545
UTC=2024-01-12T03:28:02.000000
924737.241627 -7104757.016596 519112.021125
-1698.458478 324.647879 7346.282912
UTC=2024-01-12T03:30:02.000000
714991.257820 -7009343.334707 1394353.699398
-1790.076053 1263.840165 7222.169704
UTC=2024-01-12T03:32:02.000000
496874.175696 -6802159.928117 2247943.437310
-1837.845849 2184.927844 6985.883515
UTC=2024-01-12T03:34:02.000000
275675.698726 -6486289.678876 3066623.989555
-1841.461433 3072.808235 6641.110812
UTC=2024-01-12T03:36:02.000000
56664.919167 -6066597.445576 3837684.772759
-1801.570910 3912.927694 6193.260327
UTC=2024-01-12T03:38:02.000000
-155023.005491 -5549649.231174 4549162.449798
-1719.752208 4691.526421 5649.359435
UTC=2024-01-12T03:40:02.000000
-354495.920256 -4943602.892849 5190028.281372
-1598.468680 5395.871594 5017.934320
UTC=2024-01-12T03:42:02.000000
-537207.294630 -4258071.919793 5750359.108008
-1441.005239 6014.467478 4308.859310
UTC=2024-01-12T03:44:02.000000
-699050.257621 -3503965.626151 6221489.554457
-1251.390622 6537.242905 3533.193110
UTC=2024-01-12T03:46:02.000000
-836441.476167 -2693308.287981 6596142.712787
-1034.305187 6955.707950 2702.984824
UTC=2024-01-12T03:48:02.000000
-946393.217909 -1839042.390903 6868537.342494
-794.977323 7263.065773 1831.082819
UTC=2024-01-12T03:50:02.000000
-1026572.560003 -954819.513109 7034472.836054
-539.073531 7454.310650 930.950698
UTC=2024-01-12T03:52:02.000000
-1075347.139330 -54780.354109 7091391.098787
-272.583261 7526.306059 16.465210
UTC=2024-01-12T03:54:02.000000
-1091816.474426 846672.388974 7038413.750151
-1.693696 7477.826958 -898.288613
UTC=2024-01-12T03:56:02.000000
-1075827.999181 1735104.780404 6876354.950207
267.338336 7309.578455 -1799.221063
UTC=2024-01-12T03:58:02.000000
-1027977.810455 2596282.988057 6607709.696545
528.312907 7024.186907 -2672.441790
UTC=2024-01-12T04:00:02.000000
-949596.359031 3416402.011324 6236617.777255
775.211092 6626.165630 -3504.461268
UTC=2024-01-12T04:02:02.000000
-842719.354687 4182308.866644 5768803.555452
1002.318207 6121.855348 -4282.393120
UTC=2024-01-12T04:04:02.000000
-710043.988090 4881716.701592 5211491.830203
1204.342996 5519.334613 -4994.147744
UTC=2024-01-12T04:06:02.000000
-554871.492096 5503407.076912 4573300.738577
1376.527760 4828.310359 -5628.625886
UTC=2024-01-12T04:08:02.000000
-381036.599811 6037416.375393 3864111.284428
1514.754707 4059.959065 -6175.905886
UTC=2024-01-12T04:10:02.000000
-192825.479371 6475201.872921 3094917.159429
1615.630567 3226.761113 -6627.390374
UTC=2024-01-12T04:12:02.000000
5116.029681 6809788.004523 2277655.379659
1676.567992 2342.315375 -6975.984311
UTC=2024-01-12T04:14:02.000000
207883.535588 7035885.206100 1425017.399186
1695.853290 1421.081230 -7216.223833
UTC=2024-01-12T04:16:02.000000
410421.457073 7149978.443062 550247.945383
1672.685809 478.132479 -7344.365764
UTC=2024-01-12T04:18:02.000000
607634.211125 7150385.323565 -333065.935309
1607.201607 -471.105977 -7358.457381
UTC=2024-01-12T04:20:02.000000
794498.786109 7037281.511608 -1211212.332212
1500.471307 -1411.138666 -7258.372143
UTC=2024-01-12T04:22:02.000000
966175.483026 6812692.551662 -2070573.449941
1354.473987 -2326.674289 -7045.801163
UTC=2024-01-12T04:24:02.000000
1118114.668895 6480453.424425 -2897841.723057
1172.056937 -3202.890521 -6724.214885
UTC=2024-01-12T04:26:02.000000
1246157.690486 6046136.801864 -3680229.469237
956.878030 -4025.689495 -6298.793338
UTC=2024-01-12T04:28:02.000000
1346629.755829 5516951.607918 -4405668.294478
713.329676 -4781.936193 -5776.325248
UTC=2024-01-12T04:30:02.000000
1416422.735438 4901614.324424 -5062994.574520
446.447441 -5459.673013 -5165.077287
UTC=2024-01-12T04:32:02.000000
1453066.178592 4210196.430455 -5642117.735697
161.805411 -6048.301358 -4474.640310
UTC=2024-01-12T04:34:02.000000
1454785.202101 3453952.100416 -6134169.511573
-134.597143 -6538.731853 -3715.767516
UTC=2024-01-12T04:36:02.000000
1420544.359859 2645129.079868 -6531632.888708
-436.456158 -6923.512426 -2900.194773
UTC=2024-01-12T04:38:02.000000
1350076.812669 1796766.618379 -6828448.646562
-737.285795 -7196.914859 -2040.452333
UTC=2024-01-12T04:40:02.000000
1243898.841876 922484.741797 -7020099.910488
-1030.540736 -7354.997518 -1149.685380
UTC=2024-01-12T04:42:02.000000
1103309.418354 36266.915838 -7103674.652709
-1309.742414 -7395.649229 -241.464105
UTC=2024-01-12T04:44:02.000000
930374.653384 -847760.822609 -7077905.207040
-1568.604602 -7318.605643 670.408083
UTC=2024-01-12T04:46:02.000000
727897.413679 -1715551.005132 -6943184.656678
-1801.153355 -7125.436033 1572.086305
UTC=2024-01-12T04:48:02.000000
499373.029896 -2553352.878663 -6701561.022153
-2001.840514 -6819.510574 2449.861606
UTC=2024-01-12T04:50:02.000000
248931.264214 -3347926.487884 -6356710.350142
-2165.659866 -6405.965103 3290.342420
UTC=2024-01-12T04:52:02.000000
-18735.342704 -4086750.784698 -5913886.439632
-2288.253934 -5891.629774 4080.656496
UTC=2024-01-12T04:54:02.000000
-298454.951385 -4758221.106269 -5379847.486059
-2366.007457 -5284.930670 4808.632609
UTC=2024-01-12T04:56:02.000000
-584670.975834 -5351834.163497 -4762761.030931
-2396.137284 -4595.776724 5462.983763
UTC=2024-01-12T04:58:02.000000
-871546.661833 -5858357.761612 -4072086.835268
-2376.768359 -3835.417782 6033.489861
UTC=2024-01-12T05:00:02.000000
-1153077.760422 -6269981.711571 -3318438.348418
-2306.992470 -3016.273326 6511.170255
UTC=2024-01-12T05:02:02.000000
-1423211.198578 -6580446.726185 -2513424.471809
-2186.909543 -2151.738504 6888.439416
UTC=2024-01-12T05:04:02.000000
-1675967.592615 -6785148.905929 -1669473.444522
-2017.649436 -1255.969872 7159.249876
UTC=2024-01-12T05:06:02.000000
-1905564.951292 -6881216.889852 -799640.734610
-1801.370062 -343.644908 7319.212731
UTC=2024-01-12T05:08:02.000000
-2106540.866138 -6867559.116209 82595.657256
-1541.234212 570.294265 7365.686816
UTC=2024-01-12T05:10:02.000000
-2273870.597254 -6744879.723197 963548.624318
-1241.363981 1470.905921 7297.834806
UTC=2024-01-12T05:12:02.000000
-2403078.264634 -6515662.487798 1829540.118170
-906.771573 2343.515463 7116.645895
UTC=2024-01-12T05:14:02.000000
-2490338.432322 -6184122.906576 2667119.916115
-543.268660 3173.978724 6824.922579
UTC=2024-01-12T05:16:02.000000
-2532565.602539 -5756129.303053 3463280.504171
-157.356162 3948.933014 6427.229220
UTC=2024-01-12T05:18:02.000000
-2527489.584775 -5239095.027883 4205663.663498
243.900045 4656.026709 5929.806200
UTC=2024-01-12T05:20:02.000000
-2473715.339293 -4641844.668598 4882755.005521
653.002668 5284.122352 5340.456062
UTC=2024-01-12T05:22:02.000000
-2370766.457874 -3974457.452567 5484063.581336
1062.162717 5823.475071 4668.409631
UTC=2024-01-12T05:24:02.000000
-2219111.158715 -3248090.465624 6000283.895407
1463.451253 6265.887606 3924.163746
UTC=2024-01-12T05:26:02.000000
-2020169.896338 -2474785.968150 6423436.984848
1848.951472 6604.819420 3119.300492
UTC=2024-01-12T05:28:02.000000
-1776305.057984 -1667267.568470 6746989.815768
2210.905332 6835.467251 2266.305997
UTC=2024-01-12T05:30:02.000000
-1490793.288076 -838727.723088 6965952.345507
2541.856867 6954.828505 1378.375917
UTC=2024-01-12T05:32:02.000000
-1167780.973183 -2609.785640 7076950.026085
2834.788129 6961.723711 469.206079
UTC=2024-01-12T05:34:02.000000
-812223.803272 827610.420087 7078272.306171
3083.250974 6856.790194 -447.197697
UTC=2024-01-12T05:36:02.000000
-429810.475550 1638641.814341 6969897.905813
3281.497517 6642.463804 -1356.721567
UTC=2024-01-12T05:38:02.000000
-26871.473279 2417591.194330 6753495.309713
3424.597847 6322.929546 -2245.351172
UTC=2024-01-12T05:40:02.000000
389725.512566 3152168.769307 6432398.484326
3508.544414 5904.044544 -3099.375915
UTC=2024-01-12T05:42:02.000000
812691.784277 3830883.329047 6011558.569290
3530.342195 5393.244258 -3905.587096
UTC=2024-01-12T05:44:02.000000
1234443.987165 4443224.836657 5497471.569301
3488.087030 4799.424140 -4651.478306
UTC=2024-01-12T05:46:02.000000
1647238.915813 4979831.422917 4898082.429798
3381.027675 4132.799854 -5325.439491
UTC=2024-01-12T05:48:02.000000
2043314.530067 5432637.995998 4222665.944594
3209.606418 3404.737539 -5916.945703
UTC=2024-01-12T05:50:02.000000
2415034.746312 5795003.134566 3481686.553577
2975.482720 2627.568759 -6416.722040
UTC=2024-01-12T05:52:02.000000
2755035.575081 6061813.665290 2686638.027890
2681.528363 1814.396826 -6816.916417
UTC=2024-01-12T05:54:02.000000
3056369.018593 6229563.332811 1849863.337894
2331.797975 978.858357 -7111.248623
UTC=2024-01-12T05:56:02.000000
3312641.718576 6296401.849033 984359.186019
1931.467947 134.875712 -7295.118700
UTC=2024-01-12T05:58:02.000000
3518144.680377 6262154.571014 103569.382487
1486.753184 -703.587198 -7365.685784
UTC=2024-01-12T06:00:02.000000
3667972.120553 6128312.517548 -778829.624120
1004.806318 -1522.775449 -7321.919012
UTC=2024-01-12T06:02:02.000000
3758126.508987 5897992.395674 -1649147.079074
493.589664 -2309.388241 -7164.609889
UTC=2024-01-12T06:04:02.000000
3785607.375099 5575868.186098 -2493895.826129
-38.266629 -3050.810114 -6896.354794
UTC=2024-01-12T06:06:02.000000
3748481.976833 5168075.462185 -3300006.106451
-581.625220 -3735.331499 -6521.501974
UTC=2024-01-12T06:08:02.000000
3645935.921631 4682090.624807 -4055030.716907
-1127.013215 -4352.345056 -6046.060714
UTC=2024-01-12T06:10:02.000000
3478303.140788 4126588.575924 -4747337.263418
-1664.793025 -4892.507128 -5477.580963
UTC=2024-01-12T06:12:02.000000
3247075.334124 3511282.757858 -5366285.186975
-2185.335183 -5347.873463 -4825.018538
UTC=2024-01-12T06:14:02.000000
2954890.694207 2846750.299352 -5902384.999324
-2679.188700 -5712.008654 -4098.573862
UTC=2024-01-12T06:16:02.000000
2605502.582309 2144246.220737 -6347437.340381
-3137.245421 -5980.059753 -3309.519295
UTC=2024-01-12T06:18:02.000000
2203728.866118 1415510.504846 -6694650.706920
-3550.896480 -6148.801917 -2470.014880
UTC=2024-01-12T06:20:02.000000
1755383.438924 672571.614718 -6938736.640695
-3912.172828 -6216.652085 -1592.921026
UTC=2024-01-12T06:22:02.000000
1267191.357733 -72450.200415 -7075983.020661
-4213.880119 -6183.661246 -691.619853
UTC=2024-01-12T06:24:02.000000
746687.837084 -807537.886815 -7104305.437616
-4449.730356 -6051.492308 220.176173
UTC=2024-01-12T06:26:02.000000
202102.774124 -1520968.069207 -7023274.853354
-4614.449859 -5823.365656 1128.620863
UTC=2024-01-12T06:28:02.000000
-357766.794196 -2201493.726758 -6834122.876817
-4703.876101 -5503.988283 2019.911871
UTC=2024-01-12T06:30:02.000000
-923695.741435 -2838518.275812 -6539725.667437
-4715.050953 -5099.479969 2880.475646
UTC=2024-01-12T06:32:02.000000
-1486179.868205 -3422259.268733 -6144564.511409
-4646.291141 -4617.270024 3697.164750
UTC=2024-01-12T06:34:02.000000
-2035592.266727 -3943898.353370 -5654663.827725
-4497.243287 -4065.977314 4457.437492
UTC=2024-01-12T06:36:02.000000
-2562345.689340 -4395716.541468 -5077507.561408
-4268.927713 -3455.282872 5149.541704
UTC=2024-01-12T06:38:02.000000
-3057058.977271 -4771212.816738 -4421932.977727
-3963.759717 -2795.777257 5762.705454
UTC=2024-01-12T06:40:02.000000
-3510724.145430 -5065202.922758 -3698002.214274
-3585.539922 -2098.786026 6287.314004
UTC=2024-01-12T06:42:02.000000
-3914870.938687 -5273896.615212 -2916853.591890
-3139.422840 -1376.185249 6715.072147
UTC=2024-01-12T06:44:02.000000
-4261726.156169 -5394951.866932 -2090534.019367
-2631.859270 -640.201221 7039.155615
UTC=2024-01-12T06:46:02.000000
-4544364.187209 -5427504.285874 -1231814.410313
-2070.507672 96.801014 7254.341730
UTC=2024-01-12T06:48:02.000000
-4756845.153982 -5372170.729673 -353990.935883
-1464.116585 822.535558 7357.113811
UTC=2024-01-12T06:50:02.000000
-4894337.369145 -5231026.654934 529324.456761
-822.381668 1525.014742 7345.735464
UTC=2024-01-12T06:52:02.000000
-4953221.276883 -5007557.243421 1404420.608742
-155.779569 2192.766930 7220.293781
UTC=2024-01-12T06:54:02.000000
-4931171.991320 -4706582.728393 2257706.572900
524.621208 2815.046213 6982.701915
UTC=2024-01-12T06:56:02.000000
-4827218.434653 -4334159.776086 3075928.891307
1207.359487 3382.021020 6636.662911
UTC=2024-01-12T06:58:02.000000
-4641778.161478 -3897461.519352 3846382.645520
1880.787325 3884.940845 6187.602512
UTC=2024-01-12T07:00:02.000000
-4376667.107873 -3404638.960483 4557112.767054
2533.282294 4316.280934 5642.573585
UTC=2024-01-12T07:02:02.000000
-4035083.706071 -2864666.447771 5197101.623918
3153.459153 4669.859617 5010.122197
UTC=2024-01-12T07:04:02.000000
-3621568.553139 -2287175.491703 5756439.093235
3730.365495 4940.916438 4300.135009
UTC=2024-01-12T07:06:02.000000
-3141941.140827 -1682280.849188 6226473.958312
4253.669689 5126.164999 3523.679529
UTC=2024-01-12T07:08:02.000000
-2603214.366123 -1060401.363129 6599945.218046
4713.842680 5223.827374 2692.826846
UTC=2024-01-12T07:10:02.000000
-2013487.937495 -432078.276391 6871090.746679
5102.326758 5233.639074 1820.452369
UTC=2024-01-12T07:12:02.000000
-1381822.871398 192204.626637 7035731.239373
5411.678545 5156.813709 920.027859
UTC=2024-01-12T07:14:02.000000
-718100.546136 802195.386513 7091330.286608
5635.688692 4995.993293 5.431548
UTC=2024-01-12T07:16:02.000000
-32867.596394 1388041.890216 7037031.354803
5769.496518 4755.187516 -909.251037
UTC=2024-01-12T07:18:02.000000
662831.849958 1940451.133756 6873670.371148
5809.685643 4439.689551 -1809.932283
UTC=2024-01-12T07:20:02.000000
1357634.210961 2450837.095641 6603763.477847
5754.358264 4055.969626 -2682.730165
UTC=2024-01-12T07:22:02.000000
2040041.882619 2911454.777792 6231470.420124
5603.185410 3611.554004 -3514.165695
UTC=2024-01-12T07:24:02.000000
2698613.685268 3315519.316674 5762534.475549
5357.440789 3114.895982 -4291.358693
UTC=2024-01-12T07:26:02.000000
3322158.262327 3657308.685941 5204198.527816
5020.013796 2575.230235 -5002.230363
UTC=2024-01-12T07:28:02.000000
3899926.750984 3932247.620088 4565096.765252
4595.381733 2002.405500 -5635.700955
UTC=2024-01-12T07:30:02.000000
4421800.416355 4136971.128903 3855124.893201
4089.563175 1406.718122 -6181.851782
UTC=2024-01-12T07:32:02.000000
4878472.703044 4269368.042987 3085289.906399
3510.058928 798.734701 -6632.113133
UTC=2024-01-12T07:34:02.000000
5261619.669864 4328601.194585 2267538.247018
2865.723452 189.090816 -6979.415892
UTC=2024-01-12T07:36:02.000000
5564054.796963 4315104.519125 1414568.684910
2166.634791 -411.696533 -7218.311290
UTC=2024-01-12T07:38:02.000000
5779866.086545 4230557.122818 539631.123632
1423.926524 -993.423201 -7345.076915
UTC=2024-01-12T07:40:02.000000
5904531.245960 4077834.427428 -343685.066329
649.591885 -1546.385524 -7357.785376
UTC=2024-01-12T07:42:02.000000
5935008.094608 3860937.390851 -1221668.453143
-143.729809 -2061.556012 -7256.331605
UTC=2024-01-12T07:44:02.000000
5869798.791107 3584901.622066 -2080704.333084
-942.977810 -2530.743112 -7042.429083
UTC=2024-01-12T07:46:02.000000
5708986.312710 3255688.554132 -2907490.854587
-1734.904900 -2946.728762 -6719.568921
UTC=2024-01-12T07:48:02.000000
5454242.904495 2880061.591228 -3689248.320773
-2506.308714 -3303.381891 -6292.948500
UTC=2024-01-12T07:50:02.000000
5108810.918932 2465449.973508 -4413918.430529
-3244.262189 -3595.750088 -5769.375620
UTC=2024-01-12T07:52:02.000000
4677455.750344 2019802.823888 -5070349.990345
-3936.344733 -3820.129630 -5157.134654
UTC=2024-01-12T07:54:02.000000
4166392.730593 1551437.077035 -5648466.642670
-4570.843370 -3974.096795 -4465.829499
UTC=2024-01-12T07:56:02.000000
3583190.814391 1068883.250096 -6139415.682282
-5136.940825 -4056.515146 -3706.222405
UTC=2024-01-12T07:58:02.000000
2936654.508310 580731.531897 -6535696.646159
-5624.889227 -4067.522468 -2890.057267
UTC=2024-01-12T08:00:02.000000
2236686.406903 95480.918821 -6831267.784038
-6026.156922 -4008.492670 -2029.871232
UTC=2024-01-12T08:02:02.000000
1494133.701693 -378605.943694 -7021630.280081
-6333.551812 -3881.981029 -1138.813055
UTC=2024-01-12T08:04:02.000000
720620.330145 -833640.645788 -7103890.760595
-6541.339133 -3691.656435 -230.458344
UTC=2024-01-12T08:06:02.000000
-71633.751788 -1262237.431674 -7076800.497878
-6645.331529 -3442.211243 681.389411
UTC=2024-01-12T08:08:02.000000
-870002.257057 -1657630.099831 -6940771.802656
-6642.955129 -3139.262390 1582.879294
UTC=2024-01-12T08:10:02.000000
-1661649.886542 -2013776.820605 -6697872.686945
-6533.307981 -2789.247333 2460.299866
UTC=2024-01-12T08:12:02.000000
-2433735.076771 -2325451.551405 -6351798.405991
-6317.190225 -2399.303659 3300.273173
UTC=2024-01-12T08:14:02.000000
-3173614.857596 -2588320.364983 -5907820.518256
-5997.112305 -1977.141506 4089.934694
UTC=2024-01-12T08:16:02.000000
-3869050.181112 -2799002.531410 -5372714.473824
-5577.294029 -1530.914902 4817.116072
UTC=2024-01-12T08:18:02.000000
-4508409.526153 -2955115.368715 -4754664.415545
-5063.631820 -1069.079000 5470.539108
UTC=2024-01-12T08:20:02.000000
-5080866.247628 -3055301.340082 -4063145.417259
-4463.630948 -600.239283 6039.995161
UTC=2024-01-12T08:22:02.000000
-5576586.487731 -3099236.994482 -3308784.864390
-3786.314952 -132.999241 6516.515637
UTC=2024-01-12T08:24:02.000000
-5986904.318602 -3087623.360942 -2503203.846954
-3042.102188 324.196221 6892.532867
UTC=2024-01-12T08:26:02.000000
-6304479.939773 -3022157.534758 -1658840.383045
-2242.647870 763.216348 7162.020088
UTC=2024-01-12T08:28:02.000000
-6523437.396407 -2905485.897246 -788757.320357
-1400.661254 1176.395361 7320.608077
UTC=2024-01-12T08:30:02.000000
-6639478.562977 -2741139.537005 93562.275234
-529.693180 1556.676880 7365.674173
UTC=2024-01-12T08:32:02.000000
-6649970.506999 -2533453.131889 974428.460258
356.094249 1897.744909 7296.400788
UTC=2024-01-12T08:34:02.000000
-6554003.808746 -2287468.921517 1840163.034079
1242.182074 2194.140813 7113.802014
UTC=2024-01-12T08:36:02.000000
-6352419.413918 -2008827.750698 2677318.634039
2113.960031 2441.360745 6820.703932
UTC=2024-01-12T08:38:02.000000
-6047804.289927 -1703649.839087 3472893.176366
2956.979871 2635.929427 6421.692123
UTC=2024-01-12T08:40:02.000000
-5644456.436893 -1378407.963014 4214536.939948
3757.217569 2775.453412 5923.036971
UTC=2024-01-12T08:42:02.000000
-5148318.433848 -1039795.630667 4890747.571781
4501.325874 2858.649137 5332.566918
UTC=2024-01-12T08:44:02.000000
-4566883.062952 -694593.781511 5491048.461060
5176.849636 2885.340970 4659.525564
UTC=2024-01-12T08:46:02.000000
-3909073.966540 -349538.822109 6006149.797105
5772.430236 2856.442352 3914.422611
UTC=2024-01-12T08:48:02.000000
-3185102.244370 -11193.999454 6428090.222587
6277.998219 2773.917190 3108.857824
UTC=2024-01-12T08:50:02.000000
-2406301.784755 314173.027113 6750356.171697
6684.934010 2640.715336 2255.328948
UTC=2024-01-12T08:52:02.000000
-1584947.135261 620703.742397 6967978.022371
6986.199640 2460.692429 1367.037964
UTC=2024-01-12T08:54:02.000000
-734057.032710 903052.367385 7077602.581275
7176.445086 2238.522356 457.689519
UTC=2024-01-12T08:56:02.000000
132813.193775 1156477.951658 7077541.358479
7252.089026 1979.593534 -458.709199
UTC=2024-01-12T08:58:02.000000
1001787.699689 1376923.456051 6967794.879513
7211.379211 1689.896863 -1368.048769
UTC=2024-01-12T09:00:02.000000
1858892.099412 1561080.901040 6750052.705586
7054.429139 1375.904540 -2256.322151
UTC=2024-01-12T09:02:02.000000
2690278.132788 1706441.386540 6427669.050096
6783.227195 1044.440682 -3109.824897
UTC=2024-01-12T09:04:02.000000
3482448.282912 1811329.461059 6005614.595562
6401.627241 702.549496 -3915.354745
UTC=2024-01-12T09:06:02.000000
4222477.389301 1874921.317655 5490403.776429
5915.303247 357.357952 -4660.417637
UTC=2024-01-12T09:08:02.000000
4898226.629420 1897246.617288 4889998.502155
5331.673713 15.941495 -5333.412742
UTC=2024-01-12T09:10:02.000000
5498547.887781 1879174.274993 4213690.044716
4659.815379 -314.810886 -5923.817400
UTC=2024-01-12T09:12:02.000000
6013475.366333 1822381.746534 3471957.749842
3910.327691 -628.334790 -6422.383492
UTC=2024-01-12T09:14:02.000000
6434397.571690 1729308.272602 2676306.648078
3095.154881 -918.519156 -6821.285534
UTC=2024-01-12T09:16:02.000000
6754208.231833 1603093.125235 1839088.644560
2227.405632 -1179.826944 -7114.258188
UTC=2024-01-12T09:18:02.000000
6967432.761384 1447500.057465 973307.523960
1321.125448 -1407.404393 -7296.718229
UTC=2024-01-12T09:20:02.000000
7070326.085524 1266829.508339 92412.144273
391.053507 -1597.174464 -7365.842095
UTC=2024-01-12T09:22:02.000000
7060940.662451 1065820.605464 -789918.419139
-547.636816 -1745.914643 -7320.622682
UTC=2024-01-12T09:24:02.000000
6939161.854595 849544.743221 -1659993.900181
-1479.615556 -1851.318033 -7161.878244
UTC=2024-01-12T09:26:02.000000
6706710.702237 623293.161266 -2504330.685144
-2389.662722 -1912.031626 -6892.229244
UTC=2024-01-12T09:28:02.000000
6367114.534590 392461.496236 -3309865.310018
-3262.937644 -1927.668758 -6516.045374
UTC=2024-01-12T09:30:02.000000
5925645.933511 162434.046609 -4064159.384360
-4085.235283 -1898.802411 -6039.358117
UTC=2024-01-12T09:32:02.000000
5389231.638502 -61529.969831 -4755592.243963
-4843.230042 -1826.937819 -5469.741796
UTC=2024-01-12T09:34:02.000000
4766333.897949 -274405.544499 -5373537.371698
-5524.687797 -1714.463481 -4816.165682
UTC=2024-01-12T09:36:02.000000
4066808.398599 -471504.100734 -5908520.586292
-6118.647579 -1564.586441 -4088.839792
UTC=2024-01-12T09:38:02.000000
3301741.425297 -648567.300680 -6352359.113620
-6615.586298 -1381.256402 -3299.048093
UTC=2024-01-12T09:40:02.000000
2483268.640009 -801850.741542 -6698279.401354
-7007.556888 -1169.072311 -2458.961401
UTC=2024-01-12T09:42:02.000000
1624379.709397 -928195.755864 -6941012.183981
-7288.287523 -933.180679 -1581.450335
UTC=2024-01-12T09:44:02.000000
738712.229142 -1025088.921277 -7076865.635800
-7453.263890 -679.170302 -679.903926
UTC=2024-01-12T09:46:02.000000
-159663.151477 -1090708.122292 -7103776.134400
-7499.789739 -412.954356 231.962701
UTC=2024-01-12T09:48:02.000000
-1056462.851127 -1123954.492553 -7021336.002781
-7427.016336 -140.654617 1140.295592
UTC=2024-01-12T09:50:02.000000
-1937413.273820 -1124470.332798 -6830799.088961
-7235.959709 131.518601 2031.289217
UTC=2024-01-12T09:52:02.000000
-2788474.137929 -1092642.325007 -6535063.191967
-6929.487062 397.389441 2891.381762
UTC=2024-01-12T09:54:02.000000
-3596058.343764 -1029590.217313 -6138629.914931
-6512.277910 650.935438 3707.433070
UTC=2024-01-12T09:56:02.000000
-4347247.149194 -937141.387967 -5647543.409566
-5990.782784 886.405154 4466.907195
UTC=2024-01-12T09:58:02.000000
-5029998.289963 -817791.213386 -5069306.045324
-5373.142251 1098.435555 5158.067404
UTC=2024-01-12T10:00:02.000000
-5633342.401142 -674649.868137 -4412771.664338
-4669.077968 1282.160558 5770.155134
UTC=2024-01-12T10:02:02.000000
-6147565.290545 -511376.451868 -3688017.646360
-3889.763736 1433.314515 6293.566159
UTC=2024-01-12T10:04:02.000000
-6564372.646645 -332101.021923 -2906195.998059
-3047.659610 1548.328343 6720.020851
UTC=2024-01-12T10:06:02.000000
-6877032.932132 -141336.122754 -2079365.330401
-2156.318233 1624.408593 7042.711615
UTC=2024-01-12T10:08:02.000000
-7080495.945008 56120.558641 -1220306.221647
-1230.170939 1659.606609 7256.434452
UTC=2024-01-12T10:10:02.000000
-7171483.620589 255290.754355 -342321.602303
-284.276923 1652.867744 7357.702978
UTC=2024-01-12T10:12:02.000000
-7148549.055846 451124.829094 540973.672936
665.947577 1604.060307 7344.811450
UTC=2024-01-12T10:14:02.000000
-7012103.662958 638613.224575 1415868.696706
1604.991575 1513.983470 7217.869461
UTC=2024-01-12T10:16:02.000000
-6764412.123184 812897.581672 2268775.308503
2517.524728 1384.354258 6978.811344
UTC=2024-01-12T10:18:02.000000
-6409554.045493 969379.120827 3086445.600703
3388.674101 1217.774729 6631.365275
UTC=2024-01-12T10:20:02.000000
-5953352.939682 1103821.801709 3856183.420314
4204.290695 1017.677725 6180.984192
UTC=2024-01-12T10:22:02.000000
-5403274.431495 1212447.820200 4566045.337499
4951.193054 788.254307 5634.741037
UTC=2024-01-12T10:24:02.000000
-4768296.836603 1292023.438307 5205027.571257
5617.385434 534.365022 5001.199957
UTC=2024-01-12T10:26:02.000000
-4058757.242835 1339933.318356 5763236.026497
6192.246164 261.438466 4290.265626
UTC=2024-01-12T10:28:02.000000
-3286176.632946 1354242.144515 6232037.593083
6666.690760 -24.639851 3513.021411
UTC=2024-01-12T10:30:02.000000
-2463066.808547 1333742.325270 6604191.009927
7033.311158 -317.646678 2681.549819
UTC=2024-01-12T10:32:02.000000
-1602722.322246 1277987.115884 6873954.946069
7286.484022 -611.146288 1808.732865
UTC=2024-01-12T10:34:02.000000
-719001.960560 1187308.292271 7037171.684109
7422.436838 -898.620375 908.048928
UTC=2024-01-12T10:36:02.000000
173895.864592 1062818.361559 7091326.906922
7439.286868 -1173.596762 -6.622844
UTC=2024-01-12T10:38:02.000000
1061661.316487 906397.282796 7035585.938984
7337.060974 -1429.777674 -921.201213
UTC=2024-01-12T10:40:02.000000
1930102.172213 720664.022203 6870805.864332
7117.689195 -1661.164986 -1821.605073
UTC=2024-01-12T10:42:02.000000
2765370.523698 508933.181254 6599523.471616
6784.973151 -1862.182809 -2693.953486
UTC=2024-01-12T10:44:02.000000
3554184.516707 275157.243940 6225919.174469
6344.534448 -2027.794753 -3524.768491
UTC=2024-01-12T10:46:02.000000
4284041.958345 23855.154731 5755756.253809
5803.729023 -2153.613812 -4301.179760
UTC=2024-01-12T10:48:02.000000
4943422.013131 -239971.762733 5196296.205071
5171.536557 -2236.003030 -5011.119712
UTC=2024-01-12T10:50:02.000000
5521972.238459 -510935.194743 4556190.881068
4458.425806 -2272.163074 -5643.514767
UTC=2024-01-12T10:52:02.000000
6010677.786168 -783364.866078 3845352.180732
3676.192485 -2260.204537 -6188.466930
UTC=2024-01-12T10:54:02.000000
6402009.626582 -1051421.306810 3074800.522781
2837.769756 -2199.205027 -6637.426416
UTC=2024-01-12T10:56:02.000000
6690048.092208 -1309214.271630 2256493.683488
1957.008685 -2089.244393 -6983.343762
UTC=2024-01-12T10:58:02.000000
6870578.777088 -1550924.020827 1403139.034187
1048.438548 -1931.419056 -7220.792992
UTC=2024-01-12T11:00:02.000000
6941159.136104 -1770923.337425 527992.688657
127.018722 -1727.839053 -7346.069197
UTC=2024-01-12T11:02:02.000000
6901154.286429 -1963897.757444 -355351.928303
-792.129630 -1481.599008 -7357.264831
UTC=2024-01-12T11:04:02.000000
6751739.674731 -2124960.428484 -1233181.902973
-1693.999385 -1196.720934 -7254.297099
UTC=2024-01-12T11:06:02.000000
6495871.566370 -2249759.411715 -2091883.909576
-2563.962226 -878.084113 -7038.905547
UTC=2024-01-12T11:08:02.000000
6138225.742835 -2334575.064112 -2918160.801713
-3388.029308 -531.330406 -6714.609921
UTC=2024-01-12T11:10:02.000000
5685106.309575 -2376405.140851 -3699240.936662
-4153.088210 -162.755393 -6286.633731
UTC=2024-01-12T11:12:02.000000
5144327.581145 -2373036.116213 -4423076.712471
-4847.114548 220.812091 -5761.802075
UTC=2024-01-12T11:14:02.000000
4525071.856879 -2323099.480925 -5078529.515841
-5459.363164 612.139527 -5148.416442
UTC=2024-01-12T11:16:02.000000
3837725.659987 -2226112.008681 -5655537.917742
-5980.533087 1003.728195 -4456.100415
UTC=2024-01-12T11:18:02.000000
3093698.645050 -2082499.235323 -6145266.028098
-6402.889842 1387.954192 -3695.627239
UTC=2024-01-12T11:20:02.000000
2305230.111647 -1893602.101954 -6540231.250198
-6720.354099 1757.207716 -2878.750735
UTC=2024-01-12T11:22:02.000000
1485185.633478 -1661666.882394 -6834411.497854
-6928.578077 2104.033276 -2018.026486
UTC=2024-01-12T11:24:02.000000
646846.412942 -1389818.449321 -7023329.549127
-7024.985508 2421.264212 -1126.614876
UTC=2024-01-12T11:26:02.000000
-196304.156615 -1082017.975213 -7104114.437527
-7008.783511 2702.150360 -218.095018
UTC=2024-01-12T11:28:02.000000
-1030794.113779 -743005.440333 -7075540.347966
-6880.951913 2940.481455 693.723476
UTC=2024-01-12T11:30:02.000000
-1843374.235161 -378227.675728 -6938043.199361
-6644.217184 3130.706827 1594.987149
UTC=2024-01-12T11:32:02.000000
-2621224.729276 6247.575913 -6693714.184231
-6302.998461 3268.045429 2471.993039
UTC=2024-01-12T11:34:02.000000
-3352153.895052 403829.955714 -6346270.722573
-5863.331621 3348.584142 3311.369572
UTC=2024-01-12T11:36:02.000000
-4024787.319795 807516.244108 -5901005.915696
-5332.787250 3369.369086 4100.259073
UTC=2024-01-12T11:38:02.000000
-4628745.815334 1210010.164562 -5364715.271681
-4720.360614 3328.481450 4826.509548
UTC=2024-01-12T11:40:02.000000
-5154808.684561 1603850.730364 -4745601.307409
-4036.342334 3225.105664 5478.853885
UTC=2024-01-12T11:42:02.000000
-5595060.221420 1981547.873863 -4053155.927880
-3292.162095 3059.577630 6047.099768
UTC=2024-01-12T11:44:02.000000
-5943015.586835 2335722.009221 -3298021.146754
-2500.207297 2833.404961 6522.297650
UTC=2024-01-12T11:46:02.000000
-6193724.265222 2659245.042758 -2491830.445437
-1673.627945 2549.270281 6896.897979
UTC=2024-01-12T11:48:02.000000
-6343848.683482 2945380.422216 -1647032.062813
-826.118664 2211.011255 7164.892871
UTC=2024-01-12T11:50:02.000000
-6391715.640636 3187919.251413 -776696.596917
28.315980 1823.574547 7321.934994
UTC=2024-01-12T11:52:02.000000
-6337338.858113 3381309.253428 105687.969319
875.606728 1392.942585 7365.428218
UTC=2024-01-12T11:54:02.000000
-6182411.544510 3520773.331242 986430.348224
1701.874418 926.034478 7294.586487
UTC=2024-01-12T11:56:02.000000
-5930268.314247 3602415.071181 1851854.557638
2493.682063 430.587607 7110.450960
UTC=2024-01-12T11:58:02.000000
-5585817.692168 3623308.735263 2688518.526146
3238.273540 -84.982138 6815.872695
UTC=2024-01-12T12:00:02.000000
-5155446.997029 3581571.603070 3483428.473276
3923.793684 -611.733716 6415.461975
UTC=2024-01-12T12:02:02.000000
-4646901.734967 3476417.077364 4224245.546025
4539.493608 -1140.368236 5915.506664
UTC=2024-01-12T12:04:02.000000
-4069141.905832 3308187.226608 4899480.188520
5075.906482 -1661.402114 5323.851663
UTC=2024-01-12T12:06:02.000000
-3432179.460366 3078364.735883 5498670.934400
5524.989021 -2165.336944 4649.763403
UTC=2024-01-12T12:08:02.000000
-2746899.792538 2789564.364232 6012545.824477
5880.244623 -2642.832540 3903.771628
UTC=2024-01-12T12:10:02.000000
-2024870.698491 2445503.564641 6433163.364500
6136.807959 -3084.878514 3097.490618
UTC=2024-01-12T12:12:02.000000
-1278142.951382 2050953.071394 6754031.351674
6291.501154 -3482.956899 2243.426984
UTC=2024-01-12T12:14:02.000000
-519046.532782 1611668.688648 6970201.882996
6342.848248 -3829.191802 1354.781259
UTC=2024-01-12T12:16:02.000000
240013.480868 1134305.687448 7078343.368053
6291.072536 -4116.490767 445.258347
UTC=2024-01-12T12:18:02.000000
986759.771927 626316.908278 7076788.902737
6138.073360 -4338.673780 -471.135816
UTC=2024-01-12T12:20:02.000000
1709241.058988 95836.167279 6965560.310862
5887.375298 -4490.589794 -1380.294803
UTC=2024-01-12T12:22:02.000000
2396023.136381 -448451.705080 6746368.253647
5544.058391 -4568.223166 -2268.211313
UTC=2024-01-12T12:24:02.000000
3036370.356764 -997452.773042 6422588.144648
5114.668816 -4568.784164 -3121.180864
UTC=2024-01-12T12:26:02.000000
3620415.258209 -1541815.542456 5999211.627051
4607.110164 -4490.781182 -3926.004654
UTC=2024-01-12T12:28:02.000000
4139313.673702 -2072090.319717 5482773.608981
4030.509051 -4334.075755 -4670.193829
UTC=2024-01-12T12:30:02.000000
4585382.359269 -2578893.534434 4881255.481520
3395.061326 -4099.912141 -5342.159712
UTC=2024-01-12T12:32:02.000000
4952217.555765 -3053074.674167 4203966.040945
2711.866581 -3790.930508 -5931.398679
UTC=2024-01-12T12:34:02.000000
5234792.430897 -3485883.140493 3461400.244779
1992.741121 -3411.150301 -6428.674188
UTC=2024-01-12T12:36:02.000000
5429530.834878 -3869131.134852 2665077.076760
1250.010418 -2965.921697 -6826.180816
UTC=2024-01-12T12:38:02.000000
5534355.165690 -4195349.158428 1827359.414769
496.287789 -2461.852102 -7117.679210
UTC=2024-01-12T12:40:02.000000
5548707.583555 -4457931.228741 961259.169126
-255.748328 -1906.706429 -7298.608585
UTC=2024-01-12T12:42:02.000000
5473544.211169 -4651266.192441 80230.530192
-993.581314 -1309.277464 -7366.169055
UTC=2024-01-12T12:44:02.000000
5311302.186852 -4770852.384966 -802044.752127
-1705.081515 -679.236073 -7319.374069
UTC=2024-01-12T12:46:02.000000
5065840.035698 -4813392.611505 -1671876.292727
-2378.724063 -26.955948 -7159.065389
UTC=2024-01-12T12:48:02.000000
4742352.715237 -4776867.398194 -2515783.463188
-3003.792117 636.673839 -6887.890324
UTC=2024-01-12T12:50:02.000000
4347263.522655 -4660585.042556 -3320708.904203
-3570.558654 1300.445868 -6510.243895
UTC=2024-01-12T12:52:02.000000
3888095.587789 -4465207.743579 -4074223.269215
-4070.444070 1953.036804 -6032.180535
UTC=2024-01-12T12:54:02.000000
3373326.128465 -4192753.310898 -4764717.537858
-4496.146067 2583.209592 -5461.296342
UTC=2024-01-12T12:56:02.000000
2812226.676107 -3846572.947987 -5381579.694525
-4841.742808 3180.010263 -4806.585655
UTC=2024-01-12T12:58:02.000000
2214693.044878 -3431306.028831 -5915352.696094
-5102.759177 3732.952402 -4078.275498
UTC=2024-01-12T13:00:02.000000
1591069.385017 -2952813.818334 -6357872.399600
-5276.202944 4232.184849 -3287.659788
UTC=2024-01-12T13:02:02.000000
951968.777498 -2418093.382071 -6702385.407432
-5360.585640 4668.656088 -2446.926351
UTC=2024-01-12T13:04:02.000000
308092.949477 -1835172.175163 -6943644.884161
-5355.914007 5034.267753 -1568.963737
UTC=2024-01-12T13:06:02.000000
-329945.121222 -1212985.764838 -7077982.946405
-5263.652469 5322.002983 -667.167828
UTC=2024-01-12T13:08:02.000000
-951792.940250 -561241.143882 -7103360.366677
-5086.668037 5526.039154 244.743456
UTC=2024-01-12T13:10:02.000000
-1547523.061368 109732.732311 -7019394.096900
-4829.165580 5641.848605 1152.917153
UTC=2024-01-12T13:12:02.000000
-2107788.672691 789145.592646 -6827361.972352
-4496.601183 5666.283060 2043.555750
UTC=2024-01-12T13:14:02.000000
-2623967.642533 1465915.711649 -6530184.997770
-4095.578762 5597.643442 2903.101407
UTC=2024-01-12T13:16:02.000000
-3088293.659386 2128847.068939 -6132387.538547
-3633.738873 5435.731320 3718.419680
UTC=2024-01-12T13:18:02.000000
-3493973.407793 2766811.871619 -5640035.475214
-3119.635844 5181.886989 4476.984480
UTC=2024-01-12T13:20:02.000000
-3835288.170279 3368936.348997 -5060651.793098
-2562.601264 4839.003985 5167.068934
UTC=2024-01-12T13:22:02.000000
-4107677.982018 3924786.612107 -4403109.237461
-1972.588404 4411.515481 5777.934463
UTC=2024-01-12T13:24:02.000000
-4307805.986022 4424551.188931 -3677501.051929
-1359.999578 3905.352785 6300.005622
UTC=2024-01-12T13:26:02.000000
-4433601.740634 4859217.015305 -2894991.747154
-735.510314 3327.877798 6725.029417
UTC=2024-01-12T13:28:02.000000
-4484283.286150 5220735.502186 -2067649.248338
-109.888526 2687.784252 7046.224956
UTC=2024-01-12T13:30:02.000000
-4460356.981194 5502175.194361 -1208260.414307
506.193022 1994.975029 7258.411073
UTC=2024-01-12T13:32:02.000000
-4363594.544460 5697858.054959 -330132.103454
1102.351230 1260.407810 7358.118560
UTC=2024-01-12T13:34:02.000000
-4196986.597317 5803474.667088 553118.900874
1668.683626 495.903147 7343.658457
UTC=2024-01-12T13:36:02.000000
-3964674.456471 5816176.224120 1427782.123784
2195.944006 -286.051488 7215.164256
UTC=2024-01-12T13:38:02.000000
-3671860.991585 5734641.106870 2280273.181601
2675.713448 -1072.529546 6974.601237
UTC=2024-01-12T13:40:02.000000
-3324701.810446 5559113.335266 3097351.685452
3100.555230 -1850.403679 6625.726860
UTC=2024-01-12T13:42:02.000000
-2930179.794901 5291412.475121 3866331.906970
3464.135637 -2606.580121 6174.013457
UTC=2024-01-12T13:44:02.000000
-2495966.782252 4934915.918973 4575282.994591
3761.320354 -3328.227502 5626.551623
UTC=2024-01-12T13:46:02.000000
-2030275.042780 4494513.639239 5213215.878254
3988.245768 -4003.004157 4991.924157
UTC=2024-01-12T13:48:02.000000
-1541701.814989 3976536.437341 5770253.665549
4142.365268 -4619.272939 4280.057310
UTC=2024-01-12T13:50:02.000000
-1039069.895675 3388659.239575 6237782.577541
4222.466061 -5166.300088 3502.046971
UTC=2024-01-12T13:52:02.000000
-531268.023617 2739781.805183 6608581.446032
4228.658185 -5634.433406 2669.975654
UTC=2024-01-12T13:54:02.000000
-27093.988419 2039889.551108 6876928.650084
4162.340354 -6015.254292 1796.722494
UTC=2024-01-12T13:56:02.000000
464897.265606 1299897.013469 7038686.422048
4026.151610 -6301.718793 895.771857
UTC=2024-01-12T13:58:02.000000
936538.427070 531475.507517 7091361.015890
3823.899626 -6488.274179 -18.994054
UTC=2024-01-12T14:00:02.000000
1380184.845210 -253131.400231 7034138.597827
3560.472049 -6570.950216 -933.491070
UTC=2024-01-12T14:02:02.000000
1788838.215034 -1041302.839680 6867897.635753
3241.735638 -6547.440594 -1833.633179
UTC=2024-01-12T14:04:02.000000
2156257.279777 -1820243.778960 6595196.609236
2874.420967 -6417.155191 -2705.539342
UTC=2024-01-12T14:06:02.000000
2477054.093312 -2577193.065400 6220237.477346
2465.997542 -6181.252583 -3535.733714
UTC=2024-01-12T14:08:02.000000
2746774.563642 -3299633.899291 5748804.671498
2024.535956 -5842.645077 -4311.351210
UTC=2024-01-12T14:10:02.000000
2961961.675835 -3975503.135348 5188179.848781
1558.558216 -5405.974729 -5020.335183
UTC=2024-01-12T14:12:02.000000
3120200.579849 -4593396.062095 4547033.589467
1076.886311 -4877.563528 -5651.624651
UTC=2024-01-12T14:14:02.000000
3220145.149075 -5142763.691092 3835294.601561
588.482477 -4265.334528 -6195.342145
UTC=2024-01-12T14:16:02.000000
3261524.803667 -5614098.219701 3063997.480001
102.282986 -3578.697175 -6642.959580
UTC=2024-01-12T14:18:02.000000
3245131.490141 -5999103.280822 2245111.537892
-372.967885 -2828.405439 -6987.450239
UTC=2024-01-12T14:20:02.000000
3172786.598654 -6290844.869586 1391352.805535
-828.883443 -2026.379462 -7223.413437
UTC=2024-01-12T14:22:02.000000
3047288.911213 -6483879.435157 515983.079248
-1257.584596 -1185.505743 -7347.166871
UTC=2024-01-12T14:24:02.000000
2872345.016366 -6574357.269282 -367400.664500
-1651.844160 -319.424397 -7356.817136
UTC=2024-01-12T14:26:02.000000
2652482.716426 -6560098.502191 -1245084.081477
-2005.223910 557.718455 -7252.304073
UTC=2024-01-12T14:28:02.000000
2392949.146208 -6440638.126898 -2103455.114766
-2312.189994 1431.529001 -7035.387161
UTC=2024-01-12T14:30:02.000000
2099596.703302 -6217240.933318 -2929220.322738
-2568.202727 2287.613944 -6709.610519
UTC=2024-01-12T14:32:02.000000
1778758.780911 -5892885.482862 -3709615.382872
-2769.795014 3111.848234 -6280.230611
UTC=2024-01-12T14:34:02.000000
1437118.657903 -5472216.849109 -4432603.726788
-2914.605926 3890.619812 -5754.100963
UTC=2024-01-12T14:36:02.000000
1081575.613848 -4961471.486326 -5087060.751601
-3001.397846 4611.053767 -5139.543598
UTC=2024-01-12T14:38:02.000000
719110.142210 -4368376.244801 -5662941.174016
-3030.052124 5261.217925 -4446.199229
UTC=2024-01-12T14:40:02.000000
356651.034651 -3702023.725712 -6151427.576341
-3001.543090 5830.311621 -3684.862457
UTC=2024-01-12T14:42:02.000000
946.823983 -2972726.417936 -6545058.182233
-2917.891267 6308.828957 -2867.302455
UTC=2024-01-12T14:44:02.000000
-341556.039005 -2191852.787076 -6837832.859775
-2782.098813 6688.697530 -2006.079813
UTC=2024-01-12T14:46:02.000000
-664826.341879 -1371648.109163 -7025296.875788
-2598.069670 6963.393305 -1114.359603
UTC=2024-01-12T14:48:02.000000
-963350.887830 -525042.831548 -7104602.300732
-2370.517447 7128.035232 -205.725197
UTC=2024-01-12T14:50:02.000000
-1232225.724801 334549.190453 -7074546.617507
-2104.865141 7179.456651 706.015506
UTC=2024-01-12T14:52:02.000000
-1467234.775003 1193439.314159 -6935588.419996
-1807.135232 7116.251658 1607.015230
UTC=2024-01-12T14:54:02.000000
-1664914.736857 2037877.663522 -6689841.016306
-1483.831276 6938.808357 2483.574340
UTC=2024-01-12T14:56:02.000000
-1822605.561230 2854269.032460 -6341043.741727
-1141.817259 6649.317863 3322.321793
UTC=2024-01-12T14:58:02.000000
-1938486.296835 3629389.291148 -5894511.224570
-788.192107 6251.769341 4110.406649
UTC=2024-01-12T15:00:02.000000
-2011595.331356 4350599.028041 -5357059.601462
-430.157716 5751.911362 4835.684867
UTC=2024-01-12T15:02:02.000000
-2041834.983396 5006051.494975 -4736910.546358
-74.888775 5157.193812 5486.906809
UTC=2024-01-12T15:04:02.000000
-2029960.124465 5584891.428203 -4043572.662602
270.602903 4476.672631 6053.902882
UTC=2024-01-12T15:06:02.000000
-1977550.503422 6077440.408650 -3287701.638818
599.603410 3720.882833 6527.750844
UTC=2024-01-12T15:08:02.000000
-1886967.178388 6475365.631174 -2480941.353792
905.825322 2901.689611 6900.927901
UTC=2024-01-12T15:10:02.000000
-1761294.075051 6771829.177366 -1635747.141216
1183.528124 2032.108921 7167.455151
UTC=2024-01-12T15:12:02.000000
-1604265.403915 6961613.355201 -765193.326979
1427.631859 1126.091647 7323.010144
UTC=2024-01-12T15:14:02.000000
-1420180.326773 7041219.549804 117230.773451
1633.816441 198.299289 7365.012501
UTC=2024-01-12T15:16:02.000000
-1213806.403020 7008938.735636 997834.402765
1798.607854 -736.148629 7292.694396
UTC=2024-01-12T15:18:02.000000
-990273.943492 6864889.490239 1862945.006632
1919.443755 -1661.959886 7107.125904
UTC=2024-01-12T15:20:02.000000
-754963.637966 6611021.745539 2699127.388133
1994.718884 -2563.948724 6811.184866
UTC=2024-01-12T15:22:02.000000
-513390.269197 6251088.254612 3493397.390593
2023.805252 -3427.296953 6409.499615
UTC=2024-01-12T15:24:02.000000
-271085.293951 5790585.208153 4233427.296511
2007.050623 -4237.805420 5908.367301
UTC=2024-01-12T15:26:02.000000
-33480.826177 5236663.279387 4907740.664942
1945.759252 -4982.143505 5315.659808
UTC=2024-01-12T15:28:02.000000
194203.330737 4598007.893563 5505892.315809
1842.156540 -5648.095612 4640.660378
UTC=2024-01-12T15:30:02.000000
407066.527405 3884695.020556 6018627.250629
1699.324595 -6224.729594 3893.899663
UTC=2024-01-12T15:32:02.000000
600625.645985 3108026.332279 6438021.341520
1521.125987 -6702.578553 3086.996135
UTC=2024-01-12T15:34:02.000000
770903.373129 2280344.151998 6757600.085546
1312.112326 -7073.785348 2232.460086
UTC=2024-01-12T15:36:02.000000
914504.982227 1414831.219414 6972434.268224
1077.424126 -7332.218324 1343.503081
UTC=2024-01-12T15:38:02.000000
1028682.445251 525297.901558 7079211.926675
822.680116 -7473.559666 433.833586
UTC=2024-01-12T15:40:02.000000
1111384.857192 -374038.907619 7076286.093105
553.860273 -7495.360093 -482.538170
UTC=2024-01-12T15:42:02.000000
1161294.455424 -1268782.954449 6963699.397350
277.182863 -7397.085304 -1391.497714
UTC=2024-01-12T15:44:02.000000
1177847.674070 -2144589.515779 6743183.926949
-1.021708 -7180.127683 -2279.035367
UTC=2024-01-12T15:46:02.000000
1161240.961429 -2987396.101567 6418136.559779
-274.438292 -6847.795143 -3131.449087
UTC=2024-01-12T15:48:02.000000
1112421.123003 -3783650.193046 5993569.391303
-536.897674 -6405.268260 -3935.555440
UTC=2024-01-12T15:50:02.000000
1033060.405229 -4520529.376533 5476035.472438
-782.497742 -5859.520155 -4678.886166
UTC=2024-01-12T15:52:02.000000
925517.394000 -5186150.911085 4873531.993152
-1005.721169 -5219.221951 -5349.870848
UTC=2024-01-12T15:54:02.000000
792783.908535 -5769768.936920 4195381.438759
-1201.550281 -4494.628568 -5938.023567
UTC=2024-01-12T15:56:02.000000
638418.427057 -6261955.591562 3452090.218435
-1365.575285 -3697.422021 -6434.126764
UTC=2024-01-12T15:58:02.000000
466467.306099 -6654761.092218 2655186.674612
-1494.090005 -2840.521213 -6830.390595
UTC=2024-01-12T16:00:02.000000
281375.117281 -6941849.456160 1817041.330168
-1584.175681 -1937.866154 -7120.588635
UTC=2024-01-12T16:02:02.000000
87886.272242 -7118607.358592 950672.499903
-1633.763309 -1004.188756 -7300.168414
UTC=2024-01-12T16:04:02.000000
-109060.206017 -7182224.212833 69539.320733
-1641.685056 -54.756022 -7366.348637
UTC=2024-01-12T16:06:02.000000
-304440.565979 -7131739.315278 -812674.370347
-1607.698402 894.914975 -7318.169676
UTC=2024-01-12T16:08:02.000000
-493257.647997 -6968054.965680 -1682279.341214
-1532.487775 1829.337233 -7156.499055
UTC=2024-01-12T16:10:02.000000
-670651.274283 -6693916.612029 -2525798.846090
-1417.647451 2733.322381 -6884.004224
UTC=2024-01-12T16:12:02.000000
-832005.512004 -6313861.265350 -3330181.767899
-1265.646465 3592.242867 -6505.100027
UTC=2024-01-12T16:14:02.000000
-973050.564926 -5834134.837013 -4083007.455567
-1079.773892 4392.285550 -6025.862097
UTC=2024-01-12T16:16:02.000000
-1089956.897906 -5262580.158360 -4772678.033043
-864.064665 5120.684004 -5453.904575
UTC=2024-01-12T16:18:02.000000
-1179419.601137 -4608499.249156 -5388594.440966
-623.212063 5765.915243 -4798.235377
UTC=2024-01-12T16:20:02.000000
-1238731.530735 -3882493.622432 -5921314.434619
-362.467959 6317.870278 -4069.099381
UTC=2024-01-12T16:22:02.000000
-1265843.847094 -3096285.739180 -6362690.891499
-87.533470 6767.997186 -3277.807767
UTC=2024-01-12T16:24:02.000000
-1259413.063973 -2262524.926530 -6705988.955085
195.556245 7109.416763 -2436.555612
UTC=2024-01-12T16:26:02.000000
-1218834.024698 -1394581.404845 -6945980.743420
480.550771 7337.004414 -1558.232991
UTC=2024-01-12T16:28:02.000000
-1144258.539799 -506332.124574 -7079017.593378
761.104695 7447.447130 -656.238914
UTC=2024-01-12T16:30:02.000000
-1036599.351563 388058.901240 -7103079.732585
1030.902233 7439.276110 255.709412
UTC=2024-01-12T16:32:02.000000
-897519.169985 1274362.391816 -7017803.272643
1283.779549 7312.872717 1163.761297
UTC=2024-01-12T16:34:02.000000
-729405.349031 2138505.540758 -6824485.050715
1513.842404 7070.459233 2054.120136
UTC=2024-01-12T16:36:02.000000
-535330.561123 2966791.121570 -6526065.150693
1715.582647 6716.067301 2913.225279
UTC=2024-01-12T16:38:02.000000
-318999.516412 3746112.099887 -6127087.368091
1883.993106 6255.491466 3727.941576
UTC=2024-01-12T16:40:02.000000
-84682.281539 4464158.657936 -5633636.430989
2014.675341 5696.207968 4485.752904
UTC=2024-01-12T16:42:02.000000
162864.644343 5109614.071017 -5053252.805436
2103.935938 5047.274549 5174.943699
UTC=2024-01-12T16:44:02.000000
418488.312084 5672337.475813 -4394825.467274
2148.874721 4319.207676 5784.785180
UTC=2024-01-12T16:46:02.000000
676739.237141 6143529.829322 -3668462.643473
2147.460940 3523.826023 6305.713751
UTC=2024-01-12T16:48:02.000000
931979.471035 6515879.491135 -2885342.090949
2098.592910 2674.069228 6729.493418
UTC=2024-01-12T16:50:02.000000
1178496.854129 6783684.817021 -2057542.656178
2002.141039 1783.794704 7049.365825
UTC=2024-01-12T16:52:02.000000
1410623.248700 6942950.741672 -1197858.860041
1858.970674 867.547841 7260.181073
UTC=2024-01-12T16:54:02.000000
1622854.264111 6991456.474380 -319601.362707
1670.944004 -59.689015 7358.501614
UTC=2024-01-12T16:56:02.000000
1809967.732724 6928792.004055 563613.126143
1440.896332 -982.763459 7342.672533
UTC=2024-01-12T16:58:02.000000
1967137.862665 6756362.455573 1438078.044437
1172.589498 -1886.619637 7212.853961
UTC=2024-01-12T17:00:02.000000
2090042.796561 6477360.656283 2290215.199289
870.648281 -2756.562368 6971.022838
UTC=2024-01-12T17:02:02.000000
2174963.312947 6096708.233443 3106791.173706
540.476378 -3578.515115 6620.940366
UTC=2024-01-12T17:04:02.000000
2218870.416278 5620966.614761 3875128.048868
188.155261 -4339.264829 6168.090866
UTC=2024-01-12T17:06:02.000000
2219499.595564 5058219.306539 4583304.678763
-179.675843 -5026.692324 5619.584184
UTC=2024-01-12T17:08:02.000000
2175410.126184 4417927.873711 5220344.560608
-555.949617 -5629.983366 4984.029001
UTC=2024-01-12T17:10:02.000000
2086027.950202 3710764.603891 5776385.588073
-933.311514 -6139.794850 4271.361374
UTC=2024-01-12T17:12:02.000000
1951672.147258 2948428.516981 6242829.562876
-1304.253446 -6548.378041 3492.683647
UTC=2024-01-12T17:14:02.000000
1773564.788046 2143447.057339 6612472.013215
-1661.258126 -6849.691337 2660.091141
UTC=2024-01-12T17:16:02.000000
1553823.359585 1308965.912901 6879609.732744
-1996.942821 -7039.482742 1786.475637
UTC=2024-01-12T17:18:02.000000
1295436.196639 458531.379491 7040124.083972
-2304.198787 -7115.330773 885.321424
UTC=2024-01-12T17:20:02.000000
1002221.593964 -394130.076409 7091540.521469
-2576.324076 -7076.655689 -29.484657
UTC=2024-01-12T17:22:02.000000
678771.052567 -1235333.369320 7033065.391392
-2807.155513 -6924.725536 -943.850267
UTC=2024-01-12T17:24:02.000000
330377.035376 -2051655.033815 6865597.835054
-2991.193689 -6662.624726 -1843.688383
UTC=2024-01-12T17:26:02.000000
-37053.720163 -2830148.107541 6591716.906828
-3123.718260 -6295.199969 -2715.122733
UTC=2024-01-12T17:28:02.000000
-417099.827631 -3558548.932576 6215643.427191
-3200.886879 -5828.974875 -3544.701221
UTC=2024-01-12T17:30:02.000000
-802935.760338 -4225471.581180 5743177.415261
-3219.819776 -5272.035359 -4319.585930
UTC=2024-01-12T17:32:02.000000
-1187452.120038 -4820588.276925 5181613.610578
-3178.678332 -4633.910927 -5027.733365
UTC=2024-01-12T17:34:02.000000
-1563384.879092 -5334794.753316 4539634.655668
-3076.733106 -3925.437960 -5658.089040
UTC=2024-01-12T17:36:02.000000
-1923451.150684 -5760356.917379 3827180.536792
-2914.403923 -3158.583997 -6200.782487
UTC=2024-01-12T17:38:02.000000
-2260488.389895 -6091034.395844 3055295.955313
-2693.277689 -2346.240498 -6647.298405
UTC=2024-01-12T17:40:02.000000
-2567594.331911 -6322178.171134 2235958.769165
-2416.102474 -1502.000918 -6990.622333
UTC=2024-01-12T17:42:02.000000
-2838264.662537 -6450800.927863 1381892.040944
-2086.755001 -639.926473 -7225.367618
UTC=2024-01-12T17:44:02.000000
-3066525.248684 -6475618.423702 506362.498953
-1710.183501 225.701660 -7347.873601
UTC=2024-01-12T17:46:02.000000
-3247056.121767 -6397060.644387 -377030.873446
-1292.327164 1080.636580 -7356.271661
UTC=2024-01-12T17:48:02.000000
-3375304.470196 -6217252.407242 -1254574.229219
-840.013984 1910.920446 -7250.518648
UTC=2024-01-12T17:50:02.000000
-3447584.144781 -5939963.561615 -2112658.084910
-360.838462 2703.134551 -7032.393406
UTC=2024-01-12T17:52:02.000000
-3461159.438321 -5570529.980448 -2937993.957748
136.977852 3444.635208 -6705.457848
UTC=2024-01-12T17:54:02.000000
-3414311.146204 -5115747.258943 -3717824.236651
644.741686 4123.771622 -6274.982188
UTC=2024-01-12T17:56:02.000000
-3306383.420593 -4583739.937689 -4440120.877481
1153.450908 4730.073927 -5747.835223
UTC=2024-01-12T17:58:02.000000
-3137811.047973 -3983810.162358 -5093769.536632
1653.957638 5254.408984 -5132.353245
UTC=2024-01-12T18:00:02.000000
-2910127.151996 -3326269.255695 -5668736.888664
2137.131096 5689.109338 -4438.190390
UTC=2024-01-12T18:02:02.000000
-2625951.476982 -2622255.635488 -6156218.951458
2594.018356 6028.071174 -3676.153105
UTC=2024-01-12T18:04:02.000000
-2288959.503887 -1883542.819593 -6548768.963582
3016.002882 6266.822679 -2858.025188
UTC=2024-01-12T18:06:02.000000
-1903832.898800 -1122340.797799 -6840403.470903
3394.955254 6402.565142 -1996.378943
UTC=2024-01-12T18:08:02.000000
-1476192.769443 -351094.410845 -7026685.374116
3723.369266 6434.182404 -1104.382851
UTC=2024-01-12T18:10:02.000000
-1012517.239722 417717.763166 -7104784.204570
3994.488134 6362.223626 -195.615733
UTC=2024-01-12T18:12:02.000000
-520044.138536 1171781.415540 -7073514.585722
4202.426483 6188.871427 716.114499
UTC=2024-01-12T18:14:02.000000
-6659.829381 1899139.705883 -6933352.218886
4342.276859 5917.889717 1616.961739
UTC=2024-01-12T18:16:02.000000
519223.990103 2588378.987982 -6686427.821881
4410.208343 5554.556678 2493.218743
UTC=2024-01-12T18:18:02.000000
1048805.378897 3228805.902983 -6336498.979524
4403.561040 5105.582510 3331.511988
UTC=2024-01-12T18:20:02.000000
1573036.869074 3810612.818100 -5888898.228912
4320.912491 4578.998834 4118.996636
UTC=2024-01-12T18:22:02.000000
2082777.348473 4325028.913658 -5350458.729056
4162.132492 3984.032642 4843.537467
UTC=2024-01-12T18:24:02.000000
2568949.598320 4764455.525611 -4729418.035861
3928.420486 3330.968169 5493.894338
UTC=2024-01-12T18:26:02.000000
3022700.885517 5122583.577178 -4035299.525279
3622.318374 2630.984998 6059.906686
UTC=2024-01-12T18:28:02.000000
3435563.656030 5394490.211748 -3278772.627466
3247.700907 1895.976390 6532.661032
UTC=2024-01-12T18:30:02.000000
3799613.858675 5576712.943315 -2471493.475889
2809.743381 1138.353604 6904.651816
UTC=2024-01-12T18:32:02.000000
4107623.303928 5667298.979542 -1625927.303479
2314.854861 370.831255 7169.920235
UTC=2024-01-12T18:34:02.000000
4353202.449167 5665828.652212 -755155.671797
1770.586090 -393.790758 7324.170689
UTC=2024-01-12T18:36:02.000000
4530930.533017 5573411.908956 127328.773878
1185.510820 -1142.857534 7364.859058
UTC=2024-01-12T18:38:02.000000
4636469.880636 5392657.029947 1007835.976682
569.080045 -1864.089441 7291.244710
UTC=2024-01-12T18:40:02.000000
4666661.282861 5127612.492390 1872696.009074
-68.543879 -2545.796222 7104.403244
UTC=2024-01-12T18:42:02.000000
4619599.341107 4783684.303701 2708476.761763
-716.656992 -3177.077287 6807.220947
UTC=2024-01-12T18:44:02.000000
4494685.456416 4367528.794153 3502199.255305
-1364.219051 -3748.025522 6404.349710
UTC=2024-01-12T18:46:02.000000
4292655.918386 3886923.190045 4241543.936731
-2000.054419 -4249.891811 5902.111085
UTC=2024-01-12T18:48:02.000000
4015586.422119 3350618.077000 4915044.373217
-2613.047707 -4675.221867 5308.381916
UTC=2024-01-12T18:50:02.000000
3666872.798036 2768175.326436 5512266.540339
-3192.348420 -5017.967175 4632.467353
UTC=2024-01-12T18:52:02.000000
3251186.750297 2149793.698352 6023969.843706
-3727.571338 -5273.570089 3884.921433
UTC=2024-01-12T18:54:02.000000
2774409.930339 1506127.187647 6442246.466494
-4208.964710 -5439.008020 3077.374557
UTC=2024-01-12T18:56:02.000000
2243547.573781 848098.969988 6760639.529481
-4627.581001 -5512.817459 2222.345558
UTC=2024-01-12T18:58:02.000000
1666622.659256 186714.902653 6974238.019684
-4975.429425 -5495.079799 1333.048935
UTC=2024-01-12T19:00:02.000000
1052552.665430 -467120.318467 7079749.018206
-5245.614730 -5387.394950 423.205788
UTC=2024-01-12T19:02:02.000000
411010.351557 -1102783.185065 7075546.244489
-5432.463495 -5192.839240 -493.163212
UTC=2024-01-12T19:04:02.000000
-247729.422868 -1710104.292085 6961693.520677
-5531.630602 -4915.891153 -1401.944203
UTC=2024-01-12T19:06:02.000000
-912954.618107 -2279531.382595 6739943.544209
-5540.187460 -4562.340950 -2289.138320
UTC=2024-01-12T19:08:02.000000
-1573689.905404 -2802280.102766 6413711.618040
-5456.682148 -4139.176007 -3141.066692
UTC=2024-01-12T19:10:02.000000
-2218876.563993 -3270470.193587 5988026.070230
-5281.184583 -3654.456786 -3944.554971
UTC=2024-01-12T19:12:02.000000
-2837557.712964 -3677246.654150 5469456.242991
-5015.327255 -3117.186913 -4687.127972
UTC=2024-01-12T19:14:02.000000
-3419066.916323 -4016883.852355 4866016.186718
-4662.316415 -2537.157370 -5357.216879
UTC=2024-01-12T19:16:02.000000
-3953215.405655 -4284869.591156 4187044.004602
-4226.898767 -1924.771408 -5944.352844
UTC=2024-01-12T19:18:02.000000
-4430473.581190 -4477967.763447 3443059.430221
-3715.301727 -1290.862852 -6439.337895
UTC=2024-01-12T19:20:02.000000
-4842143.970374 -4594258.764804 2645602.006563
-3135.151510 -646.508081 -6834.397780
UTC=2024-01-12T19:22:02.000000
-5180522.943277 -4633156.961867 1807051.481652
-2495.364431 -2.829387 -7123.325703
UTC=2024-01-12T19:24:02.000000
-5439047.117189 -4595403.849625 940432.478311
-1806.002080 629.210443 -7301.596356
UTC=2024-01-12T19:26:02.000000
-5612420.931464 -4483036.929826 59207.543804
-1078.103181 1239.006787 -7366.447712
UTC=2024-01-12T19:28:02.000000
-5696722.629122 -4299335.122692 -822937.878732
-323.492150 1816.505038 -7316.932878
UTC=2024-01-12T19:30:02.000000
-5689485.994216 -4048741.718239 -1692314.780811
445.433818 2352.383530 -7153.939112
UTC=2024-01-12T19:32:02.000000
-5589755.364337 -3736766.098464 -2535449.564003
1215.934537 2838.220976 -6880.160838
UTC=2024-01-12T19:34:02.000000
-5398113.085233 -3369867.249960 -3339297.331714
1975.154445 3266.632747 -6500.036275
UTC=2024-01-12T19:36:02.000000
-5116679.784427 -2955322.264209 -4091446.043835
2710.348170 3631.385257 -6019.657291
UTC=2024-01-12T19:38:02.000000
-4749087.867798 -2501082.689045 -4780308.225583
3409.101399 3927.483586 -5446.653319
UTC=2024-01-12T19:40:02.000000
-4300428.881696 -2015622.001226 -5395297.222335
4059.543405 4151.231481 -4790.050067
UTC=2024-01-12T19:42:02.000000
-3777176.361626 -1507777.463305 -5926985.361907
4650.543187 4300.265868 -4060.110074
UTC=2024-01-12T19:44:02.000000
-3187086.139462 -986589.387814 -6367241.974920
5171.888299 4373.564524 -3268.157714
UTC=2024-01-12T19:46:02.000000
-2539076.309716 -461141.110600 -6709349.980813
5614.445585 4371.427557 -2426.397533
UTC=2024-01-12T19:48:02.000000
-1843088.939892 59597.407188 -6948100.212505
5970.303732 4295.435680 -1547.724540
UTC=2024-01-12T19:50:02.000000
-1109936.290480 566919.707872 -7079862.773578
6232.887813 4148.388611 -645.534936
UTC=2024-01-12T19:52:02.000000
-351134.337565 1052525.030154 -7102636.426755
6397.060629 3934.235691 266.454800
UTC=2024-01-12T19:54:02.000000
421275.049238 1508651.096363 -7016075.601300
6459.206132 3657.985479 1174.396063
UTC=2024-01-12T19:56:02.000000
1194911.019492 1928195.389993 -6821495.888088
6417.303750 3325.609836 2064.482950
UTC=2024-01-12T19:58:02.000000
1957249.022052 2304824.538364 -6521856.891393
6270.984154 2943.935756 2923.153984
UTC=2024-01-12T20:00:02.000000
2695820.667139 2633069.609886 -6121721.541926
6021.556585 2520.522401 3737.280695
UTC=2024-01-12T20:02:02.000000
3398415.659701 2908405.961722 -5627192.544692
5672.010980 2063.525624 4494.358278
UTC=2024-01-12T20:04:02.000000
4053282.710470 3127316.662395 -5045827.051892
5227.004845 1581.561850 5182.681447
UTC=2024-01-12T20:06:02.000000
4649327.860356 3287339.110999 -4386529.406919
4692.826716 1083.560859 5791.533305
UTC=2024-01-12T20:08:02.000000
5176306.168938 3387093.147968 -3659421.606948
4077.322992 578.606641 6311.365623
UTC=2024-01-12T20:10:02.000000
5625002.479238 3426289.941388 -2875693.164269
3389.791103 75.778007 6733.959383
UTC=2024-01-12T20:12:02.000000
5987398.288508 3405721.919272 -2047432.669109
2640.854151 -416.010649 7052.573965
UTC=2024-01-12T20:14:02.000000
6256821.291010 3327232.876653 -1187442.038784
1842.294845 -888.178355 7262.079714
UTC=2024-01-12T20:16:02.000000
6428073.178587 3193668.444593 -309037.109548
1006.863878 -1332.634325 7359.055671
UTC=2024-01-12T20:18:02.000000
6497533.216237 3008808.024064 574162.186981
148.064914 -1741.931804 7341.863625
UTC=2024-01-12T20:20:02.000000
6463234.414585 2777279.007418 1448448.085612
-720.083503 -2109.404080 7210.680334
UTC=2024-01-12T20:22:02.000000
6324910.756911 2504456.348889 2300243.296585
-1583.291819 -2429.277194 6967.502527
UTC=2024-01-12T20:24:02.000000
6084014.454240 2196348.874949 3116318.170372
-2427.256427 -2696.776307 6616.118875
UTC=2024-01-12T20:26:02.000000
5743701.927799 1859474.478588 3884001.831314
-3237.919745 -2908.202149 6162.039341
UTC=2024-01-12T20:28:02.000000
5308789.154987 1500727.617495 4591382.968511
-4001.721355 -3060.984998 5612.392768
UTC=2024-01-12T20:30:02.000000
4785677.863447 1127241.989148 5227496.108079
-4705.827760 -3153.708885 4975.791595
UTC=2024-01-12T20:32:02.000000
4182255.463944 746251.655952 5782491.530595
-5338.348295 -3186.116509 4262.193822
UTC=2024-01-12T20:34:02.000000
3507768.996206 364952.886544 6247786.524970
-5888.544458 -3159.088942 3482.725757
UTC=2024-01-12T20:36:02.000000
2772676.627244 -9629.735784 6616193.951936
-6346.993323 -3074.596907 2649.490253
UTC=2024-01-12T20:38:02.000000
1988481.201839 -370770.496125 6882028.652372
-6705.729868 -2935.639834 1775.386601
UTC=2024-01-12T20:40:02.000000
1167547.247423 -712161.707392 7041191.648474
-6958.378319 -2746.171898 873.918713
UTC=2024-01-12T20:42:02.000000
322903.471701 -1028023.004745 7091230.289004
-7100.258901 -2511.010599 -41.014042
UTC=2024-01-12T20:44:02.000000
-531965.276311 -1313198.655679 7031373.297783
-7128.459651 -2235.730877 -955.321792
UTC=2024-01-12T20:46:02.000000
-1383333.480308 -1563241.690540 6862541.352234
-7041.887502 -1926.550187 -1854.929503
UTC=2024-01-12T20:48:02.000000
-2217454.826890 -1774483.423251 6587333.117267
-6841.290370 -1590.200296 -2725.978104
UTC=2024-01-12T20:50:02.000000
-3020783.421491 -1944087.263281 6209988.012490
-6529.261040 -1233.796558 -3555.011368
UTC=2024-01-12T20:52:02.000000
-3780195.159019 -2070087.120716 5736326.267004
-6110.233176 -864.709767 -4329.175000
UTC=2024-01-12T20:54:02.000000
-4483206.081839 -2151409.788745 5173663.706460
-5590.429710 -490.426604 -5036.429758
UTC=2024-01-12T20:56:02.000000
-5118182.298648 -2187880.209704 4530702.353061
-4977.779367 -118.405181 -5665.743359
UTC=2024-01-12T20:58:02.000000
-5674538.069328 -2180209.251749 3817398.517703
-4281.800729 244.071261 -6207.271385
UTC=2024-01-12T21:00:02.000000
-6142918.279951 -2129964.244856 3044810.477880
-3513.459943 590.034070 -6652.517619
UTC=2024-01-12T21:02:02.000000
-6515362.470800 -2039523.346198 2224927.821573
-2685.006008 912.959160 -6994.479993
UTC=2024-01-12T21:04:02.000000
-6785447.495088 -1912014.567464 1370483.702584
-1809.774368 1206.894310 -7227.789430
UTC=2024-01-12T21:06:02.000000
-6948403.684103 -1751239.828045 494752.350142
-901.947081 1466.578023 -7348.808860
UTC=2024-01-12T21:08:02.000000
-7001201.876195 -1561585.851186 -388662.699265
23.692056 1687.540684 -7355.696071
UTC=2024-01-12T21:10:02.000000
-6942609.774443 -1347923.982361 -1266046.439489
952.024496 1866.186674 -7248.437209
UTC=2024-01-12T21:12:02.000000
-6773215.806177 -1115501.431008 -2123791.646958
1867.868429 1999.855568 -7028.837891
UTC=2024-01-12T21:14:02.000000
-6495420.672089 -869826.579012 -2948614.963056
2756.244844 2086.859278 -6700.481261
UTC=2024-01-12T21:16:02.000000
-6113397.257982 -616550.978527 -3727766.370392
3602.639692 2126.501817 -6268.658407
UTC=2024-01-12T21:18:02.000000
-5633019.624347 -361350.030629 -4449228.072409
4393.254065 2119.079454 -5740.261666
UTC=2024-01-12T21:20:02.000000
-5061763.231431 -109805.237431 -5101898.889164
5115.232850 2065.854614 -5123.651751
UTC=2024-01-12T21:22:02.000000
-4408579.228687 132709.121686 -5675761.582633
5756.868785 1969.009500 -4428.507130
UTC=2024-01-12T21:24:02.000000
-3683745.523478 361132.723846 -6162030.927039
6307.783872 1831.582394 -3665.652697
UTC=2024-01-12T21:26:02.000000
-2898698.163697 570817.316168 -6553280.351477
6759.075186 1657.388674 -2846.877424
UTC=2024-01-12T21:28:02.000000
-2065847.082979 757614.602060 -6843546.883602
7103.432979 1450.929501 -1984.756352
UTC=2024-01-12T21:30:02.000000
-1198378.506472 917952.668396 -7028414.454528
7335.242963 1217.293178 -1092.463204
UTC=2024-01-12T21:32:02.000000
-310047.136166 1048900.117124 -7105074.059191
7450.653867 962.047891 -183.577624
UTC=2024-01-12T21:34:02.000000
585038.246635 1148216.812235 -7072361.581554
7447.621963 691.127242 728.093499
UTC=2024-01-12T21:36:02.000000
1472634.171688 1214390.814040 -6930774.703535
7325.952829 410.714920 1628.692900
UTC=2024-01-12T21:38:02.000000
2338585.665084 1246661.259224 -6682466.832099
7087.313814 127.124594 2504.514836
UTC=2024-01-12T21:40:02.000000
3169048.843985 1245026.590686 -6331217.494743
6735.218430 -153.322796 3342.195767
UTC=2024-01-12T21:42:02.000000
3950710.107050 1210237.988125 -5882379.701519
6274.981620 -424.423056 4128.903928
UTC=2024-01-12T21:44:02.000000
4670998.866451 1143778.090939 -5342805.528631
5713.661050 -680.209209 4852.517424
UTC=2024-01-12T21:46:02.000000
5318292.091077 1047825.478438 -4720749.694090
5059.974990 -915.068497 5501.812528
UTC=2024-01-12T21:48:02.000000
5882106.762005 925205.242303 -4025750.617614
4324.182814 -1123.857261 6066.646812
UTC=2024-01-12T21:50:02.000000
6353276.231385 779326.130383 -3268490.514327
3517.938054 -1302.008592 6538.126333
UTC=2024-01-12T21:52:02.000000
6724107.513812 614105.453378 -2460636.156872
2654.117947 -1445.628397 6908.760959
UTC=2024-01-12T21:54:02.000000
6988516.482239 433883.102406 -1614661.528073
1746.622534 -1551.581234 7172.609977
UTC=2024-01-12T21:56:02.000000
7142136.627086 243326.041675 -743654.489099
810.137531 -1617.561333 7325.399041
UTC=2024-01-12T21:58:02.000000
7182398.353897 47325.568221 138888.378129
-140.116498 -1642.142339 7364.601523
UTC=2024-01-12T22:00:02.000000
7108577.716968 -149110.445162 1019275.050040
-1088.644509 -1624.812519 7289.493962
UTC=2024-01-12T22:02:02.000000
6921812.811246 -340968.468821 1883836.189383
-2019.953434 -1565.989226 7101.178525
UTC=2024-01-12T22:04:02.000000
6625086.882922 -523340.394881 2719143.881525
-2918.831104 -1467.009231 6802.571203
UTC=2024-01-12T22:06:02.000000
6223177.898326 -691532.440343 3512226.302878
-3770.621988 -1330.101022 6398.344809
UTC=2024-01-12T22:08:02.000000
5722576.421290 -841169.149794 4250773.366269
-4561.477039 -1158.331705 5894.838951
UTC=2024-01-12T22:10:02.000000
5131374.858553 -968290.424383 4923330.569059
-5278.587657 -955.544822 5299.953010
UTC=2024-01-12T22:12:02.000000
4459129.055968 -1069439.743048 5519477.809050
-5910.404417 -726.273395 4623.001582
UTC=2024-01-12T22:14:02.000000
3716696.105060 -1141740.869049 6029989.589455
-6446.816628 -475.639043 3874.552127
UTC=2024-01-12T22:16:02.000000
2916052.274786 -1182962.358157 6446975.029895
-6879.305492 -209.248132 3066.249899
UTC=2024-01-12T22:18:02.000000
2070094.399601 -1191568.826416 6763995.945296
-7201.064454 66.924229 2210.630545
UTC=2024-01-12T22:20:02.000000
1192428.298754 -1166758.056483 6976162.446812
-7407.098702 346.654728 1320.929621
UTC=2024-01-12T22:22:02.000000
297146.874230 -1108483.092403 7080204.510009
-7494.292475 623.600360 410.874739
UTC=2024-01-12T22:24:02.000000
-601397.529470 -1017458.980121 7074518.760376
-7461.440892 891.425046 -505.517760
UTC=2024-01-12T22:26:02.000000
-1488823.165785 -895154.388545 6959191.100365
-7309.258325 1143.925734 -1414.142721
UTC=2024-01-12T22:28:02.000000
-2350948.541312 -743767.967069 6735995.366924
-7040.363154 1375.159988 -2301.006376
UTC=2024-01-12T22:30:02.000000
-3174018.794220 -566189.719019 6408368.142274
-6659.240062 1579.567644 -3152.422652
UTC=2024-01-12T22:32:02.000000
-3944926.507787 -365948.073010 5981359.859973
-6172.183074 1752.087000 -3955.214318
UTC=2024-01-12T22:34:02.000000
-4651423.844489 -147143.468978 5461561.491452
-5587.207149 1888.264154 -4696.916728
UTC=2024-01-12T22:36:02.000000
-5282322.129379 85630.733620 4857006.996736
-4913.927320 1984.353124 -5365.976817
UTC=2024-01-12T22:38:02.000000
-5827675.221347 327378.620566 4177052.599327
-4163.410165 2037.404593 -5951.940618
UTC=2024-01-12T22:40:02.000000
-6278943.187097 572801.963870 3432234.304767
-3347.994446 2045.340302 -6445.625476
UTC=2024-01-12T22:42:02.000000
-6629133.419125 816408.437802 2634105.932104
-2481.095202 2007.011911 -6839.276429
UTC=2024-01-12T22:44:02.000000
-6872916.478940 1052625.713804 1795058.988840
-1576.977352 1922.238674 -7126.707715
UTC=2024-01-12T22:46:02.000000
-7006713.633190 1275918.768810 928127.333689
-650.512090 1791.824469 -7303.416563
UTC=2024-01-12T22:48:02.000000
-7028753.889401 1480908.101503 46779.661794
283.088388 1617.554992 -7366.669730
UTC=2024-01-12T22:50:02.000000
-6939098.364878 1662486.119916 -835296.095194
1208.547213 1402.169523 -7315.550992
UTC=2024-01-12T22:52:02.000000
-6739631.660552 1815928.743576 -1704411.637622
2110.793915 1149.311080 -7150.968826
UTC=2024-01-12T22:54:02.000000
-6434021.416266 1937000.162867 -2547096.273087
2975.225225 863.462409 -6875.636630
UTC=2024-01-12T22:56:02.000000
-6027646.484502 2022048.659918 -3350310.925975
3787.966956 549.858738 -6494.021991
UTC=2024-01-12T22:58:02.000000
-5527494.701162 2068090.550110 -4101653.206086
4536.113994 214.380053 -6012.249713
UTC=2024-01-12T23:00:02.000000
-4942033.895116 2072880.698694 -4789549.036644
5207.937030 -136.564428 -5437.978131
UTC=2024-01-12T23:02:02.000000
-4281059.748414 2034968.635312 -5403428.262640
5793.061659 -496.160962 -4780.254918
UTC=2024-01-12T23:04:02.000000
-3555524.196009 1953739.332785 -5933881.740517
6282.612522 -857.321090 -4049.355040
UTC=2024-01-12T23:06:02.000000
-2777348.436549 1829438.193296 -6372798.642500
6669.327968 -1212.815423 -3256.613774
UTC=2024-01-12T23:08:02.000000
-1959223.376053 1663179.845720 -6713483.100461
6947.654886 -1555.408602 -2414.246340
UTC=2024-01-12T23:10:02.000000
-1114400.727431 1456940.814397 -6950748.044506
7113.804870 -1877.993176 -1535.152727
UTC=2024-01-12T23:12:02.000000
-256479.579255 1213536.312554 -7080986.343296
7165.780099 -2173.719550 -632.734198
UTC=2024-01-12T23:14:02.000000
600809.007918 936581.891532 -7102219.874348
7103.378011 -2436.118370 279.288794
UTC=2024-01-12T23:16:02.000000
1443817.402014 630440.479868 -7014127.405109
6928.190965 -2659.223488 1187.054763
UTC=2024-01-12T23:18:02.000000
2259195.359085 300154.711025 -6818049.327914
6643.573522 -2837.691320 2076.763901
UTC=2024-01-12T23:20:02.000000
3034097.996688 -48634.213206 -6516969.048418
6254.584082 -2966.906184 2934.863306
UTC=2024-01-12T23:22:02.000000
3756386.105528 -409779.967359 -6115471.893655
5767.909499 -3043.081333 3748.239373
UTC=2024-01-12T23:24:02.000000
4414815.496745 -776736.002804 -5619681.294138
5191.762742 -3063.346440 4504.399574
UTC=2024-01-12T23:26:02.000000
4999213.790410 -1142670.325284 -5037173.554693
4535.774036 -3025.827093 5191.653846
UTC=2024-01-12T23:28:02.000000
5500642.312823 -1500589.032403 -4376870.077158
3810.848391 -2929.707644 5799.304221
UTC=2024-01-12T23:30:02.000000
5911539.205094 -1843466.098566 -3648907.721185
3028.998397 -2775.274210 6317.819418
UTC=2024-01-12T23:32:02.000000
6225841.296693 -2164377.283678 -2864488.762507
2203.156208 -2563.939485 6739.000291
UTC=2024-01-12T23:34:02.000000
6439081.966239 -2456635.714367 -2035711.837731
1346.961594 -2298.245094 7056.130007
UTC=2024-01-12T23:36:02.000000
6548462.324078 -2713926.167057 -1175386.234255
474.530998 -1981.837581 7264.099763
UTC=2024-01-12T23:38:02.000000
6552894.073993 -2930435.099555 -296832.665910
-399.783566 -1619.422209 7359.509525
UTC=2024-01-12T23:40:02.000000
6453012.647794 -3100973.705092 586326.448362
-1261.647487 -1216.691909 7340.739769
UTC=2024-01-12T23:42:02.000000
6251160.033480 -3221090.977623 1460383.330747
-2096.995307 -780.233063 7207.992280
UTC=2024-01-12T23:44:02.000000
5951336.870065 -3287174.151176 2311764.240560
-2892.291278 -317.408565 6963.295113
UTC=2024-01-12T23:46:02.000000
5559124.226294 -3296533.976315 3127246.397780
-3634.767952 163.776039 6610.461293
UTC=2024-01-12T23:48:02.000000
5081577.988971 -3247472.872440 3894168.561226
-4312.648254 654.825141 6155.021171
UTC=2024-01-12T23:50:02.000000
4527098.131281 -3139334.312521 4600630.895531
-4915.336459 1146.908964 5604.116355
UTC=2024-01-12T23:52:02.000000
3905276.624380 -2972533.531329 5235681.565373
-5433.590255 1631.022407 4966.382888
UTC=2024-01-12T23:54:02.000000
3226725.573360 -2748568.286000 5789487.034521
-5859.669889 2098.157449 4251.794281
UTC=2024-01-12T23:56:02.000000
2502890.461203 -2470009.091175 6253482.210091
-6187.440402 2539.469418 3471.488818
UTC=2024-01-12T23:58:02.000000
1745852.638837 -2140470.111220 6620499.489769
-6412.449412 2946.434925 2637.588205
