UTC=2024-01-13T00:00:02.000000
968124.285607 -1764561.323755 6884875.336194
-6531.974602 3311.005750 1763.006036
UTC=2024-01-13T00:02:02.000000
182439.355070 -1347822.559265 7042533.377096
-6545.042149 3625.756090 861.247878
UTC=2024-01-13T00:04:02.000000
-598455.795160 -896640.531889 7091043.404830
-6452.415398 3884.018911 -53.789487
UTC=2024-01-13T00:06:02.000000
-1362009.026695 -418150.210791 7029656.265468
-6256.560755 4080.010216 -968.018131
UTC=2024-01-13T00:08:02.000000
-2096063.802643 79878.171608 6859314.805268
-5961.594132 4208.944356 -1867.359945
UTC=2024-01-13T00:10:02.000000
-2789052.740161 589165.105160 6582640.552616
-5573.204649 4267.134631 -2737.948722
UTC=2024-01-13T00:12:02.000000
-3430180.808932 1101058.953029 6203896.135689
-5098.557756 4252.078363 -3566.332248
UTC=2024-01-13T00:14:02.000000
-4009595.710392 1606682.321379 5728923.672538
-4546.179285 4162.525760 -4339.671208
UTC=2024-01-13T00:16:02.000000
-4518543.122425 2097085.709564 5165059.288018
-3925.818322 3998.532033 -5045.937636
UTC=2024-01-13T00:18:02.000000
-4949504.087833 2563406.220580 4521023.944336
-3248.285956 3761.488180 -5674.111066
UTC=2024-01-13T00:20:02.000000
-5296311.499923 2997028.287064 3806791.379949
-2525.269895 3454.123587 -6214.360835
UTC=2024-01-13T00:22:02.000000
-5554243.543770 3389743.209172 3033435.388667
-1769.136413 3080.484599 -6658.209318
UTC=2024-01-13T00:24:02.000000
-5720092.586431 3733904.765082 2212958.474722
-992.719661 2645.890087 -6998.678932
UTC=2024-01-13T00:26:02.000000
-5792208.000310 4022577.883189 1358103.717845
-209.096521 2156.858339 -7230.424549
UTC=2024-01-13T00:28:02.000000
-5770511.017469 4249676.377055 482152.407836
568.652635 1620.999070 -7349.833914
UTC=2024-01-13T00:30:02.000000
-5656480.952779 4410086.407084 -401287.723862
1327.677569 1046.885655 -7355.086659
UTC=2024-01-13T00:32:02.000000
-5453113.997278 4499773.493386 -1278499.977239
2055.585375 443.907962 -7246.190176
UTC=2024-01-13T00:34:02.000000
-5164854.734463 4515870.622560 -2135878.495377
2740.666201 -177.896902 -7024.981202
UTC=2024-01-13T00:36:02.000000
-4797501.338735 4456744.555015 -2960145.491547
3372.102024 -808.034787 -6695.079648
UTC=2024-01-13T00:38:02.000000
-4358087.532507 4322039.271714 -3738560.777902
3940.146720 -1435.745375 -6261.810128
UTC=2024-01-13T00:40:02.000000
-3854744.400756 4112696.186361 -4459119.972197
4436.279621 -2050.196818 -5732.090596
UTC=2024-01-13T00:42:02.000000
-3296545.726389 3830951.307619 -5110737.884495
4853.327531 -2640.676366 -5114.298422
UTC=2024-01-13T00:44:02.000000
-2693340.820796 3480309.828631 -5683414.517269
5185.549779 -3196.772410 -4418.117666
UTC=2024-01-13T00:46:02.000000
-2055578.521685 3065499.568599 -6168382.674976
5428.704847 -3708.549010 -3654.382924
UTC=2024-01-13T00:48:02.000000
-1394124.454121 2592403.434490 -6558235.420292
5580.091498 -4166.717984 -2834.898987
UTC=2024-01-13T00:50:02.000000
-720075.564252 2067972.387506 -6847031.056609
5638.554046 -4562.789562 -1972.250652
UTC=2024-01-13T00:52:02.000000
-44575.534432 1500121.464779 -7030375.704805
5604.464664 -4889.208101 -1079.619057
UTC=2024-01-13T00:54:02.000000
621366.406364 897610.033681 -7105483.704964
5479.684758 -5139.475730 -170.596974
UTC=2024-01-13T00:56:02.000000
1267051.554748 269908.134837 -7071216.130831
5267.519050 -5308.264577 740.995443
UTC=2024-01-13T00:58:02.000000
1882260.776468 -372950.271105 -6928096.162098
4972.640614 -5391.518331 1641.308937
UTC=2024-01-13T01:00:02.000000
2457413.167061 -1020524.683536 -6678301.351481
4600.998087 -5386.529765 2516.649800
UTC=2024-01-13T01:02:02.000000
2983713.311211 -1662134.096845 -6325633.804456
4159.715345 -5292.006691 3353.668110
UTC=2024-01-13T01:04:02.000000
3453285.159183 -2287029.673748 -5875467.881481
3656.971552 -5108.118396 4139.538064
UTC=2024-01-13T01:06:02.000000
3859291.469199 -2884572.782752 -5334676.376671
3101.878143 -4836.537134 4862.145683
UTC=2024-01-13T01:08:02.000000
4196036.622136 -3444416.130059 -4711532.999551
2504.322647 -4480.443759 5510.287200
UTC=2024-01-13T01:10:02.000000
4459049.716160 -3956683.414415 -4015592.617296
1874.802205 -4044.501684 6073.840896
UTC=2024-01-13T01:12:02.000000
4645147.786745 -4412144.936835 -3257551.575731
1224.256227 -3534.815366 6543.931696
UTC=2024-01-13T01:14:02.000000
4752478.015127 -4802386.595098 -2449088.259408
563.882459 -2958.858677 6913.092607
UTC=2024-01-13T01:16:02.000000
4780537.079533 -5119968.394318 -1602685.554890
-95.058565 -2325.374208 7175.403951
UTC=2024-01-13T01:18:02.000000
4730166.524574 -5358569.131785 -731437.760932
-741.446892 -1644.240436 7326.612446
UTC=2024-01-13T01:20:02.000000
4603523.778972 -5513113.110812 151154.887795
-1364.504240 -926.308346 7364.217288
UTC=2024-01-13T01:22:02.000000
4404029.443321 -5579876.046424 1031399.984800
-1953.987299 -183.218504 7287.523107
UTC=2024-01-13T01:24:02.000000
4136291.862946 -5556567.665797 1895631.442212
-2500.374413 572.806425 7097.664149
UTC=2024-01-13T01:26:02.000000
3806009.909058 -5442388.286876 2730428.038724
-2995.038043 1329.181961 6797.580042
UTC=2024-01-13T01:28:02.000000
3419856.761154 -5238059.096216 3522827.156168
-3430.389945 2073.183057 6391.964072
UTC=2024-01-13T01:30:02.000000
2985347.423966 -4945825.082522 4260530.561356
-3800.006259 2792.176300 5887.178506
UTC=2024-01-13T01:32:02.000000
2510693.026521 -4569430.519496 4932098.003099
-4098.722864 3473.843925 5291.139980
UTC=2024-01-13T01:34:02.000000
2004645.112236 -4114067.968157 5527125.562578
-4322.705859 4106.400260 4613.178618
UTC=2024-01-13T01:36:02.000000
1476333.251761 -3586302.109946 6036405.993325
-4469.494437 4678.796124 3863.880848
UTC=2024-01-13T01:38:02.000000
935098.880674 -2993969.673789 6452068.687206
-4538.018026 5180.908784 3054.905446
UTC=2024-01-13T01:40:02.000000
390329.103322 -2346058.273417 6767696.928788
-4528.581753 5603.705871 2198.793479
UTC=2024-01-13T01:42:02.000000
-148706.337060 -1652566.499682 6978422.185808
-4442.828122 5939.392540 1308.774859
UTC=2024-01-13T01:44:02.000000
-673012.288518 -924347.517035 7080995.347373
-4283.680726 6181.542130 398.577221
UTC=2024-01-13T01:46:02.000000
-1174017.752828 -172937.737832 7073834.297115
-4055.271697 6325.210264 -517.778061
UTC=2024-01-13T01:48:02.000000
-1643715.742148 589626.580521 6957046.875718
-3762.852508 6367.023801 -1426.180591
UTC=2024-01-13T01:50:02.000000
-2074791.310463 1351002.185790 6732429.312125
-3412.686989 6305.248687 -2312.634749
UTC=2024-01-13T01:52:02.000000
-2460736.041828 2098738.472851 6403440.296524
-3011.932343 6139.835620 -3163.461971
UTC=2024-01-13T01:54:02.000000
-2795947.412650 2820481.357614 5975150.977518
-2568.506754 5872.445020 -3965.499535
UTC=2024-01-13T01:56:02.000000
-3075811.735194 3504178.722240 5454171.149444
-2090.948690 5506.446629 -4706.298760
UTC=2024-01-13T01:58:02.000000
-3296769.748342 4138284.167464 4848551.875360
-1588.267062 5046.892915 -5374.319432
UTC=2024-01-13T02:00:02.000000
-3456363.350239 4711955.955297 4167665.057589
-1069.778041 4500.463891 -5959.118193
UTC=2024-01-13T02:02:02.000000
-3553262.419694 5215247.426482 3422061.060302
-544.936290 3875.380324 -6451.525986
UTC=2024-01-13T02:04:02.000000
-3587270.978798 5639284.964674 2623305.880254
-23.160502 3181.282222 -6843.809673
UTC=2024-01-13T02:06:02.000000
-3559312.458109 5976429.299934 1783800.371130
486.339994 2429.073934 -7129.808249
UTC=2024-01-13T02:08:02.000000
-3471394.364798 6220416.846692 916584.977679
974.733984 1630.748898 -7305.038661
UTC=2024-01-13T02:10:02.000000
-3326553.112762 6366478.877455 35132.962749
1433.730848 799.191928 -7366.782972
UTC=2024-01-13T02:12:02.000000
-3128779.904090 6411434.906760 -846865.148769
1855.731857 -52.051046 -7314.143815
UTC=2024-01-13T02:14:02.000000
-2882929.308395 6353757.484108 -1715721.473947
2233.968992 -909.017747 -7148.063206
UTC=2024-01-13T02:16:02.000000
-2594611.717676 6193606.368042 -2557970.485129
2562.631736 -1757.594453 -6871.294400
UTC=2024-01-13T02:18:02.000000
-2270072.711955 5932831.614620 -3360581.942489
2836.956000 -2583.762144 -6488.325877
UTC=2024-01-13T02:20:02.000000
-1916063.528905 5574947.989037 -4111164.222774
3053.287512 -3373.835678 -6005.296368
UTC=2024-01-13T02:22:02.000000
-1539705.047747 5125080.335750 -4798155.507454
3209.124494 -4114.703071 -5429.873760
UTC=2024-01-13T02:24:02.000000
-1148348.355276 4589881.999227 -5410998.688046
3303.132709 -4794.034304 -4771.111338
UTC=2024-01-13T02:26:02.000000
-749434.675488 3977429.177205 -5940298.761255
3335.142037 -5400.477361 -4039.297621
UTC=2024-01-13T02:28:02.000000
-350356.885131 3297092.318598 -6377960.986096
3306.122301 -5923.842218 -3245.784625
UTC=2024-01-13T02:30:02.000000
41674.574480 2559386.966357 -6717307.215559
3218.134047 -6355.256807 -2402.798049
UTC=2024-01-13T02:32:02.000000
419758.595876 1775808.036343 -6953169.474710
3074.260030 -6687.289288 -1523.252293
UTC=2024-01-13T02:34:02.000000
777421.494062 958650.221938 -7081961.786446
2878.527218 -6914.059018 -620.567425
UTC=2024-01-13T02:36:02.000000
1108724.968684 120816.322905 -7101729.303750
2635.815375 -7031.324436 291.522205
UTC=2024-01-13T02:38:02.000000
1408362.313598 -724383.811843 -7012174.651915
2351.752882 -7036.552133 1199.159220
UTC=2024-01-13T02:40:02.000000
1671741.473521 -1563440.914518 -6814661.149056
2032.603035 -6928.956886 2088.553040
UTC=2024-01-13T02:42:02.000000
1895054.325319 -2382857.632754 -6512193.907880
1685.148370 -6709.525012 2946.161479
UTC=2024-01-13T02:44:02.000000
2075331.642754 -3169361.759942 -6109379.138019
1316.566657 -6381.023474 3758.871784
UTC=2024-01-13T02:46:02.000000
2210482.843942 -3910119.890892 -5612361.393661
934.302237 -5947.994924 4514.191717
UTC=2024-01-13T02:48:02.000000
2299319.833145 -4592947.951784 -5028736.922405
545.928840 -5416.706371 5200.449657
UTC=2024-01-13T02:50:02.000000
2341564.201429 -5206513.445209 -4367444.630136
159.011416 -4795.070277 5806.967359
UTC=2024-01-13T02:52:02.000000
2337837.904062 -5740527.670153 -3638636.709631
-219.032314 -4092.552990 6324.230563
UTC=2024-01-13T02:54:02.000000
2289637.225689 -6185924.917256 -2853528.740476
-581.070592 -3320.046839 6744.056804
UTC=2024-01-13T02:56:02.000000
2199290.316861 -6535024.259944 -2024230.733996
-920.393622 -2489.709903 7059.745311
UTC=2024-01-13T02:58:02.000000
2069898.536081 -6781670.085042 -1163561.276796
-1230.844176 -1614.771725 7266.205710
UTC=2024-01-13T03:00:02.000000
1905263.316589 -6921348.039912 -284847.796477
-1506.930865 -709.317417 7360.064580
UTC=2024-01-13T03:02:02.000000
1709799.385154 -6951272.627162 598284.138069
-1743.939782 211.965539 7339.731716
UTC=2024-01-13T03:04:02.000000
1488436.221269 -6870444.947329 1472126.777679
-1938.018711 1134.029942 7205.434130
UTC=2024-01-13T03:06:02.000000
1246510.122620 -6679679.578195 2323109.679731
-2086.249691 2041.747235 6959.229503
UTC=2024-01-13T03:08:02.000000
989648.982700 -6381597.512171 3138017.000599
-2186.697353 2920.182221 6604.960476
UTC=2024-01-13T03:10:02.000000
723652.404865 -5980587.309795 3904197.728586
-2238.437651 3754.854048 6148.183372
UTC=2024-01-13T03:12:02.000000
454370.030102 -5482735.390431 4609765.381905
-2241.559140 4531.985832 5596.065131
UTC=2024-01-13T03:14:02.000000
187580.877924 -4895727.372139 5243784.081379
-2197.145847 5238.739573 4957.259201
UTC=2024-01-13T03:16:02.000000
-71123.925114 -4228722.101924 5796438.042403
-2107.236181 5863.432945 4241.753488
UTC=2024-01-13T03:18:02.000000
-316452.133916 -3492201.303305 6259181.781451
-1974.762120 6395.730633 3460.701618
UTC=2024-01-13T03:20:02.000000
-543513.364188 -2697797.844065 6624868.627166
-1803.475701 6826.805116 2626.230634
UTC=2024-01-13T03:22:02.000000
-747912.260643 -1858107.216845 6887855.985487
-1597.859251 7149.458848 1751.250822
UTC=2024-01-13T03:24:02.000000
-925830.167357 -986485.376308 7044088.243209
-1363.024826 7358.232059 849.269686
UTC=2024-01-13T03:26:02.000000
-1074094.333143 -96834.565714 7091156.567668
-1104.606717 7449.491710 -65.808767
UTC=2024-01-13T03:28:02.000000
-1190233.572767 796619.476773 7028334.007035
-828.642714 7421.486055 -979.891052
UTC=2024-01-13T03:30:02.000000
-1272519.177725 1679555.279620 6856586.023146
-541.448619 7274.373917 -1878.897797
UTC=2024-01-13T03:32:02.000000
-1319990.693387 2537785.350551 6578556.607060
-249.491610 7010.228034 -2748.966659
UTC=2024-01-13T03:34:02.000000
-1332466.433619 3357484.809310 6198530.100684
40.737177 6633.013609 -3576.654362
UTC=2024-01-13T03:36:02.000000
-1310538.622567 4125415.879954 5722368.806733
322.852504 6148.539650 -4349.137778
UTC=2024-01-13T03:38:02.000000
-1255552.892008 4829144.825811 5157426.959901
590.703155 5564.383739 -5054.406554
UTC=2024-01-13T03:40:02.000000
-1169572.903340 5457248.448085 4512441.499674
838.493944 4889.790302 -5681.458518
UTC=2024-01-13T03:42:02.000000
-1055330.192201 5999505.858845 3797399.798225
1060.907792 4135.526147 -6220.482815
UTC=2024-01-13T03:44:02.000000
-916160.525662 6447071.465887 3023387.365886
1253.207113 3313.720066 -6663.014115
UTC=2024-01-13T03:46:02.000000
-755928.287820 6792627.965295 2202416.448782
1411.337318 2437.677257 -7002.098787
UTC=2024-01-13T03:48:02.000000
-578938.613545 7030513.317554 1347236.492624
1532.019574 1521.640302 -7232.420164
UTC=2024-01-13T03:50:02.000000
-389840.161745 7156818.736525 471132.089110
1612.817385 580.545388 -7350.389180
UTC=2024-01-13T03:52:02.000000
-193520.780061 7169456.546620 -412288.570687
1652.187669 -370.235840 -7354.210879
UTC=2024-01-13T03:54:02.000000
5001.787546 7068196.003299 -1289311.737876
1649.511658 -1315.174855 -7243.923577
UTC=2024-01-13T03:56:02.000000
200691.318868 6854664.700957 -2146337.872592
1605.098662 -2238.874082 -7021.386260
UTC=2024-01-13T03:58:02.000000
388603.691409 6532316.736171 -2970097.379949
1520.170825 -3126.332114 -6690.229000
UTC=2024-01-13T04:00:02.000000
563994.812351 6106369.901985 -3747859.071804
1396.833242 -3963.197213 -6255.780849
UTC=2024-01-13T04:02:02.000000
722423.794979 5583712.968406 -4467628.222108
1238.024386 -4736.010335 -5724.967420
UTC=2024-01-13T04:04:02.000000
859849.064155 4972785.091372 -5118330.527995
1047.448374 -5432.425143 -5106.179498
UTC=2024-01-13T04:06:02.000000
972715.417546 4283430.525156 -5689978.916118
829.492234 -6041.398958 -4409.120047
UTC=2024-01-13T04:08:02.000000
1058030.244208 3526732.191352 -6173821.182626
589.128249 -6553.354957 -3644.638835
UTC=2024-01-13T04:10:02.000000
1113427.471954 2714827.307847 -6562467.002611
331.808419 -6960.318301 -2824.552516
UTC=2024-01-13T04:12:02.000000
1137218.480252 1860708.821071 -6849992.553997
63.352426 -7256.015018 -1961.455376
UTC=2024-01-13T04:14:02.000000
1128429.259771 978016.792047 -7032023.001430
-210.168990 -7435.945407 -1068.539352
UTC=2024-01-13T04:16:02.000000
1086823.388680 80821.846839 -7105792.963853
-482.553426 -7497.439668 -159.404713
UTC=2024-01-13T04:18:02.000000
1012910.511751 -816596.363286 -7070184.019943
-747.589711 -7439.686513 752.131994
UTC=2024-01-13T04:20:02.000000
907940.041877 -1699972.415755 -6925739.046659
-999.178979 -7263.731808 1652.229878
UTC=2024-01-13T04:22:02.000000
773880.727969 -2555276.782015 -6674654.316110
-1231.450420 -6972.457057 2527.201909
UTC=2024-01-13T04:24:02.000000
613386.238786 -3368934.652739 -6320750.490170
-1438.879892 -6570.554274 3363.694371
UTC=2024-01-13T04:26:02.000000
429746.439746 -4128040.284031 -5869420.543159
-1616.405966 -6064.468621 4148.888810
UTC=2024-01-13T04:28:02.000000
226825.687608 -4820561.998950 -5327554.226398
-1759.532253 -5462.306729 4870.686890
UTC=2024-01-13T04:30:02.000000
8988.899830 -5435535.466745 -4703440.897134
-1864.428762 -4773.731444 5517.890774
UTC=2024-01-13T04:32:02.000000
-218983.992141 -5963242.746476 -4006650.472739
-1928.022466 -4009.827987 6080.385619
UTC=2024-01-13T04:34:02.000000
-451993.590138 -6395373.274764 -3247892.986283
-1948.073507 -3182.937311 6549.311284
UTC=2024-01-13T04:36:02.000000
-684724.892090 -6725163.370659 -2438858.683093
-1923.237380 -2306.466909 6917.215642
UTC=2024-01-13T04:38:02.000000
-911757.596841 -6947511.773400 -1592040.342169
-1853.109304 -1394.677807 7178.197767
UTC=2024-01-13T04:40:02.000000
-1127680.505876 -7059067.673957 -720539.740456
-1738.248050 -462.441145 7328.025245
UTC=2024-01-13T04:42:02.000000
-1327207.560366 -7058288.547890 162137.942294
-1580.179331 475.020141 7364.218421
UTC=2024-01-13T04:44:02.000000
-1505293.057425 -6945466.443519 1042297.890770
-1381.378869 1402.397567 7286.102682
UTC=2024-01-13T04:46:02.000000
-1657243.545850 -6722721.974805 1906273.900915
-1145.233192 2304.569219 7094.830143
UTC=2024-01-13T04:48:02.000000
-1778823.584767 -6393965.545903 2740647.045175
-875.977210 3166.872045 6793.364089
UTC=2024-01-13T04:50:02.000000
-1866352.834682 -5964826.418144 3532460.131262
-578.612445 3975.363642 6386.424783
UTC=2024-01-13T04:52:02.000000
-1916792.184278 -5442551.478573 4269423.516149
-258.806578 4717.064324 5880.399993
UTC=2024-01-13T04:54:02.000000
-1927817.112448 -4835876.563866 4940108.266658
77.217147 5380.170790 5283.225708
UTC=2024-01-13T04:56:02.000000
-1897877.343408 -4154873.881914 5534124.049187
422.798772 5954.243742 4604.252313
UTC=2024-01-13T04:58:02.000000
-1826241.431896 -3410777.789453 6042279.594601
770.974270 6430.378903 3854.083641
UTC=2024-01-13T05:00:02.000000
-1713024.843556 -2615792.518062 6456721.958704
1114.615666 6801.332938 3044.390112
UTC=2024-01-13T05:02:02.000000
-1559201.402077 -1782887.300300 6771053.415360
1446.567248 7061.612356 2187.724615
UTC=2024-01-13T05:04:02.000000
-1366598.610602 -925581.811644 6980426.192540
1759.779028 7207.547464 1297.333257
UTC=2024-01-13T05:06:02.000000
-1137876.979175 -57724.376541 7081613.252771
2047.439488 7237.333039 386.948114
UTC=2024-01-13T05:08:02.000000
-876493.471122 806732.301786 7073054.815881
2303.108212 7151.035337 -529.407216
UTC=2024-01-13T05:10:02.000000
-586649.027036 1653955.559507 6954881.390147
2520.847181 6950.584809 -1437.619685
UTC=2024-01-13T05:12:02.000000
-273220.877508 2470454.456440 6728912.051723
2695.342384 6639.737775 -2323.693909
UTC=2024-01-13T05:14:02.000000
58319.134033 3243295.181866 6398628.046541
2822.015058 6224.010528 -3173.955538
UTC=2024-01-13T05:16:02.000000
401998.836887 3960307.363700 5969122.337856
2897.121055 5710.594796 -3975.250754
UTC=2024-01-13T05:18:02.000000
751451.423845 4610278.684588 5447025.091814
2917.841399 5108.245532 -4715.145551
UTC=2024-01-13T05:20:02.000000
1100031.273372 5183134.660432 4840405.716539
2882.359442 4427.147469 -5382.119509
UTC=2024-01-13T05:22:02.000000
1440937.726775 5670100.580636 4158651.631226
2789.914841 3678.747882 -5965.754552
UTC=2024-01-13T05:24:02.000000
1767344.373959 6063842.135015 3412326.469091
2640.846763 2875.577863 -6456.892039
UTC=2024-01-13T05:26:02.000000
2072533.129832 6358584.248881 2613008.153194
2436.619884 2031.053652 -6847.816306
UTC=2024-01-13T05:28:02.000000
2350028.214418 6550202.609473 1773106.755168
2179.805853 1159.232335 -7132.392166
UTC=2024-01-13T05:30:02.000000
2593727.789141 6636285.890011 905668.057711
1874.057231 274.562382 -7306.176097
UTC=2024-01-13T05:32:02.000000
2798030.229537 6616166.996819 24165.716237
1524.047167 -608.376242 -7366.489658
UTC=2024-01-13T05:34:02.000000
2957952.239563 6490923.652014 -857713.480441
1135.393685 -1475.126154 -7312.464417
UTC=2024-01-13T05:36:02.000000
3069236.610254 6263348.187775 -1726287.960991
714.561995 -2311.610195 -7145.054518
UTC=2024-01-13T05:38:02.000000
3128446.984431 5937887.057743 -2568099.028780
268.746942 -3104.376624 -6867.014392
UTC=2024-01-13T05:40:02.000000
3133047.590897 5520551.607552 -3370124.055823
-194.260316 -3840.833813 -6482.845355
UTC=2024-01-13T05:42:02.000000
3081465.948053 5018801.620611 -4119980.909529
-666.221732 -4509.465796 -5998.702057
UTC=2024-01-13T05:44:02.000000
2973137.248999 4441405.180305 -4806119.128237
-1138.606784 -5100.010636 -5422.269426
UTC=2024-01-13T05:46:02.000000
2808530.027558 3798278.849576 -5417995.316222
-1602.749599 -5603.611740 -4762.621339
UTC=2024-01-13T05:48:02.000000
2589153.173739 3100311.483308 -5946230.385349
-2050.002446 -6012.938812 -4030.061724
UTC=2024-01-13T05:50:02.000000
2317544.410936 2359175.181364 -6382746.937203
-2471.891789 -6322.280691 -3235.951166
UTC=2024-01-13T05:52:02.000000
1997240.301970 1587127.128438 -6720884.959927
-2860.267375 -6527.604090 -2392.520752
UTC=2024-01-13T05:54:02.000000
1632729.188362 796806.298480 -6955495.118927
-3207.439050 -6626.581971 -1512.687086
UTC=2024-01-13T05:56:02.000000
1229387.796451 1028.118044 -7083010.130238
-3506.313298 -6618.600060 -609.870567
UTC=2024-01-13T05:58:02.000000
793401.646136 -787420.608608 -7101493.891930
-3750.524201 -6504.745622 302.196236
UTC=2024-01-13T06:00:02.000000
331670.804650 -1555983.649052 -7010667.086485
-3934.545967 -6287.764671 1209.663823
UTC=2024-01-13T06:02:02.000000
-148297.110426 -2292530.751233 -6811910.400949
-4053.795646 -5972.000449 2098.743660
UTC=2024-01-13T06:04:02.000000
-638506.206525 -2985545.581404 -6508246.482842
-4104.734125 -5563.329646 2955.891568
UTC=2024-01-13T06:06:02.000000
-1130602.702774 -3624304.430317 -6104298.557486
-4084.947297 -5069.066965 3768.006773
UTC=2024-01-13T06:08:02.000000
-1616013.977140 -4199041.884310 -5606226.342707
-3993.212472 -4497.850007 4522.611614
UTC=2024-01-13T06:10:02.000000
-2086095.050593 -4701102.314588 -5021640.315457
-3829.554291 -3859.515002 5208.035951
UTC=2024-01-13T06:12:02.000000
-2532280.676455 -5123074.957963 -4359493.467779
-3595.280943 -3164.945825 5813.605481
UTC=2024-01-13T06:14:02.000000
-2946240.227273 -5458909.267778 -3629951.031865
-3292.993994 -2425.898256 6329.818544
UTC=2024-01-13T06:16:02.000000
-3320032.273005 -5704008.292043 -2844239.964331
-2926.574463 -1654.810390 6748.507213
UTC=2024-01-13T06:18:02.000000
-3646256.185385 -5855298.427966 -2014479.866247
-2501.146451 -864.597734 7062.985422
UTC=2024-01-13T06:20:02.000000
-3918197.729179 -5911273.610471 -1153497.110076
-2023.012273 -68.432413 7268.179603
UTC=2024-01-13T06:22:02.000000
-4129964.988735 -5872012.230665 -274624.798143
-1499.556654 720.489415 7360.732275
UTC=2024-01-13T06:24:02.000000
-4276611.240957 -5739165.873752 608507.668174
-939.126332 1489.183011 7339.071504
UTC=2024-01-13T06:26:02.000000
-4354242.124158 -5515919.937293 1482191.474513
-350.888322 2225.108409 7203.449319
UTC=2024-01-13T06:28:02.000000
-4360104.395114 -5206926.428414 2332857.722793
255.334783 2916.398913 6955.941937
UTC=2024-01-13T06:30:02.000000
-4292653.984088 -4818210.420368 3147294.258400
869.242876 3552.069484 6600.409611
UTC=2024-01-13T06:32:02.000000
-4151602.243668 -4357052.888541 3912855.891660
1480.244170 4122.202794 6142.427667
UTC=2024-01-13T06:34:02.000000
-3937939.341346 -3831852.418813 4617664.594502
2077.649779 4618.115242 5589.187369
UTC=2024-01-13T06:36:02.000000
-3653934.129514 -3251968.502712 5250795.657934
2650.868962 5032.494901 4949.361202
UTC=2024-01-13T06:38:02.000000
-3303111.081814 -2627550.659104 5802446.303359
3189.596312 5359.500456 4232.949162
UTC=2024-01-13T06:40:02.000000
-2890205.089373 -1969357.498657 6264085.234989
3683.993025 5594.831410 3451.114386
UTC=2024-01-13T06:42:02.000000
-2421095.033250 -1288568.666046 6628581.778168
4124.859631 5735.777640 2616.006568
UTC=2024-01-13T06:44:02.000000
-1902716.965167 -596592.202596 6890312.686755
4503.803235 5781.243557 1740.564509
UTC=2024-01-13T06:46:02.000000
-1342958.281974 95128.475254 7045243.983052
4813.381734 5731.728407 838.303622
UTC=2024-01-13T06:48:02.000000
-750536.317399 775303.543267 7090988.710233
5047.225771 5589.286678 -76.872124
UTC=2024-01-13T06:50:02.000000
-134862.201796 1432980.762531 7026841.863397
5200.160301 5357.479753 -990.868593
UTC=2024-01-13T06:52:02.000000
494108.844688 2057722.043256 6853790.841703
5268.308067 5041.301147 -1889.607807
UTC=2024-01-13T06:54:02.000000
1126038.515956 2639769.598052 6574501.012414
5249.173415 4647.077074 -2759.235408
UTC=2024-01-13T06:56:02.000000
1750375.098654 3170199.017493 6193276.968134
5141.704147 4182.351287 -3586.317920
UTC=2024-01-13T06:58:02.000000
2356529.565463 3641057.994850 5716000.223146
4946.336758 3655.759256 -4358.039718
UTC=2024-01-13T07:00:02.000000
2934056.097595 4045488.844538 5150043.142350
4665.024120 3076.883158 -5062.402860
UTC=2024-01-13T07:02:02.000000
3472834.069452 4377832.131582 4504158.761642
4301.228370 2456.081507 -5688.424546
UTC=2024-01-13T07:04:02.000000
3963247.101069 4633709.191327 3788348.745881
3859.885547 1804.313848 -6226.303512
UTC=2024-01-13T07:06:02.000000
4396357.809245 4810083.800932 3013711.521906
3347.366962 1132.961080 -6667.593527
UTC=2024-01-13T07:08:02.000000
4764074.621667 4905299.839608 2192269.022722
2771.375064 453.608297 -7005.369463
UTC=2024-01-13T07:10:02.000000
5059303.935108 4919093.595660 1336777.663914
2140.822117 -222.156244 -7234.332755
UTC=2024-01-13T07:12:02.000000
5276087.868873 4852581.717755 460526.698512
1465.697309 -882.950446 -7350.917744
UTC=2024-01-13T07:14:02.000000
5409722.755377 4708223.638609 -422874.522259
756.882509 -1517.811522 -7353.361500
UTC=2024-01-13T07:16:02.000000
5456854.636788 4489759.184541 -1299714.358282
25.958465 -2116.393430 -7241.723110
UTC=2024-01-13T07:18:02.000000
5415551.127802 4202123.626763 -2156397.377332
-714.997680 -2669.147176 -7017.876535
UTC=2024-01-13T07:20:02.000000
5285348.098961 3851341.985252 -2979660.061578
-1453.629227 -3167.484508 -6685.469835
UTC=2024-01-13T07:22:02.000000
5067269.879735 3444405.239984 -3756779.484155
-2177.521971 -3603.914803 -6249.849977
UTC=2024-01-13T07:24:02.000000
4763822.960374 2989131.667683 -4475771.350599
-2874.423832 -3972.157816 -5717.961197
UTC=2024-01-13T07:26:02.000000
4378963.631247 2494015.781029 -5125573.988798
-3532.457949 -4267.235628 -5098.211348
UTC=2024-01-13T07:28:02.000000
3918040.879632 1968068.403289 -5696214.765104
-4140.321675 -4485.527443 -4400.316733
UTC=2024-01-13T07:30:02.000000
3387716.160491 1420651.970521 -6178957.307320
-4687.473183 -4624.796159 -3635.136801
UTC=2024-01-13T07:32:02.000000
2795861.617694 861314.071268 -6566428.097921
-5164.303008 -4684.191654 -2814.495117
UTC=2024-01-13T07:34:02.000000
2151439.089577 299622.106206 -6852720.854935
-5562.281570 -4664.227818 -1950.991063
UTC=2024-01-13T07:36:02.000000
1464362.776357 -254997.954151 -7033478.687085
-5874.086168 -4566.740031 -1057.819194
UTC=2024-01-13T07:38:02.000000
745346.914286 -793417.043142 -7105954.660013
-6093.725567 -4394.830232 -148.584097
UTC=2024-01-13T07:40:02.000000
5739.757724 -1306950.382796 -7069048.890745
-6216.636940 -4152.786090 762.899493
UTC=2024-01-13T07:42:02.000000
-742652.362471 -1787494.227867 -6923322.853730
-6239.761002 -3845.988262 1662.786398
UTC=2024-01-13T07:44:02.000000
-1487749.765484 -2227651.310762 -6670992.083364
-6161.610861 -3480.813374 2537.386828
UTC=2024-01-13T07:46:02.000000
-2217390.928290 -2620843.609369 -6315895.768306
-5982.314065 -3064.517795 3373.360993
UTC=2024-01-13T07:48:02.000000
-2919527.617761 -2961410.277477 -5863443.814095
-5703.634016 -2605.110380 4157.899487
UTC=2024-01-13T07:50:02.000000
-3582422.007795 -3244690.271066 -5320542.382567
-5328.981147 -2111.223116 4878.905995
UTC=2024-01-13T07:52:02.000000
-4194843.644762 -3467088.559953 -4695496.658209
-4863.394510 -1591.964760 5525.191477
UTC=2024-01-13T07:54:02.000000
-4746261.925023 -3626123.824430 -3997891.070341
-4313.488765 -1056.761850 6086.652615
UTC=2024-01-13T07:56:02.000000
-5227030.919323 -3720456.930732 -3238448.828204
-3687.378711 -515.196635 6554.440835
UTC=2024-01-13T07:58:02.000000
-5628563.263936 -3749899.528497 -2428871.638284
-2994.571555 23.162114 6921.121606
UTC=2024-01-13T08:00:02.000000
-5943489.081443 -3715402.018685 -1581661.423603
-2245.825354 548.932842 7180.813237
UTC=2024-01-13T08:02:02.000000
-6165796.249758 -3619020.849945 -709926.994171
-1452.981219 1053.091061 7329.299840
UTC=2024-01-13T08:04:02.000000
-6290948.918364 -3463865.610467 172821.376120
-628.768246 1527.135741 7364.117661
UTC=2024-01-13T08:06:02.000000
-6315981.345202 -3254026.832126 1052885.891176
213.412503 1963.243963 7284.612734
UTC=2024-01-13T08:08:02.000000
-6239564.164537 -2994485.752782 1916600.273501
1059.731228 2354.416671 7091.964039
UTC=2024-01-13T08:10:02.000000
-6062040.678030 -2691007.610970 2750548.637666
1896.181264 2694.604719 6789.157994
UTC=2024-01-13T08:12:02.000000
-5785433.462819 -2350021.626152 3541779.259009
2708.821994 2978.805445 6380.934553
UTC=2024-01-13T08:14:02.000000
-5413421.307629 -1978490.292313 4278010.769709
3484.033860 3203.146032 5873.708453
UTC=2024-01-13T08:16:02.000000
-4951285.715230 -1583770.161317 4947825.749044
4208.762170 3364.937204 5275.440476
UTC=2024-01-13T08:18:02.000000
-4405830.031643 -1173468.382104 5540847.659166
4870.731913 3462.693072 4595.493525
UTC=2024-01-13T08:20:02.000000
-3785273.674441 -755298.058096 6047900.157297
5458.650375 3496.132798 3844.481353
UTC=2024-01-13T08:22:02.000000
-3099122.456238 -336934.385621 6461146.994680
5962.400807 3466.163822 3034.093698
UTC=2024-01-13T08:24:02.000000
-2358017.078715 74125.459114 6774209.523574
6373.210453 3374.835525 2176.900695
UTC=2024-01-13T08:26:02.000000
-1573563.438533 470695.315506 6982260.430894
6683.785776 3225.269881 1286.155571
UTC=2024-01-13T08:28:02.000000
-758148.186310 846024.250588 7082093.982598
6888.424770 3021.584847 375.598008
UTC=2024-01-13T08:30:02.000000
75257.978605 1193910.687723 7072172.351107
6983.108877 2768.801619 -540.746745
UTC=2024-01-13T08:32:02.000000
913306.787308 1508804.564760 6952647.823214
6965.574071 2472.739213 -1448.769158
UTC=2024-01-13T08:34:02.000000
1742486.117732 1785896.156922 6725360.598438
6835.358984 2139.896610 -2334.481147
UTC=2024-01-13T08:36:02.000000
2549337.775754 2021189.988589 6393812.112792
6593.825472 1777.323929 -3184.216115
UTC=2024-01-13T08:38:02.000000
3320676.604889 2211563.082552 5963114.680466
6244.161163 1392.489993 -3984.826554
UTC=2024-01-13T08:40:02.000000
4043808.300877 2354806.809957 5439916.861120
5791.350604 993.141123 -4723.889346
UTC=2024-01-13T08:42:02.000000
4706741.386739 2449651.625077 4832304.989576
5242.111088 587.158785 -5389.894642
UTC=2024-01-13T08:44:02.000000
5298390.640473 2495774.679302 4149682.808599
4604.815578 182.415073 -5972.426172
UTC=2024-01-13T08:46:02.000000
5808769.766330 2493789.578264 3402628.729025
3889.380862 -213.380809 -6462.354884
UTC=2024-01-13T08:48:02.000000
6229166.307869 2445217.707717 2602731.431281
3107.093104 -592.831051 -6851.991165
UTC=2024-01-13T08:50:02.000000
6552296.313219 2352442.761260 1762409.589508
2270.443465 -948.985019 -7135.215284
UTC=2024-01-13T08:52:02.000000
6772436.576758 2218648.719186 894715.772783
1392.914919 -1275.477096 -7307.598029
UTC=2024-01-13T08:54:02.000000
6885529.578503 2047742.281730 13128.524670
488.745214 -1566.645592 -7366.479952
UTC=2024-01-13T08:56:02.000000
6889258.924915 1844262.057575 -868663.333069
-427.329248 -1817.637066 -7311.020109
UTC=2024-01-13T08:58:02.000000
6783093.367432 1613276.007777 -1736979.320214
-1340.333803 -2024.495185 -7142.195777
UTC=2024-01-13T09:00:02.000000
6568300.312324 1360269.607417 -2578364.562319
-2235.310794 -2184.227180 -6862.785599
UTC=2024-01-13T09:02:02.000000
6247927.220079 1091027.289673 -3379803.202914
-3097.594850 -2294.848377 -6477.313878
UTC=2024-01-13T09:04:02.000000
5826751.057598 811510.095910 -4128922.420742
-3913.067466 -2355.401363 -5991.956328
UTC=2024-01-13T09:06:02.000000
5311198.044137 527732.329466 -4814183.707578
-4668.398026 -2365.953602 -5414.419312
UTC=2024-01-13T09:08:02.000000
4709235.964194 245639.837551 -5425057.785326
-5351.257361 -2327.572550 -4753.791263
UTC=2024-01-13T09:10:02.000000
4030242.531823 -29007.419323 -5952181.083686
-5950.505410 -2242.279747 -4020.385258
UTC=2024-01-13T09:12:02.000000
3284852.428343 -290746.327754 -6387492.807043
-6456.359600 -2112.989919 -3225.572092
UTC=2024-01-13T09:14:02.000000
2484785.292905 -534513.440323 -6724350.845258
-6860.540663 -1943.435371 -2381.593048
UTC=2024-01-13T09:16:02.000000
1642658.631496 -755737.787109 -6957624.802284
-7156.379325 -1738.076216 -1501.372419
UTC=2024-01-13T09:18:02.000000
771788.947411 -950422.471993 -7083767.232698
-7338.909803 -1502.002803 -598.337095
UTC=2024-01-13T09:20:02.000000
-114017.346514 -1115213.720140 -7100862.345829
-7404.941118 -1240.824492 313.778181
UTC=2024-01-13T09:22:02.000000
-1000679.431553 -1247456.416764 -7008651.622217
-7353.096654 -960.557549 1221.116805
UTC=2024-01-13T09:24:02.000000
-1874061.727917 -1345236.005151 -6808537.396131
-7183.843237 -667.508006 2109.886999
UTC=2024-01-13T09:26:02.000000
-2720195.420692 -1407405.853139 -6503563.332529
-6899.490284 -368.147750 2966.556974
UTC=2024-01-13T09:28:02.000000
-3525498.022373 -1433599.743710 -6098372.263509
-6504.162531 -68.991907 3778.033922
UTC=2024-01-13T09:30:02.000000
-4276989.542336 -1424229.841352 -5599142.904474
-6003.769806 223.522507 4531.845234
UTC=2024-01-13T09:32:02.000000
-4962503.121440 -1380469.759747 -5013503.647038
-5405.939589 503.162318 5216.333622
UTC=2024-01-13T09:34:02.000000
-5570885.378232 -1304222.786848 -4350423.772209
-4719.917645 764.019321 5820.837442
UTC=2024-01-13T09:36:02.000000
-6092183.629973 -1198075.824524 -3620083.480829
-3956.447297 1000.627286 6335.865350
UTC=2024-01-13T09:38:02.000000
-6517816.689186 -1065239.568048 -2833723.207851
-3127.614452 1208.073921 6753.264711
UTC=2024-01-13T09:40:02.000000
-6840724.974827 -909475.785296 -2003473.882188
-2246.659992 1382.102840 7066.369364
UTC=2024-01-13T09:42:02.000000
-7055496.719068 -735013.188653 -1142170.758200
-1327.769975 1519.201786 7270.126536
UTC=2024-01-13T09:44:02.000000
-7158467.432933 -546453.275625 -263153.031289
-385.836040 1616.682274 7361.205148
UTC=2024-01-13T09:46:02.000000
-7147788.605008 -348667.658050 619947.087858
563.810979 1672.737971 7338.059613
UTC=2024-01-13T09:48:02.000000
-7023464.675476 -146690.026451 1493420.836931
1505.664506 1686.478268 7200.963813
UTC=2024-01-13T09:50:02.000000
-6787357.551483 54394.960038 2343701.894672
2424.319888 1657.945528 6952.014845
UTC=2024-01-13T09:52:02.000000
-6443157.773342 249563.661088 3157583.388331
3304.750080 1588.112091 6595.097827
UTC=2024-01-13T09:54:02.000000
-5996322.938101 433963.783793 3922428.601895
4132.574964 1478.855403 6135.815079
UTC=2024-01-13T09:56:02.000000
-5453984.857255 603020.389435 4626370.924447
4894.310378 1332.911073 5581.379510
UTC=2024-01-13T09:58:02.000000
-4824828.283457 752535.154583 5258499.475638
5577.593735 1153.808486 4940.482712
UTC=2024-01-13T10:00:02.000000
-4118944.228885 878777.023934 5809027.456244
6171.380035 945.791606 4223.141704
UTC=2024-01-13T10:02:02.000000
-3347661.313269 978562.443650 6269441.590336
6666.114824 713.724473 3440.535850
UTC=2024-01-13T10:04:02.000000
-2523357.769035 1049323.485054 6632630.801709
7053.880738 462.985669 2604.824679
UTC=2024-01-13T10:06:02.000000
-1659257.583661 1089163.075488 6892992.321112
7328.516620 199.358077 1728.952812
UTC=2024-01-13T10:08:02.000000
-769214.465926 1096896.273205 7046513.480181
7485.698150 -71.092889 826.443799
UTC=2024-01-13T10:10:02.000000
132511.760392 1072076.768707 7090829.346149
7522.988201 -342.143037 -88.796265
UTC=2024-01-13T10:12:02.000000
1031483.742349 1015008.402167 7025256.758520
7439.868317 -607.534743 -1002.677429
UTC=2024-01-13T10:14:02.000000
1913317.479186 926741.689874 6850804.272807
7237.744856 -861.102176 -1901.128167
UTC=2024-01-13T10:16:02.000000
2763912.320985 809055.240497 6570157.874578
6919.928881 -1096.896894 -2770.295885
UTC=2024-01-13T10:18:02.000000
3569677.352144 664422.294524 6187642.667336
6491.595878 -1309.310321 -3596.749378
UTC=2024-01-13T10:20:02.000000
4317750.968821 495962.838811 5709159.866866
5959.710015 -1493.190891 -4367.684007
UTC=2024-01-13T10:22:02.000000
4996209.614577 307381.955525 5142100.050417
5332.922751 -1643.957039 -5071.113476
UTC=2024-01-13T10:24:02.000000
5594263.107851 102895.092844 4495233.542150
4621.449339 -1757.699919 -5696.059931
UTC=2024-01-13T10:26:02.000000
6102433.323566 -112857.999444 3778578.169308
3836.913353 -1831.270061 -6232.739175
UTC=2024-01-13T10:28:02.000000
6512712.301330 -334909.031745 3003245.688459
2992.160543 -1862.352860 -6672.730237
UTC=2024-01-13T10:30:02.000000
6818696.143416 -558065.219612 2181268.908771
2101.040576 -1849.530402 -7009.125580
UTC=2024-01-13T10:32:02.000000
7015691.360828 -777019.669129 1325412.709622
1178.170907 -1792.323376 -7236.649463
UTC=2024-01-13T10:34:02.000000
7100792.315338 -986465.233502 448972.168187
238.688651 -1691.208498 -7351.755149
UTC=2024-01-13T10:36:02.000000
7072927.688147 -1181209.517388 -434439.565646
-702.018769 -1547.620002 -7352.697473
UTC=2024-01-13T10:38:02.000000
6932873.351655 -1356288.607752 -1311109.517413
-1628.597664 -1363.925607 -7239.557842
UTC=2024-01-13T10:40:02.000000
6683232.193571 -1507076.583994 -2167443.840664
-2525.997061 -1143.381821 -7014.237054
UTC=2024-01-13T10:42:02.000000
6328381.531495 -1629388.526661 -2990183.928639
-3379.736869 -890.069961 -6680.410746
UTC=2024-01-13T10:44:02.000000
5874389.633405 -1719574.752971 -3766614.984885
-4176.154215 -608.814104 -6243.451502
UTC=2024-01-13T10:46:02.000000
5328903.906980 -1774604.145804 -4484763.567325
-4902.628215 -305.082009 -5710.322803
UTC=2024-01-13T10:48:02.000000
4701013.695702 -1792134.931079 -5133580.924358
-5547.778589 15.123603 -5089.449381
UTC=2024-01-13T10:50:02.000000
4001090.657106 -1770572.014136 -5703109.494791
-6101.640557 345.381047 -4390.565582
UTC=2024-01-13T10:52:02.000000
3240610.079475 -1709109.765791 -6184629.817115
-6555.804778 678.975868 -3624.542465
UTC=2024-01-13T10:54:02.000000
2431957.823000 -1607759.326839 -6570786.369987
-6903.519264 1009.031533 -2803.212685
UTC=2024-01-13T10:56:02.000000
1588226.248414 -1467360.215082 -6855692.459729
-7139.773707 1328.639850 -1939.192258
UTC=2024-01-13T10:58:02.000000
723001.559495 -1289576.476092 -7035012.535328
-7261.353151 1630.987666 -1045.685975
UTC=2024-01-13T11:00:02.000000
-149853.325885 -1076877.688744 -7106021.686139
-7266.863537 1909.484052 -136.301471
UTC=2024-01-13T11:02:02.000000
-1016417.652010 -832504.796208 -7067642.584186
-7156.733301 2157.883632 775.139683
UTC=2024-01-13T11:04:02.000000
-1862930.802610 -560421.403705 -6920460.073642
-6933.198964 2370.407894 1674.788678
UTC=2024-01-13T11:06:02.000000
-2676007.054072 -265250.688231 -6666712.692533
-6600.262254 2541.860316 2548.964471
UTC=2024-01-13T11:08:02.000000
-3442843.476918 47800.765516 -6310261.538563
-6163.623123 2667.731275 3384.334256
UTC=2024-01-13T11:10:02.000000
-4151419.558459 373031.491777 -5856537.786772
-5630.608484 2744.298219 4168.095461
UTC=2024-01-13T11:12:02.000000
-4790686.603774 704344.984565 -5312467.283286
-5010.067691 2768.712956 4888.169973
UTC=2024-01-13T11:14:02.000000
-5350742.997816 1035359.287386 -4686373.016250
-4312.248438 2739.078911 5533.380165
UTC=2024-01-13T11:16:02.000000
-5822993.611551 1359525.453980 -3987855.910919
-3548.649343 2654.518461 6093.635468
UTC=2024-01-13T11:18:02.000000
-6200289.239075 1670252.514398 -3227653.856210
-2731.839246 2515.214018 6560.104084
UTC=2024-01-13T11:20:02.000000
-6477043.341121 1961036.188339 -2417481.133118
-1875.258655 2322.430060 6925.369255
UTC=2024-01-13T11:22:02.000000
-6649323.653748 2225589.108412 -1569850.153783
-993.000222 2078.516142 7183.567154
UTC=2024-01-13T11:24:02.000000
-6714916.279240 2457970.019809 -697877.733757
-99.569151 1786.885039 7330.505705
UTC=2024-01-13T11:26:02.000000
-6673359.966186 2652708.649687 184921.119054
790.372676 1451.963820 7363.752109
UTC=2024-01-13T11:28:02.000000
-6525949.083036 2804923.479475 1064847.723074
1662.270483 1079.124866 7282.683084
UTC=2024-01-13T11:30:02.000000
-6275705.197720 2910430.037749 1928238.178926
2501.935530 674.596173 7088.502252
UTC=2024-01-13T11:32:02.000000
-5927317.690921 2965836.916747 2761681.906974
3295.800618 245.346925 6784.220939
UTC=2024-01-13T11:34:02.000000
-5487054.944822 2968627.099459 3552235.592777
4031.154403 -201.041705 6374.604889
UTC=2024-01-13T11:36:02.000000
-4962648.088451 2917222.834764 4287628.974941
4696.364180 -656.521509 5866.087556
UTC=2024-01-13T11:38:02.000000
-4363149.770765 2811032.650772 4956457.803135
5281.065769 -1112.727956 5266.646944
UTC=2024-01-13T11:40:02.000000
-3698772.235788 2650480.115613 5548360.985802
5776.320993 -1561.134284 4585.666644
UTC=2024-01-13T11:42:02.000000
-2980707.880484 2437013.919107 6054180.135375
6174.753111 -1993.208339 3833.780201
UTC=2024-01-13T11:44:02.000000
-2220935.106327 2173098.893573 6466098.931277
6470.652762 -2400.573178 3022.690458
UTC=2024-01-13T11:46:02.000000
-1432013.757020 1862187.994475 6777760.004582
6660.047817 -2775.162198 2164.977014
UTC=2024-01-13T11:48:02.000000
-626874.290020 1508676.160409 6984358.033535
6740.735499 -3109.366159 1273.895199
UTC=2024-01-13T11:50:02.000000
181395.062275 1117836.987141 7082709.314383
6712.289520 -3396.172511 363.184339
UTC=2024-01-13T11:52:02.000000
979761.148208 695743.209429 7071297.924984
6576.049871 -3629.295731 -553.132546
UTC=2024-01-13T11:54:02.000000
1755455.769620 249172.124860 6950297.616703
6335.084188 -3803.297995 -1460.950519
UTC=2024-01-13T11:56:02.000000
2496179.616939 -214502.924478 6721569.682580
5994.128015 -3913.700939 -2346.282042
UTC=2024-01-13T11:58:02.000000
3190297.869045 -687433.839004 6388636.775434
5559.505664 -3957.085276 -3195.459800
UTC=2024-01-13T12:00:02.000000
3827024.926346 -1161429.919353 5956632.144765
5039.027254 -3931.173227 -3995.341473
UTC=2024-01-13T12:02:02.000000
4396595.219142 -1628099.198586 5432224.513947
4441.859193 -3834.897652 -4733.511306
UTC=2024-01-13T12:04:02.000000
4890417.043929 -2078996.654128 4823519.310904
3778.373650 -3668.447304 -5398.470689
UTC=2024-01-13T12:06:02.000000
5301207.629304 -2505776.724156 4139937.563367
3059.984839 -3433.294230 -5979.822420
UTC=2024-01-13T12:08:02.000000
5623107.067106 -2900347.862518 3392072.704422
2298.958606 -3132.198028 -6468.452949
UTC=2024-01-13T12:10:02.000000
5851767.675919 -3255025.732103 2591526.574141
1508.195490 -2769.179263 -6856.692893
UTC=2024-01-13T12:12:02.000000
5984416.688918 -3562681.715646 1750728.112959
701.006106 -2349.469388 -7138.446457
UTC=2024-01-13T12:14:02.000000
6019891.753408 -3816884.110108 882737.528660
-109.120530 -1879.436763 -7309.306229
UTC=2024-01-13T12:16:02.000000
5958647.532640 -4012028.271630 1038.370921
-908.762843 -1366.477946 -7366.632779
UTC=2024-01-13T12:18:02.000000
5802733.493836 -4143452.850390 -880677.682700
-1684.802933 -818.894918 -7309.603755
UTC=2024-01-13T12:20:02.000000
5555742.908046 -4207539.421859 -1748730.176441
-2424.666566 -245.740875 -7139.225963
UTC=2024-01-13T12:22:02.000000
5222734.299085 -4201792.920829 -2589667.941774
-3116.542797 343.342730 -6858.306748
UTC=2024-01-13T12:24:02.000000
4810127.538693 -4124901.889096 -3390481.855411
-3749.584712 938.300628 -6471.393966
UTC=2024-01-13T12:26:02.000000
4325577.229485 -3976777.112974 -4138808.611459
-4314.088154 1528.848338 -5984.684992
UTC=2024-01-13T12:28:02.000000
3777826.308353 -3758568.031846 -4823121.597345
-4801.640562 2104.657096 -5405.905681
UTC=2024-01-13T12:30:02.000000
3176543.587857 -3472656.908831 -5432905.957324
-5205.240603 2655.538822 -4744.166414
UTC=2024-01-13T12:32:02.000000
2532148.910174 -3122631.366829 -5958814.899307
-5519.383540 3171.619973 -4009.796109
UTC=2024-01-13T12:34:02.000000
1855630.154360 -2713236.880823 -6392805.813830
-5740.113964 3643.503144 -3214.174936
UTC=2024-01-13T12:36:02.000000
1158354.962417 -2250309.959334 -6728256.323710
-5865.062453 4062.428981 -2369.562383
UTC=2024-01-13T12:38:02.000000
451879.564797 -1740692.211834 -6960058.198179
-5893.453271 4420.428097 -1488.901461
UTC=2024-01-13T12:40:02.000000
-252241.250009 -1192127.697852 -7084687.672312
-5826.080457 4710.449601 -585.625517
UTC=2024-01-13T12:42:02.000000
-942640.021086 -613145.527202 -7100253.079534
-5665.263613 4926.478668 326.527458
UTC=2024-01-13T12:44:02.000000
-1608316.520126 -12929.007652 -7006520.384239
-5414.793202 5063.644077 1233.700397
UTC=2024-01-13T12:46:02.000000
-2238809.858740 598827.370966 -6804915.882047
-5079.852625 5118.311227 2122.109399
UTC=2024-01-13T12:48:02.000000
-2824359.944586 1212071.130741 -6498506.358959
-4666.921507 5088.160301 2978.227291
UTC=2024-01-13T12:50:02.000000
-3356056.767035 1816553.548951 -6091957.294798
-4183.669778 4972.249545 3788.966806
UTC=2024-01-13T12:52:02.000000
-3825976.319801 2401998.097647 -5591469.054827
-3638.839949 4771.064254 4541.865231
UTC=2024-01-13T12:54:02.000000
-4227301.336724 2958273.725701 -5004690.444062
-3042.110507 4486.546397 5225.277025
UTC=2024-01-13T12:56:02.000000
-4554424.251557 3475569.982441 -4340609.213856
-2403.936268 4122.095057 5828.561699
UTC=2024-01-13T12:58:02.000000
-4803029.947851 3944570.672516 -3609421.158232
-1735.373787 3682.543355 6342.252792
UTC=2024-01-13T13:00:02.000000
-4970157.249291 4356623.423400 -2822379.423459
-1047.900837 3174.111011 6758.221449
UTC=2024-01-13T13:02:02.000000
-5054237.770775 4703901.473293 -1991624.748373
-353.219314 2604.322836 7069.825281
UTC=2024-01-13T13:04:02.000000
-5055110.821607 4979554.265641 -1129999.459838
336.944943 1981.904267 7272.033605
UTC=2024-01-13T13:06:02.000000
-4974013.846822 5177843.731769 -250847.393195
1011.051342 1316.646613 7361.533850
UTC=2024-01-13T13:08:02.000000
-4813547.238679 5294262.622470 632196.921725
1657.958736 619.242251 7336.801343
UTC=2024-01-13T13:10:02.000000
-4577614.690976 5325631.637098 1505425.203947
2267.119210 -98.901009 7198.136550
UTC=2024-01-13T13:12:02.000000
-4271340.056323 5270173.095395 2355275.146492
2828.776215 -825.866528 6947.667488
UTC=2024-01-13T13:14:02.000000
-3900961.709319 5127559.077404 3168547.443738
3334.137661 -1549.444326 6589.306387
UTC=2024-01-13T13:16:02.000000
-3473707.717081 4898933.540203 3932615.708690
3775.522558 -2257.349680 6128.674610
UTC=2024-01-13T13:18:02.000000
-2997655.180821 4586908.202480 4635625.769177
4146.479688 -2937.440807 5573.002589
UTC=2024-01-13T13:20:02.000000
-2481576.513946 4195532.325889 5266681.428297
4441.885264 -3577.936349 4931.002243
UTC=2024-01-13T13:22:02.000000
-1934775.900095 3730236.812948 5816013.235605
4658.009081 -4167.623847 4212.713478
UTC=2024-01-13T13:24:02.000000
-1366919.466277 3197754.194912 6275127.623437
4792.552644 -4696.052838 3429.331011
UTC=2024-01-13T13:26:02.000000
-787862.744635 2606016.332187 6636934.414827
4844.656320 -5153.713004 2593.017618
UTC=2024-01-13T13:28:02.000000
-207479.091131 1964032.195566 6895851.434500
4814.877667 -5532.186337 1716.713487
UTC=2024-01-13T13:30:02.000000
364508.480240 1281748.181676 7047886.640724
4705.157778 -5824.290572 813.946617
UTC=2024-01-13T13:32:02.000000
918690.110412 569892.116454 7090696.203726
4518.762742 -6024.201810 -101.374618
UTC=2024-01-13T13:34:02.000000
1446123.468732 -160195.840430 7023618.242292
4260.204367 -6127.554234 -1015.158557
UTC=2024-01-13T13:36:02.000000
1938477.824189 -896743.672555 6847682.948444
3935.147295 -6131.529549 -1913.330138
UTC=2024-01-13T13:38:02.000000
2388165.949613 -1627737.360496 6565598.149386
3550.299244 -6034.920762 -2782.037151
UTC=2024-01-13T13:40:02.000000
2788462.161871 -2341116.995593 6181710.631387
3113.290273 -5838.176164 -3607.850186
UTC=2024-01-13T13:42:02.000000
3133604.911754 -3024976.870472 5701942.980796
2632.534732 -5543.417870 -4377.968671
UTC=2024-01-13T13:44:02.000000
3418881.888229 -3667766.088643 5133706.347616
2117.079735 -5154.433942 -5080.415923
UTC=2024-01-13T13:46:02.000000
3640696.559795 -4258486.670525 4485790.132234
1576.447737 -4676.643793 -5704.228850
UTC=2024-01-13T13:48:02.000000
3796615.223088 -4786885.917646 3768229.179643
1020.466836 -4117.035598 -6239.643149
UTC=2024-01-13T13:50:02.000000
3885392.898002 -5243639.050062 2992149.729700
459.091522 -3484.068167 -6678.259063
UTC=2024-01-13T13:52:02.000000
3906977.754200 -5620518.460816 2169596.572828
-97.777566 -2787.544933 -7013.190192
UTC=2024-01-13T13:54:02.000000
3862493.659838 -5910545.877884 1313343.759792
-640.476202 -2038.456025 -7239.187155
UTC=2024-01-13T13:56:02.000000
3754201.049404 -6108123.749540 436692.165246
-1159.754418 -1248.789987 -7352.730719
UTC=2024-01-13T13:58:02.000000
3585437.351234 -6209143.149809 -446741.874289
-1646.938657 -431.334938 -7352.092154
UTC=2024-01-13T14:00:02.000000
3360538.070797 -6211066.543930 -1323244.426813
-2094.094938 400.549051 -7237.375749
UTC=2024-01-13T14:02:02.000000
3084739.118579 -6112981.584756 -2179223.391677
-2494.170683 1233.174753 -7010.502103
UTC=2024-01-13T14:04:02.000000
2764064.048125 -5915626.169737 -3001424.306529
-2841.109459 2052.766619 -6675.169643
UTC=2024-01-13T14:06:02.000000
2405198.308183 -5621384.060243 -3777139.773985
-3129.950838 2845.710317 -6236.781816
UTC=2024-01-13T14:08:02.000000
2015353.031799 -5234250.908889 -4494407.579932
-3356.902848 3598.794442 -5702.333248
UTC=2024-01-13T14:10:02.000000
1602122.285895 -4759772.310144 -5142193.516821
-3519.378976 4299.433175 -5080.272115
UTC=2024-01-13T14:12:02.000000
1173337.456707 -4204956.430373 -5710556.938098
-3616.011116 4935.868616 -4380.350081
UTC=2024-01-13T14:14:02.000000
736921.167958 -3578163.270507 -6190797.393512
-3646.644042 5497.357604 -3613.456324
UTC=2024-01-13T14:16:02.000000
300743.198315 -2888972.750171 -6575580.476049
-3612.306992 5974.337056 -2791.438849
UTC=2024-01-13T14:18:02.000000
-127518.811230 -2148034.218013 -6859041.921176
-3515.162993 6358.568613 -1926.920943
UTC=2024-01-13T14:20:02.000000
-540511.459753 -1366899.930294 -7036869.387853
-3358.440221 6643.260512 -1033.113539
UTC=2024-01-13T14:22:02.000000
-931328.566798 -557845.190115 -7106361.776599
-3146.349750 6823.169264 -123.628189
UTC=2024-01-13T14:24:02.000000
-1293623.755240 266322.532499 -7066465.798368
-2883.994378 6894.679956 787.715307
UTC=2024-01-13T14:26:02.000000
-1621711.331366 1092462.617123 -6917789.667047
-2577.264192 6855.863848 1687.075228
UTC=2024-01-13T14:28:02.000000
-1910653.892401 1907306.536439 -6662594.630952
-2232.720652 6706.522812 2560.774323
UTC=2024-01-13T14:30:02.000000
-2156335.740418 2697666.858184 -6304764.224127
-1857.477645 6448.209619 3395.481533
UTC=2024-01-13T14:32:02.000000
-2355521.757944 3450648.090322 -5849751.476421
-1459.075051 6084.235215 4178.402286
UTC=2024-01-13T14:34:02.000000
-2505900.398641 4153856.397669 -5304503.206202
-1045.343734 5619.644281 4897.465104
UTC=2024-01-13T14:36:02.000000
-2606110.494676 4795605.223434 -4677362.015028
-624.268632 5061.169506 5541.510332
UTC=2024-01-13T14:38:02.000000
-2655751.002877 5365113.260878 -3977945.622607
-203.842071 4417.148799 6100.475183
UTC=2024-01-13T14:40:02.000000
-2655372.973227 5852690.396194 -3217005.134955
208.084466 3697.410045 6565.557750
UTC=2024-01-13T14:42:02.000000
-2606453.994525 6249908.827277 -2406264.810616
603.943635 2913.140033 6929.366014
UTC=2024-01-13T14:44:02.000000
-2511355.610783 6549756.531012 -1558243.881073
976.593864 2076.715801 7186.064991
UTC=2024-01-13T14:46:02.000000
-2373263.957715 6746767.817888 -686062.650613
1319.454638 1201.497310 7331.485934
UTC=2024-01-13T14:48:02.000000
-2196115.083199 6837128.726025 196762.257326
1626.627341 301.617767 7363.205632
UTC=2024-01-13T14:50:02.000000
-1984506.225415 6818755.879861 1076532.087260
1893.009347 -608.258645 7280.621251
UTC=2024-01-13T14:52:02.000000
-1743593.994626 6691343.322671 1939586.203519
2114.394914 -1513.218868 7084.968056
UTC=2024-01-13T14:54:02.000000
-1478982.112710 6456376.112936 2772520.934419
2287.547759 -2398.369346 6779.285757
UTC=2024-01-13T14:56:02.000000
-1196602.027499 6117112.377826 3562402.800824
2410.248108 -3249.094965 6368.359114
UTC=2024-01-13T14:58:02.000000
-902589.183451 5678534.808312 4296973.112286
2481.318007 -4051.309090 5858.634265
UTC=2024-01-13T15:00:02.000000
-603157.449953 5147272.370592 4964841.342222
2500.629175 -4791.703061 5258.113741
UTC=2024-01-13T15:02:02.000000
-304473.404408 4531492.220169 5555662.970289
2469.092807 -5457.982810 4576.198349
UTC=2024-01-13T15:04:02.000000
-12534.171099 3840766.804402 6060297.220388
2388.612857 -6039.051156 3823.525532
UTC=2024-01-13T15:06:02.000000
266948.360076 3085918.970370 6470945.923989
2262.028596 -6525.194685 3011.802289
UTC=2024-01-13T15:08:02.000000
528655.509250 2278846.535475 6781270.084044
2093.040598 -6908.232002 2153.609733
UTC=2024-01-13T15:10:02.000000
767760.015821 1432330.855819 6986483.451275
1886.122808 -7181.638674 1262.212779
UTC=2024-01-13T15:12:02.000000
980012.877849 559831.654815 7083422.361252
1646.421154 -7340.645809 351.355453
UTC=2024-01-13T15:14:02.000000
1161817.465488 -324727.743966 7070591.313862
1379.643593 -7382.305715 -564.935000
UTC=2024-01-13T15:16:02.000000
1310289.952243 -1207182.519448 6948185.321809
1091.941991 -7305.548818 -1472.545674
UTC=2024-01-13T15:18:02.000000
1423305.188335 -2073353.545149 6718087.567433
789.787905 -7111.207475 -2357.486775
UTC=2024-01-13T15:20:02.000000
1499527.391425 -2909275.837950 6383842.564953
479.844229 -6802.016713 -3206.093857
UTC=2024-01-13T15:22:02.000000
1538425.132385 -3701425.530674 5950604.624202
168.831308 -6382.585493 -4005.235839
UTC=2024-01-13T15:24:02.000000
1540270.264447 -4436941.149373 5425061.683135
-136.604352 -5859.331371 -4742.515248
UTC=2024-01-13T15:26:02.000000
1506121.443254 -5103835.576158 4815336.152157
-430.017073 -5240.394163 -5406.451509
UTC=2024-01-13T15:28:02.000000
1437792.406961 -5691196.817313 4130863.937949
-705.288915 -4535.532771 -5986.665303
UTC=2024-01-13T15:30:02.000000
1337805.137248 -6189373.991664 3382250.997098
-956.753912 -3755.977949 -6474.064149
UTC=2024-01-13T15:32:02.000000
1209328.569909 -6590143.038150 2581109.270007
-1179.313823 -2914.247270 -6860.997034
UTC=2024-01-13T15:34:02.000000
1056104.073337 -6886849.338325 1739875.770767
-1368.542896 -2023.945213 -7141.384426
UTC=2024-01-13T15:36:02.000000
882359.181313 -7074524.802680 871617.010343
-1520.777270 -1099.536538 -7310.830768
UTC=2024-01-13T15:38:02.000000
692711.556393 -7149976.518680 -10178.608897
-1633.191084 -156.099189 -7366.713073
UTC=2024-01-13T15:40:02.000000
492064.470628 -7111843.844928 -891817.314525
-1703.857166 790.955623 -7308.235950
UTC=2024-01-13T15:42:02.000000
285496.966632 -6960621.163822 -1759619.802334
-1731.776354 1726.167905 -7136.432702
UTC=2024-01-13T15:44:02.000000
78151.703352 -6698647.483511 -2600138.984819
-1716.887699 2634.297843 -6854.132915
UTC=2024-01-13T15:46:02.000000
-124877.333487 -6330064.279381 -3400372.384969
-1660.060551 3500.587361 -6465.905211
UTC=2024-01-13T15:48:02.000000
-318655.046723 -5860742.283595 -4147965.868496
-1563.067449 4311.015315 -5977.969141
UTC=2024-01-13T15:50:02.000000
-498510.937927 -5298178.494834 -4831404.652108
-1428.536134 5052.535143 -5398.070803
UTC=2024-01-13T15:52:02.000000
-660137.925704 -4651366.755180 -5440187.804282
-1259.883679 5713.277559 -4735.336711
UTC=2024-01-13T15:54:02.000000
-799682.386146 -3930645.479056 -5964984.595717
-1061.235887 6282.730256 -4000.115789
UTC=2024-01-13T15:56:02.000000
-913823.667535 -3147525.405496 -6397770.887484
-837.333471 6751.889588 -3203.806061
UTC=2024-01-13T15:58:02.000000
-999841.843891 -2314500.846458 -6731944.192263
-593.430146 7113.384630 -2358.672388
UTC=2024-01-13T16:00:02.000000
-1055672.773639 -1444847.868655 -6962416.384446
-335.183328 7361.570000 -1477.658224
UTC=2024-01-13T16:02:02.000000
-1079949.776431 -552412.934753 -7085684.014391
-68.540524 7492.594524 -574.200236
UTC=2024-01-13T16:04:02.000000
-1072031.290607 348605.463156 -7099876.042526
200.380814 7504.446762 337.963819
UTC=2024-01-13T16:06:02.000000
-1032014.018941 1243878.708850 -7004778.697023
465.413529 7396.971550 1244.980423
UTC=2024-01-13T16:08:02.000000
-960731.756352 2119171.258351 -6801838.265563
720.459693 7171.873040 2133.067177
UTC=2024-01-13T16:10:02.000000
-859739.932281 2960562.601202 -6494141.515284
959.610063 6832.693683 2988.695078
UTC=2024-01-13T16:12:02.000000
-731285.830110 3754666.029033 -6086374.102322
1177.262380 6384.779108 3798.777797
UTC=2024-01-13T16:14:02.000000
-578264.766078 4488841.133887 -5584755.800362
1368.237207 5835.207991 4550.863685
UTC=2024-01-13T16:16:02.000000
-404162.826392 5151396.537401 -4996953.394385
1527.884921 5192.702523 5233.318561
UTC=2024-01-13T16:18:02.000000
-212987.204225 5731780.515807 -4331971.360926
1652.186278 4467.512371 5835.512359
UTC=2024-01-13T16:20:02.000000
-9184.913009 6220755.610731 -3600020.621819
1737.844577 3671.264841 6347.995896
UTC=2024-01-13T16:22:02.000000
202448.823066 6610553.620753 -2812367.046209
1782.365020 2816.789331 6762.661552
UTC=2024-01-13T16:24:02.000000
416870.802329 6895008.182161 -1981161.433746
1784.118769 1917.918021 7072.891449
UTC=2024-01-13T16:26:02.000000
628896.798183 7069661.712623 -1119252.826212
1742.390738 989.258384 7273.685336
UTC=2024-01-13T16:28:02.000000
833313.115157 7131843.632774 -239988.065022
1657.407890 45.943387 7361.761021
UTC=2024-01-13T16:30:02.000000
1024990.322596 7080717.627539 642998.904533
1530.346947 -896.634708 7335.624474
UTC=2024-01-13T16:32:02.000000
1198996.390988 6917296.163606 1516003.927823
1363.316002 -1823.100738 7195.601391
UTC=2024-01-13T16:34:02.000000
1350706.212569 6644422.216034 2365471.070992
1159.314227 -2718.365989 6943.833199
UTC=2024-01-13T16:36:02.000000
1475905.381021 6266719.026674 3178208.598971
922.177366 -3567.890486 6584.239979
UTC=2024-01-13T16:38:02.000000
1570886.404820 5790508.947116 3941598.955792
656.503754 -4357.938518 6122.457313
UTC=2024-01-13T16:40:02.000000
1632534.973619 5223702.253199 4643798.691793
367.566037 -5075.817006 5565.733191
UTC=2024-01-13T16:42:02.000000
1658404.454937 4575658.739263 5273925.028626
61.198213 -5710.096947 4922.804973
UTC=2024-01-13T16:44:02.000000
1646775.953107 3857024.369068 5822224.126724
-256.323488 -6250.794689 4203.721181
UTC=2024-01-13T16:46:02.000000
1596704.386881 3079549.787110 6280218.530517
-578.399614 -6689.504949 3419.680258
UTC=2024-01-13T16:48:02.000000
1508049.401334 2255893.106082 6640835.006313
-898.239794 -7019.526997 2582.855774
UTC=2024-01-13T16:50:02.000000
1381490.341797 1399409.400734 6898509.953166
-1208.994846 -7235.958571 1706.201223
UTC=2024-01-13T16:52:02.000000
1218525.282778 523931.046662 7049270.741617
-1503.890570 -7335.752555 803.245398
UTC=2024-01-13T16:54:02.000000
1021454.174907 -356456.412471 7090793.023439
-1776.358264 -7317.739868 -112.099621
UTC=2024-01-13T16:56:02.000000
793346.326697 -1227640.824334 7022435.290450
-2020.165661 -7182.647085 -1025.733993
UTC=2024-01-13T16:58:02.000000
537992.363644 -2075710.217985 6845248.657694
-2229.543767 -6933.077948 -1923.581053
UTC=2024-01-13T17:00:02.000000
259841.339158 -2887175.668037 6561961.906248
-2399.307132 -6573.471017 -2791.791429
UTC=2024-01-13T17:02:02.000000
-36075.996376 -3649187.516538 6176941.293016
-2524.962956 -6110.025430 -3616.958248
UTC=2024-01-13T17:04:02.000000
-344236.110031 -4349740.252289 5696125.679753
-2602.806366 -5550.592967 -4386.308238
UTC=2024-01-13T17:06:02.000000
-658722.585015 -4977864.120481 5126939.710682
-2630.008306 -4904.564952 -5087.881706
UTC=2024-01-13T17:08:02.000000
-973336.226009 -5523802.461724 4478184.917915
-2604.697250 -4182.743637 -5710.724080
UTC=2024-01-13T17:10:02.000000
-1281713.832669 -5979171.033321 3759907.123121
-2526.019118 -3397.167608 -6245.082183
UTC=2024-01-13T17:12:02.000000
-1577452.739616 -6337094.189157 2983242.006388
-2394.174881 -2560.906176 -6682.570166
UTC=2024-01-13T17:14:02.000000
-1854238.690497 -6592315.620770 2160242.326877
-2210.438738 -1687.841583 -7016.311693
UTC=2024-01-13T17:16:02.000000
-2105974.803328 -6741281.885410 1303688.866059
-1977.156288 -792.430365 -7241.069376
UTC=2024-01-13T17:18:02.000000
-2326908.313533 -6782195.855061 426887.451451
-1697.709498 110.555455 -7353.342597
UTC=2024-01-13T17:20:02.000000
-2511751.849101 -6715038.870962 -456543.439868
-1376.462165 1006.290980 -7351.428674
UTC=2024-01-13T17:22:02.000000
-2655796.952537 -6541561.193793 -1332890.426364
-1018.685001 1880.162878 -7235.450199
UTC=2024-01-13T17:24:02.000000
-2755017.470861 -6265240.999552 -2188564.164318
-630.461798 2718.028251 -7007.347858
UTC=2024-01-13T17:26:02.000000
-2806160.537804 -5891212.918451 -3010315.426245
-218.576496 3506.462803 -6670.840042
UTC=2024-01-13T17:28:02.000000
-2806822.928177 -5426167.605575 -3785444.213574
209.617006 4232.994010 -6231.346068
UTC=2024-01-13T17:30:02.000000
-2755511.064390 -4878224.908280 -4501997.407033
646.335798 4886.305639 -5695.873566
UTC=2024-01-13T17:32:02.000000
-2651683.807766 -4256784.571941 -5148951.440912
1083.513206 5456.408223 -5072.883674
UTC=2024-01-13T17:34:02.000000
-2495777.702001 -3572358.250830 -5716377.841198
1512.945763 5934.780642 -4372.140473
UTC=2024-01-13T17:36:02.000000
-2289214.505227 -2836386.206917 -6195589.844639
1926.441668 6314.483885 -3604.546496
UTC=2024-01-13T17:38:02.000000
-2034390.764263 -2061042.052496 -6579268.461017
2315.971173 6590.246113 -2781.964587
UTC=2024-01-13T17:40:02.000000
-1734649.634385 -1259029.165403 -6861566.395831
2673.809988 6758.515787 -1917.028262
UTC=2024-01-13T17:42:02.000000
-1394236.178352 -443372.601958 -7038189.117768
2992.672309 6817.484937 -1022.951825
UTC=2024-01-13T17:44:02.000000
-1018237.025472 372790.213345 -7106453.274777
3265.839000 6767.086061 -113.343531
UTC=2024-01-13T17:46:02.000000
-612504.847357 1176417.151761 -7065323.061981
3487.281687 6608.970603 797.976876
UTC=2024-01-13T17:48:02.000000
-183568.650983 1954765.539266 -6915424.178046
3651.773663 6346.468627 1697.168456
UTC=2024-01-13T17:50:02.000000
261468.606882 2695590.117509 -6659035.589202
3754.993633 5984.530553 2570.547663
UTC=2024-01-13T17:52:02.000000
715044.942085 3387333.450715 -6300059.332482
3793.627781 5529.654961 3404.780397
UTC=2024-01-13T17:54:02.000000
1169265.205606 4019305.738456 -5843966.639453
3765.448615 4989.784215 4187.078495
UTC=2024-01-13T17:56:02.000000
1616035.453198 4581850.915484 -5297721.594707
3669.380728 4374.184437 4905.379310
UTC=2024-01-13T17:58:02.000000
2047204.568236 5066497.716455 -4669683.003108
3505.553720 3693.311650 5548.531797
UTC=2024-01-13T18:00:02.000000
2454710.888622 5466092.945840 -3969483.735178
3275.331681 2958.647765 6106.481864
UTC=2024-01-13T18:02:02.000000
2830730.972445 5774913.653542 -3207889.029422
2981.320711 2182.517218 6570.437349
UTC=2024-01-13T18:04:02.000000
3167828.140480 5988756.599106 -2396635.539630
2627.356427 1377.888773 6933.025503
UTC=2024-01-13T18:06:02.000000
3459097.833415 6105002.507994 -1548252.388486
2218.462426 558.155461 7188.432479
UTC=2024-01-13T18:08:02.000000
3698306.207295 6122653.179485 -675866.910357
1760.779627 -263.097813 7332.518809
UTC=2024-01-13T18:10:02.000000
3880018.656341 6042340.020658 207001.602914
1261.469775 -1072.336183 7362.902251
UTC=2024-01-13T18:12:02.000000
3999715.423149 5866303.499839 1086656.035106
728.597264 -1856.317095 7279.006401
UTC=2024-01-13T18:14:02.000000
4053891.835954 5598343.806149 1949439.262005
170.990946 -2602.325468 7082.073531
UTC=2024-01-13T18:16:02.000000
4040140.796379 5243744.438521 2781951.737815
-401.912191 -3298.390085 6775.151038
UTC=2024-01-13T18:18:02.000000
3957215.510454 4809169.653923 3571265.989925
-980.241948 -3933.506277 6363.045372
UTC=2024-01-13T18:20:02.000000
3805070.466474 4302536.745359 4305131.739850
-1553.875602 -4497.820602 5852.219330
UTC=2024-01-13T18:22:02.000000
3584881.152770 3732868.724252 4972168.548174
-2112.619114 -4982.782566 5250.688249
UTC=2024-01-13T18:24:02.000000
3299040.476353 3110129.492418 5562044.078998
-2646.407707 -5381.281999 4567.876862
UTC=2024-01-13T18:26:02.000000
2951132.652854 2445044.485687 6065632.581512
-3145.477960 -5687.748654 3814.440686
UTC=2024-01-13T18:28:02.000000
2545887.195932 1748912.095958 6475152.410076
-3600.533740 -5898.213185 3002.097700
UTC=2024-01-13T18:30:02.000000
2089112.541854 1033408.613704 6784282.536708
-4002.916102 -6010.350212 2143.439789
UTC=2024-01-13T18:32:02.000000
1587610.295052 310390.492570 6988255.398616
-4344.755141 -6023.480137 1251.734055
UTC=2024-01-13T18:34:02.000000
1049072.190859 -408302.149532 7083926.558499
-4619.107323 -5938.551874 340.733990
UTC=2024-01-13T18:36:02.000000
481961.086769 -1111039.589799 7069821.174585
-4820.084684 -5758.115525 -575.522987
UTC=2024-01-13T18:38:02.000000
-104622.722429 -1786591.148324 6946155.455715
-4942.968949 -5486.259495 -1482.924003
UTC=2024-01-13T18:40:02.000000
-701087.893961 -2424305.096076 6714833.342161
-4984.308639 -5128.529096 -2367.488269
UTC=2024-01-13T18:42:02.000000
-1297508.638049 -3014277.325896 6379418.086061
-4941.990644 -4691.819326 -3215.574541
UTC=2024-01-13T18:44:02.000000
-1883788.616307 -3547505.995929 5945080.122855
-4815.295005 -4184.252677 -4014.067893
UTC=2024-01-13T18:46:02.000000
-2449831.370465 -4016031.280266 5418522.649833
-4604.946832 -3615.050447 -4750.570284
UTC=2024-01-13T18:48:02.000000
-2985715.730897 -4413058.408283 4807883.565157
-4313.144260 -2994.381378 -5413.602071
UTC=2024-01-13T18:50:02.000000
-3481872.354152 -4733060.918141 4122613.314077
-3943.548128 -2333.184325 -5992.797847
UTC=2024-01-13T18:52:02.000000
-3929256.959893 -4971861.762834 3373330.484741
-3501.239031 -1642.977836 -6479.081336
UTC=2024-01-13T18:54:02.000000
-4319516.857942 -5126690.952345 2571657.837375
-2992.650594 -935.660909 -6864.816296
UTC=2024-01-13T18:56:02.000000
-4645148.358631 -5196218.874970 1730041.105579
-2425.481725 -223.304672 -7143.944254
UTC=2024-01-13T18:58:02.000000
-4899641.630369 -5180563.808748 861552.615389
-1808.575113 482.066991 -7312.096125
UTC=2024-01-13T19:00:02.000000
-5077609.355476 -5081273.229402 -20316.467482
-1151.770407 1168.693722 -7366.671110
UTC=2024-01-13T19:02:02.000000
-5174896.440866 -4901279.425134 -901871.617413
-465.734714 1825.290441 -7306.886352
UTC=2024-01-13T19:04:02.000000
-5188667.940068 -4644830.088489 -1769434.387716
238.230389 2441.252131 -7133.791640
UTC=2024-01-13T19:06:02.000000
-5117472.796493 -4317395.087050 -2609561.064246
948.397140 3006.843930 -6850.241047
UTC=2024-01-13T19:08:02.000000
-4961282.197157 -3925552.000599 -3409255.472684
1652.824548 3513.363324 -6460.825987
UTC=2024-01-13T19:10:02.000000
-4721502.483040 -3476853.919636 -4156172.095245
2339.569340 3953.274577 -5971.781646
UTC=2024-01-13T19:12:02.000000
-4400962.874691 -2979682.596409 -4838806.501107
2996.894799 4320.318824 -5390.869114
UTC=2024-01-13T19:14:02.000000
-4003878.376366 -2443089.951263 -5446670.048069
3613.474067 4609.596362 -4727.231327
UTC=2024-01-13T19:16:02.000000
-3535789.092634 -1876631.610370 -5970446.163101
4178.579219 4817.618318 -3991.231967
UTC=2024-01-13T19:18:02.000000
-3003477.740695 -1290195.758180 -6402126.565683
4682.256134 4942.333071 -3194.282526
UTC=2024-01-13T19:20:02.000000
-2414866.897654 -693830.455330 -6735126.118987
5115.487125 4983.125226 -2348.659178
UTC=2024-01-13T19:22:02.000000
-1778897.754216 -97572.665479 -6964375.117160
5470.334866 4940.788540 -1467.310446
UTC=2024-01-13T19:24:02.000000
-1105393.158123 488718.008076 -7086388.489691
5740.060423 4817.475505 -563.668650
UTC=2024-01-13T19:26:02.000000
-404907.280946 1055518.841262 -7099313.208330
5919.231851 4616.637655 348.529237
UTC=2024-01-13T19:28:02.000000
311437.041895 1593795.368018 -7002953.352692
6003.816303 4342.945482 1255.431744
UTC=2024-01-13T19:30:02.000000
1032120.980529 2095142.222525 -6798773.415283
5991.261185 4002.199084 2143.247610
UTC=2024-01-13T19:32:02.000000
1745411.870402 2551912.863554 -6489879.210256
5880.562487 3601.225918 2998.446060
UTC=2024-01-13T19:34:02.000000
2439551.386837 2957335.765347 -6080975.146370
5672.302381 3147.761337 3807.946330
UTC=2024-01-13T19:36:02.000000
3102947.296644 3305615.379240 -5578298.726415
5368.667005 2650.312810 4559.307689
UTC=2024-01-13T19:38:02.000000
3724365.888826 3592016.536928 -4989533.145237
4973.444837 2118.022723 5240.906453
UTC=2024-01-13T19:40:02.000000
4293123.304300 3812931.767938 -4323698.044076
4492.004799 1560.516646 5842.122814
UTC=2024-01-13T19:42:02.000000
4799272.209038 3965929.424938 -3591018.274892
3931.241802 987.737564 6353.518938
UTC=2024-01-13T19:44:02.000000
5233779.891100 4049781.353330 -2802771.894830
3299.486655 409.771677 6767.004725
UTC=2024-01-13T19:46:02.000000
5588693.782897 4064469.619988 -1971119.660920
2606.390199 -163.326634 7075.981587
UTC=2024-01-13T19:48:02.000000
5857291.613877 4011171.784491 -1108918.086847
1862.778925 -721.717525 7275.471222
UTC=2024-01-13T19:50:02.000000
6034212.072772 3892224.334483 -229518.940990
1080.478253 -1255.954273 7362.210969
UTC=2024-01-13T19:52:02.000000
6115563.220346 3711065.167536 653440.971271
272.117779 -1757.155152 7334.722074
UTC=2024-01-13T19:54:02.000000
6099006.010546 3472155.802525 1526256.485245
-549.089385 -2217.167637 7193.346882
UTC=2024-01-13T19:56:02.000000
5983810.146932 3180884.946553 2375372.822819
-1369.583459 -2628.713114 6940.246239
UTC=2024-01-13T19:58:02.000000
5770881.305662 2843456.015909 3187602.150568
-2175.699182 -2985.511566 6579.366905
UTC=2024-01-13T20:00:02.000000
5462758.845274 2466760.575031 3950334.049945
-2953.915294 -3282.389423 6116.370424
UTC=2024-01-13T20:02:02.000000
5063583.717607 2058240.590640 4651735.120475
-3691.099346 -3515.357502 5558.524143
UTC=2024-01-13T20:04:02.000000
4579038.449531 1625743.092476 5280933.599973
-4374.724886 -3681.659576 4914.566497
UTC=2024-01-13T20:06:02.000000
4016261.489917 1177370.540915 5828188.008105
-4993.091269 -3779.797561 4194.570304
UTC=2024-01-13T20:08:02.000000
3383735.203321 721329.346780 6285036.580696
-5535.531026 -3809.534822 3409.758486
UTC=2024-01-13T20:10:02.000000
2691151.712993 265780.031821 6644423.624646
-5992.573722 -3771.865291 2572.312178
UTC=2024-01-13T20:12:02.000000
1949260.465228 -181307.612415 6900803.724555
-6356.091719 -3668.965341 1695.191000
UTC=2024-01-13T20:14:02.000000
1169698.719590 -612292.990329 7050223.855923
-6619.437549 -3504.133727 791.942028
UTC=2024-01-13T20:16:02.000000
364806.655347 -1019994.846149 7090381.474758
-6777.559131 -3281.712053 -123.509408
UTC=2024-01-13T20:18:02.000000
-452569.200502 -1397810.625946 7020657.480221
-6827.081831 -3006.986786 -1037.064896
UTC=2024-01-13T20:20:02.000000
-1269281.281229 -1739823.476443 6842124.652858
-6766.370942 -2686.080165 -1934.659537
UTC=2024-01-13T20:22:02.000000
-2072092.022168 -2040895.129861 6557531.353201
-6595.564388 -2325.824344 -2802.464083
UTC=2024-01-13T20:24:02.000000
-2847887.544448 -2296743.221087 6171262.025655
-6316.588109 -1933.631203 -3627.070099
UTC=2024-01-13T20:26:02.000000
-3583892.990543 -2504003.259724 5689275.194513
-5933.166008 -1517.364116 -4395.687514
UTC=2024-01-13T20:28:02.000000
-4267886.729166 -2660274.175015 5119016.165929
-5450.783866 -1085.191252 -5096.360394
UTC=2024-01-13T20:30:02.000000
-4888407.592186 -2764145.720519 4469305.332526
-4876.616482 -645.432087 -5718.157458
UTC=2024-01-13T20:32:02.000000
-5434951.872433 -2815207.155174 3750204.396318
-4219.427522 -206.399495 -6251.349287
UTC=2024-01-13T20:34:02.000000
-5898156.638355 -2814037.177724 2972862.452948
-3489.443291 223.754010 -6687.567622
UTC=2024-01-13T20:36:02.000000
-6269966.394710 -2762175.697229 2149343.659636
-2698.200019 637.185061 -7019.953310
UTC=2024-01-13T20:38:02.000000
-6543779.501889 -2662077.947329 1292437.952640
-1858.357988 1026.506839 -7243.289633
UTC=2024-01-13T20:40:02.000000
-6714569.853132 -2517050.741129 415457.652210
-983.476972 1384.935696 -7354.098120
UTC=2024-01-13T20:42:02.000000
-6778980.990722 -2331172.483633 -467974.785222
-87.785023 1706.415114 -7350.697491
UTC=2024-01-13T20:44:02.000000
-6735391.192587 -2109198.996932 -1344145.004823
814.078797 1985.728469 -7233.238892
UTC=2024-01-13T20:46:02.000000
-6583946.674226 -1856457.124927 -2199466.235897
1707.331639 2218.588299 -7003.692224
UTC=2024-01-13T20:48:02.000000
-6326563.174801 -1578728.959032 -3020695.033086
2577.307468 2401.704083 -6665.799424
UTC=2024-01-13T20:50:02.000000
-5966896.528826 -1282129.259464 -3795139.650699
3409.712678 2532.827548 -6224.998335
UTC=2024-01-13T20:52:02.000000
-5510283.152697 -972978.790104 -4510857.451740
4190.870526 2610.775557 -5688.316224
UTC=2024-01-13T20:54:02.000000
-4963652.165956 -657676.223099 -5156837.963318
4907.949443 2635.430856 -5064.237939
UTC=2024-01-13T20:56:02.000000
-4335411.173395 -342571.459718 -5723168.732820
5549.172430 2607.717612 -4362.551635
UTC=2024-01-13T20:58:02.000000
-3635308.468175 -33843.100298 -6201181.534744
6103.999593 2529.557951 -3594.176330
UTC=2024-01-13T21:00:02.000000
-2874275.140275 262617.743117 -6583577.190686
6563.280423 2403.809167 -2770.980082
UTC=2024-01-13T21:02:02.000000
-2064250.525342 541315.024291 -6864528.621248
6919.381479 2234.183992 -1905.599745
UTC=2024-01-13T21:04:02.000000
-1217993.379266 797245.113695 -7039761.966140
7166.294404 2025.161498 -1011.253305
UTC=2024-01-13T21:06:02.000000
-348881.925316 1025983.101280 -7106614.833392
7299.714391 1781.890534 -101.549136
UTC=2024-01-13T21:08:02.000000
529294.129991 1223756.639399 -7064072.085076
7317.095996 1510.079419 809.695382
UTC=2024-01-13T21:10:02.000000
1402547.733202 1387506.378982 -6912780.613425
7217.704180 1215.884718 1708.629067
UTC=2024-01-13T21:12:02.000000
2256913.792839 1514932.848338 -6655041.338582
7002.640060 905.793825 2581.568713
UTC=2024-01-13T21:14:02.000000
3078669.413463 1604528.683198 -6294777.599377
6674.837296 586.500062 3415.189808
UTC=2024-01-13T21:16:02.000000
3854552.205084 1655595.649481 -5837480.514220
6239.029502 264.774331 4196.716748
UTC=2024-01-13T21:18:02.000000
4571973.504143 1668246.390433 -5290132.537954
5701.703161 -52.660489 4914.100105
UTC=2024-01-13T21:20:02.000000
5219224.905899 1643391.124565 -4661109.063206
5071.027704 -359.255637 5556.205592
UTC=2024-01-13T21:22:02.000000
5785673.980424 1582709.072202 -3960057.463547
4356.745780 -648.764110 6112.996420
UTC=2024-01-13T21:24:02.000000
6261945.121984 1488604.831368 -3197755.369477
3570.037255 -915.363272 6575.698177
UTC=2024-01-13T21:26:02.000000
6640082.717950 1364150.459567 -2385949.818231
2723.359747 -1153.769699 6936.954033
UTC=2024-01-13T21:28:02.000000
6913693.165344 1213014.318728 -1537178.290546
1830.253401 -1359.345610 7190.968397
UTC=2024-01-13T21:30:02.000000
7078061.439121 1039377.624884 -664574.250655
905.114973 -1528.196190 7333.620269
UTC=2024-01-13T21:32:02.000000
7130239.166932 847840.376147 218339.162479
-37.051594 -1657.247489 7362.546660
UTC=2024-01-13T21:34:02.000000
7069101.949912 643319.209057 1097863.074291
-980.893002 -1744.305337 7277.187078
UTC=2024-01-13T21:36:02.000000
6895375.599732 430938.787907 1960340.850044
-1910.972453 -1788.102524 7078.807717
UTC=2024-01-13T21:38:02.000000
6611629.037263 215919.091229 2792376.861234
-2812.055447 -1788.319128 6770.484843
UTC=2024-01-13T21:40:02.000000
6222233.700472 3461.536150 3581050.313148
-3669.378119 -1745.583243 6357.044856
UTC=2024-01-13T21:42:02.000000
5733291.184718 -201363.705935 4314120.335285
-4468.910014 -1661.447136 5844.974109
UTC=2024-01-13T21:44:02.000000
5152531.219242 -393725.971655 4980218.234292
-5197.583586 -1538.343510 5242.303500
UTC=2024-01-13T21:46:02.000000
4489182.378167 -569136.791441 5569025.035851
-5843.521971 -1379.530733 4558.470201
UTC=2024-01-13T21:48:02.000000
3753817.224568 -723544.152251 6071430.009652
-6396.229639 -1189.009867 3804.145588
UTC=2024-01-13T21:50:02.000000
2958177.024259 -853416.227282 6479668.461220
-6846.748850 -971.434079 2991.061943
UTC=2024-01-13T21:52:02.000000
2114978.941196 -955813.735434 6787437.814529
-7187.791343 -732.008189 2131.824654
UTC=2024-01-13T21:54:02.000000
1237709.017541 -1028449.640343 6989991.155581
-7413.847948 -476.379223 1239.722487
UTC=2024-01-13T21:56:02.000000
340403.381673 -1069735.153425 7084206.781460
-7521.269192 -210.517066 328.518652
UTC=2024-01-13T21:58:02.000000
-562577.764097 -1078811.109513 7068632.823727
-7508.308785 59.408200 -587.753050
UTC=2024-01-13T22:00:02.000000
-1456780.003061 -1055564.566678 6943507.647200
-7375.144178 327.150761 -1494.989218
UTC=2024-01-13T22:02:02.000000
-2327885.555549 -1000630.188328 6710756.168507
-7123.872207 586.517729 -2379.217276
UTC=2024-01-13T22:04:02.000000
-3161942.146494 -915376.309156 6373962.404625
-6758.482303 831.494823 -3226.790151
UTC=2024-01-13T22:06:02.000000
-3945587.784851 -801876.140616 5938318.578077
-6284.813239 1056.368074 -4024.586111
UTC=2024-01-13T22:08:02.000000
-4666268.345652 -662864.699004 5410549.720962
-5710.475063 1255.840917 -4760.213540
UTC=2024-01-13T22:10:02.000000
-5312443.822991 -501681.784638 4798814.038542
-5044.738165 1425.148336 -5422.210262
UTC=2024-01-13T22:12:02.000000
-5873779.313144 -322201.890598 4112580.029856
-4298.391126 1560.160286 -6000.230510
UTC=2024-01-13T22:14:02.000000
-6341317.114901 -128752.307989 3362482.066742
-3483.568267 1657.474397 -6485.214812
UTC=2024-01-13T22:16:02.000000
-6707627.066398 73979.083824 2560156.845191
-2613.560847 1714.495639 -6869.542603
UTC=2024-01-13T22:18:02.000000
-6966932.517752 281044.744404 1718061.914951
-1702.596458 1729.499809 -7147.174952
UTC=2024-01-13T22:20:02.000000
-7115208.055955 487344.616280 849278.850108
-765.592248 1701.674743 -7313.766537
UTC=2024-01-13T22:22:02.000000
-7150246.576762 687737.238766 -32695.160776
182.109048 1631.145021 -7366.746446
UTC=2024-01-13T22:24:02.000000
-7071693.827026 877152.588891 -914163.362589
1125.016215 1518.975187 -7305.363772
UTC=2024-01-13T22:26:02.000000
-6881049.421258 1050703.840060 -1781448.490143
2047.767910 1367.148669 -7130.691324
UTC=2024-01-13T22:28:02.000000
-6581635.473058 1203795.478196 -2621110.134278
2935.392925 1178.530070 -6845.598826
UTC=2024-01-13T22:30:02.000000
-6178533.942720 1332225.983526 -3420158.037211
3773.577880 956.809379 -6454.706730
UTC=2024-01-13T22:32:02.000000
-5678491.922863 1432282.105808 -4166256.448633
4548.921836 706.419921 -5964.282762
UTC=2024-01-13T22:34:02.000000
-5089799.114308 1500822.691622 -4847914.365422
5249.149396 432.446925 -5382.116275
UTC=2024-01-13T22:36:02.000000
-4422141.063910 1535350.733790 -5454659.678352
5863.301082 140.522559 -4717.373147
UTC=2024-01-13T22:38:02.000000
-3686431.517234 1534072.245588 -5977194.617216
6381.889513 -163.287910 -3980.432162
UTC=2024-01-13T22:40:02.000000
-2894627.894492 1495941.001998 -6407531.204333
6797.026648 -472.607864 -3182.715071
UTC=2024-01-13T22:42:02.000000
-2059532.999137 1420688.528151 -6739105.673473
7102.526096 -780.871411 -2336.506026
UTC=2024-01-13T22:44:02.000000
-1194586.030054 1308839.407759 -6966870.472090
7293.975838 -1081.448467 -1454.758690
UTC=2024-01-13T22:46:02.000000
-313647.250960 1161711.276691 -7087363.292411
7368.774939 -1367.772084 -550.909528
UTC=2024-01-13T22:48:02.000000
569220.534993 981399.974983 -7098754.061325
7326.149826 -1633.459219 361.302568
UTC=2024-01-13T22:50:02.000000
1439971.923074 770750.150461 -7000870.836432
7167.165616 -1872.433485 1268.013497
UTC=2024-01-13T22:52:02.000000
2284798.946291 533311.104011 -6795202.680805
6894.706946 -2079.046556 2155.436590
UTC=2024-01-13T22:54:02.000000
3090346.612583 273278.659237 -6484879.067163
6513.430568 -2248.189192 3010.049688
UTC=2024-01-13T22:56:02.000000
3843921.893346 -4576.018054 -6074626.644244
6029.698120 -2375.399626 3818.786798
UTC=2024-01-13T22:58:02.000000
4533692.868506 -294990.226268 -5570703.479671
5451.483731 -2456.962268 4569.219805
UTC=2024-01-13T23:00:02.000000
5148876.263865 -592304.583742 -4980811.756998
4788.271915 -2489.995886 5249.739850
UTC=2024-01-13T23:02:02.000000
5679910.968508 -890568.020906 -4313987.985449
4050.921394 -2472.531528 5849.747424
UTC=2024-01-13T23:04:02.000000
6118613.212173 -1183651.032352 -3580471.351984
3251.500274 -2403.573225 6359.825356
UTC=2024-01-13T23:06:02.000000
6458310.779527 -1465365.327300 -2791551.949269
2403.099939 -2283.143059 6771.901758
UTC=2024-01-13T23:08:02.000000
6693953.444174 -1729587.673847 -1959400.281930
1519.625018 -2112.305436 7079.398273
UTC=2024-01-13T23:10:02.000000
6822196.701911 -1970385.272840 -1096880.203305
615.559063 -1893.167947 7277.355918
UTC=2024-01-13T23:12:02.000000
6841456.473121 -2182139.849916 -217348.508956
-294.283089 -1628.859967 7362.531909
UTC=2024-01-13T23:14:02.000000
6751933.478316 -2359667.975867 665555.525603
-1195.013816 -1323.490106 7333.470381
UTC=2024-01-13T23:16:02.000000
6555605.974185 -2498334.634834 1538127.129872
-2071.939379 -982.076872 7190.538310
UTC=2024-01-13T23:18:02.000000
6256190.600679 -2594157.428214 2386815.077012
-2910.824194 -610.462599 6935.924416
UTC=2024-01-13T23:20:02.000000
5859072.079543 -2643899.115175 3198438.332046
-3698.143163 -215.204427 6573.601072
UTC=2024-01-13T23:22:02.000000
5371203.382824 -2645145.988965 3960396.101701
-4421.322166 196.551136 6109.250108
UTC=2024-01-13T23:24:02.000000
4800978.832173 -2596370.518419 4660866.528935
-5068.943682 617.204269 5550.152670
UTC=2024-01-13T23:26:02.000000
4158084.487441 -2496977.350271 5288991.524588
-5630.925819 1038.842276 4905.069002
UTC=2024-01-13T23:28:02.000000
3453327.486928 -2347331.980636 5835045.622727
-6098.690826 1453.389859 4184.086721
UTC=2024-01-13T23:30:02.000000
2698447.750903 -2148770.877923 6290584.495699
-6465.286392 1852.764712 3398.440612
UTC=2024-01-13T23:32:02.000000
1905917.430857 -1903593.396607 6648571.825592
-6725.474109 2229.025441 2560.331689
UTC=2024-01-13T23:34:02.000000
1088731.127408 -1615036.053808 6903483.875257
-6875.793143 2574.518524 1682.736094
UTC=2024-01-13T23:36:02.000000
260190.235490 -1287229.274845 7051390.537119
-6914.593553 2882.022415 779.204158
UTC=2024-01-13T23:38:02.000000
-566314.688850 -925137.313516 7090012.085092
-6842.037497 3144.883325 -136.341770
UTC=2024-01-13T23:40:02.000000
-1377520.246153 -534482.487926 7018751.772890
-6660.076676 3357.141135 -1049.807195
UTC=2024-01-13T23:42:02.000000
-2160502.597324 -121654.642501 6838704.530904
-6372.409429 3513.649600 -1947.125822
UTC=2024-01-13T23:44:02.000000
-2902883.290537 306393.101351 6552641.516575
-5984.414711 3610.184070 -2814.460288
UTC=2024-01-13T23:46:02.000000
-3593025.952322 742260.786432 6164970.529009
-5503.065091 3643.536425 -3638.404046
UTC=2024-01-13T23:48:02.000000
-4220221.217204 1178228.549069 5681672.269777
-4936.818010 3611.595151 -4406.182268
UTC=2024-01-13T23:50:02.000000
-4774857.099709 1606392.280359 5110212.536570
-4295.481232 3513.410700 -5105.850750
UTC=2024-01-13T23:52:02.000000
-5248571.756282 2018806.137643 4459430.893257
-3590.054010 3349.242846 -5726.489274
UTC=2024-01-13T23:54:02.000000
-5634385.604658 2407629.225533 3739406.719839
-2832.542088 3120.582610 -6258.383025
UTC=2024-01-13T23:56:02.000000
-5926810.092379 2765273.519697 2961304.683676
-2035.755613 2830.151534 -6693.184236
UTC=2024-01-13T23:58:02.000000
-6121931.458887 3084550.326129 2137201.790757
-1213.093816 2481.877514 -7024.057872
