UTC=2024-01-10T00:00:02.000000
-5912397.549878 2907336.891318 2852533.460964
-1880.211482 2817.610916 -6743.964747
UTC=2024-01-10T00:02:02.000000
-6089033.555531 3223855.538410 2023197.691161
-1061.008262 2448.519162 -7060.378067
UTC=2024-01-10T00:04:02.000000
-6166663.479673 3492894.094758 1162432.549162
-232.405380 2027.277982 -7267.104264
UTC=2024-01-10T00:06:02.000000
-6144985.196949 3708575.998675 283611.098464
591.844914 1560.412358 -7360.929850
UTC=2024-01-10T00:08:02.000000
-6025337.870217 3865866.158881 -599615.756843
1398.180314 1055.401699 -7340.444731
UTC=2024-01-10T00:10:02.000000
-5810664.734329 3960677.895536 -1473537.498841
2173.467807 520.550806 -7206.067230
UTC=2024-01-10T00:12:02.000000
-5505447.305531 3989963.240990 -2324603.515600
2905.242327 -35.161033 -6960.039164
UTC=2024-01-10T00:14:02.000000
-5115611.584457 3951783.750129 -3139639.005343
3581.927820 -602.249195 -6606.370093
UTC=2024-01-10T00:16:02.000000
-4648409.606076 3845360.780914 -3906052.343087
4193.030514 -1170.898584 -6150.753150
UTC=2024-01-10T00:18:02.000000
-4112279.337097 3671104.329280 -4612030.276196
4729.302560 -1731.142779 -5600.446906
UTC=2024-01-10T00:20:02.000000
-3516686.883657 3430620.589008 -5246717.840465
5182.876514 -2273.041665 -4964.138755
UTC=2024-01-10T00:22:02.000000
-2871954.582790 3126698.261883 -5800380.306175
5547.362156 -2786.854230 -4251.785964
UTC=2024-01-10T00:24:02.000000
-2189079.142857 2763274.805820 -6264546.200300
5817.922079 -3263.203584 -3474.457280
UTC=2024-01-10T00:26:02.000000
-1479541.776110 2345382.726447 -6632129.902400
5991.323639 -3693.242197 -2644.149186
UTC=2024-01-10T00:28:02.000000
-755114.612658 1879077.096095 -6897531.445012
6065.950487 -4068.797312 -1773.595716
UTC=2024-01-10T00:30:02.000000
-27667.079404 1371346.441986 -7056714.106672
6041.794208 -4382.506513 -876.085290
UTC=2024-01-10T00:32:02.000000
691025.331861 830007.949912 -7107259.735271
5920.422922 -4627.940116 34.723348
UTC=2024-01-10T00:34:02.000000
1389468.166644 263588.613619 -7048402.384277
5704.944287 -4799.717087 944.985546
UTC=2024-01-10T00:36:02.000000
2056628.891890 -318807.122643 -6881038.566818
5399.934993 -4893.609328 1840.870148
UTC=2024-01-10T00:38:02.000000
2682107.980376 -907640.820436 -6607714.569677
5011.354147 -4906.625088 2708.742339
UTC=2024-01-10T00:40:02.000000
3256299.209034 -1493092.958353 -6232591.557065
4546.445187 -4837.081382 3535.354427
UTC=2024-01-10T00:42:02.000000
3770536.693418 -2065223.295816 -5761388.190627
4013.617977 -4684.658354 4308.024704
UTC=2024-01-10T00:44:02.000000
4217227.691755 -2614137.543380 -5201301.582021
3422.324503 -4450.447344 5014.827747
UTC=2024-01-10T00:46:02.000000
4589968.393987 -3130157.969810 -4560904.803021
2782.900393 -4136.966142 5644.786298
UTC=2024-01-10T00:48:02.000000
4883639.865327 -3603994.032856 -3850022.651282
2106.396388 -3748.146374 6188.043175
UTC=2024-01-10T00:50:02.000000
5094483.487651 -4026910.335119 -3079587.309228
1404.403007 -3289.301634 6636.026555
UTC=2024-01-10T00:52:02.000000
5220154.228868 -4390889.191228 -2261474.461520
688.855343 -2767.067018 6981.607731
UTC=2024-01-10T00:54:02.000000
5259749.636560 -4688783.974327 -1408321.941302
-28.173186 -2189.308514 7219.233133
UTC=2024-01-10T00:56:02.000000
5213813.732266 -4914460.240913 -533333.747851
-734.684770 -1565.007584 7345.036546
UTC=2024-01-10T00:58:02.000000
5084314.807600 -5062921.044106 349927.584118
-1418.975204 -904.114444 7356.919304
UTC=2024-01-10T01:00:02.000000
4874597.518255 -5130413.078796 1227756.276744
-2069.843489 -217.375789 7254.597919
UTC=2024-01-10T01:02:02.000000
4589310.181025 -5114510.939327 2086522.245541
-2676.796266 483.856729 7039.615367
UTC=2024-01-10T01:04:02.000000
4234308.524940 -5014177.622048 2912888.744444
-3230.231517 1187.828808 6715.310367
UTC=2024-01-10T01:06:02.000000
3816538.820750 -4829800.345417 3694024.749486
-3721.601795 1882.593661 6286.760678
UTC=2024-01-10T01:08:02.000000
3343902.415578 -4563200.627378 4417808.458380
-4143.557774 2556.229374 5760.690626
UTC=2024-01-10T01:10:02.000000
2825104.997458 -4217618.318966 5073017.804015
-4490.059262 3197.054280 5145.349004
UTC=2024-01-10T01:12:02.000000
2269494.246934 -3797670.368933 5649504.816621
-4756.457879 3793.831316 4450.363085
UTC=2024-01-10T01:14:02.000000
1686889.162614 -3309285.609892 6138351.581442
-4939.554435 4335.965638 3686.577260
UTC=2024-01-10T01:16:02.000000
1087404.162342 -2759616.439309 6532005.220434
-5037.625792 4813.687127 2865.866058
UTC=2024-01-10T01:18:02.000000
481271.891070 -2156930.081062 6824390.184469
-5050.422503 5218.211766 2000.944859
UTC=2024-01-10T01:20:02.000000
-121332.210273 -1510481.207812 7010997.382919
-4979.140256 5541.888773 1105.173749
UTC=2024-01-10T01:22:02.000000
-710460.508627 -830367.901864 7088949.998901
-4826.370880 5778.333413 192.363702
UTC=2024-01-10T01:24:02.000000
-1276556.953648 -127372.648265 7057045.383717
-4596.036524 5922.540601 -723.427187
UTC=2024-01-10T01:26:02.000000
-1810611.879734 587209.019785 6915772.514750
-4293.305548 5970.978715 -1628.097408
UTC=2024-01-10T01:28:02.000000
-2304305.515467 1301749.962606 6667304.972162
-3924.489668 5921.663049 -2507.705599
UTC=2024-01-10T01:30:02.000000
-2750138.302157 2004480.411611 6315469.563552
-3496.926291 5774.208189 -3348.672569
UTC=2024-01-10T01:32:02.000000
-3141546.187390 2683682.040598 5865691.014132
-3018.847168 5529.860828 -4137.978420
UTC=2024-01-10T01:34:02.000000
-3472999.551878 3327884.657625 5324912.893214
-2499.236274 5191.508632 -4863.362277
UTC=2024-01-10T01:36:02.000000
-3740084.235163 3926062.173081 4701494.796013
-1947.673275 4763.660517 -5513.515837
UTC=2024-01-10T01:38:02.000000
-3939562.959145 4467824.753353 4005086.899837
-1374.164123 4252.401674 -6078.267884
UTC=2024-01-10T01:40:02.000000
-4069415.835003 4943603.696345 3246482.939489
-788.962348 3665.317193 -6548.758199
UTC=2024-01-10T01:42:02.000000
-4128858.972787 5344825.149571 2437453.145638
-202.382553 3011.381020 -6917.596528
UTC=2024-01-10T01:44:02.000000
-4118340.372063 5664068.411120 1590559.770884
375.389420 2300.812607 -7178.991558
UTC=2024-01-10T01:46:02.000000
-4039513.496881 5895205.677323 718958.951316
934.477946 1544.911711 -7328.851410
UTC=2024-01-10T01:48:02.000000
-3895189.403452 6033520.801743 -163808.237900
1465.495328 755.872789 -7364.864214
UTC=2024-01-10T01:50:02.000000
-3689267.484535 6075803.797245 -1044032.845102
1959.718285 -53.435057 -7286.547822
UTC=2024-01-10T01:52:02.000000
-3426646.168063 6020417.687246 -1908058.253539
2409.244921 -869.704114 -7095.254699
UTC=2024-01-10T01:54:02.000000
-3113115.415989 5867336.513565 -2742498.514482
2807.139553 -1679.431979 -6794.132607
UTC=2024-01-10T01:56:02.000000
-2755234.056928 5618154.406357 -3534449.551856
3147.538191 -2469.159269 -6388.051657
UTC=2024-01-10T01:58:02.000000
-2360196.103454 5276066.165184 -4271690.458437
3425.731289 -3225.706645 -5883.509246
UTC=2024-01-10T02:00:02.000000
-1935688.160796 4845819.823211 -4942871.283387
3638.225570 -3936.402265 -5288.499512
UTC=2024-01-10T02:02:02.000000
-1489741.588324 4333643.391909 -5537683.802489
3782.771266 -4589.283648 -4612.366275
UTC=2024-01-10T02:04:02.000000
-1030582.510616 3747148.200760 -6047014.557226
3858.372209 -5173.289805 -3865.651340
UTC=2024-01-10T02:06:02.000000
-566481.829018 3095209.614865 -6463078.335830
3865.274204 -5678.442827 -3059.919287
UTC=2024-01-10T02:08:02.000000
-105608.211195 2387827.522937 -6779529.470651
3804.926697 -6096.001018 -2207.565926
UTC=2024-01-10T02:10:02.000000
344112.871619 1635970.362596 -6991550.433612
3679.922490 -6418.583567 -1321.634900
UTC=2024-01-10T02:12:02.000000
775132.249985 851404.827482 -7095918.648256
3493.928012 -6640.284135 -415.632991
UTC=2024-01-10T02:14:02.000000
1180401.024914 46513.222895 -7091050.587834
3251.599084 -6756.763127 496.660451
UTC=2024-01-10T02:16:02.000000
1553483.385758 -765899.272335 -6977022.986276
2958.480081 -6765.321950 1401.386320
UTC=2024-01-10T02:18:02.000000
1888656.639021 -1572804.505650 -6755571.034473
2620.893311 -6664.949536 2284.792865
UTC=2024-01-10T02:20:02.000000
2180997.786728 -2361155.912320 -6430064.533706
2245.824695 -6456.353596 3133.419144
UTC=2024-01-10T02:22:02.000000
2426455.703649 -3118095.821090 -6005462.138607
1840.798424 -6141.977040 3934.275013
UTC=2024-01-10T02:24:02.000000
2621908.085870 -3831164.154017 -5488243.546293
1413.747978 -5726.000639 4675.034493
UTC=2024-01-10T02:26:02.000000
2765202.008126 -4488504.744912 -4886317.592070
972.871347 -5214.297477 5344.235098
UTC=2024-01-10T02:28:02.000000
2855176.834819 -5079064.169717 -4208908.235414
526.484548 -4614.361200 5931.447742
UTC=2024-01-10T02:30:02.000000
2891669.622533 -5592781.489625 -3466420.659249
82.874910 -3935.223656 6427.442996
UTC=2024-01-10T02:32:02.000000
2875502.654959 -6020766.089290 -2670287.079897
-349.849491 -3187.334208 6824.359509
UTC=2024-01-10T02:34:02.000000
2808453.022289 -6355458.609316 -1832793.706805
-763.907719 -2382.403709 7115.847386
UTC=2024-01-10T02:36:02.000000
2693204.559769 -6590771.856403 -966891.670204
-1151.992485 -1533.223891 7297.194233
UTC=2024-01-10T02:38:02.000000
2533282.457989 -6722207.674277 -85994.119813
-1507.411201 -653.448078 7365.425030
UTC=2024-01-10T02:40:02.000000
2332971.731792 -6746946.183610 796235.925500
-1824.211597 242.645097 7319.356469
UTC=2024-01-10T02:42:02.000000
2097221.918416 -6663906.428902 1666102.690637
-2097.287489 1140.395144 7159.630410
UTC=2024-01-10T02:44:02.000000
1831539.598991 -6473776.111666 2510097.185629
-2322.475477 2025.031184 6888.712205
UTC=2024-01-10T02:46:02.000000
1541870.828283 -6179008.709297 3315113.071539
-2496.623275 2881.936877 6510.836759
UTC=2024-01-10T02:48:02.000000
1234476.861382 -5783789.586821 4068654.713472
-2617.635978 3696.906336 6031.931720
UTC=2024-01-10T02:50:02.000000
915805.674852 -5293971.838447 4759034.013125
-2684.497819 4456.388924 5459.508578
UTC=2024-01-10T02:52:02.000000
592362.254761 -4716983.819957 5375553.040810
-2697.273345 5147.719065 4802.535402
UTC=2024-01-10T02:54:02.000000
270580.002084 -4061709.506500 5908669.715111
-2657.084410 5759.336357 4071.279778
UTC=2024-01-10T02:56:02.000000
-43303.399612 -3338344.150580 6350143.203936
-2566.062165 6280.975606 3277.130478
UTC=2024-01-10T02:58:02.000000
-343363.570180 -2558229.156823 6693157.058151
-2427.285291 6703.822521 2432.406584
UTC=2024-01-10T03:00:02.000000
-624098.475502 -1733670.112240 6932419.512008
-2244.699607 7020.641600 1550.169324
UTC=2024-01-10T03:02:02.000000
-880527.056280 -877740.404376 7064241.252314
-2023.026051 7225.889431 644.032635
UTC=2024-01-10T03:04:02.000000
-1108276.217638 -4072.302380 7086589.747834
-1767.658539 7315.807318 -272.039251
UTC=2024-01-10T03:06:02.000000
-1303654.866568 873361.080196 6999118.804149
-1484.549734 7288.481053 -1183.938938
UTC=2024-01-10T03:08:02.000000
-1463713.615971 1740469.469190 6803173.523165
-1180.087997 7143.875775 -2077.619353
UTC=2024-01-10T03:10:02.000000
-1586289.530895 2583271.796012 6501770.935036
-860.971025 6883.846242 -2939.295812
UTC=2024-01-10T03:12:02.000000
-1670035.459371 3388122.365249 6099556.371639
-534.075559 6512.122654 -3755.648425
UTC=2024-01-10T03:14:02.000000
-1714433.464893 4141933.608854 5602735.670623
-206.322330 6034.267489 -4514.020515
UTC=2024-01-10T03:16:02.000000
-1719792.076635 4832392.248588 5018984.119519
115.456726 5457.610072 -5202.610870
UTC=2024-01-10T03:18:02.000000
-1687227.662594 5448165.769163 4357332.005287
424.652298 4791.147372 -5810.668640
UTC=2024-01-10T03:20:02.000000
-1618629.669447 5979094.767775 3628027.706323
715.009772 4045.409174 -6328.671118
UTC=2024-01-10T03:22:02.000000
-1516610.954049 6416367.441958 2842380.553649
980.746015 3232.297360 -6748.484514
UTC=2024-01-10T03:24:02.000000
-1384444.075223 6752673.390160 2012585.029622
1216.669406 2364.898914 -7063.513113
UTC=2024-01-10T03:26:02.000000
-1225983.485013 6982332.650853 1151528.626936
1418.289380 1457.261135 -7268.819392
UTC=2024-01-10T03:28:02.000000
-1045576.001194 7101396.469423 272587.420601
1581.903587 524.149170 -7361.209683
UTC=2024-01-10T03:30:02.000000
-847961.764275 7107718.456467 -610587.057323
1704.669920 -419.206483 -7339.295531
UTC=2024-01-10T03:32:02.000000
-638167.470311 7000993.924623 -1484286.940443
1784.661539 -1357.390466 -7203.527802
UTC=2024-01-10T03:34:02.000000
-421394.593560 6782764.556537 -2334967.926889
1820.894875 -2275.091463 -6956.173520
UTC=2024-01-10T03:36:02.000000
-202905.696314 6456389.837247 -3149463.787732
1813.334666 -3157.366433 -6601.255181
UTC=2024-01-10T03:38:02.000000
12088.842675 6026987.806460 -3915192.421853
1762.882748 -3989.890195 -6144.470431
UTC=2024-01-10T03:40:02.000000
218541.706470 5501346.362775 -4620350.757525
1671.348125 -4759.195677 -5593.085055
UTC=2024-01-10T03:42:02.000000
411674.670816 4887806.843671 -5254095.022299
1541.396989 -5452.893523 -4955.796969
UTC=2024-01-10T03:44:02.000000
587077.646419 4196122.911392 -5806703.470555
1376.486122 -6059.864489 -4242.581799
UTC=2024-01-10T03:46:02.000000
740798.658196 3437297.795976 -6269719.680459
1180.778749 -6570.427263 -3464.523051
UTC=2024-01-10T03:48:02.000000
869422.991184 2623403.202372 -6636074.614418
959.049650 -6976.475179 -2633.629011
UTC=2024-01-10T03:50:02.000000
970140.523708 1767383.851181 -6900186.305734
716.582732 -7271.579262 -1762.645176
UTC=2024-01-10T03:52:02.000000
1040800.223346 882851.160665 -7058037.416044
459.059899 -7451.069364 -864.872401
UTC=2024-01-10T03:54:02.000000
1079951.061537 -16131.716552 -7107230.566276
192.446717 -7512.094452 46.022526
UTC=2024-01-10T03:56:02.000000
1086868.911836 -915270.573465 -7047020.745289
-77.127922 -7453.658092 956.199685
UTC=2024-01-10T03:58:02.000000
1061568.873512 -1800263.251538 -6878324.516759
-343.492035 -7276.622972 1851.836534
UTC=2024-01-10T04:00:02.000000
1004803.417620 -2657022.050238 -6603707.192828
-600.547546 -6983.697966 2719.305368
UTC=2024-01-10T04:02:02.000000
918046.360401 -3471894.264258 -6227348.786027
-842.391050 -6579.419803 3545.354669
UTC=2024-01-10T04:04:02.000000
803462.110673 -4231878.955654 -5754986.834618
-1063.434888 -6070.101698 4317.310337
UTC=2024-01-10T04:06:02.000000
663861.185396 -4924835.037075 -5193835.752773
-1258.516507 -5463.745747 5023.261139
UTC=2024-01-10T04:08:02.000000
502642.583720 -5539678.078147 -4552484.657489
-1423.008364 -4769.942074 5652.237000
UTC=2024-01-10T04:10:02.000000
323723.377451 -6066563.398960 -3840773.466378
-1552.919362 -3999.738049 6194.391109
UTC=2024-01-10T04:12:02.000000
131456.842860 -6497051.272450 -3069647.806989
-1644.984377 -3165.472513 6641.167814
UTC=2024-01-10T04:14:02.000000
-69459.365643 -6824250.913224 -2250994.973144
-1696.740511 -2280.589514 6985.452786
UTC=2024-01-10T04:16:02.000000
-274083.376306 -7042940.537611 -1397462.392631
-1706.589323 -1359.422543 7221.712783
UTC=2024-01-10T04:18:02.000000
-477335.650492 -7149659.547994 -522260.975703
-1673.840415 -416.948981 7346.105003
UTC=2024-01-10T04:20:02.000000
-674109.577527 -7142770.330552 361042.628588
-1598.735299 531.469647 7356.553122
UTC=2024-01-10T04:22:02.000000
-859383.744319 -7022488.410622 1238740.971011
-1482.451438 1470.354089 7252.792188
UTC=2024-01-10T04:24:02.000000
-1028333.440471 -6790880.157396 2097204.475795
-1327.084902 2384.382885 7036.384477
UTC=2024-01-10T04:26:02.000000
-1176438.701899 -6451827.151310 2923099.666368
-1135.610198 3258.669241 6710.695535
UTC=2024-01-10T04:28:02.000000
-1299586.189363 -6010957.927200 3703602.277507
-911.817806 4079.027612 6280.833057
UTC=2024-01-10T04:30:02.000000
-1394162.580635 -5475548.689379 4426600.577627
-660.237242 4832.220747 5753.545592
UTC=2024-01-10T04:32:02.000000
-1457137.937440 -4854396.324104 5080885.035267
-386.045171 5506.174637 5137.099590
UTC=2024-01-10T04:34:02.000000
-1486137.137953 -4157667.122868 5656322.398701
-94.960385 6090.171200 4441.142143
UTC=2024-01-10T04:36:02.000000
-1479498.096549 -3396723.139680 6144011.803301
206.872701 6575.025789 3676.535036
UTC=2024-01-10T04:38:02.000000
-1436315.197028 -2583929.723682 6536419.108875
513.012270 6953.219180 2855.163259
UTC=2024-01-10T04:40:02.000000
-1356467.313539 -1732449.892213 6827488.420588
816.846129 7218.990060 1989.749116
UTC=2024-01-10T04:42:02.000000
-1240630.727942 -856028.469870 7012731.485531
1111.717529 7368.414953 1093.664295
UTC=2024-01-10T04:44:02.000000
-1090276.793740 31231.848528 7089293.290202
1391.053780 7399.457036 180.723757
UTC=2024-01-10T04:46:02.000000
-907653.939338 915098.009248 7055993.359116
1648.498470 7311.982330 -735.011171
UTC=2024-01-10T04:48:02.000000
-695753.831152 1781435.104086 6913343.199803
1878.041872 7107.757407 -1639.436774
UTC=2024-01-10T04:50:02.000000
-458262.319090 2616432.743322 6663538.996597
2074.143884 6790.416611 -2518.613004
UTC=2024-01-10T04:52:02.000000
-199496.092756 3406825.858927 6310429.799212
2231.848896 6365.402822 -3358.965197
UTC=2024-01-10T04:54:02.000000
75673.879462 4140107.205077 5859461.644239
2346.891669 5839.887614 -4147.485486
UTC=2024-01-10T04:56:02.000000
361911.207240 4804728.444573 5317597.629962
2415.796069 5222.661285 -4871.928785
UTC=2024-01-10T04:58:02.000000
653514.162336 5390286.944618 4693214.915326
2435.962340 4524.004609 -5521.006137
UTC=2024-01-10T05:00:02.000000
944524.957779 5887694.773637 3995978.239569
2405.731365 3755.516212 -6084.574011
UTC=2024-01-10T05:02:02.000000
1228845.926788 6289325.947252 3236693.658632
2324.441529 2929.938215 -6553.779488
UTC=2024-01-10T05:04:02.000000
1500362.416307 6589143.045730 2427142.625158
2192.473157 2060.960202 -6921.251202
UTC=2024-01-10T05:06:02.000000
1753067.718416 6782794.743993 1579895.538759
2011.245142 1162.955480 -7181.226171
UTC=2024-01-10T05:08:02.000000
1981187.612937 6867683.554288 708112.681483
1783.209419 250.736314 -7329.652019
UTC=2024-01-10T05:10:02.000000
2179302.295225 6843002.322437 -174665.624722
1511.812832 -660.714300 -7364.255413
UTC=2024-01-10T05:12:02.000000
2342462.430294 6709738.994583 -1054734.977318
1201.438416 -1556.504912 -7284.578468
UTC=2024-01-10T05:14:02.000000
2466297.091216 6470649.892010 -1918445.302927
857.328937 -2422.097087 -7091.982419
UTC=2024-01-10T05:16:02.000000
2547111.352870 6130202.038370 -2752417.759107
485.490684 -3243.558961 -6789.619107
UTC=2024-01-10T05:18:02.000000
2581971.262977 5694485.718670 -3543756.264306
92.580111 -4007.807353 -6382.369568
UTC=2024-01-10T05:20:02.000000
2568774.286548 5171098.915076 -4280249.449627
-314.224950 -4702.831839 -5876.744883
UTC=2024-01-10T05:22:02.000000
2506303.576843 4569006.881902 -4950558.697121
-727.364334 -5317.883711 -5280.756759
UTC=2024-01-10T05:24:02.000000
2394265.375051 3898380.967040 -5544389.505932
-1139.037038 -5843.633572 -4603.769267
UTC=2024-01-10T05:26:02.000000
2233309.388061 3170420.437291 -6052644.252095
-1541.343727 -6272.298212 -3856.338869
UTC=2024-01-10T05:28:02.000000
2025031.821647 2397160.501409 -6467554.926695
-1926.433042 -6597.742455 -3050.038269
UTC=2024-01-10T05:30:02.000000
1771961.105393 1591270.301540 -6782793.813836
-2286.641627 -6815.543758 -2197.268677
UTC=2024-01-10T05:32:02.000000
1477527.350918 765844.980983 -6993561.934670
-2614.627306 -6923.029398 -1311.077503
UTC=2024-01-10T05:34:02.000000
1146015.654047 -65805.497803 -7096655.517574
-2903.504803 -6919.292528 -404.972800
UTC=2024-01-10T05:36:02.000000
782503.464377 -890368.157787 -7090509.797157
-3146.973752 -6805.186420 507.269719
UTC=2024-01-10T05:38:02.000000
392783.420400 -1694736.295526 -6975219.450726
-3339.432651 -6583.287301 1411.799048
UTC=2024-01-10T05:40:02.000000
-16726.918837 -2466213.046587 -6752536.923960
-3476.085552 -6257.840658 2294.865341
UTC=2024-01-10T05:42:02.000000
-439088.164859 -3192708.446120 -6425849.454812
-3553.047860 -5834.704434 3143.005864
UTC=2024-01-10T05:44:02.000000
-866953.896519 -3862927.716210 -6000132.510299
-3567.433065 -5321.255378 3943.243627
UTC=2024-01-10T05:46:02.000000
-1292694.948486 -4466546.899668 -5481880.720307
-3517.427272 -4726.278340 4683.266338
UTC=2024-01-10T05:48:02.000000
-1708532.159244 -4994374.629393 -4879017.034624
-3402.353774 -4059.841887 5351.612464
UTC=2024-01-10T05:50:02.000000
-2106675.786330 -5438497.271377 -4200779.417483
-3222.718692 -3333.145255 5937.856752
UTC=2024-01-10T05:52:02.000000
-2479469.030721 -5792404.170136 -3457585.920927
-2980.233372 -2558.340986 6432.784005
UTC=2024-01-10T05:54:02.000000
-2819532.864282 -6051090.511641 -2660879.821179
-2677.814186 -1748.340162 6828.547561
UTC=2024-01-10T05:56:02.000000
-3119909.524383 -6211135.876602 -1822956.609405
-2319.560068 -916.601744 7118.813211
UTC=2024-01-10T05:58:02.000000
-3374201.793614 -6270756.442590 -956774.707452
-1910.704007 -76.903602 7298.885427
UTC=2024-01-10T06:00:02.000000
-3576704.688400 -6229828.647322 -75752.612768
-1457.534813 756.902656 7365.804912
UTC=2024-01-10T06:02:02.000000
-3722526.186562 -6089883.166580 806443.430898
-967.294298 1571.138832 7318.409342
UTC=2024-01-10T06:04:02.000000
-3807694.413095 -5854069.413097 1676117.169743
-448.053990 2352.544925 7157.363017
UTC=2024-01-10T06:06:02.000000
-3829248.684496 -5527090.825748 2519761.467068
91.430227 3088.519334 6885.148534
UTC=2024-01-10T06:08:02.000000
-3785312.146098 -5115112.404682 3324273.970732
641.877843 3767.338956 6506.019417
UTC=2024-01-10T06:10:02.000000
-3675144.635749 -4625643.177477 4077165.359883
1193.653595 4378.357995 6025.924109
UTC=2024-01-10T06:12:02.000000
-3499174.659837 -4067396.005302 4766756.627427
1736.944914 4912.186038 5452.398802
UTC=2024-01-10T06:14:02.000000
-3259009.887509 -3450127.664257 5382361.571968
2261.941398 5360.836382 4794.429126
UTC=2024-01-10T06:16:02.000000
-2957426.165841 -2784463.347711 5914451.480227
2759.013484 5717.838167 4062.293330
UTC=2024-01-10T06:18:02.000000
-2598335.365863 -2081709.639467 6354800.066881
3218.884789 5978.316805 3267.391380
UTC=2024-01-10T06:20:02.000000
-2186733.093973 -1353659.334095 6696607.531478
3632.796790 6139.051558 2422.067280
UTC=2024-01-10T06:22:02.000000
-1728626.740143 -612390.542250 6934602.120240
3992.670859 6198.510359 1539.408192
UTC=2024-01-10T06:24:02.000000
-1230945.270579 129935.681107 7065116.363600
4291.246594 6156.837371 633.032473
UTC=2024-01-10T06:26:02.000000
-701433.587104 861274.612678 7086139.616621
4522.207088 6015.822657 -283.095940
UTC=2024-01-10T06:28:02.000000
-148531.697598 1569893.164303 6997347.642372
4680.303372 5778.860388 -1194.868790
UTC=2024-01-10T06:30:02.000000
418760.003308 2244558.416363 6800107.510849
4761.461150 5450.878851 -2088.240655
UTC=2024-01-10T06:32:02.000000
991027.208000 2874716.187537 6497457.612982
4762.868973 5038.244194 -2949.434806
UTC=2024-01-10T06:34:02.000000
1558597.540815 3450657.040151 6094063.606098
4683.047432 4548.650154 -3765.139910
UTC=2024-01-10T06:36:02.000000
2111703.742793 3963668.242411 5596150.632020
4521.901990 3990.991900 -4522.708702
UTC=2024-01-10T06:38:02.000000
2640652.221747 4406169.337813 5011411.815545
4280.759117 3375.219109 -5210.355431
UTC=2024-01-10T06:40:02.000000
3135994.246054 4771828.543013 4348893.053511
3962.370744 2712.162541 -5817.349730
UTC=2024-01-10T06:42:02.000000
3588695.731341 5055657.489550 3618856.194955
3570.891543 2013.352097 -6334.182127
UTC=2024-01-10T06:44:02.000000
3990303.987530 5254084.332311 2832622.736881
3111.849574 1290.833027 -6752.732145
UTC=2024-01-10T06:46:02.000000
4333108.201328 5365002.165669 2002396.600469
2592.060993 556.935049 -7066.433794
UTC=2024-01-10T06:48:02.000000
4610287.012688 5387789.679359 1141071.574684
2019.517659 -175.944129 -7270.370466
UTC=2024-01-10T06:50:02.000000
4816043.050059 5323306.933979 262027.255417
1403.269163 -895.552287 -7361.378338
UTC=2024-01-10T06:52:02.000000
4945720.065503 5173863.535191 -621085.496386
753.256042 -1590.020105 -7338.103682
UTC=2024-01-10T06:54:02.000000
4995899.552361 4943159.841709 -1494562.599441
80.136897 -2248.070860 -7201.013649
UTC=2024-01-10T06:56:02.000000
4964475.742462 4636204.132205 -2344864.835026
-604.900749 -2859.213846 -6952.383991
UTC=2024-01-10T06:58:02.000000
4850707.052096 4259207.343546 -3158832.431662
-1290.342456 -3413.923696 -6596.252290
UTC=2024-01-10T07:00:02.000000
4655242.742007 3819457.612575 -3923891.923431
-1964.557428 -3903.796127 -6138.336168
UTC=2024-01-10T07:02:02.000000
4380124.330394 3325177.791422 -4628251.159255
-2616.005435 -4321.675783 -5585.918976
UTC=2024-01-10T07:04:02.000000
4028762.826621 2785369.270718 -5261079.299432
-3233.434623 -4661.756722 -4947.714835
UTC=2024-01-10T07:06:02.000000
3605892.498026 2209645.557176 -5812669.347685
-3806.073904 -4919.652014 -4233.713100
UTC=2024-01-10T07:08:02.000000
3117502.133113 1608059.276219 -6274581.034983
-4323.814661 -5092.434373 -3455.006836
UTC=2024-01-10T07:10:02.000000
2570745.453249 990925.967633 -6639762.400473
-4777.375888 -5178.648980 -2623.610262
UTC=2024-01-10T07:12:02.000000
1973832.921335 368648.012404 -6902649.071316
-5158.448467 -5178.298848 -1752.271471
UTC=2024-01-10T07:14:02.000000
1335907.358082 -248458.414298 -7059241.514099
-5459.823684 -5092.811404 -854.293912
UTC=2024-01-10T07:16:02.000000
666904.108452 -850331.691562 -7107160.603343
-5675.521088 -4924.991614 56.653355
UTC=2024-01-10T07:18:02.000000
-22602.511224 -1427325.745841 -7045679.403486
-5800.885397 -4678.945967 966.733611
UTC=2024-01-10T07:20:02.000000
-721563.166051 -1970361.018470 -6875732.543146
-5832.668588 -4359.995345 1862.120296
UTC=2024-01-10T07:22:02.000000
-1418627.055000 -2471064.809470 -6599903.952790
-5769.104737 -3974.582931 2729.184675
UTC=2024-01-10T07:24:02.000000
-2102322.909371 -2921899.274923 -6222391.343410
-5609.957950 -3530.158831 3554.690000
UTC=2024-01-10T07:26:02.000000
-2761244.535276 -3316274.690802 -5748948.338603
-5356.553112 -3035.053975 4325.970740
UTC=2024-01-10T07:28:02.000000
-3384239.449936 -3648647.431704 -5186805.002950
-5011.795392 -2498.349215 5031.117334
UTC=2024-01-10T07:30:02.000000
-3960598.248980 -3914601.069375 -4544565.458557
-4580.158965 -1929.723169 5659.169391
UTC=2024-01-10T07:32:02.000000
-4480240.502891 -4110908.250330 -3832083.280458
-4067.643786 -1339.287432 6200.291217
UTC=2024-01-10T07:34:02.000000
-4933894.197259 -4235572.505045 -3060316.464423
-3481.709999 -737.415782 6645.938887
UTC=2024-01-10T07:36:02.000000
-5313265.386303 -4287848.932048 -2241162.876040
-2831.179401 -134.562947 6989.016060
UTC=2024-01-10T07:38:02.000000
-5611194.098991 -4268242.695663 -1387278.333945
-2126.105829 458.922444 7224.006465
UTC=2024-01-10T07:40:02.000000
-5821793.023612 -4178485.164455 -511880.289420
-1377.618026 1032.983182 7347.081655
UTC=2024-01-10T07:42:02.000000
-5940565.789555 -4021487.929312 371459.788499
-597.737268 1578.035560 7356.180732
UTC=2024-01-10T07:44:02.000000
-5964501.896046 -3801275.500464 1249031.946849
200.830154 2085.143442 7251.062439
UTC=2024-01-10T07:46:02.000000
-5892145.210652 -3522897.435168 2107207.254207
1004.923866 2546.185117 7033.316126
UTC=2024-01-10T07:48:02.000000
-5723634.236124 -3192321.707741 2932655.870743
1801.166454 2953.996750 6706.329077
UTC=2024-01-10T07:50:02.000000
-5460713.950752 -2816312.579796 3712559.406694
2576.200505 3302.488657 6275.226461
UTC=2024-01-10T07:52:02.000000
-5106718.938017 -2402295.463281 4434814.516847
3316.930548 3586.746444 5746.781738
UTC=2024-01-10T07:54:02.000000
-4666527.706019 -1958211.278433 5088223.113208
4010.756869 3803.100943 5129.284799
UTC=2024-01-10T07:56:02.000000
-4146490.402620 -1492364.641556 5662665.478395
4645.785332 3949.163662 4432.393580
UTC=2024-01-10T07:58:02.000000
-3554332.218991 -1013269.075497 6149255.265023
5211.025428 4023.842823 3666.979155
UTC=2024-01-10T08:00:02.000000
-2899033.365102 -529491.325232 6540474.697767
5696.580993 4027.340232 2844.948052
UTC=2024-01-10T08:02:02.000000
-2190687.402736 -49497.833320 6830286.969808
6093.817447 3961.117302 1979.042379
UTC=2024-01-10T08:04:02.000000
-1440341.499886 418492.862909 7014224.441073
6395.496090 3827.833113 1082.640740
UTC=2024-01-10T08:06:02.000000
-659821.951207 866649.760150 7089453.421478
6595.888013 3631.275037 169.563950
UTC=2024-01-10T08:08:02.000000
138453.046554 1287659.869116 7054815.205051
6690.871548 3376.273484 -746.126097
UTC=2024-01-10T08:10:02.000000
941671.071270 1674847.453099 6910842.871528
6678.009213 3068.601020 -1650.329059
UTC=2024-01-10T08:12:02.000000
1736831.076770 2022280.256248 6659753.490977
6556.601108 2714.855505 -2529.112780
UTC=2024-01-10T08:14:02.000000
2510953.733870 2324860.890883 6305415.949961
6327.712063 2322.331923 -3368.911542
UTC=2024-01-10T08:16:02.000000
3251293.982010 2578402.593507 5853295.230254
5994.181775 1898.889331 -4156.723252
UTC=2024-01-10T08:18:02.000000
3945553.214326 2779688.356747 5310372.492314
5560.604300 1452.806531 -4880.313887
UTC=2024-01-10T08:20:02.000000
4582086.609426 2926512.344571 4685041.298659
5033.270834 992.632238 -5528.407235
UTC=2024-01-10T08:22:02.000000
5150102.641340 3017703.057785 3986982.145603
4420.099632 527.030891 -6090.860159
UTC=2024-01-10T08:24:02.000000
5639852.969476 3053127.667874 3227015.182083
3730.534368 64.620021 -6558.853681
UTC=2024-01-10T08:26:02.000000
6042805.654230 3033676.140150 2416931.666440
2975.378373 -386.195896 -6925.040580
UTC=2024-01-10T08:28:02.000000
6351798.942023 2961226.860050 1569309.939971
2166.634770 -817.373865 -7183.672135
UTC=2024-01-10T08:30:02.000000
6561173.505625 2838593.866507 697316.461771
1317.304379 -1221.387468 -7330.710596
UTC=2024-01-10T08:32:02.000000
6666878.541585 2669456.210993 -185504.360780
441.154992 -1591.368856 -7363.903975
UTC=2024-01-10T08:34:02.000000
6666548.973717 2458271.028572 -1065447.063873
-447.528760 -1921.237707 -7282.821821
UTC=2024-01-10T08:36:02.000000
6559552.353986 2210172.629736 -1928863.479637
-1334.193848 -2205.802391 -7088.846777
UTC=2024-01-10T08:38:02.000000
6347006.378427 1930860.725198 -2762379.325879
-2204.269140 -2440.845327 -6785.155068
UTC=2024-01-10T08:40:02.000000
6031764.932044 1626478.998378 -3553105.967041
-3043.431648 -2623.193407 -6376.649535
UTC=2024-01-10T08:42:02.000000
5618373.322606 1303487.106741 -4288841.916624
-3837.855341 -2750.758352 -5869.861558
UTC=2024-01-10T08:44:02.000000
5112994.039298 968529.333265 -4958260.865506
-4574.450662 -2822.551234 -5272.821533
UTC=2024-01-10T08:46:02.000000
4523305.654175 628303.142063 -5551082.536691
-5241.071477 -2838.671309 -4594.907358
UTC=2024-01-10T08:48:02.000000
3858378.196250 289430.180825 -6058224.937381
-5826.702809 -2800.276134 -3846.684799
UTC=2024-01-10T08:50:02.000000
3128527.051373 -41667.899118 -6471936.738080
-6321.630515 -2709.531877 -3039.735903
UTC=2024-01-10T08:52:02.000000
2345147.901722 -358886.752122 -6785908.041414
-6717.584232 -2569.548597 -2186.470527
UTC=2024-01-10T08:54:02.000000
1520536.643018 -656547.892796 -6995358.519898
-7007.847967 -2384.299607 -1299.942014
UTC=2024-01-10T08:56:02.000000
667696.717090 -929496.950563 -7097103.803581
-7187.361129 -2158.530247 -393.664085
UTC=2024-01-10T08:58:02.000000
-199864.382623 -1173190.031348 -7089598.913370
-7252.792163 -1897.651614 518.585799
UTC=2024-01-10T09:00:02.000000
-1068345.456022 -1383767.095321 -6972958.816078
-7202.584983 -1607.631839 1422.949239
UTC=2024-01-10T09:02:02.000000
-1923867.045378 -1558111.996247 -6748956.997123
-7036.995125 -1294.880931 2305.675317
UTC=2024-01-10T09:04:02.000000
-2752689.476301 -1693898.104968 -6421000.839512
-6758.094771 -966.126267 3153.314773
UTC=2024-01-10T09:06:02.000000
-3541429.836381 -1789618.865167 -5994084.601363
-6369.754847 -628.288192 3952.897516
UTC=2024-01-10T09:08:02.000000
-4277276.622167 -1844603.556333 -5474721.135590
-5877.621602 -288.355236 4692.116438
UTC=2024-01-10T09:10:02.000000
-4948199.511503 -1859017.559932 -4870850.585259
-5289.054627 46.748130 5359.521617
UTC=2024-01-10T09:12:02.000000
-5543149.574607 -1833846.815228 -4191726.675820
-4613.033945 370.291870 5944.698896
UTC=2024-01-10T09:14:02.000000
-6052247.093556 -1770866.803482 -3447781.975612
-3860.044263 675.868171 6438.443926
UTC=2024-01-10T09:16:02.000000
-6466953.366820 -1672596.305060 -2650472.638079
-3041.922865 957.517036 6832.926932
UTC=2024-01-10T09:18:02.000000
-6780222.327424 -1542236.463690 -1812104.683981
-2171.677247 1209.844572 7121.835328
UTC=2024-01-10T09:20:02.000000
-6986628.742536 -1383596.336718 -945644.384031
-1263.276879 1428.129566 7300.496057
UTC=2024-01-10T09:22:02.000000
-7082469.829384 -1201006.262050 -64515.410052
-331.418429 1608.420638 7365.972242
UTC=2024-01-10T09:24:02.000000
-7065837.222096 -999220.406469 817613.559293
608.731837 1747.616402 7317.124486
UTC=2024-01-10T09:26:02.000000
-6936657.323201 -783311.200860 1687046.524179
1541.806184 1843.521937 7154.638786
UTC=2024-01-10T09:28:02.000000
-6696699.025398 -558558.003342 2530279.122420
2452.509843 1894.888207 6881.018652
UTC=2024-01-10T09:30:02.000000
-6349548.585078 -330332.263575 3334214.490385
3325.893410 1901.430914 6500.542416
UTC=2024-01-10T09:32:02.000000
-5900551.998575 -103981.686030 4086371.974883
4147.621074 1863.827288 6019.185787
UTC=2024-01-10T09:34:02.000000
-5356726.096414 115283.638820 4775084.300303
4904.220772 1783.687281 5444.507839
UTC=2024-01-10T09:36:02.000000
-4726641.277591 322500.614380 5389679.415571
5583.306555 1663.508835 4785.511862
UTC=2024-01-10T09:38:02.000000
-4020279.145645 513056.166064 5920644.705263
6173.775639 1506.615529 4052.492239
UTC=2024-01-10T09:40:02.000000
-3248867.546326 682781.571971 6359772.008456
6665.987811 1317.074761 3256.865043
UTC=2024-01-10T09:42:02.000000
-2424695.899321 828036.140482 6700281.073465
7051.912094 1099.603361 2410.981617
UTC=2024-01-10T09:44:02.000000
-1560914.579734 945779.187639 6936920.356558
7325.248544 859.466851 1527.934814
UTC=2024-01-10T09:46:02.000000
-671321.566604 1033629.177639 7066043.538529
7481.514571 602.365902 621.352029
UTC=2024-01-10T09:48:02.000000
229859.236480 1089908.818397 7085661.826520
7518.102301 334.316965 -294.801556
UTC=2024-01-10T09:50:02.000000
1128205.477221 1113675.636490 6995472.563551
7434.316506 61.530188 -1206.422392
UTC=2024-01-10T09:52:02.000000
2009326.913089 1104737.770946 6796863.680520
7231.387281 -209.715680 -2099.471390
UTC=2024-01-10T09:54:02.000000
2859095.850781 1063654.552253 6492893.905535
6912.456467 -473.200569 -2960.173982
UTC=2024-01-10T09:56:02.000000
3663874.787050 991721.888199 6088248.957704
6482.543795 -722.889197 -3775.223311
UTC=2024-01-10T09:58:02.000000
4410737.806271 890942.665186 5589172.959927
5948.474247 -953.053974 -4531.984988
UTC=2024-01-10T10:00:02.000000
5087681.597599 763982.586498 5003376.506589
5318.782876 -1158.395366 -5218.682926
UTC=2024-01-10T10:02:02.000000
5683824.126928 614111.935756 4339922.335079
4603.600223 -1334.154040 -5824.590170
UTC=2024-01-10T10:04:02.000000
6189587.108265 445134.661519 3609088.001657
3814.495769 -1476.210862 -6340.215845
UTC=2024-01-10T10:06:02.000000
6596857.610158 261306.016024 2822207.430985
2964.288268 -1581.177617 -6757.470163
UTC=2024-01-10T10:08:02.000000
6899125.317965 67239.845997 1991494.356463
2066.833486 -1646.477990 -7069.800134
UTC=2024-01-10T10:10:02.000000
7091593.516379 -132192.544836 1129850.459127
1136.793616 -1670.404723 -7272.311773
UTC=2024-01-10T10:12:02.000000
7171260.410627 -331969.131081 250660.528457
189.378865 -1652.158648 -7361.859084
UTC=2024-01-10T10:14:02.000000
7136969.037068 -527027.737975 -632421.281632
-759.921220 -1591.871613 -7337.106144
UTC=2024-01-10T10:16:02.000000
6989423.756437 -712377.947701 -1505690.160873
-1695.619634 -1490.605642 -7198.544177
UTC=2024-01-10T10:18:02.000000
6731173.520567 -883211.551058 -2355609.327367
-2602.506324 -1350.330152 -6948.476929
UTC=2024-01-10T10:20:02.000000
6366562.394383 -1035009.137997 -3169024.707978
-3465.915690 -1173.880440 -6590.967725
UTC=2024-01-10T10:22:02.000000
5901649.047806 -1163640.488326 -3933371.431285
-4271.977011 -964.895792 -6131.756934
UTC=2024-01-10T10:24:02.000000
5344097.284916 -1265456.403882 -4636868.574498
-5007.844888 -727.739205 -5578.148677
UTC=2024-01-10T10:26:02.000000
4703040.674867 -1337370.069408 -5268698.741627
-5661.899582 -467.404794 -4938.873600
UTC=2024-01-10T10:28:02.000000
3988924.696840 -1376926.880725 -5819170.269256
-6223.923262 -189.417685 -4223.935881
UTC=2024-01-10T10:30:02.000000
3213329.290956 -1382361.551110 -6279859.779082
-6685.247298 100.278433 -3444.439388
UTC=2024-01-10T10:32:02.000000
2388776.048105 -1352641.060129 -6643733.358409
-7038.862094 395.443539 -2612.408466
UTC=2024-01-10T10:34:02.000000
1528523.695988 -1287492.818970 -6905246.219315
-7279.504392 689.663653 -1740.605881
UTC=2024-01-10T10:36:02.000000
646354.671781 -1187418.412925 -7060419.861228
-7403.716245 976.470294 -842.342681
UTC=2024-01-10T10:38:02.000000
-243643.810539 -1053692.603548 -7106896.684659
-7409.879731 1249.466737 68.709278
UTC=2024-01-10T10:40:02.000000
-1127301.271777 -888347.370196 -7043971.885075
-7298.224957 1502.449182 978.705539
UTC=2024-01-10T10:42:02.000000
-1990585.515556 -694141.472296 -6872603.019827
-7070.823293 1729.529032 1873.817296
UTC=2024-01-10T10:44:02.000000
-2819821.649751 -474515.480639 -6595396.368461
-6731.549289 1925.249816 2740.426074
UTC=2024-01-10T10:46:02.000000
-3601904.917302 -233533.326994 -6216570.857930
-6286.020806 2084.696757 3565.301431
UTC=2024-01-10T10:48:02.000000
-4324506.251330 24189.108138 -5741900.691327
-5741.534976 2203.602530 4335.785847
UTC=2024-01-10T10:50:02.000000
-4976267.983895 293567.559389 -5178634.776852
-5106.964511 2278.442682 5039.988457
UTC=2024-01-10T10:52:02.000000
-5546985.676249 569143.653792 -4535394.197648
-4392.636400 2306.520583 5666.960256
UTC=2024-01-10T10:54:02.000000
-6027774.344995 845189.087848 -3822048.220039
-3610.186587 2286.045158 6206.877479
UTC=2024-01-10T10:56:02.000000
-6411214.949875 1115817.859408 -3049568.881253
-2772.379985 2216.187227 6651.211153
UTC=2024-01-10T10:58:02.000000
-6691477.969375 1375104.192381 -2229866.179768
-1892.907566 2097.117479 6992.881542
UTC=2024-01-10T11:00:02.000000
-6864421.286335 1617203.806560 -1375606.064092
-986.163582 1930.025510 7226.389856
UTC=2024-01-10T11:02:02.000000
-6927660.215156 1836476.339412 -500013.516225
-67.000565 1717.116922 7347.934798
UTC=2024-01-10T11:04:02.000000
-6880606.483350 2027605.542395 383336.250613
849.538405 1461.581610 7355.489232
UTC=2024-01-10T11:06:02.000000
-6724475.181050 2185714.844002 1260733.267434
1748.484048 1167.548317 7248.838856
UTC=2024-01-10T11:08:02.000000
-6462260.081077 2306476.106489 2118551.454804
2615.205625 840.015277 7029.595474
UTC=2024-01-10T11:10:02.000000
-6098677.079847 2386208.660733 2943466.614107
3435.674279 484.758287 6701.170972
UTC=2024-01-10T11:12:02.000000
-5640077.026321 2421966.066403 3722669.097973
4196.709708 108.218728 6268.716423
UTC=2024-01-10T11:14:02.000000
-5094329.907028 2411608.613018 4444067.027656
4886.208768 -282.620634 5739.024177
UTC=2024-01-10T11:16:02.000000
-4470683.501919 2353860.405854 5096475.839398
5493.341338 -680.368591 5120.401111
UTC=2024-01-10T11:18:02.000000
-3779600.405278 2248350.028007 5669791.542909
6008.716063 -1077.365279 4422.524714
UTC=2024-01-10T11:20:02.000000
-3032576.640282 2095634.217177 6155145.847051
6424.522718 -1465.825700 3656.284358
UTC=2024-01-10T11:22:02.000000
-2241944.570576 1897203.951545 6545040.840766
6734.648202 -1837.989414 2833.598101
UTC=2024-01-10T11:24:02.000000
-1420664.314579 1655472.565547 6833460.754159
6934.753157 -2186.268221 1967.216800
UTC=2024-01-10T11:26:02.000000
-582108.088291 1373746.552366 7015959.770631
7022.312220 -2503.387486 1070.522591
UTC=2024-01-10T11:28:02.000000
260158.472557 1056179.710078 7089726.157132
6996.628581 -2782.522376 157.335792
UTC=2024-01-10T11:30:02.000000
1092595.788878 707711.294181 7053622.952966
6858.830225 -3017.427680 -758.285006
UTC=2024-01-10T11:32:02.000000
1901907.664188 333989.071683 6908204.414522
6611.838329 -3202.559881 -1662.244801
UTC=2024-01-10T11:34:02.000000
2675253.443308 -58721.839420 6655708.417752
6260.313537 -3333.191712 -2540.611346
UTC=2024-01-10T11:36:02.000000
3400452.585726 -463643.314351 6300024.825484
5810.582734 -3405.516413 -3379.818589
UTC=2024-01-10T11:38:02.000000
4066178.790308 -873600.185772 5846639.144236
5270.537168 -3416.737472 -4166.871859
UTC=2024-01-10T11:40:02.000000
4662140.317751 -1281146.277825 5302552.043727
4649.505005 -3365.145840 -4889.545472
UTC=2024-01-10T11:42:02.000000
5179243.728456 -1678698.491436 4676175.589054
3958.103742 -3250.176071 -5536.573207
UTC=2024-01-10T11:44:02.000000
5609738.763897 -2058676.439177 3977206.947681
3208.072125 -3072.443857 -6097.833183
UTC=2024-01-10T11:46:02.000000
5947341.448315 -2413645.543891 3216480.351914
2412.074242 -2833.764460 -6564.524188
UTC=2024-01-10T11:48:02.000000
6187332.046810 -2736460.684866 2405799.119372
1583.478803 -2537.142888 -6929.319163
UTC=2024-01-10T11:50:02.000000
6326625.884315 -3020407.052618 1557750.945248
736.129562 -2186.738474 -7186.491407
UTC=2024-01-10T11:52:02.000000
6363816.152893 -3259335.551828 685509.128225
-115.895444 -1787.808457 -7332.024298
UTC=2024-01-10T11:54:02.000000
6299186.488812 -3447789.530124 -197377.484311
-958.541474 -1346.619919 -7363.683107
UTC=2024-01-10T11:56:02.000000
6134693.452744 -3581119.795171 -1077201.001613
-1778.023916 -870.343590 -7281.057435
UTC=2024-01-10T11:58:02.000000
5873918.672423 -3655585.268584 -1940314.147931
-2561.083366 -366.920152 -7085.563312
UTC=2024-01-10T12:00:02.000000
5521991.945898 -3668436.786496 -2773347.281455
-3295.212490 155.083671 -6780.403851
UTC=2024-01-10T12:02:02.000000
5085488.171489 -3617983.012877 -3563419.354073
-3968.867807 686.631664 -6370.505452
UTC=2024-01-10T12:04:02.000000
4572299.974920 -3503636.839880 -4298339.018340
-4571.659542 1218.383797 -5862.417898
UTC=2024-01-10T12:06:02.000000
3991489.344528 -3325941.697705 -4966792.285140
-5094.513018 1740.867298 -5264.191109
UTC=2024-01-10T12:08:02.000000
3353121.608696 -3086576.975483 -5558513.645838
-5529.798905 2244.650280 -4585.222575
UTC=2024-01-10T12:10:02.000000
2668086.143323 -2788343.298176 -6064437.802538
-5871.424804 2720.503276 -3836.090282
UTC=2024-01-10T12:12:02.000000
1947907.922004 -2435128.963663 -6476831.342155
-6114.899188 3159.554010 -3028.386689
UTC=2024-01-10T12:14:02.000000
1204552.338666 -2031857.557074 -6789404.096955
-6257.379128 3553.446178 -2174.541429
UTC=2024-01-10T12:16:02.000000
450226.125174 -1584417.090949 -6997397.774403
-6297.684305 3894.484161 -1287.623436
UTC=2024-01-10T12:18:02.000000
-302821.437251 -1099573.040972 -7097651.194204
-6236.281697 4175.760119 -381.150927
UTC=2024-01-10T12:20:02.000000
-1042494.198943 -584866.522434 -7088642.976254
-6075.249326 4391.273447 531.094519
UTC=2024-01-10T12:22:02.000000
-1757039.737972 -48498.670545 -6970512.083971
-5818.228238 4536.042363 1435.254554
UTC=2024-01-10T12:24:02.000000
-2435232.762552 500797.632264 -6745055.399182
-5470.348424 4606.200791 2317.586607
UTC=2024-01-10T12:26:02.000000
-3066548.354958 1053896.735694 -6415702.841592
-5038.136748 4599.081817 3164.646115
UTC=2024-01-10T12:28:02.000000
-3641323.632522 1601428.525095 -5987470.673816
-4529.415812 4513.288312 3963.469312
UTC=2024-01-10T12:30:02.000000
-4150906.466221 2133934.263367 -5466892.646114
-3953.187583 4348.748650 4701.760105
UTC=2024-01-10T12:32:02.000000
-4587788.853200 2642028.283824 -4861928.414565
-3319.493644 4106.756791 5368.081677
UTC=2024-01-10T12:34:02.000000
-4945722.087396 3116562.751728 -4181849.102201
-2639.251777 3789.981705 5952.042038
UTC=2024-01-10T12:36:02.000000
-5219811.408737 3548792.036927 -3437101.895706
-1924.080375 3402.454641 6444.458964
UTC=2024-01-10T12:38:02.000000
-5406589.003865 3930534.537216 -2639155.079127
-1186.109708 2949.536349 6837.523262
UTC=2024-01-10T12:40:02.000000
-5504062.999808 4254328.440902 -1800324.279908
-437.773799 2437.849131 7124.943133
UTC=2024-01-10T12:42:02.000000
-5511741.313805 4513577.823174 -933582.899460
308.401554 1875.184210 7302.066486
UTC=2024-01-10T12:44:02.000000
-5430629.285227 4702685.925988 -52359.262037
1040.022296 1270.381404 7365.976562
UTC=2024-01-10T12:46:02.000000
-5263200.452475 4817172.556818 829675.927743
1745.050032 633.182669 7315.558894
UTC=2024-01-10T12:48:02.000000
-5013340.567924 4853771.932699 1698827.922127
2412.021672 -25.943848 7151.528172
UTC=2024-01-10T12:50:02.000000
-4686266.041368 4810508.814882 2541597.097225
3030.255990 -695.989242 6876.416691
UTC=2024-01-10T12:52:02.000000
-4288418.589679 4686751.673190 3344894.538294
3590.041663 -1365.601053 6494.526864
UTC=2024-01-10T12:54:02.000000
-3827338.854219 4483241.555573 4096250.039654
4082.799320 -2023.290316 6011.852059
UTC=2024-01-10T12:56:02.000000
-3311522.246891 4202096.027521 4784008.723338
4501.215810 -2657.637947 5435.967940
UTC=2024-01-10T12:58:02.000000
-2750260.067254 3846788.520930 5397513.282530
4839.355894 -3257.499412 4775.900287
UTC=2024-01-10T13:00:02.000000
-2153468.964520 3422103.358061 5927268.619430
5092.743099 -3812.202993 4041.965452
UTC=2024-01-10T13:02:02.000000
-1531512.602200 2934067.746765 6365086.329220
5258.409525 -4311.735736 3245.594909
UTC=2024-01-10T13:04:02.000000
-895019.137100 2389862.120180 6704207.215868
5334.914834 -4746.917439 2399.144121
UTC=2024-01-10T13:06:02.000000
-254698.581075 1797711.032683 6939400.533860
5322.331570 -5109.549897 1515.701826
UTC=2024-01-10T13:08:02.000000
378837.432816 1166756.691232 7067040.786168
5222.221187 -5392.560148 608.898922
UTC=2024-01-10T13:10:02.000000
995251.554766 506916.287786 7085160.322620
5037.582695 -5590.123061 -307.298199
UTC=2024-01-10T13:12:02.000000
1584648.997866 -171274.114682 6993477.709477
4772.779868 -5697.765852 -1218.785069
UTC=2024-01-10T13:14:02.000000
2137736.203154 -856827.622369 6793402.340480
4433.453102 -5712.461602 -2111.520141
UTC=2024-01-10T13:16:02.000000
2645967.805735 -1538484.454287 6488014.522962
4026.413171 -5632.698426 -2971.729582
UTC=2024-01-10T13:18:02.000000
3101680.108592 -2204896.949960 6082021.369032
3559.522313 -5458.530836 -3786.108392
UTC=2024-01-10T13:20:02.000000
3498209.044632 -2844819.424188 5581688.141979
3041.553964 -5191.605584 -4542.025164
UTC=2024-01-10T13:22:02.000000
3829990.430038 -3447299.524115 4994745.835210
2482.039753 -4835.163418 -5227.714514
UTC=2024-01-10T13:24:02.000000
4092641.220455 -4001868.372050 4330275.770552
1891.105375 -4394.015019 -5832.467400
UTC=2024-01-10T13:26:02.000000
4283020.256997 -4498726.048158 3598571.870376
1279.292137 -3874.487328 -6346.811582
UTC=2024-01-10T13:28:02.000000
4399266.906256 -4928918.730962 2810982.321103
657.369406 -3284.338466 -6762.674067
UTC=2024-01-10T13:30:02.000000
4440816.893908 -5284503.786094 1979732.725784
36.140768 -2632.641261 -7073.526157
UTC=2024-01-10T13:32:02.000000
4408394.537451 -5558699.049454 1117733.477898
-573.753758 -1929.637604 -7274.500832
UTC=2024-01-10T13:34:02.000000
4303981.310829 -5746012.926387 238374.763893
-1162.033121 -1186.563716 -7362.479414
UTC=2024-01-10T13:36:02.000000
4130761.860524 -5842352.369685 -644686.576378
-1718.954755 -415.460332 -7336.144201
UTC=2024-01-10T13:38:02.000000
3893048.620706 -5845107.047203 -1517745.460468
-2235.494480 371.040065 -7196.009624
UTC=2024-01-10T13:40:02.000000
3596185.662140 -5753206.393963 -2367267.542066
-2703.506025 1159.944992 -6944.400310
UTC=2024-01-10T13:42:02.000000
3246435.212625 -5567149.141241 -3180103.815013
-3115.854411 1938.131189 -6585.404022
UTC=2024-01-10T13:44:02.000000
2850849.004425 -5289004.798933 -3943697.677148
-3466.533515 2692.581210 -6124.789152
UTC=2024-01-10T13:46:02.000000
2417127.207838 -4922387.178409 -4646279.877077
-3750.754235 3410.611423 -5569.888368
UTC=2024-01-10T13:48:02.000000
1953468.723223 -4472401.121408 -5277048.001913
-3964.999924 4080.089985 -4929.457589
UTC=2024-01-10T13:50:02.000000
1468416.715780 -3945564.168886 -5826327.875149
-4107.052056 4689.634759 -4213.517784
UTC=2024-01-10T13:52:02.000000
970702.234120 -3349705.741215 -6285715.436044
-4175.997233 5228.791805 -3433.187778
UTC=2024-01-10T13:54:02.000000
469088.298172 -2693845.753950 -6648197.920882
-4172.211192 5688.199681 -2600.506639
UTC=2024-01-10T13:56:02.000000
-27782.555787 -1988054.470958 -6908253.166866
-4097.317434 6059.736546 -1728.247004
UTC=2024-01-10T13:58:02.000000
-511534.474055 -1243296.151232 -7061926.277641
-3954.125533 6336.643000 -829.726159
UTC=2024-01-10T14:00:02.000000
-974196.213044 -471259.163247 -7106883.766995
-3746.556276 6513.625784 81.381133
UTC=2024-01-10T14:02:02.000000
-1408329.537503 315825.230560 -7042445.021471
-3479.556922 6586.942044 991.233696
UTC=2024-01-10T14:04:02.000000
-1807146.478903 1105372.943125 -6869590.994781
-3158.999825 6554.464260 1886.010363
UTC=2024-01-10T14:06:02.000000
-2164613.589919 1884644.166010 -6590950.674698
-2791.568382 6415.730526 2752.096296
UTC=2024-01-10T14:08:02.000000
-2475542.251043 2640945.031349 -6210765.354927
-2384.639892 6171.972781 3576.264903
UTC=2024-01-10T14:10:02.000000
-2735664.400556 3361832.000433 -5734830.737296
-1946.156792 5826.130575 4345.867870
UTC=2024-01-10T14:12:02.000000
-2941692.165151 4035316.073006 -5170416.320973
-1484.490419 5382.836076 5049.021302
UTC=2024-01-10T14:14:02.000000
-3091360.833498 4650063.874855 -4526162.299830
-1008.296742 4848.374578 5674.795759
UTC=2024-01-10T14:16:02.000000
-3183453.693139 5195591.835439 -3811953.948584
-526.359779 4230.608504 6213.398183
UTC=2024-01-10T14:18:02.000000
-3217807.834644 5662449.244393 -3038775.462890
-47.433256 3538.870776 6656.330480
UTC=2024-01-10T14:20:02.000000
-3195301.396139 6042387.643181 -2218545.792012
419.911584 2783.843356 6996.536676
UTC=2024-01-10T14:22:02.000000
-3117822.117958 6328513.591923 -1363936.819625
867.446501 1977.397315 7228.545347
UTC=2024-01-10T14:24:02.000000
-2988216.707559 6515419.588306 -488176.429712
1287.440547 1132.392344 7348.574399
UTC=2024-01-10T14:26:02.000000
-2810223.042162 6599290.461196 395158.605786
1672.793914 262.473390 7354.603945
UTC=2024-01-10T14:28:02.000000
-2588386.209365 6577984.039505 1272358.456951
2017.176256 -618.165467 7246.443237
UTC=2024-01-10T14:30:02.000000
-2327958.327376 6451080.833836 2129800.742411
2315.151842 -1495.051557 7025.736415
UTC=2024-01-10T14:32:02.000000
-2034785.451487 6219901.717242 2954168.643711
2562.270568 -2353.694229 6695.923371
UTC=2024-01-10T14:34:02.000000
-1715184.998696 5887494.799208 3732662.678775
2755.135843 -3179.838460 6262.173195
UTC=2024-01-10T14:36:02.000000
-1375816.421123 5458592.263177 4453202.988777
2891.449332 -3959.712267 5731.293283
UTC=2024-01-10T14:38:02.000000
-1023547.676255 4939537.841827 5104619.210577
2970.037878 -4680.268295 5111.612251
UTC=2024-01-10T14:40:02.000000
-665319.529273 4338186.007218 5676824.018749
2990.858054 -5329.408773 4412.823597
UTC=2024-01-10T14:42:02.000000
-308011.735124 3663776.401999 6160967.040956
2954.963831 -5896.176963 3645.823257
UTC=2024-01-10T14:44:02.000000
41686.233183 2926785.663007 6549568.828392
2864.463825 -6370.940803 2822.531264
UTC=2024-01-10T14:46:02.000000
377398.108737 2138759.385457 6836632.093154
2722.457608 -6745.538615 1955.699353
UTC=2024-01-10T14:48:02.000000
693175.212196 1312127.744180 7017730.145228
2532.957624 -7013.409396 1058.718535
UTC=2024-01-10T14:50:02.000000
983600.449236 460006.961095 7090071.247525
2300.794370 -7169.693365 145.413311
UTC=2024-01-10T14:52:02.000000
1243880.274555 -404009.290951 7052538.851665
2031.511565 -7211.304341 -770.152727
UTC=2024-01-10T14:54:02.000000
1469923.500280 -1266066.695754 6905708.477287
1731.251643 -7136.992617 -1673.877371
UTC=2024-01-10T14:56:02.000000
1658405.842894 -2112272.734454 6651839.779928
1406.632815 -6947.373801 -2551.826991
UTC=2024-01-10T14:58:02.000000
1806819.330078 -2928921.222115 6294844.275887
1064.619984 -6644.937067 -3390.438875
UTC=2024-01-10T15:00:02.000000
1913505.792471 -3702716.145444 5840228.426631
712.388528 -6234.023000 -4176.727299
UTC=2024-01-10T15:02:02.000000
1977673.817828 -4420990.794539 5295012.308911
357.186136 -5720.767333 -4898.483040
UTC=2024-01-10T15:04:02.000000
1999399.283246 -5071918.526126 4667625.291184
6.197779 -5113.021200 -5544.456975
UTC=2024-01-10T15:06:02.000000
1979609.791801 -5644713.022709 3967779.868896
-333.589165 -4420.252636 -6104.544394
UTC=2024-01-10T15:08:02.000000
1920052.500478 -6129814.155609 3206323.246217
-655.526312 -3653.402156 -6569.965717
UTC=2024-01-10T15:10:02.000000
1823245.392467 -6519054.197426 2395069.102598
-953.434997 -2824.704659 -6933.415199
UTC=2024-01-10T15:12:02.000000
1692413.882612 -6805801.508402 1546613.033061
-1221.722412 -1947.492464 -7189.185751
UTC=2024-01-10T15:14:02.000000
1531413.751520 -6985079.346093 674134.131685
-1455.492771 -1035.975318 -7333.275243
UTC=2024-01-10T15:16:02.000000
1344641.568704 -7053656.667414 -208814.525123
-1650.643742 -104.997433 -7363.463757
UTC=2024-01-10T15:18:02.000000
1136934.314490 -7010108.555486 -1088523.287191
-1803.949259 830.232394 -7279.366057
UTC=2024-01-10T15:20:02.000000
913460.613305 -6854842.505263 -1951346.210109
-1913.115372 1754.428217 -7082.423755
UTC=2024-01-10T15:22:02.000000
679606.698872 -6590091.611161 -2783918.041658
-1976.812106 2652.493321 -6775.865146
UTC=2024-01-10T15:24:02.000000
440860.087263 -6219876.173150 -3573364.987830
-1994.681692 3509.780153 -6364.639329
UTC=2024-01-10T15:26:02.000000
202693.099095 -5749934.633215 -4307505.751924
-1967.332534 4312.341805 -5855.320087
UTC=2024-01-10T15:28:02.000000
-29551.635888 -5187625.137179 -4975039.021935
-1896.310958 5047.166397 -5255.976013
UTC=2024-01-10T15:30:02.000000
-250770.901876 -4541800.914916 -5565714.026504
-1784.051221 5702.379633 -4576.022217
UTC=2024-01-10T15:32:02.000000
-456203.659593 -3822662.614945 -6070482.626432
-1633.809560 6267.427237 -3826.058745
UTC=2024-01-10T15:34:02.000000
-641524.912917 -3041590.366624 -6481630.961175
-1449.582615 6733.228508 -3017.693637
UTC=2024-01-10T15:36:02.000000
-802929.155760 -2210959.120515 -6792889.500818
-1236.015752 7092.302629 -2163.359703
UTC=2024-01-10T15:38:02.000000
-937202.201449 -1343940.534930 -6999520.730143
-998.301405 7338.865820 -1276.126869
UTC=2024-01-10T15:40:02.000000
-1041780.400220 -454294.644112 -7098384.526679
-742.070654 7468.906873 -369.516936
UTC=2024-01-10T15:42:02.000000
-1114796.378632 443846.261249 -7087980.801960
-473.277430 7480.237967 542.690240
UTC=2024-01-10T15:44:02.000000
-1155110.726979 1336197.970989 -6968469.302484
-198.080793 7372.518613 1446.640602
UTC=2024-01-10T15:46:02.000000
-1162329.455169 2208546.913080 -6741667.336181
77.274733 7147.265271 2328.593658
UTC=2024-01-10T15:48:02.000000
-1136806.991086 3046972.258893 -6411025.204498
346.580253 6807.838091 3175.103459
UTC=2024-01-10T15:50:02.000000
-1079634.663687 3838065.751170 -5981579.521245
603.783223 6359.411524 3973.210361
UTC=2024-01-10T15:52:02.000000
-992614.630012 4569145.798059 -5459883.364042
843.108772 5808.909969 4710.629736
UTC=2024-01-10T15:54:02.000000
-878219.644532 5228462.756842 -4853914.278082
1059.173800 5164.925547 5375.936650
UTC=2024-01-10T15:56:02.000000
-739539.365550 5805392.540622 -4172959.851089
1247.097780 4437.603277 5958.752145
UTC=2024-01-10T15:58:02.000000
-580213.695856 6290614.391933 -3427481.659587
1402.607069 3638.493373 6449.915981
UTC=2024-01-10T16:00:02.000000
-404354.216811 6676269.421655 -2628959.520513
1522.128661 2780.379804 6841.642997
UTC=2024-01-10T16:02:02.000000
-216455.140055 6956097.064814 -1789717.580648
1602.870344 1877.081213 7127.668692
UTC=2024-01-10T16:04:02.000000
-21295.566604 7125545.797572 -922734.351430
1642.886108 943.223396 7303.369317
UTC=2024-01-10T16:06:02.000000
176165.257315 7181855.314564 -41439.916360
1641.126020 -6.008662 7365.855671
UTC=2024-01-10T16:08:02.000000
370897.389314 7124107.894681 840496.398085
1597.464766 -955.135860 7314.037714
UTC=2024-01-10T16:10:02.000000
557911.704363 6953246.994045 1709384.030508
1512.706464 -1888.664807 7148.652662
UTC=2024-01-10T16:12:02.000000
732370.456911 6672062.092944 2551729.999994
1388.565243 -2791.367479 6872.250254
UTC=2024-01-10T16:14:02.000000
889694.471009 6285140.988659 3354453.673500
1227.629306 -3648.541880 6489.144153
UTC=2024-01-10T16:16:02.000000
1025665.200848 5798791.257731 4105094.501585
1033.311724 -4446.268901 6005.338718
UTC=2024-01-10T16:18:02.000000
1136519.929846 5220932.159864 4792008.982920
809.781894 -5171.646287 5428.431961
UTC=2024-01-10T16:20:02.000000
1219036.578112 4560957.704021 5404554.351691
561.864276 -5813.032075 4767.472120
UTC=2024-01-10T16:22:02.000000
1270606.731810 3829574.913589 5933251.485643
294.946183 -6360.208957 4032.779388
UTC=2024-01-10T16:24:02.000000
1289296.714705 3038623.928882 6369928.222349
14.865478 -6804.533367 3235.788000
UTC=2024-01-10T16:26:02.000000
1273894.313505 2200880.988652 6707842.274384
-272.211494 -7139.065808 2388.862943
UTC=2024-01-10T16:28:02.000000
1223940.885114 1329847.800257 6941781.321031
-559.912499 -7358.668867 1505.105198
UTC=2024-01-10T16:30:02.000000
1139748.433791 439531.045428 7068139.037224
-841.786953 -7460.070353 598.146586
UTC=2024-01-10T16:32:02.000000
1022401.363875 -455783.415171 7084967.125487
-1111.433540 -7441.894417 -318.041648
UTC=2024-01-10T16:34:02.000000
873742.810144 -1341759.782694 6992004.433856
-1362.629489 -7304.686150 -1229.347363
UTC=2024-01-10T16:36:02.000000
696345.563833 -2204242.412247 6790681.160349
-1589.457545 -7050.898318 -2121.727044
UTC=2024-01-10T16:38:02.000000
493468.003893 -3029482.817724 6484098.471415
-1786.428577 -6684.856663 -2981.410165
UTC=2024-01-10T16:40:02.000000
268995.656938 -3804360.699284 6076982.777720
-1948.597193 -6212.688921 -3795.114236
UTC=2024-01-10T16:42:02.000000
27369.730588 -4516594.106990 5575615.597313
-2071.664006 -5642.222790 -4550.233292
UTC=2024-01-10T16:44:02.000000
-226496.219201 -5154937.012133 4987741.508984
-2152.071366 -4982.876775 -5235.019217
UTC=2024-01-10T16:46:02.000000
-487310.801164 -5709362.888813 4322453.921191
-2187.093979 -4245.532510 -5838.773226
UTC=2024-01-10T16:48:02.000000
-749509.376383 -6171230.142521 3590057.425588
-2174.913640 -3442.357631 -6352.036600
UTC=2024-01-10T16:50:02.000000
-1007366.327955 -6533424.360478 2801909.138770
-2114.672529 -2586.602340 -6766.751381
UTC=2024-01-10T16:52:02.000000
-1255112.321752 -6790475.063324 1970241.965472
-2006.503706 -1692.377218 -7076.399582
UTC=2024-01-10T16:54:02.000000
-1487054.562830 -6938645.063986 1107972.574450
-1851.551773 -774.418058 -7276.123115
UTC=2024-01-10T16:56:02.000000
-1697697.923261 -6975989.599752 228495.822863
-1651.961363 152.183191 -7362.821879
UTC=2024-01-10T16:58:02.000000
-1881862.825563 -6902382.733420 -654529.592839
-1410.839649 1072.249733 -7335.204436
UTC=2024-01-10T17:00:02.000000
-2034797.691665 -6719511.343023 -1527399.554180
-1132.202172 1970.789229 -7193.805171
UTC=2024-01-10T17:02:02.000000
-2152283.774644 -6430837.134470 -2376582.991478
-820.900303 2833.256743 -6940.968661
UTC=2024-01-10T17:04:02.000000
-2230730.176319 -6041527.579036 -3188936.600389
-482.529977 3645.809409 -6580.802332
UTC=2024-01-10T17:06:02.000000
-2267256.778897 -5558357.041763 -3951911.724102
-123.322047 4395.546499 -6119.092333
UTC=2024-01-10T17:08:02.000000
-2259763.174344 -4989580.718706 -4653748.982172
249.980350 5070.720519 -5563.185193
UTC=2024-01-10T17:10:02.000000
-2206982.421593 -4344785.290643 -5283657.277976
630.251163 5660.914553 -4921.847910
UTC=2024-01-10T17:12:02.000000
-2108519.008232 -3634720.095480 -5831975.154843
1010.115306 6157.190238 -4205.114128
UTC=2024-01-10T17:14:02.000000
-1964870.502534 -2871112.171189 -6290312.933943
1382.086469 6552.209057 -3424.117559
UTC=2024-01-10T17:16:02.000000
-1777432.461501 -2066468.338984 -6651673.960964
1738.707831 6840.325868 -2590.909938
UTC=2024-01-10T17:18:02.000000
-1548486.681820 -1233868.169319 -6910553.341049
2072.687397 7017.647029 -1718.270822
UTC=2024-01-10T17:20:02.000000
-1281173.615284 -386751.700724 -7063014.011290
2377.027657 7082.061641 -819.519720
UTC=2024-01-10T17:22:02.000000
-979449.325073 461295.080267 -7106740.250065
2645.153937 7033.246716 91.671268
UTC=2024-01-10T17:24:02.000000
-648027.234791 1296754.027002 -7041068.988108
2871.037916 6872.652708 1001.461185
UTC=2024-01-10T17:26:02.000000
-292305.719998 2106385.905580 -6866998.691083
3049.309895 6603.469482 1896.029478
UTC=2024-01-10T17:28:02.000000
81717.388252 2877436.093201 -6587176.125734
3175.367039 6230.575126 2761.755438
UTC=2024-01-10T17:30:02.000000
467543.287279 3597833.412786 -6205860.997792
3245.478917 5760.468251 3585.410883
UTC=2024-01-10T17:32:02.000000
858282.275328 4256378.796166 -5728866.991402
3256.873773 5201.166342 4354.354863
UTC=2024-01-10T17:34:02.000000
1246773.284210 4842920.666937 -5163480.534285
3207.812329 4562.090215 5056.712973
UTC=2024-01-10T17:36:02.000000
1625711.700026 5348515.620597 -4518357.659042
3097.650346 3853.930160 5681.564478
UTC=2024-01-10T17:38:02.000000
1987783.504832 5765571.016749 -3803398.457664
2926.880282 3088.478527 6219.124245
UTC=2024-01-10T17:40:02.000000
2325803.080484 6087966.212195 -3029600.919300
2697.151614 2278.444402 6660.905434
UTC=2024-01-10T17:42:02.000000
2632852.335673 6311150.633564 -2208895.819826
2411.271788 1437.250616 6999.872908
UTC=2024-01-10T17:44:02.000000
2902418.427416 6432216.074955 -1353964.128151
2073.180909 578.807867 7230.579361
UTC=2024-01-10T17:46:02.000000
3128526.765753 6449940.758515 -478039.579582
1687.898719 -282.729245 7349.274748
UTC=2024-01-10T17:48:02.000000
3305866.108435 6364803.463246 405299.806437
1261.446358 -1133.214839 7353.980361
UTC=2024-01-10T17:50:02.000000
3429902.985994 6178967.419594 1282346.951858
800.747543 -1958.761580 7244.527821
UTC=2024-01-10T17:52:02.000000
3496983.082854 5896234.643953 2139483.817146
313.509347 -2745.983948 7022.568464
UTC=2024-01-10T17:54:02.000000
3504417.042623 5521971.437551 2963398.693476
-191.916996 -3482.234437 6691.549948
UTC=2024-01-10T17:56:02.000000
3450548.791238 5063006.129566 3741298.641812
-706.687478 -4155.829834 6256.656697
UTC=2024-01-10T17:58:02.000000
3334805.084304 4527501.248759 4461112.217369
-1221.627002 -4756.245507 5724.712631
UTC=2024-01-10T18:00:02.000000
3157724.586112 3924804.040231 5111679.858372
-1727.410445 -5274.289733 5104.068272
UTC=2024-01-10T18:02:02.000000
2920965.061878 3265277.248000 5682927.505779
-2214.737772 -5702.248347 4404.436175
UTC=2024-01-10T18:04:02.000000
2627290.925748 2560115.573502 6166019.939229
-2674.491310 -6033.983725 3636.723441
UTC=2024-01-10T18:06:02.000000
2280541.652488 1821151.700560 6553494.111473
-3097.899131 -6265.012538 2812.862746
UTC=2024-01-10T18:08:02.000000
1885580.333503 1060654.154186 6839370.752078
-3476.698757 -6392.558949 1945.616771
UTC=2024-01-10T18:10:02.000000
1448223.554121 291121.466431 7019241.818940
-3803.284459 -6415.564322 1048.377591
UTC=2024-01-10T18:12:02.000000
975154.409749 -474923.322331 7090334.664261
-4070.842154 -6334.677278 134.978560
UTC=2024-01-10T18:14:02.000000
473819.630152 -1225136.662976 7051553.122764
-4273.479505 -6152.234175 -780.508132
UTC=2024-01-10T18:16:02.000000
-47688.200632 -1947553.900562 6903493.529590
-4406.342955 -5872.202386 -1683.980292
UTC=2024-01-10T18:18:02.000000
-580761.565083 -2630780.644976 6648435.934143
-4465.718992 -5500.104287 -2561.513477
UTC=2024-01-10T18:20:02.000000
-1116419.720235 -3264173.425839 6290310.161903
-4449.111505 -5042.912943 -3399.568962
UTC=2024-01-10T18:22:02.000000
-1645458.568466 -3838006.517476 5834638.168155
-4355.304660 -4508.930847 -4185.180123
UTC=2024-01-10T18:24:02.000000
-2158607.989907 -4343623.928297 5288454.228649
-4184.422423 -3907.661415 -4906.140833
UTC=2024-01-10T18:26:02.000000
-2646695.110575 -4773574.739487 4660201.796407
-3937.965158 -3249.658108 -5551.204277
UTC=2024-01-10T18:28:02.000000
-3100810.041064 -5121728.595319 3959606.624098
-3618.813211 -2546.345288 -6110.276579
UTC=2024-01-10T18:30:02.000000
-3512469.990650 -5383368.433424 3197527.655065
-3231.197101 -1809.818502 -6574.592008
UTC=2024-01-10T18:32:02.000000
-3873778.201969 -5555258.395585 2385788.596996
-2780.643130 -1052.633879 -6936.859586
UTC=2024-01-10T18:34:02.000000
-4177575.240652 -5635686.197862 1536993.005577
-2273.898860 -287.590549 -7191.392922
UTC=2024-01-10T18:36:02.000000
-4417579.561133 -5624478.561953 664325.124503
-1718.828300 472.499097 -7334.214891
UTC=2024-01-10T18:38:02.000000
-4588513.879172 -5522989.013559 -218659.837878
-1124.281730 1215.038486 -7363.129474
UTC=2024-01-10T18:40:02.000000
-4686214.596822 -5334058.408436 -1098252.339759
-499.942604 1927.872959 -7277.764860
UTC=2024-01-10T18:42:02.000000
-4707721.391024 -5061948.520561 -1960808.136786
143.848728 2599.510971 -7079.578344
UTC=2024-01-10T18:44:02.000000
-4651344.745803 -4712250.017925 -2792965.964098
796.284963 3219.327818 -6771.819673
UTC=2024-01-10T18:46:02.000000
-4516710.177636 -4291767.509193 -3581858.601894
1446.289366 3777.742946 -6359.458546
UTC=2024-01-10T18:48:02.000000
-4304778.638185 -3808385.035179 -4315313.471565
2082.714313 4266.368912 -5849.083681
UTC=2024-01-10T18:50:02.000000
-4017843.262555 -3270915.288260 -4982039.687554
2694.536781 4678.134121 -5248.778730
UTC=2024-01-10T18:52:02.000000
-3659502.814579 -2688935.655408 -5571798.811388
3271.050655 5007.378332 -4567.974214
UTC=2024-01-10T18:54:02.000000
-3234612.686865 -2072614.801318 -6075556.670274
3802.047055 5249.915212 -3817.282612
UTC=2024-01-10T18:56:02.000000
-2749215.023374 -1432533.350139 -6485614.925533
4277.983398 5403.069279 -3008.325559
UTC=2024-01-10T18:58:02.000000
-2210449.000778 -779501.676641 -6795721.126283
4690.143649 5465.685998 -2153.547433
UTC=2024-01-10T19:00:02.000000
-1626443.010495 -124378.243249 -7001155.807372
5030.778285 5438.113071 -1266.021349
UTC=2024-01-10T19:02:02.000000
-1006191.401494 522108.267468 -7098796.629902
5293.223087 5322.157389 -359.263674
UTC=2024-01-10T19:04:02.000000
-359417.400527 1149530.993835 -7087160.913380
5472.012568 5121.032720 552.946270
UTC=2024-01-10T19:06:02.000000
303576.685819 1747929.520827 -6966425.654318
5562.974645 4839.284923 1456.756065
UTC=2024-01-10T19:08:02.000000
972069.833555 2307964.723534 -6738425.863140
5563.318139 4482.709127 2338.416086
UTC=2024-01-10T19:10:02.000000
1635092.819509 2821062.972021 -6406630.303038
5471.705978 4058.249478 3184.479679
UTC=2024-01-10T19:12:02.000000
2281605.469763 3279547.049374 -5976093.650205
5288.299571 3573.880895 3981.993221
UTC=2024-01-10T19:14:02.000000
2900678.393080 3676751.801795 -5453386.030008
5014.786074 3038.473077 4718.682804
UTC=2024-01-10T19:16:02.000000
3481676.622978 4007123.242016 -4846500.693349
4654.385546 2461.651640 5383.134300
UTC=2024-01-10T19:18:02.000000
4014443.026878 4266300.051663 -4164739.744939
4211.836702 1853.640943 5964.977678
UTC=2024-01-10T19:20:02.000000
4489478.174677 4451175.206844 -3418578.256017
3693.352996 1225.091839 6455.062143
UTC=2024-01-10T19:22:02.000000
4898113.059420 4559936.187843 -2619507.901082
3106.545085 586.896877 6845.620405
UTC=2024-01-10T19:24:02.000000
5232670.560572 4592082.592666 -1779862.452277
2460.315080 -49.999456 7130.406377
UTC=2024-01-10T19:26:02.000000
5486612.934487 4548420.768975 -912627.588234
1764.724515 -674.795755 7304.819711
UTC=2024-01-10T19:28:02.000000
5654671.053064 4431034.858142 -31237.626008
1030.826144 -1277.028298 7365.995131
UTC=2024-01-10T19:30:02.000000
5732952.555841 4243235.087920 850636.387138
270.481697 -1846.756693 7312.860006
UTC=2024-01-10T19:32:02.000000
5719027.038789 3989483.962034 1719303.933914
-503.840395 -2374.746472 7146.164437
UTC=2024-01-10T19:34:02.000000
5611985.611807 3675301.317098 2561273.735248
-1279.288841 -2852.635611 6868.475034
UTC=2024-01-10T19:36:02.000000
5412472.699383 3307150.805303 3363469.507615
-2042.865592 -3273.078102 6484.131235
UTC=2024-01-10T19:38:02.000000
5122689.580646 2892310.353178 4113438.255142
-2781.660338 -3629.867586 5999.165705
UTC=2024-01-10T19:40:02.000000
4746369.805360 2438729.165505 4799546.823209
-3483.082430 -3918.035525 5421.186836
UTC=2024-01-10T19:42:02.000000
4288728.146139 1954875.397251 5411162.987278
-4135.071179 -4133.909143 4759.248240
UTC=2024-01-10T19:44:02.000000
3756383.664560 1449577.844136 5938820.459133
-4726.317725 -4275.156390 4023.697968
UTC=2024-01-10T19:46:02.000000
3157257.726314 931863.703700 6374362.988530
-5246.455220 -4340.802324 3225.990287
UTC=2024-01-10T19:48:02.000000
2500450.862710 410796.599733 6711065.697476
-5686.223074 -4331.208796 2378.496422
UTC=2024-01-10T19:50:02.000000
1796101.117355 -104681.538977 6943734.239018
-6037.613962 -4248.035237 1494.323438
UTC=2024-01-10T19:52:02.000000
1055225.207631 -605903.358340 7068781.727802
-6294.012754 -4094.188617 587.121407
UTC=2024-01-10T19:54:02.000000
289544.135167 -1084621.732901 7084281.328694
-6450.312697 -3873.751388 -329.127404
UTC=2024-01-10T19:56:02.000000
-488703.245227 -1533145.369016 6989993.801321
-6503.003148 -3591.888817 -1240.312612
UTC=2024-01-10T19:58:02.000000
-1266956.114552 -1944462.579600 6787370.442816
-6450.237510 -3254.742993 -2132.403824
UTC=2024-01-10T20:00:02.000000
-2032533.920813 -2312351.144477 6479531.242747
-6291.871079 -2869.307775 -2991.651434
UTC=2024-01-10T20:02:02.000000
-2772842.081716 -2631472.769098 6071220.142513
-6029.485561 -2443.300707 -3804.769890
UTC=2024-01-10T20:04:02.000000
-3475580.446785 -2897452.292380 5568737.649630
-5666.406897 -1985.032752 -4559.138339
UTC=2024-01-10T20:06:02.000000
-4128951.457917 -3106939.826982 4979848.033063
-5207.676211 -1503.254138 -5243.015024
UTC=2024-01-10T20:08:02.000000
-4721862.186109 -3257653.834878 4313662.383575
-4659.983681 -1006.993076 -5845.724505
UTC=2024-01-10T20:10:02.000000
-5244117.110962 -3348404.547602 3580500.173564
-4031.578462 -505.389881 -6357.829855
UTC=2024-01-10T20:12:02.000000
-5686598.469538 -3379097.519972 2791731.120164
-3332.152947 -7.532394 -6771.289107
UTC=2024-01-10T20:14:02.000000
-6041431.164903 -3350717.508029 1959598.833552
-2572.698331 477.708164 -7079.602802
UTC=2024-01-10T20:16:02.000000
-6302127.997483 -3265292.460664 1097027.917173
-1765.322114 941.844524 -7277.938169
UTC=2024-01-10T20:18:02.000000
-6463711.298226 -3125837.561531 217418.451756
-923.039462 1376.935294 -7363.214310
UTC=2024-01-10T20:20:02.000000
-6522808.600906 -2936281.022306 -665567.780479
-59.549682 1775.727796 -7334.158315
UTC=2024-01-10T20:22:02.000000
-6477720.097402 -2701373.245660 -1538226.322037
811.012459 2131.792683 -7191.332150
UTC=2024-01-10T20:24:02.000000
-6328455.207032 -2426581.011211 -2387029.300779
1674.337131 2439.635903 -6937.109617
UTC=2024-01-10T20:26:02.000000
-6076738.501999 -2117969.837717 -3198839.750388
2516.189708 2694.785234 -6575.620929
UTC=2024-01-10T20:28:02.000000
-5725985.719689 -1782077.239995 -3961117.769973
3322.659951 2893.855107 -6112.670307
UTC=2024-01-10T20:30:02.000000
-5281250.369332 -1425779.679690 -4662114.812254
4080.399884 3034.586535 -5555.621895
UTC=2024-01-10T20:32:02.000000
-4749142.831730 -1056156.156033 -5291053.010221
4776.845815 3115.863891 -4913.265267
UTC=2024-01-10T20:34:02.000000
-4137723.577320 -680351.164665 -5838286.925832
5400.425590 3137.707760 -4195.656201
UTC=2024-01-10T20:36:02.000000
-3456373.177198 -305440.015148 -6295445.078985
5940.737286 3101.243880 -3413.941838
UTC=2024-01-10T20:38:02.000000
-2715642.421006 61700.923034 -6655550.060832
6388.702605 3008.651840 -2580.179075
UTC=2024-01-10T20:40:02.000000
-1927085.389563 414516.609394 -6913116.749989
6736.698979 2863.094499 -1707.151373
UTC=2024-01-10T20:42:02.000000
-1103077.997843 746886.471195 -7064228.165774
6978.666928 2668.636176 -808.179695
UTC=2024-01-10T20:44:02.000000
-256625.232805 1053227.361915 -7106588.736516
7110.194020 2430.153194 103.065075
UTC=2024-01-10T20:46:02.000000
598840.468534 1328584.705589 -7039555.186160
7128.577559 2153.227040 1012.743815
UTC=2024-01-10T20:48:02.000000
1449667.876221 1568710.666465 -6864146.368652
7032.883189 1844.037406 1907.026256
UTC=2024-01-10T20:50:02.000000
2282201.471263 1770129.109588 -6583030.039328
6823.975042 1509.245497 2772.293063
UTC=2024-01-10T20:52:02.000000
3082997.659102 1930185.853995 -6200486.178377
6504.520142 1155.867825 3595.325931
UTC=2024-01-10T20:54:02.000000
3839039.874540 2047083.443652 -5722347.352718
6078.962444 791.144828 4363.495871
UTC=2024-01-10T20:56:02.000000
4537949.618233 2119900.237421 -5155917.428557
5553.484950 422.411296 5064.941245
UTC=2024-01-10T20:58:02.000000
5168191.661156 2148593.774942 -4509868.116342
4935.944680 56.962472 5688.757853
UTC=2024-01-10T21:00:02.000000
5719268.987530 2133987.755865 -3794113.139989
4235.768415 -298.083533 6225.177772
UTC=2024-01-10T21:02:02.000000
6181903.612731 2077742.705349 -3019662.095070
3463.823595 -635.919678 6665.730040
UTC=2024-01-10T21:04:02.000000
6548200.660507 1982310.870303 -2198455.500257
2632.265467 -950.178635 7003.396042
UTC=2024-01-10T21:06:02.000000
6811791.543326 1850875.964876 -1343181.908931
1754.341992 -1235.056930 7232.746769
UTC=2024-01-10T21:08:02.000000
6967952.238680 1687278.442921 -467080.644491
844.176980 -1485.430418 7350.047770
UTC=2024-01-10T21:10:02.000000
7013693.952260 1495927.768762 416266.808262
-83.477336 -1696.954889 7353.340020
UTC=2024-01-10T21:12:02.000000
6947822.923262 1281703.876333 1293152.069382
-1013.496407 -1866.145151 7242.471005
UTC=2024-01-10T21:14:02.000000
6770970.054445 1049849.979103 2149957.954179
-1930.640382 -1990.441793 7019.114643
UTC=2024-01-10T21:16:02.000000
6485587.593275 805858.406543 2973376.739996
-2819.839554 -2068.257492 6686.744863
UTC=2024-01-10T21:18:02.000000
6095912.754675 555352.596912 3750622.310564
-3666.457489 -2098.996120 6250.569594
UTC=2024-01-10T21:20:02.000000
5607899.826240 303967.928546 4469633.044642
-4456.555103 -2083.052008 5717.434622
UTC=2024-01-10T21:22:02.000000
5029122.432627 57234.379710 5119260.696359
-5177.118575 -2021.782370 5095.697368
UTC=2024-01-10T21:24:02.000000
4368649.113024 -179537.007164 5689443.962961
-5816.283336 -1917.470745 4395.088495
UTC=2024-01-10T21:26:02.000000
3636893.191552 -401361.618712 6171362.768177
-6363.529071 -1773.260714 3626.534405
UTC=2024-01-10T21:28:02.000000
2845441.860594 -603679.625858 6557571.058757
-6809.836091 -1593.075058 2801.978823
UTC=2024-01-10T21:30:02.000000
2006867.808396 -782444.356863 6842107.767889
-7147.819466 -1381.527381 1934.196668
UTC=2024-01-10T21:32:02.000000
1134525.971144 -934199.221437 7020585.181077
-7371.844492 -1143.821334 1036.601669
UTC=2024-01-10T21:34:02.000000
242337.963081 -1056141.899994 7090253.062260
-7478.111509 -885.638022 123.036578
UTC=2024-01-10T21:36:02.000000
-655431.333002 -1146174.530256 7050037.852928
-7464.705718 -613.017362 -792.430380
UTC=2024-01-10T21:38:02.000000
-1544401.843196 -1202939.451043 6900557.597426
-7331.624461 -332.234969 -1695.707643
UTC=2024-01-10T21:40:02.000000
-2410308.084146 -1225839.753074 6644112.684636
-7080.778161 -49.672756 -2572.880537
UTC=2024-01-10T21:42:02.000000
-3239227.684371 -1215044.318860 6284653.038190
-6715.971070 228.309024 -3410.403158
UTC=2024-01-10T21:44:02.000000
-4017806.868734 -1171477.723966 5827722.004955
-6242.866560 495.496196 -4195.299607
UTC=2024-01-10T21:46:02.000000
-4733479.440587 -1096795.322877 5280375.481766
-5668.912512 745.944163 -4915.369820
UTC=2024-01-10T21:48:02.000000
-5374674.878030 -993343.401386 4651076.943416
-5003.234998 974.102054 -5559.386275
UTC=2024-01-10T21:50:02.000000
-5931011.664615 -864104.917545 3949569.486214
-4256.498697 1174.928228 -6117.278985
UTC=2024-01-10T21:52:02.000000
-6393472.018000 -712631.874954 3186726.826633
-3440.738288 1343.996798 -6580.299550
UTC=2024-01-10T21:54:02.000000
-6754555.415694 -542965.674122 2374385.778528
-2569.174279 1477.592080 -6941.169322
UTC=2024-01-10T21:56:02.000000
-7008408.280402 -359546.797958 1525161.228417
-1655.995044 1572.790231 -7194.220316
UTC=2024-01-10T21:58:02.000000
-7150925.207563 -167115.915873 652246.104174
-716.105455 1627.520941 -7335.500826
UTC=2024-01-10T22:00:02.000000
-7179819.258628 29391.443310 -230799.114256
235.136426 1640.612955 -7362.845804
UTC=2024-01-10T22:02:02.000000
-7094659.952230 224954.550052 -1110263.422157
1182.194690 1611.819816 -7275.914798
UTC=2024-01-10T22:04:02.000000
-6896877.719383 414578.766220 -1972504.430103
2109.635199 1541.821218 -7076.187246
UTC=2024-01-10T22:06:02.000000
-6589735.953190 593405.786493 -2804164.817009
3002.385653 1432.205468 -6766.929092
UTC=2024-01-10T22:08:02.000000
-6178271.529625 756820.770660 -3592383.962043
3846.006603 1285.434338 -6353.138473
UTC=2024-01-10T22:10:02.000000
-5669203.136614 900553.933926 -4324999.516108
4626.945101 1104.785733 -5841.434256
UTC=2024-01-10T22:12:02.000000
-5070811.750367 1020774.144104 -4990734.304955
5332.750803 894.278912 -5239.927699
UTC=2024-01-10T22:14:02.000000
-4392796.330334 1114172.664670 -5579366.617579
5952.270408 658.585446 -4558.071616
UTC=2024-01-10T22:16:02.000000
-3646108.257588 1178035.526717 -6081881.346576
6475.808022 402.928667 -3806.495160
UTC=2024-01-10T22:18:02.000000
-2842768.146052 1210303.113021 -6490600.725380
6895.258341 132.972259 -2996.827785
UTC=2024-01-10T22:20:02.000000
-1995668.586869 1209616.310546 -6799293.533269
7204.209683 -145.290916 -2141.519080
UTC=2024-01-10T22:22:02.000000
-1118365.703614 1175349.046542 -7003262.196965
7398.024523 -425.657198 -1253.647383
UTC=2024-01-10T22:24:02.000000
-224863.417095 1107626.148153 -7099406.786548
7473.882607 -701.835189 -346.731284
UTC=2024-01-10T22:26:02.000000
670606.177518 1007326.733958 -7086267.059981
7430.804257 -967.564786 565.447908
UTC=2024-01-10T22:28:02.000000
1553804.952294 876073.175839 -6964043.494268
7269.670975 -1216.738989 1469.026199
UTC=2024-01-10T22:30:02.000000
2410711.719167 716205.399411 -6734594.996019
6993.210720 -1443.525365 2350.259004
UTC=2024-01-10T22:32:02.000000
3227741.545323 530741.008171 -6401413.298852
6605.958879 -1642.480391 3195.709340
UTC=2024-01-10T22:34:02.000000
3991959.098472 323321.796753 -5969574.535329
6114.193571 -1808.663289 3992.437799
UTC=2024-01-10T22:36:02.000000
4691282.862522 98146.952067 -5445668.697660
5525.851902 -1937.741155 4728.183009
UTC=2024-01-10T22:38:02.000000
5314678.467609 -140105.649185 -4837707.300776
4850.430397 -2026.084561 5391.546080
UTC=2024-01-10T22:40:02.000000
5852338.070637 -386369.321088 -4155008.499470
4098.848711 -2070.856173 5972.178247
UTC=2024-01-10T22:42:02.000000
6295841.474379 -635288.144937 -3408060.764258
3283.285818 -2070.083981 6460.950189
UTC=2024-01-10T22:44:02.000000
6638296.422591 -881324.579256 -2608366.945328
2416.995612 -2022.721488 6850.110712
UTC=2024-01-10T22:46:02.000000
6874455.135128 -1118873.109665 -1768269.890605
1514.094078 -1928.686975 7133.433582
UTC=2024-01-10T22:48:02.000000
7000803.644168 -1342377.338864 -900761.975287
589.320954 -1788.882353 7306.336979
UTC=2024-01-10T22:50:02.000000
7015621.602340 -1546448.156277 -19282.094840
-342.212472 -1605.191866 7365.973405
UTC=2024-01-10T22:52:02.000000
6919011.250669 -1725980.493235 862496.588977
-1265.286634 -1380.459528 7311.294250
UTC=2024-01-10T22:54:02.000000
6712893.875976 -1876265.957187 1730884.496431
-2164.848437 -1118.443485 7143.075098
UTC=2024-01-10T22:56:02.000000
6400973.870682 -1993098.810740 2572394.383059
-3026.277401 -823.749750 6863.909141
UTC=2024-01-10T22:58:02.000000
5988670.821950 -2072872.467253 3373957.131960
-3835.649725 -501.742332 6478.160455
UTC=2024-01-10T23:00:02.000000
5483021.121343 -2112664.544238 4123129.541254
-4579.981054 -158.442331 5991.880422
UTC=2024-01-10T23:02:02.000000
4892551.957505 -2110308.747613 4808290.290053
-5247.442267 199.590909 5412.694886
UTC=2024-01-10T23:04:02.000000
4227131.331415 -2064451.781423 5418821.176798
-5827.545158 565.388314 4749.673994
UTC=2024-01-10T23:06:02.000000
3497796.694410 -1974594.655167 5945271.603802
-6311.313598 931.703536 4013.178681
UTC=2024-01-10T23:08:02.000000
2716565.039756 -1841117.492116 6379502.570896
-6691.415652 1291.154690 3214.676966
UTC=2024-01-10T23:10:02.000000
1896229.749104 -1665287.419986 6714808.526682
-6962.257775 1636.363234 2366.560861
UTC=2024-01-10T23:12:02.000000
1050147.335979 -1449249.770412 6946016.859600
-7120.057640 1960.094746 1481.954267
UTC=2024-01-10T23:14:02.000000
192017.326353 -1196002.321719 7069563.602069
-7162.884272 2255.398989 574.509814
UTC=2024-01-10T23:16:02.000000
-664340.639363 -909353.148312 7083544.668740
-7090.666026 2515.742693 -341.794044
UTC=2024-01-10T23:18:02.000000
-1505209.196769 -593862.989707 6987742.963805
-6905.174932 2735.135606 -1252.852171
UTC=2024-01-10T23:20:02.000000
-2317192.520347 -254772.658012 6783631.588343
-6609.989514 2908.252867 -2144.633305
UTC=2024-01-10T23:22:02.000000
-3087429.699635 102083.589508 6474353.009575
-6210.435079 3030.546491 -3003.379313
UTC=2024-01-10T23:24:02.000000
-3803799.733879 470377.454080 6064674.186200
-5713.502606 3098.346062 -3815.807110
UTC=2024-01-10T23:26:02.000000
-4455115.315216 843397.304966 5560917.393994
-5127.742360 3108.946679 -4569.311681
UTC=2024-01-10T23:28:02.000000
-5031302.092534 1214168.641288 4970866.954540
-4463.129221 3060.683446 -5252.162515
UTC=2024-01-10T23:30:02.000000
-5523560.400922 1575582.588452 4303652.762620
-3730.903798 2952.989306 -5853.695425
UTC=2024-01-10T23:32:02.000000
-5924506.078405 1920529.949171 3569611.484871
-2943.384399 2786.430241 -6364.489210
UTC=2024-01-10T23:34:02.000000
-6228287.716662 2242038.271217 2780127.766387
-2113.763259 2562.719739 -6776.524054
UTC=2024-01-10T23:36:02.000000
-6430678.422904 2533409.241944 1947457.354040
-1255.885069 2284.710079 -7083.323379
UTC=2024-01-10T23:38:02.000000
-6529139.943478 2788353.704076 1084534.328263
-384.007103 1956.360629 -7280.076988
UTC=2024-01-10T23:40:02.000000
-6522856.679800 3001121.127335 204765.272057
487.460366 1582.676702 -7363.730976
UTC=2024-01-10T23:42:02.000000
-6412738.640797 3166620.289136 -678184.864067
1344.210264 1169.625732 -7333.039731
UTC=2024-01-10T23:44:02.000000
-6201393.674426 3280528.589474 -1550611.333490
2172.293862 724.031586 -7188.585849
UTC=2024-01-10T23:46:02.000000
-5893069.607497 3339387.707088 -2398988.613934
2958.368584 253.453026 -6932.769275
UTC=2024-01-10T23:48:02.000000
-5493566.866267 3340683.325007 -3210185.721837
3689.937103 -233.960568 -6569.752679
UTC=2024-01-10T23:50:02.000000
-5010124.380479 3282906.899181 -3971672.681713
4355.555038 -729.621581 -6105.373394
UTC=2024-01-10T23:52:02.000000
-4451281.846800 3165598.743518 -4671714.667425
4945.014522 -1224.663692 -5547.024650
UTC=2024-01-10T23:54:02.000000
-3826722.092361 2989371.708491 -5299550.537006
5449.494298 -1710.104783 -4903.515939
UTC=2024-01-10T23:56:02.000000
-3147097.256305 2755915.424868 -5845553.195995
5861.676001 -2177.006574 -4184.911330
UTC=2024-01-10T23:58:02.000000
-2423843.144266 2467981.754037 -6301370.530548
6175.830904 -2616.629542 -3402.368936
