UTC=2024-01-07T00:00:02.000000
-3004595.292003 2768532.743211 -5914205.379635
5873.961930 -2335.572956 -4080.067700
UTC=2024-01-07T00:02:02.000000
-2281130.236653 2461519.808405 -6356949.392061
6167.060321 -2775.584977 -3289.603952
UTC=2024-01-07T00:04:02.000000
-1528579.684070 2103931.077699 -6701703.912312
6358.242907 -3177.146872 -2449.002858
UTC=2024-01-07T00:06:02.000000
-759311.814277 1700857.055546 -6943218.911525
6445.484901 -3532.419129 -1571.139749
UTC=2024-01-07T00:08:02.000000
14162.953490 1258289.549412 -7077821.989914
6428.438391 -3834.241367 -669.401104
UTC=2024-01-07T00:10:02.000000
779391.880473 783032.763920 -7103468.598331
6308.408471 -4076.253392 242.497149
UTC=2024-01-07T00:12:02.000000
1524176.759240 282600.141691 -7019770.735132
6088.324913 -4253.014514 1150.695867
UTC=2024-01-07T00:14:02.000000
2236765.267211 -234902.611679 -6828002.008184
5772.675936 -4360.110043 2041.391916
UTC=2024-01-07T00:16:02.000000
2906033.203378 -760906.067246 -6531079.968854
5367.428735 -4394.240458 2901.020292
UTC=2024-01-07T00:18:02.000000
3521656.519349 -1286515.817277 -6133526.010813
4879.932735 -4353.300042 3716.446954
UTC=2024-01-07T00:20:02.000000
4074270.240647 -1802659.511693 -5641402.861022
4318.804557 -4236.439376 4475.146430
UTC=2024-01-07T00:22:02.000000
4555613.326167 -2300241.157133 -5062230.318445
3693.802121 -4044.120562 5165.392612
UTC=2024-01-07T00:24:02.000000
4958656.330687 -2770300.269034 -4404877.898037
3015.666401 -3778.141944 5776.445876
UTC=2024-01-07T00:26:02.000000
5277709.219840 -3204172.500722 -3679436.035685
2295.950707 -3441.639222 6298.725202
UTC=2024-01-07T00:28:02.000000
5508508.009907 -3593649.101394 -2897067.063806
1546.837003 -3039.064372 6723.973655
UTC=2024-01-07T00:30:02.000000
5648278.111478 -3931132.248950 -2069836.930682
780.930525 -2576.136788 7045.411207
UTC=2024-01-07T00:32:02.000000
5695772.104401 -4209782.808212 -1210530.211825
11.042615 -2059.767546 7257.860039
UTC=2024-01-07T00:34:02.000000
5651281.132685 -4423657.539290 -332451.282654
-750.033501 -1497.957563 7357.849326
UTC=2024-01-07T00:36:02.000000
5516619.064020 -4567832.448393 550785.195376
-1489.750629 -899.670117 7343.688752
UTC=2024-01-07T00:38:02.000000
5295079.108074 -4638509.241609 1425470.856069
-2196.037784 -274.675612 7215.510216
UTC=2024-01-07T00:40:02.000000
4991363.509037 -4633101.766138 2278022.762713
-2857.516934 366.624881 6975.269245
UTC=2024-01-07T00:42:02.000000
4611488.253411 -4550300.416707 3095200.334721
-3463.701562 1013.388386 6626.707272
UTC=2024-01-07T00:44:02.000000
4162665.275841 -4390113.645732 3864315.929309
-4005.173709 1654.522884 6175.285151
UTC=2024-01-07T00:46:02.000000
3653164.519669 -4153885.931447 4573435.740149
-4473.742349 2278.887553 5628.087206
UTC=2024-01-07T00:48:02.000000
3092158.610162 -3844291.222547 5211567.145181
-4862.571865 2875.499100 4993.691184
UTC=2024-01-07T00:50:02.000000
2489554.405980 -3465302.309823 5768828.935346
-5166.273923 3433.724716 4282.017368
UTC=2024-01-07T00:52:02.000000
1855814.846751 -3022137.396564 6236602.758388
-5380.978534 3943.471516 3504.162537
UTC=2024-01-07T00:54:02.000000
1201774.154655 -2521184.620628 6607663.001710
-5504.370544 4395.360598 2672.210905
UTC=2024-01-07T00:56:02.000000
538450.570328 -1969906.749059 6876283.999926
-5535.697824 4780.886277 1799.044768
UTC=2024-01-07T00:58:02.000000
-123140.397492 -1376727.441590 7038323.917662
-5475.752307 5092.562375 898.146442
UTC=2024-01-07T01:00:02.000000
-772168.919198 -750900.783815 7091284.989394
-5326.828406 5324.055535 -16.599027
UTC=2024-01-07T01:02:02.000000
-1398167.744053 -102365.918126 7034349.701311
-5092.663362 5470.299147 -931.105919
UTC=2024-01-07T01:04:02.000000
-1991200.825617 558411.048368 6868392.707032
-4778.358170 5527.591908 -1831.291236
UTC=2024-01-07T01:06:02.000000
-2542021.210248 1220605.813948 6595968.290589
-4390.279055 5493.676709 -2703.278058
UTC=2024-01-07T01:08:02.000000
-3042216.096255 1873212.925936 6221273.499532
-3935.941535 5367.799718 -3533.596851
UTC=2024-01-07T01:10:02.000000
-3484337.082722 2505228.790048 5750087.467935
-3423.880952 5150.751063 -4309.382033
UTC=2024-01-07T01:12:02.000000
-3862014.055447 3105838.344745 5189686.920616
-2863.507493 4844.883229 -5018.572819
UTC=2024-01-07T01:14:02.000000
-4170050.546720 3664602.090624 4548737.889636
-2264.943750 4454.099164 -5650.105560
UTC=2024-01-07T01:16:02.000000
-4404498.882742 4171640.259446 3837165.143838
-1638.850026 3983.816480 -6194.094371
UTC=2024-01-07T01:18:02.000000
-4562713.568349 4617810.991704 3066000.523853
-996.236657 3440.902679 -6642.001285
UTC=2024-01-07T01:20:02.000000
-4643381.352867 4994878.839578 2247211.782611
-348.263443 2833.578164 -6986.788967
UTC=2024-01-07T01:22:02.000000
-4646527.062066 5295669.607563 1393514.672269
293.961375 2171.285652 -7223.046676
UTC=2024-01-07T01:24:02.000000
-4573495.517638 5514207.832774 518171.740706
919.578543 1464.533952 -7347.085265
UTC=2024-01-07T01:26:02.000000
-4426910.008453 5645834.538593 -365218.671963
1518.172099 724.725093 -7357.007335
UTC=2024-01-07T01:28:02.000000
-4210607.373575 5687302.672262 -1242940.440011
2079.963941 -36.048246 -7252.750986
UTC=2024-01-07T01:30:02.000000
-3929550.494386 5636846.200057 -2101379.976878
2595.992406 -805.232218 -7036.080854
UTC=2024-01-07T01:32:02.000000
-3589720.899129 5494222.389680 -2927242.847541
3058.265149 -1570.029856 -6710.542984
UTC=2024-01-07T01:34:02.000000
-3197994.430437 5260726.937396 -3707763.627505
3459.888686 -2317.637238 -6281.391863
UTC=2024-01-07T01:36:02.000000
-2762003.045676 4939181.036205 -4430904.490833
3795.169165 -3035.469608 -5755.479633
UTC=2024-01-07T01:38:02.000000
-2289986.102702 4533892.146131 -5085539.168586
4059.686775 -3711.374920 -5141.121999
UTC=2024-01-07T01:40:02.000000
-1790634.681907 4050590.215206 -5661619.621502
4250.337640 -4333.828593 -4447.949409
UTC=2024-01-07T01:42:02.000000
-1272932.143237 3496340.955189 -6150324.705021
4365.356460 -4892.123752 -3686.751537
UTC=2024-01-07T01:44:02.000000
-745993.256100 2879436.880500 -6544188.707360
4404.316015 -5376.548035 -2869.297799
UTC=2024-01-07T01:46:02.000000
-218905.066216 2209268.711890 -6837207.445919
4368.098491 -5778.532624 -2008.146080
UTC=2024-01-07T01:48:02.000000
299427.299961 1496180.393847 -7024921.827605
4258.843965 -6090.779906 -1116.459951
UTC=2024-01-07T01:50:02.000000
800427.954163 751309.495881 -7104479.508735
4079.888643 -6307.377624 -207.823433
UTC=2024-01-07T01:52:02.000000
1275989.387947 -13584.993463 -7074673.964072
3835.687872 -6423.896487 703.949168
UTC=2024-01-07T01:54:02.000000
1718601.085731 -786305.637770 -6935960.484192
3531.718726 -6437.468628 1605.007261
UTC=2024-01-07T01:56:02.000000
2121465.748505 -1554407.271661 -6690449.344959
3174.373188 -6346.841192 2481.648590
UTC=2024-01-07T01:58:02.000000
2478602.429999 -2305393.324186 -6341876.902167
2770.844732 -6152.414711 3320.504861
UTC=2024-01-07T02:00:02.000000
2784935.226002 -3026915.710118 -5895554.769542
2329.003267 -5856.267473 4108.720022
UTC=2024-01-07T02:02:02.000000
3036366.803404 -3706977.121192 -5358296.849864
1857.264688 -5462.165348 4834.146809
UTC=2024-01-07T02:04:02.000000
3229834.916928 -4334131.659646 -4738322.164981
1364.438300 -4975.522815 5485.543635
UTC=2024-01-07T02:06:02.000000
3363350.312251 -4897678.984173 -4045136.000442
859.572917 -4403.340486 6052.741123
UTC=2024-01-07T02:08:02.000000
3436016.416927 -5387850.404515 -3289391.474901
351.805022 -3754.130870 6526.806145
UTC=2024-01-07T02:10:02.000000
3448030.145277 -5795984.206907 -2482731.083099
-149.805131 -3037.808275 6900.208826
UTC=2024-01-07T02:12:02.000000
3400662.823524 -6114684.981437 -1637609.510491
-636.437692 -2265.536594 7166.963199
UTC=2024-01-07T02:14:02.000000
3296221.672499 -6337963.533756 -767101.183585
-1099.674683 -1449.557626 7322.744638
UTC=2024-01-07T02:16:02.000000
3137991.888981 -6461354.130887 115305.046170
-1531.660602 -602.982985 7364.982234
UTC=2024-01-07T02:18:02.000000
2930160.227191 -6482005.249183 995919.547751
-1925.246883 260.432888 7292.906038
UTC=2024-01-07T02:20:02.000000
2677722.473187 -6398742.832660 1861069.898851
-2274.119102 1126.529301 7107.575652
UTC=2024-01-07T02:22:02.000000
2386376.114644 -6212103.261275 2697320.144296
-2572.914292 1981.003431 6811.864950
UTC=2024-01-07T02:24:02.000000
2062400.502291 -5924334.955827 3491685.146076
-2817.309997 2809.665747 6410.401536
UTC=2024-01-07T02:26:02.000000
1712527.913275 -5539369.994901 4231836.210548
-3004.089126 3598.685466 5909.482607
UTC=2024-01-07T02:28:02.000000
1343808.208372 -5062766.438890 4906295.028043
-3131.179585 4334.832735 5316.962727
UTC=2024-01-07T02:30:02.000000
963470.368532 -4501622.623566 5504612.681283
-3197.670026 5005.702929 4642.120490
UTC=2024-01-07T02:32:02.000000
578783.032419 -3864464.894360 6017531.278901
-3203.807298 5599.935343 3895.497492
UTC=2024-01-07T02:34:02.000000
196917.365677 -3161110.709224 6437124.365866
-3150.961742 6107.399767 3088.711316
UTC=2024-01-07T02:36:02.000000
-175184.785645 -2402511.555154 6756914.759612
-3041.574619 6519.349720 2234.267562
UTC=2024-01-07T02:38:02.000000
-530935.301091 -1600578.743698 6971969.782613
-2879.087210 6828.555065 1345.370893
UTC=2024-01-07T02:40:02.000000
-864214.927053 -767994.295188 7078973.732970
-2667.857550 7029.419316 435.733317
UTC=2024-01-07T02:42:02.000000
-1169477.589943 81991.160695 7076276.612094
-2413.063610 7118.075168 -480.630224
UTC=2024-01-07T02:44:02.000000
-1441842.356932 935770.022229 6963918.038276
-2120.593525 7092.449222 -1389.608422
UTC=2024-01-07T02:46:02.000000
-1677171.481453 1779595.671032 6743626.597273
-1796.925177 6952.302607 -2277.196787
UTC=2024-01-07T02:48:02.000000
-1872133.678608 2599803.867888 6418794.920726
-1448.999959 6699.248194 -3129.699368
UTC=2024-01-07T02:50:02.000000
-2024251.798107 3383034.816847 5994430.533436
-1084.089293 6336.743531 -3933.930930
UTC=2024-01-07T02:52:02.000000
-2131934.128265 4116452.606356 5477082.708721
-709.656063 5870.054787 -4677.412323
UTC=2024-01-07T02:54:02.000000
-2194489.113413 4787959.081594 4874746.206371
-333.216332 5306.199315 -5348.564428
UTC=2024-01-07T02:56:02.000000
-2212123.074626 5386398.709930 4196741.637264
37.805444 4653.851820 -5936.899127
UTC=2024-01-07T02:58:02.000000
-2185920.670556 5901750.258558 3453573.830105
396.217925 3923.218598 -6433.196235
UTC=2024-01-07T03:00:02.000000
-2117808.658867 6325301.270289 2656769.842484
735.199994 3125.877648 -6829.663122
UTC=2024-01-07T03:02:02.000000
-2010503.443710 6649801.957213 1818699.235885
1048.433778 2274.595793 -7120.072306
UTC=2024-01-07T03:04:02.000000
-1867443.039902 6869595.269818 952379.099573
1330.229994 1383.113879 -7299.875131
UTC=2024-01-07T03:06:02.000000
-1692704.942833 6980719.786123 71267.412990
1575.636375 465.910767 -7366.283316
UTC=2024-01-07T03:08:02.000000
-1490912.079361 6980983.397644 -810951.689249
1780.528963 -462.046418 -7318.323181
UTC=2024-01-07T03:10:02.000000
-1267128.442930 6870005.820317 -1680587.757370
1941.692336 -1385.577030 -7156.863571
UTC=2024-01-07T03:12:02.000000
-1026746.610497 6649226.599320 -2524163.741678
2056.871420 -2289.576737 -6884.581931
UTC=2024-01-07T03:14:02.000000
-775370.743936 6321880.164554 -3328628.927362
2124.797709 -3159.276708 -6505.893152
UTC=2024-01-07T03:16:02.000000
-518697.574546 5892940.843423 -4081562.372046
2145.196442 -3980.487768 -6026.862716
UTC=2024-01-07T03:18:02.000000
-262397.745117 5369038.862522 -4771364.606011
2118.773226 -4739.839355 -5455.094573
UTC=2024-01-07T03:20:02.000000
-11999.939795 4758348.873189 -5387433.935659
2047.181586 -5424.995107 -4799.589648
UTC=2024-01-07T03:22:02.000000
227220.023838 4070454.105789 -5920324.938929
1932.972361 -6024.845930 -4070.590834
UTC=2024-01-07T03:24:02.000000
450342.850068 3316188.527944 -6361887.221385
1779.523541 -6529.681164 -3279.408568
UTC=2024-01-07T03:26:02.000000
652900.012055 2507460.444152 -6705382.419600
1590.954965 -6931.325803 -2438.235068
UTC=2024-01-07T03:28:02.000000
830957.261901 1657061.607241 -6945578.846613
1372.035126 -7223.246577 -1559.958999
UTC=2024-01-07T03:30:02.000000
981186.310989 778464.728177 -7078824.082560
1128.076644 -7400.640635 -657.981313
UTC=2024-01-07T03:32:02.000000
1100923.564405 -114388.301766 -7103095.083967
864.826491 -7460.500117 253.974085
UTC=2024-01-07T03:34:02.000000
1188215.289268 -1007304.601223 -7018025.403144
588.348554 -7401.653834 1162.053927
UTC=2024-01-07T03:36:02.000000
1241848.459121 -1886061.589444 -6824909.248976
304.904420 -7224.778214 2052.463990
UTC=2024-01-07T03:38:02.000000
1261367.416409 -2736628.540870 -6526683.692541
20.835639 -6932.393021 2911.646800
UTC=2024-01-07T03:40:02.000000
1247076.193517 -3545387.169444 -6127889.451107
-257.559211 -6528.849051 3726.464595
UTC=2024-01-07T03:42:02.000000
1200025.750405 -4299349.190883 -5634608.586028
-524.149842 -6020.283846 4484.399466
UTC=2024-01-07T03:44:02.000000
1121986.749270 -4986365.912764 -5054378.670701
-773.090929 -5414.537945 5173.739740
UTC=2024-01-07T03:46:02.000000
1015408.281969 -5595327.003712 -4396085.596594
-998.940346 -4721.059258 5783.755259
UTC=2024-01-07T03:48:02.000000
883362.580012 -6116346.195210 -3669834.859925
-1196.772554 -3950.776126 6304.878836
UTC=2024-01-07T03:50:02.000000
729476.763482 -6540929.429692 -2886801.930813
-1362.281050 -3115.934825 6728.870328
UTC=2024-01-07T03:52:02.000000
557852.997378 -6862122.176926 -2059064.014231
-1491.869217 -2229.914840 7048.964843
UTC=2024-01-07T03:54:02.000000
372978.346062 -7074632.803264 -1199414.789773
-1582.731031 -1307.012626 7260.006048
UTC=2024-01-07T03:56:02.000000
179625.880903 -7174928.115864 -321164.904793
-1632.914610 -362.196951 7358.548205
UTC=2024-01-07T03:58:02.000000
-17250.667513 -7161298.643761 562067.705906
-1641.366707 589.149421 7342.924316
UTC=2024-01-07T04:00:02.000000
-212626.429288 -7033892.406703 1436573.879174
-1607.957376 1531.496324 7213.285238
UTC=2024-01-07T04:02:02.000000
-401516.689292 -6794716.064862 2288772.228310
-1533.484796 2449.443418 6971.607819
UTC=2024-01-07T04:04:02.000000
-579087.419345 -6447602.528506 3105426.798469
-1419.657269 3328.000075 6621.664127
UTC=2024-01-07T04:06:02.000000
-740762.263358 -5998145.186139 3873858.502828
-1269.052799 4152.858800 6168.946375
UTC=2024-01-07T04:08:02.000000
-882323.747422 -5453601.349159 4582145.180484
-1085.064507 4910.632648 5620.559737
UTC=2024-01-07T04:10:02.000000
-1000006.843862 -4822768.258529 5219308.084471
-871.825421 5589.078486 4985.099147
UTC=2024-01-07T04:12:02.000000
-1090582.368615 -4115833.777354 5775481.981347
-634.117781 6177.293672 4272.503065
UTC=2024-01-07T04:14:02.000000
-1151429.029142 -3344204.512204 6242066.626986
-377.272601 6665.895972 3493.884755
UTC=2024-01-07T04:16:02.000000
-1180592.441721 -2520314.592976 6611856.070683
-107.054243 7047.160539 2661.336560
UTC=2024-01-07T04:18:02.000000
-1176830.039436 -1657420.801732 6879144.789619
170.457691 7315.116192 1787.743387
UTC=2024-01-07T04:20:02.000000
-1139641.778369 -769386.860618 7039811.757146
448.987549 7465.631455 886.595272
UTC=2024-01-07T04:22:02.000000
-1069286.278834 129541.146573 7091380.764780
722.188036 7496.470834 -28.218311
UTC=2024-01-07T04:24:02.000000
-966781.600715 1024963.923795 7033056.323355
983.770985 7407.319095 -942.608132
UTC=2024-01-07T04:26:02.000000
-833890.349189 1902559.843321 6865735.408824
1227.636619 7199.783655 -1842.490080
UTC=2024-01-07T04:28:02.000000
-673089.564492 2748314.319277 6591994.532752
1447.997761 6877.367711 -2713.989962
UTC=2024-01-07T04:30:02.000000
-487526.037268 3548744.387415 6216052.468199
1639.498236 6445.418262 -3543.644223
UTC=2024-01-07T04:32:02.000000
-280957.765672 4291115.724084 5743708.826940
1797.325925 5911.049852 -4318.602715
UTC=2024-01-07T04:34:02.000000
-57682.195724 4963648.591251 5182258.761982
1917.318972 5283.039139 -5026.820890
UTC=2024-01-07T04:36:02.000000
177547.683594 5555710.208352 4540384.777656
1996.062001 4571.700963 -5657.255029
UTC=2024-01-07T04:38:02.000000
419617.940142 6057989.126874 3828025.009125
2030.966108 3788.710379 -6200.046307
UTC=2024-01-07T04:40:02.000000
663156.858106 6462648.125687 3056222.774650
2020.335041 2946.939317 -6646.661467
UTC=2024-01-07T04:42:02.000000
902645.912569 6763456.941474 2236956.033736
1963.425274 2060.251626 -6990.085934
UTC=2024-01-07T04:44:02.000000
1132535.694669 6955894.745087 1382947.367597
1860.467725 1143.235454 -7224.938167
UTC=2024-01-07T04:46:02.000000
1347363.565706 7037222.645545 507462.272296
1712.677628 210.956315 -7347.565315
UTC=2024-01-07T04:48:02.000000
1541871.195891 7006524.768047 -375902.408896
1522.240335 -721.312352 -7356.105833
UTC=2024-01-07T04:50:02.000000
1711118.829904 6864716.937335 -1253435.588862
1292.271871 -1638.360573 -7250.518579
UTC=2024-01-07T04:52:02.000000
1850593.731440 6614523.104198 -2111530.317995
1026.762296 -2525.306609 -7032.577080
UTC=2024-01-07T04:54:02.000000
1956310.747787 6260420.323545 -2936899.716856
730.500499 -3367.856267 -6705.833465
UTC=2024-01-07T04:56:02.000000
2024902.751087 5808553.247872 -3716786.548442
408.981251 -4152.550368 -6275.548501
UTC=2024-01-07T04:58:02.000000
2053699.031675 5266619.963323 -4439162.333102
68.297542 -4866.993501 -5748.587018
UTC=2024-01-07T05:00:02.000000
2040789.906147 4643732.117831 -5092911.963701
-284.980811 -5500.051544 -5133.282756
UTC=2024-01-07T05:02:02.000000
1985076.351831 3950253.507021 -5668000.927138
-643.933873 -6042.013766 -4439.285476
UTC=2024-01-07T05:04:02.000000
1886304.231258 3197620.985942 -6155623.611146
-1001.422835 -6484.727470 -3677.398975
UTC=2024-01-07T05:06:02.000000
1745082.326789 2398150.640965 -6548331.154402
-1350.227026 -6821.706063 -2859.400479
UTC=2024-01-07T05:08:02.000000
1562884.227153 1564833.375372 -6840136.990179
-1683.174999 -7048.198138 -1997.853963
UTC=2024-01-07T05:10:02.000000
1342034.690487 711123.741920 -7026600.415130
-1993.274236 -7161.234155 -1105.929022
UTC=2024-01-07T05:12:02.000000
1085680.187448 -149275.621132 -7104887.958016
-2273.843631 -7159.650674 -197.211582
UTC=2024-01-07T05:14:02.000000
797743.895100 -1002630.957597 -7073811.827000
-2518.639487 -7044.089930 714.488986
UTC=2024-01-07T05:16:02.000000
482866.168325 -1835392.477827 -6933845.174253
-2721.970902 -6816.968645 1615.329989
UTC=2024-01-07T05:18:02.000000
146331.610404 -2634404.586249 -6687115.485344
-2878.809890 -6482.432624 2491.610561
UTC=2024-01-07T05:20:02.000000
-206017.163774 -3387110.581811 -6337376.577509
-2984.901636 -6046.306418 3329.960465
UTC=2024-01-07T05:22:02.000000
-567878.056838 -4081749.024316 -5889956.823559
-3036.856846 -5516.002226 4117.537683
UTC=2024-01-07T05:24:02.000000
-932598.327318 -4707537.920340 -5351685.023001
-3032.234149 -4900.413581 4842.207544
UTC=2024-01-07T05:26:02.000000
-1293292.904806 -5254845.309304 -4730794.390434
-2969.613722 -4209.790878 5492.728948
UTC=2024-01-07T05:28:02.000000
-1642970.530143 -5715343.147827 -4036804.269277
-2848.653160 -3455.587870 6058.937227
UTC=2024-01-07T05:30:02.000000
-1974665.348816 -6082141.207744 -3280380.545421
-2670.122361 -2650.282766 6531.915154
UTC=2024-01-07T05:32:02.000000
-2281571.461138 -6349898.287410 -2473176.493757
-2435.918064 -1807.180024 6904.148177
UTC=2024-01-07T05:34:02.000000
-2557177.924077 -6514908.574301 -1627655.844186
-2149.056087 -940.193850 7169.665299
UTC=2024-01-07T05:36:02.000000
-2795401.341218 -6575160.794895 -756900.105180
-1813.638981 -63.611242 7324.159042
UTC=2024-01-07T05:38:02.000000
-2990713.057797 -6530367.827378 125596.813362
-1434.797921 808.162115 7365.075382
UTC=2024-01-07T05:40:02.000000
-3138257.819800 -6381965.461111 1006142.547737
-1018.609436 1660.859257 7291.666909
UTC=2024-01-07T05:42:02.000000
-3233961.172401 -6133080.456710 1871064.663913
-571.991144 2480.606698 7105.013853
UTC=2024-01-07T05:44:02.000000
-3274623.078053 -5788468.218033 2706929.382693
-102.576671 3254.174267 6808.007317
UTC=2024-01-07T05:46:02.000000
-3257995.488794 -5354421.512351 3500755.964405
381.425810 3969.206125 6405.295303
UTC=2024-01-07T05:48:02.000000
-3182842.210989 -4838652.747939 4240222.755072
871.386310 4614.430511 5903.197905
UTC=2024-01-07T05:50:02.000000
-3048980.032678 -4250152.447221 4913861.273106
1358.411948 5179.846270 5309.593193
UTC=2024-01-07T05:52:02.000000
-2857300.501494 -3599026.954570 5511235.002913
1833.511083 5656.881349 4633.777437
UTC=2024-01-07T05:54:02.000000
-2609771.557987 -2896319.061229 6023100.024362
2287.763305 6038.517895 3886.301899
UTC=2024-01-07T05:56:02.000000
-2309419.206065 -2153815.912269 6441545.097723
2712.481048 6319.380192 3078.797435
UTC=2024-01-07T05:58:02.000000
-1960290.091621 -1383847.850278 6760110.532670
3099.367370 6495.800382 2223.794360
UTC=2024-01-07T06:00:02.000000
-1567395.314815 -599080.503492 6973884.207166
3440.669332 6565.861822 1334.518850
UTC=2024-01-07T06:02:02.000000
-1136636.883343 187695.509478 7079572.298751
3729.312416 6529.394087 424.684667
UTC=2024-01-07T06:04:02.000000
-674718.609251 963772.860401 7075546.661848
3959.029809 6387.952460 -491.692963
UTC=2024-01-07T06:06:02.000000
-189041.478394 1716732.764514 6961868.897773
4124.488262 6144.781866 -1400.501474
UTC=2024-01-07T06:08:02.000000
312415.100090 2434644.069337 6740289.592816
4221.397739 5804.751439 -2287.738437
UTC=2024-01-07T06:10:02.000000
821224.231871 3106252.855595 6414222.763059
4246.604004 5374.262460 -3139.715201
UTC=2024-01-07T06:12:02.000000
1328652.559629 3721160.096290 5988696.399548
4198.165202 4861.142869 -3943.254380
UTC=2024-01-07T06:14:02.000000
1825809.575142 4269985.469129 5470279.095859
4075.412795 4274.520057 -4685.889130
UTC=2024-01-07T06:16:02.000000
2303803.276001 4744514.646397 4866983.111716
3878.996070 3624.673245 -5356.058085
UTC=2024-01-07T06:18:02.000000
2753899.633112 5137827.212424 4188144.103266
3610.898614 2922.856879 -5943.295437
UTC=2024-01-07T06:20:02.000000
3167682.360283 5444402.429906 3444279.637479
3274.430328 2181.114311 -6438.394523
UTC=2024-01-07T06:22:02.000000
3537210.999885 5660202.832898 2646928.280683
2874.205630 1412.088156 -6833.575301
UTC=2024-01-07T06:24:02.000000
3855174.030970 5782732.120343 1808468.475205
2416.077005 628.779768 -7122.639127
UTC=2024-01-07T06:26:02.000000
4115031.720558 5811064.066110 941922.812227
1907.039044 -155.679637 -7301.064306
UTC=2024-01-07T06:28:02.000000
4311146.964164 5745844.607998 60751.139845
1355.119916 -928.260701 -7366.097533
UTC=2024-01-07T06:30:02.000000
4438901.107720 5589264.726023 -821364.817682
769.240672 -1676.279913 -7316.797236
UTC=2024-01-07T06:32:02.000000
4494791.903480 5345005.661640 -1690739.643048
159.059637 -2387.619385 -7154.043398
UTC=2024-01-07T06:34:02.000000
4476511.671506 5018158.164973 -2533902.039986
-465.202525 -3050.939015 -6880.518218
UTC=2024-01-07T06:36:02.000000
4383003.645440 4615117.406475 -3337808.127588
-1092.950029 -3655.869235 -6500.651266
UTC=2024-01-07T06:38:02.000000
4214495.288377 4143455.913495 -4090046.036907
-1713.407180 -4193.183130 -6020.527846
UTC=2024-01-07T06:40:02.000000
3972508.474704 3611777.821910 -4779027.486143
-2315.807134 -4654.934555 -5447.768107
UTC=2024-01-07T06:42:02.000000
3659847.142014 3029558.227716 -5394164.015311
-2889.580745 -5034.570153 -4791.390572
UTC=2024-01-07T06:44:02.000000
3280562.345941 2406970.800921 -5926025.329261
-3424.541500 -5327.011428 -4061.651189
UTC=2024-01-07T06:46:02.000000
2839895.966741 1754707.399515 -6366477.421606
-3911.056579 -5528.706730 -3269.869096
UTC=2024-01-07T06:48:02.000000
2344204.471569 1083793.184500 -6708799.179300
-4340.207587 -5637.653701 -2428.241719
UTC=2024-01-07T06:50:02.000000
1800864.559500 405400.862373 -6947776.497676
-4703.931002 -5653.392599 -1549.658206
UTC=2024-01-07T06:52:02.000000
1218162.720841 -269333.075868 -7079774.629084
-4995.149559 -5576.982050 -647.522300
UTC=2024-01-07T06:54:02.000000
605168.993835 -929488.462286 -7102788.537924
-5207.900288 -5410.959376 264.442265
UTC=2024-01-07T06:56:02.000000
-28402.875763 -1564534.868728 -7016469.375515
-5337.432523 -5159.269567 1172.386251
UTC=2024-01-07T06:58:02.000000
-672346.236707 -2164495.683087 -6822128.907005
-5380.296589 -4827.184506 2062.511569
UTC=2024-01-07T07:00:02.000000
-1316122.684644 -2720102.302126 -6522722.213838
-5334.424213 -4421.215846 2921.261149
UTC=2024-01-07T07:02:02.000000
-1949031.308360 -3222936.272759 -6122806.988755
-5199.182586 -3949.000373 3735.512246
UTC=2024-01-07T07:04:02.000000
-2560383.428961 -3665556.857783 -5628480.671278
-4975.414289 -3419.175744 4492.755028
UTC=2024-01-07T07:06:02.000000
-3139681.487436 -4041613.372528 -5047295.869635
-4665.464846 -2841.247964 5181.278836
UTC=2024-01-07T07:08:02.000000
-3676799.609833 -4345940.211666 -4388152.867212
-4273.179819 -2225.434384 5790.363623
UTC=2024-01-07T07:10:02.000000
-4162161.833208 -4574632.026948 -3661170.180169
-3803.871764 -1582.493062 6310.453305
UTC=2024-01-07T07:12:02.000000
-4586915.128958 -4725097.989639 -2877534.961805
-3264.265349 -923.543480 6733.320289
UTC=2024-01-07T07:14:02.000000
-4943093.946094 -4796093.684665 -2049334.293557
-2662.410078 -259.873536 7052.216462
UTC=2024-01-07T07:16:02.000000
-5223772.476172 -4787729.448484 -1189369.770741
-2007.563524 397.258842 7262.000779
UTC=2024-01-07T07:18:02.000000
-5423201.165289 -4701454.739763 -310958.263185
-1310.046234 1036.826030 7359.240850
UTC=2024-01-07T07:20:02.000000
-5536924.373260 -4540018.633609 572277.852620
-581.072298 1648.228192 7342.287516
UTC=2024-01-07T07:22:02.000000
-5561876.052353 -4307406.748699 1446627.629834
167.447189 2221.487965 7211.317496
UTC=2024-01-07T07:24:02.000000
-5496450.599902 -4008755.386906 2298511.090427
923.119193 2747.433450 6968.333273
UTC=2024-01-07T07:26:02.000000
-5340547.388361 -3650245.004940 3114696.354939
1673.291529 3217.858666 6617.124980
UTC=2024-01-07T07:28:02.000000
-5095588.276855 -3238975.906346 3882510.322735
2405.279347 3625.659704 6163.201976
UTC=2024-01-07T07:30:02.000000
-4764507.790694 -2782828.814823 4590039.501310
3106.595163 3964.950955 5613.695318
UTC=2024-01-07T07:32:02.000000
-4351715.822897 -2290313.160482 5226316.694017
3765.172136 4231.150425 4977.220560
UTC=2024-01-07T07:34:02.000000
-3863034.883941 -1770407.361267 5781490.078298
4369.566130 4421.029918 4263.726171
UTC=2024-01-07T07:36:02.000000
-3305613.733863 -1232394.444623 6246973.778866
4909.149122 4532.744464 3484.335048
UTC=2024-01-07T07:38:02.000000
-2687818.103570 -685695.205478 6615578.201235
5374.295961 4565.842132 2651.163085
UTC=2024-01-07T07:40:02.000000
-2019100.194256 -139702.021032 6881617.151359
5756.548968 4521.241512 1777.116509
UTC=2024-01-07T07:42:02.000000
-1309850.253042 396382.512731 7040990.483918
6048.751716 4401.176830 875.691269
UTC=2024-01-07T07:44:02.000000
-571233.409913 913699.810234 7091243.380274
6245.164538 4209.136333 -39.219359
UTC=2024-01-07T07:46:02.000000
184986.682121 1403881.314929 7031601.991695
6341.566996 3949.784082 -953.526331
UTC=2024-01-07T07:48:02.000000
946635.286999 1859183.960232 6862984.721122
6335.340308 3628.863317 -1853.149098
UTC=2024-01-07T07:50:02.000000
1701322.575095 2272612.911575 6587988.744225
6225.525644 3253.080595 -2724.222256
UTC=2024-01-07T07:52:02.000000
2436645.043970 2638029.608861 6210852.325724
6012.858248 2829.979170 -3553.292040
UTC=2024-01-07T07:54:02.000000
3140390.053675 2950244.279679 5737393.678200
5699.785219 2367.805594 -4327.513435
UTC=2024-01-07T07:56:02.000000
3800740.961353 3205091.622367 5174925.653262
5290.453771 1875.362137 -5034.854692
UTC=2024-01-07T07:58:02.000000
4406478.343464 3399488.041484 4532146.480808
4790.660008 1361.847727 -5664.286552
UTC=2024-01-07T08:00:02.000000
4947174.312380 3531469.520216 3819009.434937
4207.790304 836.696864 -6205.950630
UTC=2024-01-07T08:02:02.000000
5413378.439846 3600209.941079 3046570.915063
3550.725925 309.408360 -6651.349973
UTC=2024-01-07T08:04:02.000000
5796788.175309 3606017.638515 2226817.957723
2829.692313 -210.636747 -6993.490881
UTC=2024-01-07T08:06:02.000000
6090401.012094 3550311.361208 1372480.419144
2056.102465 -714.340994 -7227.006808
UTC=2024-01-07T08:08:02.000000
6288645.838794 3435575.996901 496829.160876
1242.365276 -1193.060946 -7348.261933
UTC=2024-01-07T08:10:02.000000
6387489.441999 3265298.205159 -386535.983002
401.665401 -1638.769671 -7355.416540
UTC=2024-01-07T08:12:02.000000
6384515.696417 3043883.424509 -1263903.705161
-452.270726 -2044.204348 -7248.454070
UTC=2024-01-07T08:14:02.000000
6278975.837023 2776556.502056 -2121669.754999
-1305.420816 -2402.988579 -7029.171135
UTC=2024-01-07T08:16:02.000000
6071809.342474 2469249.090851 -2946552.682750
-2143.711555 -2709.735798 -6701.142755
UTC=2024-01-07T08:18:02.000000
5765635.012146 2128475.237690 -3725803.244639
-2953.268208 -2960.137951 -6269.648778
UTC=2024-01-07T08:20:02.000000
5364712.633394 1761198.136558 -4447403.157617
-3720.656155 -3151.025566 -5741.573090
UTC=2024-01-07T08:22:02.000000
4874875.801181 1374691.144715 -5100249.822997
-4433.116655 -3280.401380 -5125.267092
UTC=2024-01-07T08:24:02.000000
4303438.404673 976396.728602 -5674323.008064
-5078.768499 -3347.442932 -4430.393188
UTC=2024-01-07T08:26:02.000000
3659078.086072 573786.267909 -6160832.677013
-5646.793569 -3352.486373 -3667.764121
UTC=2024-01-07T08:28:02.000000
2951698.243871 174223.056585 -6552346.584110
-6127.607042 -3296.989070 -2849.165922
UTC=2024-01-07T08:30:02.000000
2192271.337225 -215169.050422 -6842895.785636
-6512.996596 -3183.473546 -1987.169932
UTC=2024-01-07T08:32:02.000000
1392667.141533 -587629.297748 -7028057.875703
-6796.237583 -3015.456188 -1094.950681
UTC=2024-01-07T08:34:02.000000
565467.684795 -936874.421329 -7105018.371563
-6972.200102 -2797.363018 -186.099200
UTC=2024-01-07T08:36:02.000000
-276229.037755 -1257201.812991 -7072608.776768
-7037.423975 -2534.428180 725.573550
UTC=2024-01-07T08:38:02.000000
-1119012.713373 -1543580.206911 -6931322.093310
-6990.173006 -2232.588731 1626.217064
UTC=2024-01-07T08:40:02.000000
-1949370.397488 -1791727.392081 -6683306.309567
-6830.477456 -1898.372001 2502.131499
UTC=2024-01-07T08:42:02.000000
-2753899.478555 -1998173.638294 -6332334.649927
-6560.145302 -1538.770519 3339.960290
UTC=2024-01-07T08:44:02.000000
-3519520.564298 -2160309.926040 -5883753.658741
-6182.754166 -1161.116466 4126.867155
UTC=2024-01-07T08:46:02.000000
-4233689.059113 -2276421.125893 -5344409.809641
-5703.634234 -772.953308 4850.722260
UTC=2024-01-07T08:48:02.000000
-4884602.546852 -2345703.083622 -4722553.044937
-5129.812284 -381.897119 5500.295079
UTC=2024-01-07T08:50:02.000000
-5461399.418522 -2368262.971123 -4027718.116001
-4469.925833 4.502422 6065.431515
UTC=2024-01-07T08:52:02.000000
-5954345.871428 -2345102.984167 -3270585.026236
-3734.112751 378.901415 6537.226484
UTC=2024-01-07T08:54:02.000000
-6355007.486779 -2278087.226315 -2462819.319591
-2933.864254 734.301463 6908.184112
UTC=2024-01-07T08:56:02.000000
-6656401.329856 -2169892.190144 -1616894.536465
-2081.849262 1064.182759 7172.355046
UTC=2024-01-07T08:58:02.000000
-6853125.354081 -2023941.692165 -745899.329190
-1191.710317 1362.629832 7325.454006
UTC=2024-01-07T09:00:02.000000
-6941461.660723 -1844327.360239 136667.761106
-277.834299 1624.446075 7364.946879
UTC=2024-01-07T09:02:02.000000
-6919451.048143 -1635716.143830 1017112.191185
644.897538 1845.254685 7290.107663
UTC=2024-01-07T09:04:02.000000
-6786936.446288 -1403246.879767 1881761.989977
1561.375967 2021.579299 7102.038774
UTC=2024-01-07T09:06:02.000000
-6545574.011153 -1152418.458176 2717186.483744
2456.534843 2150.903736 6803.653315
UTC=2024-01-07T09:08:02.000000
-6198811.904649 -888971.972557 3510410.760795
3315.617437 2231.712596 6399.623476
UTC=2024-01-07T09:10:02.000000
-5751837.238277 -618769.268172 4249122.253242
4124.442472 2263.509386 5896.298788
UTC=2024-01-07T09:12:02.000000
-5211491.640654 -347671.005535 4921864.842315
4869.654016 2246.806921 5301.580511
UTC=2024-01-07T09:14:02.000000
-4586159.120410 -81417.054075 5518216.572283
5538.935766 2183.099621 4624.779242
UTC=2024-01-07T09:16:02.000000
-3885629.200420 174488.725923 6028949.789129
6121.211528 2074.816953 3876.462192
UTC=2024-01-07T09:18:02.000000
-3120936.826334 414886.842386 6446171.538890
6606.827938 1925.256193 3068.275744
UTC=2024-01-07T09:20:02.000000
-2304182.482505 635061.389137 6763441.717632
6987.701375 1738.498080 2212.756437
UTC=2024-01-07T09:22:02.000000
-1448336.207295 830828.565506 6975868.426592
7257.441602 1519.314230 1323.136921
UTC=2024-01-07T09:24:02.000000
-567028.546400 998613.456325 7080179.084129
7411.442445 1273.062533 413.139812
UTC=2024-01-07T09:26:02.000000
325667.569462 1135513.563019 7074767.352777
7446.946278 1005.572485 -503.219871
UTC=2024-01-07T09:28:02.000000
1215461.533121 1239348.302867 6959716.252624
7363.088303 723.026400 -1411.834893
UTC=2024-01-07T09:30:02.000000
2088073.619668 1308693.924381 6736797.014507
7160.915351 431.834363 -2298.709429
UTC=2024-01-07T09:32:02.000000
2929464.158146 1342903.113506 6409443.698813
6843.378834 138.505511 -3150.158336
UTC=2024-01-07T09:34:02.000000
3726060.727021 1342109.128534 5982703.833030
6415.307331 -150.481563 -3953.010883
UTC=2024-01-07T09:36:02.000000
4464979.704701 1307214.329466 5463164.266266
5883.337958 -428.808302 -4694.813917
UTC=2024-01-07T09:38:02.000000
5134238.069072 1239863.413131 4858854.087312
5255.828590 -690.441681 -5364.013575
UTC=2024-01-07T09:40:02.000000
5722953.882635 1142401.749057 4179125.329200
4542.750790 -929.756780 -5950.147967
UTC=2024-01-07T09:42:02.000000
6221530.941445 1017819.478680 3434510.451092
3755.532386 -1141.650700 -6444.033468
UTC=2024-01-07T09:44:02.000000
6621822.414497 869682.230679 2636559.373613
2906.868713 -1321.652450 -6837.919128
UTC=2024-01-07T09:46:02.000000
6917270.973011 702049.539510 1797659.566603
2010.521227 -1466.014797 -7125.618790
UTC=2024-01-07T09:48:02.000000
7103023.027973 519383.213866 930840.671696
1081.080974 -1571.792611 -7302.631955
UTC=2024-01-07T09:50:02.000000
7176012.935643 326447.153612 49567.325167
133.714086 -1636.904749 -7366.220529
UTC=2024-01-07T09:52:02.000000
7135016.160473 128200.907611 -832476.025954
-816.108027 -1660.177020 -7315.464388
UTC=2024-01-07T09:54:02.000000
6980669.018155 -70310.625934 -1701604.187157
-1752.888373 -1641.362755 -7151.269993
UTC=2024-01-07T09:56:02.000000
6715455.196833 -264068.766910 -2544349.295039
-2661.379727 -1581.144210 -6876.345698
UTC=2024-01-07T09:58:02.000000
6343659.790191 -448191.540131 -3347673.825524
-3526.849128 -1481.112294 -6495.143526
UTC=2024-01-07T10:00:02.000000
5871292.228220 -618040.427284 -4099174.870725
-4335.331576 -1343.725100 -6013.770950
UTC=2024-01-07T10:02:02.000000
5305979.817682 -769320.923090 -4787275.869979
-5073.864071 -1172.246241 -5439.870168
UTC=2024-01-07T10:04:02.000000
4656835.103646 -898174.689559 -5401402.231126
-5730.686374 -970.668073 -4782.473707
UTC=2024-01-07T10:06:02.000000
3934300.806096 -1001261.995572 -5932139.039327
-6295.417000 -743.626613 -4051.849733
UTC=2024-01-07T10:08:02.000000
3149974.895242 -1075833.209194 -6371369.101928
-6759.205945 -496.302932 -3259.328415
UTC=2024-01-07T10:10:02.000000
2316419.420088 -1119787.497550 -6712389.369572
-7114.851973 -234.309903 -2417.118004
UTC=2024-01-07T10:12:02.000000
1446957.093372 -1131717.792964 -6950005.252096
-7356.891465 36.420974 -1538.120245
UTC=2024-01-07T10:14:02.000000
555458.613527 -1110942.262158 -7080602.691411
-7481.664165 309.754214 -635.744637
UTC=2024-01-07T10:16:02.000000
-343876.565417 -1057521.353548 -7102197.747047
-7487.355348 579.474288 276.281986
UTC=2024-01-07T10:18:02.000000
-1236742.736867 -972260.248379 -7014463.361829
-7374.010466 839.404320 1184.101985
UTC=2024-01-07T10:20:02.000000
-2108951.426166 -856696.907399 -6818733.818342
-7143.535482 1083.528831 2073.916902
UTC=2024-01-07T10:22:02.000000
-2946653.015703 -713075.480271 -6517985.894698
-6799.663770 1306.112616 2932.181246
UTC=2024-01-07T10:24:02.000000
-3736552.926085 -544305.834162 -6116797.858257
-6347.904591 1501.814304 3745.777680
UTC=2024-01-07T10:26:02.000000
-4466121.548470 -353909.594900 -5621287.090559
-5795.485125 1665.797579 4502.205226
UTC=2024-01-07T10:28:02.000000
-5123794.704797 -145953.181506 -5039024.372529
-5151.249463 1793.835010 5189.771393
UTC=2024-01-07T10:30:02.000000
-5699160.641882 75030.908341 -4378926.313413
-4425.539892 1882.401387 5797.767567
UTC=2024-01-07T10:32:02.000000
-6183131.660304 304133.773706 -3651126.503437
-3630.054068 1928.761877 6316.649466
UTC=2024-01-07T10:34:02.000000
-6568096.187401 536169.308647 -2866825.526902
-2777.665023 1931.041807 6738.203881
UTC=2024-01-07T10:36:02.000000
-6848047.941740 765781.017837 -2038122.101159
-1882.217903 1888.283719 7055.698678
UTC=2024-01-07T10:38:02.000000
-7018689.200553 987554.360367 -1177827.461132
-958.305392 1800.481970 7264.010892
UTC=2024-01-07T10:40:02.000000
-7077505.854766 1196132.130420 -299265.201068
-21.015550 1668.598210 7359.739807
UTC=2024-01-07T10:42:02.000000
-7023810.231679 1386330.234511 583939.659964
914.343064 1494.553277 7341.268672
UTC=2024-01-07T10:44:02.000000
-6858751.893026 1553251.469008 1458076.836430
1832.502796 1281.201753 7208.797463
UTC=2024-01-07T10:46:02.000000
-6585296.496426 1692394.893140 2309569.609310
2718.508615 1032.283400 6964.350129
UTC=2024-01-07T10:48:02.000000
-6208172.033359 1799758.001360 3125192.123314
3557.987308 752.352165 6611.741795
UTC=2024-01-07T10:50:02.000000
-5733783.467505 1871929.181514 3892280.460094
4337.403657 446.685911 6156.507880
UTC=2024-01-07T10:52:02.000000
-5170097.991612 1906168.448022 4598932.977373
5044.291662 121.182219 5605.797625
UTC=2024-01-07T10:54:02.000000
-4526504.335580 1900474.955446 5234196.353401
5667.456214 -217.757739 4968.243536
UTC=2024-01-07T10:56:02.000000
-3813649.648390 1853640.004911 5788234.785699
6197.145198 -563.354057 4253.812630
UTC=2024-01-07T10:58:02.000000
-3043257.246459 1765284.677683 6252480.574908
6625.197760 -908.579191 3473.644417
UTC=2024-01-07T11:00:02.000000
-2227927.865065 1635881.409579 6619763.960129
6945.168522 -1246.295007 2639.865403
UTC=2024-01-07T11:02:02.000000
-1380928.405124 1466758.797987 6884419.614066
7152.410882 -1569.393212 1765.389415
UTC=2024-01-07T11:04:02.000000
-515972.932577 1260089.865359 7042369.020988
7244.123693 -1870.930646 863.716627
UTC=2024-01-07T11:06:02.000000
353000.263230 1018864.223211 7091179.178559
7219.373614 -2144.262753 -51.260427
UTC=2024-01-07T11:08:02.000000
1212053.233348 746844.436343 7030097.746914
7079.097704 -2383.172383 -965.457102
UTC=2024-01-07T11:10:02.000000
2047471.582162 448507.295487 6860063.965925
6826.078602 -2581.993106 -1864.798472
UTC=2024-01-07T11:12:02.000000
2845983.282478 128970.626477 6583695.523380
6464.897119 -2735.726335 -2735.418416
UTC=2024-01-07T11:14:02.000000
3594970.656378 -206093.490034 6205251.337127
6001.864229 -2840.150287 -3563.864181
UTC=2024-01-07T11:16:02.000000
4282672.255402 -550557.886173 5730569.592099
5444.920622 -2891.917287 -4337.300316
UTC=2024-01-07T11:18:02.000000
4898371.226970 -897950.432023 5166981.929000
4803.513181 -2888.638365 -5043.703309
UTC=2024-01-07T11:20:02.000000
5432567.561638 -1241573.307618 4523204.508534
4088.449021 -2828.950678 -5672.053015
UTC=2024-01-07T11:22:02.000000
5877131.191233 -1574629.326426 3809206.548781
3311.722994 -2712.568194 -6212.514586
UTC=2024-01-07T11:24:02.000000
6225432.988852 -1890353.248910 3036057.685426
2486.320401 -2540.312311 -6656.609540
UTC=2024-01-07T11:26:02.000000
6472450.434038 -2182145.300218 2215756.055329
1625.994211 -2314.118525 -6997.364005
UTC=2024-01-07T11:28:02.000000
6614845.622148 -2443704.051037 1361040.098666
745.028160 -2037.019009 -7229.432011
UTC=2024-01-07T11:30:02.000000
6651014.150157 -2669155.902835 485186.889046
-142.013412 -1713.103559 -7349.197039
UTC=2024-01-07T11:32:02.000000
6581102.996440 -2853178.281717 -398199.761044
-1020.548163 -1347.452691 -7354.837525
UTC=2024-01-07T11:34:02.000000
6406997.147002 -2991113.391228 -1275406.961288
-1876.236008 -946.049401 -7246.360015
UTC=2024-01-07T11:36:02.000000
6132274.659747 -3079070.208304 -2132832.149292
-2695.240968 -515.670124 -7025.591459
UTC=2024-01-07T11:38:02.000000
5762131.706845 -3114012.169816 -2957199.077575
-3464.468354 -63.757176 -6696.133992
UTC=2024-01-07T11:40:02.000000
5303280.204705 -3093828.863956 -3735766.755911
-4171.785683 401.719623 -6263.291054
UTC=2024-01-07T11:42:02.000000
4763820.310378 -3017390.670830 -4456527.567829
-4806.218471 872.408594 -5733.963280
UTC=2024-01-07T11:44:02.000000
4153090.821994 -2884585.325042 -5108391.610607
-5358.124289 1339.732274 -5116.520970
UTC=2024-01-07T11:46:02.000000
3481500.473654 -2696335.389433 -5681353.728601
-5819.332768 1795.047202 -4420.644878
UTC=2024-01-07T11:48:02.000000
2760345.089057 -2454596.950935 -6166640.615888
-6183.242826 2229.795972 -3657.157298
UTC=2024-01-07T11:50:02.000000
2001614.736916 -2162340.452866 -6556837.888824
-6444.896337 2635.655251 -2837.856474
UTC=2024-01-07T11:52:02.000000
1217792.826013 -1823513.445000 -6845996.487691
-6601.035892 3004.688137 -1975.333290
UTC=2024-01-07T11:54:02.000000
421650.488707 -1442985.741670 -7029715.890166
-6650.123731 3329.481691 -1082.774119
UTC=2024-01-07T11:56:02.000000
-373959.575708 -1026478.908269 -7105204.316816
-6592.335411 3603.274123 -173.773354
UTC=2024-01-07T11:58:02.000000
-1156307.186219 -580480.792212 -7071316.436427
-6429.531581 3820.075180 737.852779
UTC=2024-01-07T12:00:02.000000
-1912984.598133 -112145.976442 -6928568.838048
-6165.216450 3974.781305 1638.254584
UTC=2024-01-07T12:02:02.000000
-2632099.800797 370816.822292 -6679132.401283
-5804.467660 4063.275817 2513.741059
UTC=2024-01-07T12:04:02.000000
-3302460.199405 860268.585510 -6326802.365758
-5353.849500 4082.517949 3350.960420
UTC=2024-01-07T12:06:02.000000
-3913745.424949 1347773.921465 -5876946.683461
-4821.317560 4030.620342 4137.084087
UTC=2024-01-07T12:08:02.000000
-4456667.504168 1824743.320380 -5336431.883246
-4216.100968 3906.911459 4859.995228
UTC=2024-01-07T12:10:02.000000
-4923115.503422 2282582.328383 -4713526.484294
-3548.562870 3711.986870 5508.476338
UTC=2024-01-07T12:12:02.000000
-5306281.924467 2712845.120018 -4017781.745303
-2830.034466 3447.728928 6072.394544
UTC=2024-01-07T12:14:02.000000
-5600768.145652 3107388.930258 -3259891.573237
-2072.635354 3117.304718 6542.865278
UTC=2024-01-07T12:16:02.000000
-5802667.628897 3458527.235781 -2451533.168853
-1289.079377 2725.145619 6912.410478
UTC=2024-01-07T12:18:02.000000
-5909624.397267 3759178.783253 -1605189.507818
-492.458547 2276.897013 7175.100269
UTC=2024-01-07T12:20:02.000000
-5920864.908696 4003008.732885 -733956.216653
303.984239 1779.338214 7326.670728
UTC=2024-01-07T12:22:02.000000
-5837202.170808 4184558.732205 148663.797514
1087.087849 1240.279003 7364.610273
UTC=2024-01-07T12:24:02.000000
-5661011.785110 4299363.055705 1028974.675261
1844.011089 668.428625 7288.221442
UTC=2024-01-07T12:26:02.000000
-5396179.144018 4344047.285212 1893306.642823
2562.469530 73.239312 7098.635570
UTC=2024-01-07T12:28:02.000000
-5048019.415626 4316407.455824 2728234.505149
3230.952431 -535.262429 6798.790944
UTC=2024-01-07T12:30:02.000000
-4623172.694699 4215468.461239 3520791.682638
3838.920555 -1146.653484 6393.382490
UTC=2024-01-07T12:32:02.000000
-4129476.292551 4041520.016927 4258676.303324
4376.986847 -1750.309343 5888.775850
UTC=2024-01-07T12:34:02.000000
-3575817.351243 3796129.219076 4930444.808790
4837.063434 -2335.596261 5292.889689
UTC=2024-01-07T12:36:02.000000
-2971969.249690 3482130.255495 5525690.337388
5212.486157 -2892.061942 4615.058146
UTC=2024-01-07T12:38:02.000000
-2328414.878492 3103591.249865 6035202.979891
5498.106504 -3409.623428 3865.867889
UTC=2024-01-07T12:40:02.000000
-1656160.789460 2665759.188561 6451109.565369
5690.353305 -3878.745073 3056.980373
UTC=2024-01-07T12:42:02.000000
-966545.710288 2174983.951794 6766991.095569
5787.262768 -4290.607348 2200.936499
UTC=2024-01-07T12:44:02.000000
-271047.893189 1638623.395147 6977976.580443
5788.471169 -4637.253997 1310.965542
UTC=2024-01-07T12:46:02.000000
418906.094942 1064931.175003 7080814.350381
5695.199219 -4911.733703 400.792343
UTC=2024-01-07T12:48:02.000000
1092129.170033 462928.567508 7073919.129975
5510.207855 -5108.223112 -515.568096
UTC=2024-01-07T12:50:02.000000
1737854.737648 -157737.504267 6957394.939168
5237.731988 -5222.135355 -1424.008831
UTC=2024-01-07T12:52:02.000000
2345908.760463 -786948.831759 6733034.121311
4883.397026 -5250.217367 -2310.532330
UTC=2024-01-07T12:54:02.000000
2906870.644637 -1414280.724016 6404291.926172
4454.116836 -5190.624698 -3161.454338
UTC=2024-01-07T12:56:02.000000
3412220.993983 -2029174.681248 5976236.853359
3957.975897 -5042.980117 -3963.606149
UTC=2024-01-07T12:58:02.000000
3854473.801543 -2621116.792434 5455476.463616
3404.087815 -4808.407010 -4704.537944
UTC=2024-01-07T13:00:02.000000
4227290.735476 -3179818.629165 4850059.647433
2802.439989 -4489.540629 -5372.708919
UTC=2024-01-07T13:02:02.000000
4525575.971098 -3695398.273901 4169356.197314
2163.723883 -4090.516161 -5957.675675
UTC=2024-01-07T13:04:02.000000
4745549.726875 -4158558.001781 3423914.333163
1499.150211 -3616.925275 -6450.269229
UTC=2024-01-07T13:06:02.000000
4884798.909661 -4560754.957015 2625297.951191
820.252561 -3075.742460 -6842.756225
UTC=2024-01-07T13:08:02.000000
4942303.402144 -4894361.067035 1785905.719465
138.678273 -2475.219862 -7128.977491
UTC=2024-01-07T13:10:02.000000
4918437.068610 -5152808.796087 918775.385314
-534.021949 -1824.757188 -7304.457053
UTC=2024-01-07T13:12:02.000000
4814943.509108 -5330719.681933 37376.573659
-1186.604575 -1134.743741 -7366.483341
UTC=2024-01-07T13:14:02.000000
4634887.156707 -5424012.383925 -844604.001432
-1808.330954 -416.377960 -7314.155677
UTC=2024-01-07T13:16:02.000000
4382581.092167 -5429988.123138 -1713481.405702
-2389.161345 318.531329 -7148.403589
UTC=2024-01-07T13:18:02.000000
4063492.176478 -5347391.073911 -2555790.809736
-2919.932529 1057.779490 -6871.958659
UTC=2024-01-07T13:20:02.000000
3684126.594526 -5176442.786042 -3358500.665505
-3392.509762 1788.985643 -6489.298466
UTC=2024-01-07T13:22:02.000000
3251898.312080 -4918850.013867 -4109217.039338
-3799.917252 2499.813120 -6006.554661
UTC=2024-01-07T13:24:02.000000
2774983.608507 -4577786.481977 -4796375.333446
-4136.440602 3178.185329 -5431.396049
UTC=2024-01-07T13:26:02.000000
2262164.948746 -4157848.810530 -5409416.210194
-4397.700328 3812.497760 -4772.881213
UTC=2024-01-07T13:28:02.000000
1722668.187558 -3664988.272657 -5938942.492177
-4580.690163 4391.806641 -4041.293504
UTC=2024-01-07T13:30:02.000000
1165996.600375 -3106421.151865 -6376856.255881
-4683.794160 4906.000383 -3247.975428
UTC=2024-01-07T13:32:02.000000
601764.011041 -2490518.915909 -6716475.418696
-4706.782958 5345.963996 -2405.150947
UTC=2024-01-07T13:34:02.000000
39530.016601 -1826679.520921 -6952628.140484
-4650.782115 5703.726698 -1525.734564
UTC=2024-01-07T13:36:02.000000
-511359.487233 -1125182.524170 -7081724.213971
-4518.217255 5972.584794 -623.141171
UTC=2024-01-07T13:38:02.000000
-1041924.337712 -397030.565677 -7101803.942417
-4312.746423 6147.206843 288.900082
UTC=2024-01-07T13:40:02.000000
-1543693.450263 346220.829398 -7012564.499364
-4039.181471 6223.722752 1196.535788
UTC=2024-01-07T13:42:02.000000
-2008837.554116 1092643.033496 -6815363.534526
-3703.389688 6199.795247 2085.975341
UTC=2024-01-07T13:44:02.000000
-2430289.245320 1830121.848584 -6513200.523146
-3312.182485 6074.675874 2943.676525
UTC=2024-01-07T13:46:02.000000
-2801849.388818 2546550.426924 -6110675.977478
-2873.199593 5849.241065 3756.528285
UTC=2024-01-07T13:48:02.000000
-3118278.897821 3230025.785768 -5613928.449400
-2394.779381 5526.013076 4512.039105
UTC=2024-01-07T13:50:02.000000
-3375374.373946 3869046.171988 -5030548.925703
-1885.821290 5109.153953 5198.524927
UTC=2024-01-07T13:52:02.000000
-3570026.495512 4452706.181472 -4369472.526582
-1355.633620 4604.432456 5805.298558
UTC=2024-01-07T13:54:02.000000
-3700259.199905 4970885.873786 -3640848.046222
-813.767384 4019.156900 6322.847198
UTC=2024-01-07T13:56:02.000000
-3765248.707709 5414430.006627 -2855887.502443
-269.849356 3362.079996 6742.987644
UTC=2024-01-07T13:58:02.000000
-3765322.868364 5775314.693190 -2026697.791722
266.581775 2643.283126 7059.012346
UTC=2024-01-07T14:00:02.000000
-3701940.190001 6046798.329609 -1166095.420339
786.249827 1874.028750 7265.822582
UTC=2024-01-07T14:02:02.000000
-3577647.834136 6223552.430551 -287406.727318
1280.314194 1066.571804 7360.033045
UTC=2024-01-07T14:04:02.000000
-3396020.004896 6301768.496822 595741.815656
1740.523014 233.957006 7340.037567
UTC=2024-01-07T14:06:02.000000
-3161577.962249 6279239.776697 1469640.603160
2159.370408 -610.205662 7206.061271
UTC=2024-01-07T14:08:02.000000
-2879691.498785 6155414.071247 2320717.143583
2530.241571 -1451.993174 6960.160258
UTC=2024-01-07T14:10:02.000000
-2556464.925946 5931415.866454 3135753.476428
2847.525676 -2277.425670 6606.176673
UTC=2024-01-07T14:12:02.000000
-2198611.170516 5610038.352621 3902096.206096
3106.702600 -3072.711519 6149.663563
UTC=2024-01-07T14:14:02.000000
-1813316.779849 5195706.332443 4607856.178150
3304.407586 -3824.488636 5597.786328
UTC=2024-01-07T14:16:02.000000
-1408100.528404 4694410.644052 5242094.669128
3438.473952 -4520.056226 4959.197173
UTC=2024-01-07T14:18:02.000000
-990668.202609 4113615.461163 5794992.838480
3507.951117 -5147.594083 4243.880363
UTC=2024-01-07T14:20:02.000000
-568767.405882 3462140.722840 6258001.412828
3513.088901 -5696.357456 3462.982642
UTC=2024-01-07T14:22:02.000000
-150045.156322 2750022.223720 6623969.409657
3455.306721 -6156.853591 2628.629684
UTC=2024-01-07T14:24:02.000000
258089.410827 1988352.397261 6887250.113277
3337.139791 -6520.987604 1753.736033
UTC=2024-01-07T14:26:02.000000
648595.035675 1189104.391449 7043784.245300
3162.171035 -6782.196349 851.809898
UTC=2024-01-07T14:28:02.000000
1014918.928170 364941.739937 7091158.764268
2934.942845 -6935.550555 -63.252847
UTC=2024-01-07T14:30:02.000000
1351106.020598 -470982.528933 7028641.701965
2660.857350 -6977.834085 -977.362327
UTC=2024-01-07T14:32:02.000000
1651895.600340 -1305235.790323 6857193.457485
2346.065584 -6907.611773 -1876.437685
UTC=2024-01-07T14:34:02.000000
1912803.974073 -2124321.878207 6579453.243591
1997.345923 -6725.263810 -2746.612402
UTC=2024-01-07T14:36:02.000000
2130192.075830 -2914900.095977 6199701.324167
1621.974754 -6433.001335 -3574.436737
UTC=2024-01-07T14:38:02.000000
2301317.000395 -3664004.332372 5723796.663895
1227.587977 -6034.851229 -4347.082576
UTC=2024-01-07T14:40:02.000000
2424366.494961 -4359258.433314 5159090.343820
822.036307 -5536.608885 -5052.540936
UTC=2024-01-07T14:42:02.000000
2498476.113102 -4989084.364174 4514316.135372
413.242384 -4945.767582 -5679.806701
UTC=2024-01-07T14:44:02.000000
2523729.258075 -5542900.471025 3799458.883770
9.055608 -4271.420654 -6219.064107
UTC=2024-01-07T14:46:02.000000
2501139.088985 -6011305.686821 3025601.414033
-382.902804 -3524.126262 -6661.855389
UTC=2024-01-07T14:48:02.000000
2432612.316125 -6386245.613423 2204752.423313
-755.384889 -2715.739429 -7001.230328
UTC=2024-01-07T14:50:02.000000
2320896.205662 -6661156.373854 1349658.001101
-1101.650878 -1859.213080 -7231.866218
UTC=2024-01-07T14:52:02.000000
2169509.922050 -6831083.930886 473600.544919
-1415.596439 -968.388078 -7350.161619
UTC=2024-01-07T14:54:02.000000
1982661.187610 -6892776.789827 -409812.426367
-1691.867375 -57.758051 -7354.309669
UTC=2024-01-07T14:56:02.000000
1765149.981271 -6844748.754661 -1286866.677520
-1925.963930 857.796276 -7244.340881
UTC=2024-01-07T14:58:02.000000
1522260.660662 -6687308.611522 -2143961.142852
-2114.323397 1763.282035 -7022.104614
UTC=2024-01-07T15:00:02.000000
1259646.031049 -6422558.098812 -2967824.044257
-2254.375096 2643.856188 -6691.231381
UTC=2024-01-07T15:02:02.000000
983206.429776 -6054357.427771 -3745722.265122
-2344.566468 3485.094723 -6257.051357
UTC=2024-01-07T15:04:02.000000
698966.786096 -5588260.655757 -4465659.153790
-2384.374290 4273.230726 -5726.489781
UTC=2024-01-07T15:06:02.000000
412953.412103 -5031422.805793 -5116558.313980
-2374.294771 4995.384299 -5107.934537
UTC=2024-01-07T15:08:02.000000
131073.525151 -4392481.037603 -5688430.134722
-2315.809427 5639.765147 -4411.084888
UTC=2024-01-07T15:10:02.000000
-141000.066246 -3681412.692979 -6172519.420649
-2211.333417 6195.855595 -3646.785808
UTC=2024-01-07T15:12:02.000000
-397937.001108 -2909373.031358 -6561432.154555
-2064.146299 6654.564633 -2826.848509
UTC=2024-01-07T15:14:02.000000
-634848.286151 -2088516.089801 -6849240.482799
-1878.309942 7008.356258 -1963.866513
UTC=2024-01-07T15:16:02.000000
-847374.632718 -1231801.740128 -7031565.335481
-1658.574370 7251.350720 -1071.028697
UTC=2024-01-07T15:18:02.000000
-1031762.928248 -352791.867009 -7105636.779754
-1410.274584 7379.406410 -161.933145
UTC=2024-01-07T15:20:02.000000
-1184929.854475 534561.874652 -7070331.446195
-1139.219945 7390.174863 749.607274
UTC=2024-01-07T15:22:02.000000
-1304511.923523 1416135.219169 -6926187.253803
-851.578578 7283.132816 1649.747676
UTC=2024-01-07T15:24:02.000000
-1388901.349661 2277851.578806 -6675395.989006
-553.757122 7059.597786 2524.799487
UTC=2024-01-07T15:26:02.000000
-1437267.378984 3105902.680685 -6321773.724045
-252.279254 6722.723202 3361.410490
UTC=2024-01-07T15:28:02.000000
-1449562.957496 3886967.819080 -5870708.931701
46.338307 6277.473975 4146.758782
UTC=2024-01-07T15:30:02.000000
-1426516.283047 4608427.988022 -5329087.573910
335.711789 5730.569738 4868.738326
UTC=2024-01-07T15:32:02.000000
-1369607.568376 5258572.187079 -4705196.056529
609.711719 5090.408616 5516.146174
UTC=2024-01-07T15:34:02.000000
-1281031.207616 5826792.433932 -4008601.656821
862.584608 4366.954477 6078.866918
UTC=2024-01-07T15:36:02.000000
-1163643.570242 6303763.285645 -3250011.743040
1089.069747 3571.592922 6548.040922
UTC=2024-01-07T15:38:02.000000
-1020897.335097 6681602.675339 -2441113.858867
1284.506489 2716.965326 6916.216354
UTC=2024-01-07T15:40:02.000000
-856763.521115 6954011.200801 -1594398.009901
1444.931501 1816.771399 7177.492456
UTC=2024-01-07T15:42:02.000000
-675642.693421 7116385.616613 -722963.548083
1567.161999 885.542420 7327.630166
UTC=2024-01-07T15:44:02.000000
-482266.887504 7165904.415034 159685.710147
1648.866410 -61.599763 7364.140451
UTC=2024-01-07T15:46:02.000000
-281594.283426 7101582.968276 1039855.502560
1688.613606 -1009.208262 7286.345700
UTC=2024-01-07T15:48:02.000000
-78699.307475 6924295.594606 1903880.283232
1685.899827 -1941.795856 7095.401391
UTC=2024-01-07T15:50:02.000000
121339.164592 6636763.331090 2738341.926825
1641.153979 -2844.115959 6794.267726
UTC=2024-01-07T15:52:02.000000
313549.053939 6243509.265674 3530283.059315
1555.723024 -3701.423886 6387.652583
UTC=2024-01-07T15:54:02.000000
493173.553944 5750783.224139 4267412.111745
1431.841541 -4499.724131 5881.929871
UTC=2024-01-07T15:56:02.000000
655774.748652 5166457.336508 4938297.982314
1272.578593 -5226.020036 5285.047224
UTC=2024-01-07T15:58:02.000000
797329.405929 4499890.770846 5532549.317332
1081.763291 -5868.553256 4606.353123
UTC=2024-01-07T16:00:02.000000
914315.421063 3761771.766016 6040972.369852
863.904390 -6416.958489 3856.435964
UTC=2024-01-07T16:02:02.000000
1003787.589122 2963940.312660 6455710.413433
624.089435 -6862.430740 3046.959899
UTC=2024-01-07T16:04:02.000000
1063440.382024 2119192.677760 6770361.433706
367.873820 -7197.855744 2190.474232
UTC=2024-01-07T16:06:02.000000
1091657.334671 1241072.150468 6980072.813532
101.166773 -7417.912570 1300.219241
UTC=2024-01-07T16:08:02.000000
1087546.272581 343649.296287 7081611.930423
-169.889903 -7519.141861 389.921068
UTC=2024-01-07T16:10:02.000000
1050959.797881 -558703.875937 7073412.854633
-439.046132 -7499.985474 -526.399370
UTC=2024-01-07T16:12:02.000000
982500.653221 -1451544.172398 6955599.904965
-700.070840 -7360.817142 -1434.627990
UTC=2024-01-07T16:14:02.000000
883511.813535 -2320588.893570 6729986.217159
-946.878959 -7103.934773 -2320.765196
UTC=2024-01-07T16:16:02.000000
756051.457658 -3151945.290028 6400047.837074
-1173.656368 -6733.532895 -3171.131066
UTC=2024-01-07T16:18:02.000000
602853.021557 -3932334.660088 5970872.461481
-1374.981966 -6255.635847 -3972.578368
UTC=2024-01-07T16:20:02.000000
427271.439764 -4649306.275696 5449084.048803
-1545.936330 -5678.002679 -4712.680290
UTC=2024-01-07T16:22:02.000000
233216.617844 -5291439.368249 4842745.419337
-1682.206324 -5010.021564 -5379.913081
UTC=2024-01-07T16:24:02.000000
25074.625397 -5848531.337447 4161238.580922
-1780.185220 -4262.581848 -5963.846803
UTC=2024-01-07T16:26:02.000000
-192382.552613 -6311767.769211 3415122.211742
-1837.060833 -3447.898846 -6455.327876
UTC=2024-01-07T16:28:02.000000
-414096.673845 -6673869.774205 2615968.827345
-1850.884402 -2579.313490 -6846.638138
UTC=2024-01-07T16:30:02.000000
-634830.061631 -6929215.527854 1776184.076811
-1820.620906 -1671.063788 -7131.628943
UTC=2024-01-07T16:32:02.000000
-849277.464463 -7073934.123675 908811.754512
-1746.183906 -738.053112 -7305.832436
UTC=2024-01-07T16:34:02.000000
-1052181.024131 -7105969.595876 27325.898485
-1628.449128 204.420721 -7366.556594
UTC=2024-01-07T16:36:02.000000
-1238445.018776 -7025111.307434 -854585.260805
-1469.238900 1140.946001 -7312.927592
UTC=2024-01-07T16:38:02.000000
-1403247.580226 -6832991.148707 -1723238.234214
-1271.287968 2056.270649 -7145.896516
UTC=2024-01-07T16:40:02.000000
-1542147.288183 -6533048.380503 -2565172.046958
-1038.192430 2935.567393 -6868.214424
UTC=2024-01-07T16:42:02.000000
-1651182.540463 -6130463.113022 -3367361.315361
-774.339843 3764.691708 -6484.378168
UTC=2024-01-07T16:44:02.000000
-1726961.376124 -5632059.489269 -4117420.674673
-484.820383 4530.426402 -6000.539739
UTC=2024-01-07T16:46:02.000000
-1766739.638190 -5046181.064837 -4803796.224268
-175.322321 5220.698236 -5424.381919
UTC=2024-01-07T16:48:02.000000
-1768486.031275 -4382542.293524 -5415940.683685
147.981067 5824.760045 -4764.973876
UTC=2024-01-07T16:50:02.000000
-1730933.143302 -3652059.885295 -5944470.471247
478.552430 6333.344811 -4032.614151
UTC=2024-01-07T16:52:02.000000
-1653613.566798 -2866667.279337 -6381303.166791
809.617208 6738.793235 -3238.660796
UTC=2024-01-07T16:54:02.000000
-1536880.565601 -2039115.421832 -6719773.716562
1134.293794 7035.152985 -2395.346653
UTC=2024-01-07T16:56:02.000000
-1381913.197265 -1182763.804316 -6954728.002370
1445.721671 7218.242223 -1515.590103
UTC=2024-01-07T16:58:02.000000
-1190706.201093 -311365.427651 -7082593.908700
1737.187767 7285.688954 -612.808008
UTC=2024-01-07T17:00:02.000000
-966044.646943 561151.442842 -7101429.798260
2002.254159 7236.943749 299.272886
UTC=2024-01-07T17:02:02.000000
-711463.495346 1420901.629455 -7010950.663978
2234.880201 7073.272143 1206.799928
UTC=2024-01-07T17:04:02.000000
-431193.013941 2254259.484062 -6812531.896881
2429.536590 6797.727081 2095.982967
UTC=2024-01-07T17:06:02.000000
-130090.703843 3048070.785946 -6509190.977624
2581.317590 6415.104710 2953.274826
UTC=2024-01-07T17:08:02.000000
186440.158413 3789858.456672 -6105546.874448
2686.049823 5931.881122 3765.564442
UTC=2024-01-07T17:10:02.000000
512544.199572 4468018.561092 -5607755.978503
2740.385965 5356.114445 4520.369356
UTC=2024-01-07T17:12:02.000000
842018.078737 5072003.571336 -5023425.896897
2741.886985 4697.333765 5206.015841
UTC=2024-01-07T17:14:02.000000
1168423.937809 5592491.163384 -4361507.204419
2689.094031 3966.404619 5811.825888
UTC=2024-01-07T17:16:02.000000
1485210.476639 6021534.793369 -3632163.104111
2581.582465 3175.361185 6328.294990
UTC=2024-01-07T17:18:02.000000
1785839.293400 6352692.872425 -2846618.827636
2419.996148 2337.219311 6747.253204
UTC=2024-01-07T17:20:02.000000
2063914.220139 6581134.352885 -2016992.343580
2206.062440 1465.768739 7062.015234
UTC=2024-01-07T17:22:02.000000
2313311.101953 6703717.880194 -1156108.104166
1942.584062 575.340627 7267.511402
UTC=2024-01-07T17:24:02.000000
2528305.051005 6719041.795952 -277296.723023
1633.404922 -319.444140 7360.389333
UTC=2024-01-07T17:26:02.000000
2703692.122405 6627463.376259 605815.418734
1283.351936 -1203.934250 7339.080015
UTC=2024-01-07T17:28:02.000000
2834902.694209 6431086.956758 1479522.429540
898.155239 -2063.705985 7203.830214
UTC=2024-01-07T17:30:02.000000
2918104.042495 6133721.315284 2330257.209710
484.348063 -2884.817587 6956.703528
UTC=2024-01-07T17:32:02.000000
2950289.850890 5740807.032338 3144807.793953
49.149938 -3654.053930 6601.547261
UTC=2024-01-07T17:34:02.000000
2929354.763993 5259315.218678 3910527.783430
-399.666058 -4359.157845 6143.925939
UTC=2024-01-07T17:36:02.000000
2854152.153135 4697619.980784 4615536.870094
-853.920192 -4989.036744 5591.025913
UTC=2024-01-07T17:38:02.000000
2724533.126640 4065346.742344 5248908.149592
-1305.191073 -5533.957107 4951.523510
UTC=2024-01-07T17:40:02.000000
2541366.054265 3373200.113229 5800836.750891
-1744.969956 -5985.685323 4235.415658
UTC=2024-01-07T17:42:02.000000
2306538.182338 2632777.259422 6262788.568715
-2164.810012 -6337.595486 3453.857414
UTC=2024-01-07T17:44:02.000000
2022938.779560 1856369.374940 6627629.061089
-2556.484298 -6584.760105 2618.988567
UTC=2024-01-07T17:46:02.000000
1694423.382846 1056753.758480 6889729.607239
-2912.140007 -6724.011060 1743.733646
UTC=2024-01-07T17:48:02.000000
1325760.221716 246981.292876 7045049.478299
-3224.441174 -6753.956849 841.600620
UTC=2024-01-07T17:50:02.000000
922560.152039 -559836.633593 7091194.553717
-3486.702124 -6674.980530 -73.506153
UTC=2024-01-07T17:52:02.000000
491190.707067 -1350740.671710 7027452.945917
-3693.018193 -6489.227354 -987.489749
UTC=2024-01-07T17:54:02.000000
38675.096793 -2113132.198526 6854805.473835
-3838.385006 -6200.554083 -1886.269233
UTC=2024-01-07T17:56:02.000000
-427422.321981 -2834974.714531 6575911.358033
-3918.803743 -5814.458846 -2755.987708
UTC=2024-01-07T17:58:02.000000
-899121.944272 -3504985.042616 6195068.661778
-3931.364640 -5337.979110 -3583.220848
UTC=2024-01-07T18:00:02.000000
-1368163.898526 -4112810.861138 5718151.097206
-3874.318064 -4779.571649 -4355.162134
UTC=2024-01-07T18:02:02.000000
-1826151.386175 -4649193.576881 5152522.880768
-3747.141611 -4148.985941 -5059.808634
UTC=2024-01-07T18:04:02.000000
-2264700.985832 -5106114.745817 4506930.483000
-3550.585743 -3457.113991 -5686.158561
UTC=2024-01-07T18:06:02.000000
-2675596.669672 -5476922.611733 3791370.854042
-3286.690015 -2715.809106 -6224.403496
UTC=2024-01-07T18:08:02.000000
-3050943.907774 -5756435.107502 3016937.587097
-2958.768498 -1937.676524 -6666.100185
UTC=2024-01-07T18:10:02.000000
-3383320.516550 -5941017.007299 2195648.360552
-2571.371392 -1135.855009 -7004.312630
UTC=2024-01-07T18:12:02.000000
-3665921.566950 -6028630.474738 1340256.436899
-2130.223708 -323.789908 -7233.735883
UTC=2024-01-07T18:14:02.000000
-3892695.348679 -6018857.582890 464048.777372
-1642.137127 485.005969 -7350.793323
UTC=2024-01-07T18:16:02.000000
-4058467.230690 -5912893.961125 -419365.547242
-1114.897380 1277.192666 -7353.701597
UTC=2024-01-07T18:18:02.000000
-4159048.643890 -5713513.658558 -1296272.982998
-557.128520 2039.843112 -7242.505282
UTC=2024-01-07T18:20:02.000000
-4191328.468726 -5425005.434337 -2153074.946211
21.863404 2760.676893 -7019.071771
UTC=2024-01-07T18:22:02.000000
-4153344.744238 -5053082.000780 -2976504.329861
612.261426 3428.276062 -6687.048151
UTC=2024-01-07T18:24:02.000000
-4044335.122103 -4604764.745521 -3753834.692382
1203.919726 4032.276805 -6251.782491
UTC=2024-01-07T18:26:02.000000
-3864765.272985 -4088247.219739 -4473078.103341
1786.547632 4563.531356 -5720.215123
UTC=2024-01-07T18:28:02.000000
-3616335.337291 -3512740.944132 -5123168.615249
2349.891618 5014.241579 -5100.748844
UTC=2024-01-07T18:30:02.000000
-3301964.614453 -2888306.725834 -5694128.872040
2883.915305 5378.065847 -4403.096849
UTC=2024-01-07T18:32:02.000000
-2925755.132169 -2225675.175785 -6177217.383813
3378.970649 5650.191978 -3638.115431
UTC=2024-01-07T18:34:02.000000
-2492935.159532 -1536060.145116 -6565055.374024
3825.962102 5827.384165 -2817.629926
UTC=2024-01-07T18:36:02.000000
-2009783.422084 -830968.042513 -6851731.800988
4216.501850 5908.002768 -1954.244794
UTC=2024-01-07T18:38:02.000000
-1483535.833449 -122006.670782 -7032885.210672
4543.045686 5891.993393 -1061.150171
UTC=2024-01-07T18:40:02.000000
-922276.924832 579303.060061 -7105762.872041
4799.013956 5780.851659 -151.938765
UTC=2024-01-07T18:42:02.000000
-334817.009571 1261710.537311 -7069258.320247
4978.908299 5577.578058 759.576718
UTC=2024-01-07T18:44:02.000000
269443.610398 1914412.138025 -6923926.241605
5078.408616 5286.608727 1659.552276
UTC=2024-01-07T18:46:02.000000
880661.559077 2527218.927799 -6671975.749759
5094.466516 4913.738937 2534.290132
UTC=2024-01-07T18:48:02.000000
1488708.066537 3090714.206343 -6317240.906756
5025.383419 4466.025604 3370.438492
UTC=2024-01-07T18:50:02.000000
2083334.118600 3596398.000425 -5865127.674226
4870.861763 3951.669220 4155.181808
UTC=2024-01-07T18:52:02.000000
2654341.033832 4036816.337338 -5322538.509868
4632.042226 3379.879931 4876.424339
UTC=2024-01-07T18:54:02.000000
3191754.207729 4405674.045991 -4697775.021304
4311.519887 2760.735903 5522.973458
UTC=2024-01-07T18:56:02.000000
3685997.511644 4697929.419971 -4000418.580704
3913.337378 2105.021219 6084.721914
UTC=2024-01-07T18:58:02.000000
4128065.281053 4909868.306563 -3241189.732042
3442.952586 1424.046869 6552.818714
UTC=2024-01-07T19:00:02.000000
4509688.719830 5039155.821716 -2431787.539034
2907.174365 729.455828 6919.830926
UTC=2024-01-07T19:02:02.000000
4823492.465627 5084864.141230 -1584711.252762
2314.067827 33.023311 7179.875476
UTC=2024-01-07T19:04:02.000000
5063138.777184 5047476.156744 -713067.022810
1672.838542 -653.550385 7328.738751
UTC=2024-01-07T19:06:02.000000
5223455.295374 4928863.463299 169638.039137
993.675762 -1318.855103 7363.961989
UTC=2024-01-07T19:08:02.000000
5300542.766127 4732239.394361 1049709.490537
287.579170 -1951.971041 7284.886979
UTC=2024-01-07T19:10:02.000000
5291861.469186 4462088.620156 1913483.041686
-433.823906 -2542.660823 7092.675883
UTC=2024-01-07T19:12:02.000000
5196294.439118 4124073.968433 2747542.908988
-1158.485331 -3081.555967 6790.303666
UTC=2024-01-07T19:14:02.000000
5014184.385031 3724921.887569 3538936.570828
-1874.162743 -3560.322832 6382.503494
UTC=2024-01-07T19:16:02.000000
4747343.675758 3272289.812236 4275380.619929
-2568.640902 -3971.799659 5875.676765
UTC=2024-01-07T19:18:02.000000
4399038.118421 2774618.548595 4945453.998200
-3229.945227 -4310.107352 5277.772867
UTC=2024-01-07T19:20:02.000000
3973945.458562 2240973.418613 5538776.022659
-3846.555805 -4570.728157 4598.158089
UTC=2024-01-07T19:22:02.000000
3478087.875151 1680877.221515 6046166.608791
-4407.615724 -4750.561648 3847.445701
UTC=2024-01-07T19:24:02.000000
2918741.709213 1104138.286228 6459785.097228
-4903.108651 -4847.951672 3037.315062
UTC=2024-01-07T19:26:02.000000
2304326.404737 520677.215601 6773246.754031
-5324.024893 -4862.678791 2180.320837
UTC=2024-01-07T19:28:02.000000
1644274.743222 -59643.710328 6981716.731730
-5662.509014 -4795.928743 1289.709149
UTC=2024-01-07T19:30:02.000000
948885.925881 -627186.875616 7081981.614114
-5911.998100 -4650.252125 379.223377
UTC=2024-01-07T19:32:02.000000
229163.143096 -1172699.569865 7072496.446159
-6067.338798 -4429.499908 -537.106933
UTC=2024-01-07T19:34:02.000000
-503361.334820 -1687464.897689 6953406.811727
-6124.880853 -4138.736019 -1445.169926
UTC=2024-01-07T19:36:02.000000
-1236811.190218 -2163441.385489 6726546.198409
-6082.550048 -3784.134394 -2330.980617
UTC=2024-01-07T19:38:02.000000
-1959158.030900 -2593388.903331 6395408.588028
-5939.891477 -3372.855365 -3180.880078
UTC=2024-01-07T19:40:02.000000
-2658417.714186 -2970979.432946 5965098.371690
-5698.103243 -2912.919874 -3981.718377
UTC=2024-01-07T19:42:02.000000
-3322850.438913 -3290892.579196 5442257.411073
-5360.061124 -2413.076019 -4721.056834
UTC=2024-01-07T19:44:02.000000
-3941161.439101 -3548893.404502 4834966.844014
-4930.298764 -1882.638752 -5387.379462
UTC=2024-01-07T19:46:02.000000
-4502696.638096 -3741890.375456 4152625.021059
-4414.949536 -1331.321491 -5970.277770
UTC=2024-01-07T19:48:02.000000
-4997630.076757 -3867972.830289 3405804.362946
-3821.666317 -769.062689 -6460.619129
UTC=2024-01-07T19:50:02.000000
-5417140.199309 -3926427.455463 2606088.946385
-3159.517009 -205.850502 -6850.700287
UTC=2024-01-07T19:52:02.000000
-5753571.902208 -3917733.534418 1765894.112344
-2438.848184 348.457612 -7134.392388
UTC=2024-01-07T19:54:02.000000
-6000579.868844 -3843536.111009 898270.355038
-1671.112471 884.320094 -7307.254015
UTC=2024-01-07T19:56:02.000000
-6153249.867476 -3706597.403651 16695.791062
-868.674381 1392.687106 -7366.610300
UTC=2024-01-07T19:58:02.000000
-6208195.463837 -3510727.901694 -865139.134468
-44.595259 1865.163784 -7311.603476
UTC=2024-01-07T20:00:02.000000
-6163627.630175 -3260698.388196 -1733551.180856
787.604445 2294.164703 -7143.210298
UTC=2024-01-07T20:02:02.000000
-6019394.834445 -2962134.530572 -2575082.984587
1614.194116 2673.046650 -6864.209774
UTC=2024-01-07T20:04:02.000000
-5776993.828572 -2621397.325928 -3376715.796981
2421.473247 2996.213088 -6479.121112
UTC=2024-01-07T20:06:02.000000
-5439551.519311 -2245452.246026 -4126073.232745
3196.012480 3259.197832 -5994.113090
UTC=2024-01-07T20:08:02.000000
-5011778.557326 -1841729.920521 -4811612.265168
3924.882522 3458.721472 -5416.884731
UTC=2024-01-07T20:10:02.000000
-4499896.214444 -1417981.624756 -5422798.719806
4595.870788 3592.722936 -4756.526156
UTC=2024-01-07T20:12:02.000000
-3911538.081030 -982132.288327 -5950264.655442
5197.682735 3660.368014 -4023.355510
UTC=2024-01-07T20:14:02.000000
-3255629.106589 -542134.168675 -6385945.188204
5720.117629 3662.030533 -3228.742475
UTC=2024-01-07T20:16:02.000000
-2542244.898094 -105824.089008 -6723193.811957
6154.222545 3599.251915 -2384.926358
UTC=2024-01-07T20:18:02.000000
-1782453.695260 319213.175678 -6956875.608523
6492.427036 3474.679874 -1504.828996
UTC=2024-01-07T20:20:02.000000
-988143.808573 725773.237621 -7083437.756758
6728.649339 3291.993678 -601.866592
UTC=2024-01-07T20:22:02.000000
-171839.451221 1107151.084977 -7100957.828272
6858.386556 3055.821399 310.235801
UTC=2024-01-07T20:24:02.000000
653493.059349 1457248.887715 -7009169.701877
6878.783460 2771.637056 1217.626163
UTC=2024-01-07T20:26:02.000000
1474646.966492 1770671.367507 -6809468.357888
6788.698150 2445.658417 2106.505089
UTC=2024-01-07T20:28:02.000000
2278383.206247 2042808.259959 -6504891.336585
6588.736667 2084.730511 2963.327390
UTC=2024-01-07T20:30:02.000000
3051641.053007 2269902.053431 -6100076.946468
6281.265247 1696.198987 3774.991685
UTC=2024-01-07T20:32:02.000000
3781748.486044 2449100.044174 -5601199.575622
5870.391619 1287.776063 4529.026830
UTC=2024-01-07T20:34:02.000000
4456629.571902 2578490.334645 -5015883.488154
5361.936512 867.406959 5213.770852
UTC=2024-01-07T20:36:02.000000
5065006.885838 2657121.381183 -4353094.301820
4763.374240 443.127783 5818.560914
UTC=2024-01-07T20:38:02.000000
5596594.392950 2685004.073789 -3623008.285901
4083.734767 22.918708 6333.910012
UTC=2024-01-07T20:40:02.000000
6042276.970886 2663096.320513 -2836861.734783
3333.482184 -385.440503 6751.663075
UTC=2024-01-07T20:42:02.000000
6394274.226547 2593270.426480 -2006781.862083
2524.368824 -774.514095 7065.152240
UTC=2024-01-07T20:44:02.000000
6646283.777551 2478263.131319 -1145600.116757
1669.242466 -1137.353420 7269.325603
UTC=2024-01-07T20:46:02.000000
6793600.492888 2321609.185708 -266652.244906
781.839517 -1467.628103 7360.845852
UTC=2024-01-07T20:48:02.000000
6833208.948208 2127559.628005 616432.407580
-123.458130 -1759.749833 7338.164265
UTC=2024-01-07T20:50:02.000000
6763845.694430 1900986.450864 1489947.105748
-1031.871891 -2008.971868 7201.542093
UTC=2024-01-07T20:52:02.000000
6586032.183864 1647276.512779 2340325.912924
-1928.478069 -2211.473996 6953.064722
UTC=2024-01-07T20:54:02.000000
6302075.391965 1372215.811440 3154361.078813
-2798.486393 -2364.432755 6596.605760
UTC=2024-01-07T20:56:02.000000
5916036.085031 1081867.295448 3919413.497382
-3627.500863 -2466.060891 6137.755772
UTC=2024-01-07T20:58:02.000000
5433665.828613 782445.062471 4623612.933143
-4401.778376 -2515.627290 5583.716833
UTC=2024-01-07T21:00:02.000000
4862314.779901 480187.952987 5256043.477730
-5108.455122 -2513.447910 4943.171120
UTC=2024-01-07T21:02:02.000000
4210812.922032 181235.062106 5806912.946058
-5735.767268 -2460.863848 4226.137569
UTC=2024-01-07T21:04:02.000000
3489325.851870 -108494.637460 6267702.689593
-6273.247373 -2360.191707 3443.791341
UTC=2024-01-07T21:06:02.000000
2709189.598685 -383415.181424 6631295.206223
-6711.879358 -2214.653173 2608.279849
UTC=2024-01-07T21:08:02.000000
1882728.144895 -638377.719413 6892079.882871
-7044.234888 -2028.297400 1732.539043
UTC=2024-01-07T21:10:02.000000
1023055.503111 -868764.431816 7046036.078585
-7264.593529 -1805.909567 830.098343
UTC=2024-01-07T21:12:02.000000
143865.008307 -1070570.629657 7090791.746218
-7369.031366 -1552.904463 -85.129787
UTC=2024-01-07T21:14:02.000000
-740789.824234 -1240473.482283 7025657.154066
-7355.477187 -1275.212161 -999.053065
UTC=2024-01-07T21:16:02.000000
-1616719.911107 -1375886.651598 6851634.244520
-7223.746012 -979.156331 -1897.603005
UTC=2024-01-07T21:18:02.000000
-2469827.573606 -1474999.758066 6571401.733871
-6975.545166 -671.323986 -2766.934109
UTC=2024-01-07T21:20:02.000000
-3286333.035812 -1536802.181888 6189276.985989
-6614.463660 -358.436358 -3593.612624
UTC=2024-01-07T21:22:02.000000
-4052999.021913 -1561091.572391 5711154.615622
-6145.945876 -47.221971 -4364.820794
UTC=2024-01-07T21:24:02.000000
-4757349.460788 -1548466.914066 5144419.983892
-5577.219723 255.714448 -5068.563206
UTC=2024-01-07T21:26:02.000000
-5387877.784758 -1500305.639331 4497838.865348
-4917.195967 544.025315 -5693.860215
UTC=2024-01-07T21:28:02.000000
-5934241.040161 -1418725.007594 3781424.461006
-4176.332146 811.748769 -6230.929318
UTC=2024-01-07T21:30:02.000000
-6387435.981410 -1306528.499500 3006284.016382
-3366.470713 1053.428506 -6671.343721
UTC=2024-01-07T21:32:02.000000
-6739954.727735 -1167138.564142 2184447.394408
-2500.660364 1264.222125 -7008.177471
UTC=2024-01-07T21:34:02.000000
-6985917.063834 -1004516.841327 1328678.426284
-1592.939504 1440.001083 -7236.144110
UTC=2024-01-07T21:36:02.000000
-7121174.200509 -823073.249446 452271.927258
-658.084397 1577.435294 -7351.692896
UTC=2024-01-07T21:38:02.000000
-7143381.837058 -627565.997509 -431158.583745
288.650815 1674.059277 -7353.070706
UTC=2024-01-07T21:40:02.000000
-7052041.275204 -422994.852749 -1307898.760970
1231.806902 1728.318837 -7240.352125
UTC=2024-01-07T21:42:02.000000
-6848507.237236 -214490.035575 -2164352.439792
2155.997510 1739.595695 -7015.426456
UTC=2024-01-07T21:44:02.000000
-6535963.432065 -7199.667884 -2987257.124909
3046.169453 1708.209024 -6681.958462
UTC=2024-01-07T21:46:02.000000
-6119366.431110 193822.176011 -3763893.614611
3887.873382 1635.403223 -6245.322220
UTC=2024-01-07T21:48:02.000000
-5605357.814197 383724.523649 -4482284.499148
4667.513324 1523.310687 -5712.485871
UTC=2024-01-07T21:50:02.000000
-5002148.421957 557962.800020 -5131377.637306
5372.565942 1374.895137 -5091.878418
UTC=2024-01-07T21:52:02.000000
-4319377.622414 712394.474150 -5701212.366858
5991.775637 1193.879981 -4393.235157
UTC=2024-01-07T21:54:02.000000
-3567950.968779 843364.989096 -6183066.307121
6515.320407 984.658844 -3627.429549
UTC=2024-01-07T21:56:02.000000
-2759859.683407 947782.342308 -6569581.113491
6934.946929 752.197115 -2806.291472
UTC=2024-01-07T21:58:02.000000
-1907985.961053 1023179.551396 -6854866.530667
7244.076042 501.928802 -1942.429533
UTC=2024-01-07T22:00:02.000000
-1025896.469171 1067764.313400 -7034582.533872
7437.889739 239.645030 -1049.039192
UTC=2024-01-07T22:02:02.000000
-127627.798770 1080454.786313 -7105998.234344
7513.380346 -28.623844 -139.713604
UTC=2024-01-07T22:04:02.000000
772532.719293 1060901.261986 -7068028.946068
7469.381302 -296.725730 771.731765
UTC=2024-01-07T22:06:02.000000
1660269.786752 1009493.607150 -6921252.224104
7306.595990 -558.506631 1671.442387
UTC=2024-01-07T22:08:02.000000
2521464.392849 927354.192475 -6667900.344054
7027.587890 -807.932221 2545.725462
UTC=2024-01-07T22:10:02.000000
3342415.298633 816316.426511 -6311829.571817
6636.749078 -1039.205806 3381.240042
UTC=2024-01-07T22:12:02.000000
4110055.073063 678889.126055 -5858466.530012
6140.239402 -1246.886737 4165.183847
UTC=2024-01-07T22:14:02.000000
4812157.891145 518207.006263 -5314732.800116
5545.911626 -1426.001682 4885.474045
UTC=2024-01-07T22:16:02.000000
5437537.104157 337968.334711 -4688947.415677
4863.213609 -1572.148652 5530.934238
UTC=2024-01-07T22:18:02.000000
5976228.936860 142360.305859 -3990706.920909
4103.053453 -1681.596408 6091.477988
UTC=2024-01-07T22:20:02.000000
6419658.225007 -64026.747745 -3230744.454069
3277.638072 -1751.370455 6558.274916
UTC=2024-01-07T22:22:02.000000
6760783.638382 -276294.714677 -2420769.656032
2400.291954 -1779.326917 6923.906088
UTC=2024-01-07T22:24:02.000000
6994219.226721 -489341.029786 -1573290.351939
1485.241236 -1764.209761 7182.509032
UTC=2024-01-07T22:26:02.000000
7116328.252715 -697967.585089 -701418.719706
547.372036 -1705.687299 7329.889660
UTC=2024-01-07T22:28:02.000000
7125287.297015 -896992.989021 181334.126453
-398.022923 -1604.371523 7363.604866
UTC=2024-01-07T22:30:02.000000
7021119.134067 -1081365.965577 1061271.990403
-1335.512860 -1461.816844 7283.019366
UTC=2024-01-07T22:32:02.000000
6805692.778481 -1246277.251347 1924731.874597
-2249.802379 -1280.496855 7089.322264
UTC=2024-01-07T22:34:02.000000
6482690.838883 -1387267.385983 2758302.644650
-3126.007805 -1063.758142 6785.516326
UTC=2024-01-07T22:36:02.000000
6057543.671382 -1500327.570037 3549039.397455
-3949.924844 -815.752928 6376.356233
UTC=2024-01-07T22:38:02.000000
5537333.291671 -1581991.746573 4284668.707642
-4708.269937 -541.360138 5868.262080
UTC=2024-01-07T22:40:02.000000
4930669.008910 -1629418.033775 4953781.806016
-5388.906784 -246.085262 5269.202646
UTC=2024-01-07T22:42:02.000000
4247537.841970 -1640457.091850 5546012.128476
-5981.039684 64.054305 4588.554748
UTC=2024-01-07T22:44:02.000000
3499133.233141 -1613706.488892 6052195.073479
-6475.384126 382.647655 3836.945533
UTC=2024-01-07T22:46:02.000000
2697664.909527 -1548550.442888 6464507.168286
-6864.305542 703.016616 3026.068618
UTC=2024-01-07T22:48:02.000000
1856154.615972 -1445184.084371 6776582.935498
-7141.920414 1018.345797 2168.499495
UTC=2024-01-07T22:50:02.000000
988220.819060 -1304621.957504 6983609.245008
-7304.177880 1321.816663 1277.501281
UTC=2024-01-07T22:52:02.000000
107855.648623 -1128690.210990 7082395.510232
-7348.905583 1606.743042 366.819064
UTC=2024-01-07T22:54:02.000000
-770801.638021 -920002.888067 7071419.330173
-7275.824142 1866.700692 -549.522641
UTC=2024-01-07T22:56:02.000000
-1633691.499337 -681922.907956 6950848.062464
-7086.538432 2095.653799 -1457.418803
UTC=2024-01-07T22:58:02.000000
-2467058.584984 -418507.924740 6722536.466071
-6784.505962 2288.079039 -2342.884300
UTC=2024-01-07T23:00:02.000000
-3257671.041527 -134441.855275 6390000.445812
-6374.983896 2439.080726 -3192.251815
UTC=2024-01-07T23:02:02.000000
-3993032.231565 165046.928669 5958366.801507
-5864.953873 2544.497083 -3992.374302
UTC=2024-01-07T23:04:02.000000
-4661581.736704 474279.562867 5434298.563486
-5263.017708 2600.996745 -4730.828639
UTC=2024-01-07T23:06:02.000000
-5252882.014571 787231.437296 4825896.314537
-4579.264350 2606.161449 -5396.110422
UTC=2024-01-07T23:08:02.000000
-5757787.628739 1097646.109806 4142576.514334
-3825.110209 2558.555485 -5977.823584
UTC=2024-01-07T23:10:02.000000
-6168593.389529 1399156.352248 3394927.986803
-3013.110497 2457.774949 -6466.851452
UTC=2024-01-07T23:12:02.000000
-6479158.950827 1685410.014811 2594548.910849
-2156.754467 2304.477960 -6855.513248
UTC=2024-01-07T23:14:02.000000
-6685007.413258 1950198.063545 1753866.016312
-1270.237796 2100.391287 -7137.701300
UTC=2024-01-07T23:16:02.000000
-6783395.614339 2187582.288822 885938.670891
-368.217392 1848.297645 -7308.996833
UTC=2024-01-07T23:18:02.000000
-6773353.611004 2392019.854173 4250.768670
534.454674 1551.994622 -7366.753285
UTC=2024-01-07T23:20:02.000000
-6655692.145321 2558481.363585 -877504.913731
1422.996612 1216.229658 -7310.140597
UTC=2024-01-07T23:22:02.000000
-6432978.374151 2682560.042304 -1745645.634318
2282.959343 846.617097 -7140.154882
UTC=2024-01-07T23:24:02.000000
-6109480.658686 2760569.920885 -2586716.966871
3100.481286 449.537369 -6859.599579
UTC=2024-01-07T23:26:02.000000
-5691082.936200 2789630.572097 -3387706.564314
3862.536672 32.013599 -6473.025215
UTC=2024-01-07T23:28:02.000000
-5185171.110201 2767736.119825 -4136248.232332
4557.152290 -398.424510 -5986.632238
UTC=2024-01-07T23:30:02.000000
-4600495.087029 2693807.622932 -4820812.836062
5173.597380 -833.882013 -5408.148755
UTC=2024-01-07T23:32:02.000000
-3947009.714036 2567728.059063 -5430883.049565
5702.544134 -1266.246517 -4746.683767
UTC=2024-01-07T23:34:02.000000
-3235698.674215 2390359.609069 -5957109.362213
6136.190546 -1687.334726 -4012.564595
UTC=2024-01-07T23:36:02.000000
-2478385.468748 2163543.356763 -6391446.479373
6468.356820 -2089.039580 -3217.172649
UTC=2024-01-07T23:38:02.000000
-1687533.766879 1890081.232436 -6727269.002929
6694.562552 -2463.478363 -2372.758230
UTC=2024-01-07T23:40:02.000000
-876041.210230 1573700.651069 -6959463.983337
6812.057895 -2803.131141 -1492.248583
UTC=2024-01-07T23:42:02.000000
-57030.873949 1219003.017451 -7084501.279571
6819.835726 -3100.972833 -589.064728
UTC=2024-01-07T23:44:02.000000
756357.296816 831396.934530 -7100481.724880
6718.619485 -3350.595026 323.059550
UTC=2024-01-07T23:46:02.000000
1551173.365850 417016.915038 -7007163.967211
6510.847754 -3546.327976 1230.261891
UTC=2024-01-07T23:48:02.000000
2314860.387156 -17372.205128 -6805967.694497
6200.619880 -3683.353004 2118.751994
UTC=2024-01-07T23:50:02.000000
3035449.477285 -464483.262730 -6499954.004868
5793.625749 -3757.799075 2974.994410
UTC=2024-01-07T23:52:02.000000
3701745.694536 -916625.983444 -6093783.257434
5297.056198 -3766.831977 3785.902092
UTC=2024-01-07T23:54:02.000000
4303501.484004 -1365835.855948 -5593650.393771
4719.492255 -3708.727182 4539.014732
UTC=2024-01-07T23:56:02.000000
4831576.614422 -1804011.456771 -5007198.722286
4070.785106 -3582.936702 5222.685799
UTC=2024-01-07T23:58:02.000000
5278081.616624 -2223058.375832 -4343410.866011
3361.902308 -3390.130284 5826.269461
