UTC=2024-01-20T00:00:02.000000
6052311.079661 -3690509.485908 1157734.019738
-1880.073806 -785.017115 7267.085345
UTC=2024-01-20T00:02:02.000000
5780000.992294 -3753785.433200 2018537.996690
-2651.094069 -265.962976 7061.049515
UTC=2024-01-20T00:04:02.000000
5418051.216376 -3753652.163050 2847996.955098
-3372.078332 270.286293 6745.348481
UTC=2024-01-20T00:06:02.000000
4973162.227937 -3688600.691828 3633230.421198
-4031.600012 814.426507 6324.922213
UTC=2024-01-20T00:08:02.000000
4453338.767518 -3558258.046108 4362050.885791
-4619.376652 1356.856240 5806.362636
UTC=2024-01-20T00:10:02.000000
3867742.394256 -3363412.816067 5023155.584199
-5126.438121 1887.847439 5197.802730
UTC=2024-01-20T00:12:02.000000
3226524.841084 -3106019.333838 5606302.894486
-5545.270973 2397.729619 4508.767753
UTC=2024-01-20T00:14:02.000000
2540646.987143 -2789180.074318 6102469.548968
-5869.917853 2877.065985 3750.010396
UTC=2024-01-20T00:16:02.000000
1821687.197658 -2417107.517396 6503987.398904
-6096.054708 3316.820528 2933.331921
UTC=2024-01-20T00:18:02.000000
1081642.426062 -1995066.393340 6804657.886929
-6221.034059 3708.517789 2071.392458
UTC=2024-01-20T00:20:02.000000
332725.745995 -1529297.194336 6999843.427856
-6243.901468 4044.394782 1177.514468
UTC=2024-01-20T00:22:02.000000
-412836.256297 -1026922.201319 7086534.859987
-6165.382025 4317.540529 265.482576
UTC=2024-01-20T00:24:02.000000
-1143003.075240 -495835.468606 7063394.843903
-5987.844175 4522.022799 -650.657311
UTC=2024-01-20T00:26:02.000000
-1846114.370246 55421.571358 6930777.252457
-5715.244605 4653.002387 -1556.798227
UTC=2024-01-20T00:28:02.000000
-2511076.112883 617797.439297 6690722.283049
-5353.050660 4706.832935 -2438.975402
UTC=2024-01-20T00:30:02.000000
-3127536.254292 1181878.891993 6346927.218770
-4908.143261 4681.143653 -3283.569120
UTC=2024-01-20T00:32:02.000000
-3686047.531830 1738048.068054 5904693.066335
-4388.700745 4574.904523 -4077.503331
UTC=2024-01-20T00:34:02.000000
-4178215.376728 2276646.452232 5370847.409180
-3804.065609 4388.474600 -4808.444223
UTC=2024-01-20T00:36:02.000000
-4596828.502878 2788143.443832 4753643.451458
-3164.588997 4123.628596 -5464.997953
UTC=2024-01-20T00:38:02.000000
-4935969.535742 3263306.265459 4062635.722758
-2481.453827 3783.552619 -6036.899415
UTC=2024-01-20T00:40:02.000000
-5191103.393828 3693367.908272 3308534.316225
-1766.482475 3372.817011 -6515.181314
UTC=2024-01-20T00:42:02.000000
-5359141.884529 4070190.375384 2503039.737221
-1031.932513 2897.323947 -6892.328210
UTC=2024-01-20T00:44:02.000000
-5438483.210562 4386419.950514 1658660.254621
-290.282795 2364.226373 -7162.414325
UTC=2024-01-20T00:46:02.000000
-5429024.993201 4635630.766093 788514.031005
445.993830 1781.813272 -7321.216330
UTC=2024-01-20T00:48:02.000000
-5332149.859346 4812452.659619 -93879.881167
1164.656103 1159.366310 -7366.284773
UTC=2024-01-20T00:50:02.000000
-5150684.788452 4912681.221966 -974817.353913
1853.909095 507.004979 -7296.990716
UTC=2024-01-20T00:52:02.000000
-4888834.384641 4933367.720538 -1840628.987493
2502.623130 -164.494589 -7114.540096
UTC=2024-01-20T00:54:02.000000
-4552088.906181 4872885.885515 -2677898.687936
3100.530149 -843.901731 -6821.940348
UTC=2024-01-20T00:56:02.000000
-4147110.332260 4730974.135860 -3473676.275436
3638.397267 -1519.736813 -6423.935376
UTC=2024-01-20T00:58:02.000000
-3681598.852249 4508752.994275 -4215680.083247
4108.175589 -2180.478595 -5926.903515
UTC=2024-01-20T01:00:02.000000
-3164143.577406 4208717.913616 -4892485.647877
4503.115387 -2814.766120 -5338.730112
UTC=2024-01-20T01:02:02.000000
-2604061.382799 3834708.394790 -5493697.844678
4817.847786 -3411.589719 -4668.660553
UTC=2024-01-20T01:04:02.000000
-2011227.546986 3391854.943850 -6010105.095165
5048.443651 -3960.473087 -3927.148453
UTC=2024-01-20T01:06:02.000000
-1395900.452983 2886504.173664 -6433814.180478
5192.450440 -4451.652686 -3125.682260
UTC=2024-01-20T01:08:02.000000
-768543.812404 2326123.446758 -6758363.173046
5248.896710 -4876.237154 -2276.596529
UTC=2024-01-20T01:10:02.000000
-139650.057635 1719187.859450 -6978811.723744
5218.269885 -5226.344593 -1392.885929
UTC=2024-01-20T01:12:02.000000
480432.369001 1075051.304679 -7091809.231073
5102.474060 -5495.229591 -488.021039
UTC=2024-01-20T01:14:02.000000
1081665.999056 403803.405434 -7095640.981409
4904.778507 -5677.393548 424.235480
UTC=2024-01-20T01:16:02.000000
1654484.039881 -283886.416114 -6990251.542803
4629.743616 -5768.686753 1330.024524
UTC=2024-01-20T01:18:02.000000
2189939.650365 -976935.604969 -6777244.817249
4283.125076 -5766.384475 2215.579657
UTC=2024-01-20T01:20:02.000000
2679843.420897 -1664023.346193 -6459861.977158
3871.773103 -5669.249516 3067.411503
UTC=2024-01-20T01:22:02.000000
3116887.746337 -2333771.798825 -6042936.955156
3403.513616 -5477.574748 3872.492141
UTC=2024-01-20T01:24:02.000000
3494756.620453 -2974931.999452 -5532830.463776
2887.026164 -5193.220483 4618.436203
UTC=2024-01-20T01:26:02.000000
3808219.658179 -3576572.846577 -4937340.682301
2331.697638 -4819.620886 5293.704116
UTC=2024-01-20T01:28:02.000000
4053207.077849 -4128268.190673 -4265590.725688
1747.457589 -4361.750691 5887.780375
UTC=2024-01-20T01:30:02.000000
4226865.182319 -4620279.020190 -3527895.992895
1144.617231 -3826.078161 6391.336821
UTC=2024-01-20T01:32:02.000000
4327592.039303 -5043728.649153 -2735611.744631
533.698473 -3220.492203 6796.397085
UTC=2024-01-20T01:34:02.000000
4355051.769646 -5390767.243677 -1900961.671963
-74.752087 -2554.197741 7096.487326
UTC=2024-01-20T01:36:02.000000
4310165.918527 -5654721.578152 -1036849.724998
-670.354863 -1837.573824 7286.761934
UTC=2024-01-20T01:38:02.000000
4195082.291758 -5830226.139681 -156658.603742
-1243.083430 -1082.006553 7364.101469
UTC=2024-01-20T01:40:02.000000
4013121.332494 -5913332.637656 725961.602963
-1783.449641 -299.696678 7327.176442
UTC=2024-01-20T01:42:02.000000
3768701.279290 -5901595.298295 1597310.526575
-2282.672453 496.552042 7176.482142
UTC=2024-01-20T01:44:02.000000
3467243.484614 -5794129.306029 2443856.863317
-2732.840382 1293.567231 6914.335679
UTC=2024-01-20T01:46:02.000000
3115059.432530 -5591640.939102 3252454.338634
-3127.049673 2078.041464 6544.827412
UTC=2024-01-20T01:48:02.000000
2719222.918650 -5296429.659562 4010550.491393
-3459.515294 2836.769207 6073.748768
UTC=2024-01-20T01:50:02.000000
2287430.414831 -4912361.732768 4706384.827551
-3725.657147 3556.880868 5508.488685
UTC=2024-01-20T01:52:02.000000
1827852.389544 -4444816.179071 5329172.927186
-3922.162759 4226.070039 4857.901525
UTC=2024-01-20T01:54:02.000000
1348979.013596 -3900604.412015 5869273.384417
-4047.020927 4832.804712 4132.157068
UTC=2024-01-20T01:56:02.000000
859462.842518 -3287865.033394 6318335.374016
-4099.535476 5366.527960 3342.562943
UTC=2024-01-20T01:58:02.000000
367962.015787 -2615936.397552 6669423.683005
-4080.304020 5817.827175 2501.373875
UTC=2024-01-20T02:00:02.000000
-117012.630055 -1895210.101972 6917121.005509
-3991.175076 6178.584049 1621.601369
UTC=2024-01-20T02:02:02.000000
-587244.174714 -1136967.737711 7057607.314081
-3835.187713 6442.104762 716.823562
UTC=2024-01-20T02:04:02.000000
-1034948.128813 -353202.640756 7088716.017301
-3616.495903 6603.237983 -199.014985
UTC=2024-01-20T02:06:02.000000
-1452900.899918 443570.831593 7009965.536143
-3340.277447 6658.464325 -1111.809547
UTC=2024-01-20T02:08:02.000000
-1834556.326743 1240517.367315 6822566.230644
-3012.626009 6605.963105 -2007.499716
UTC=2024-01-20T02:10:02.000000
-2174148.573270 2024687.384928 6529402.921210
-2640.432673 6445.655989 -2872.271910
UTC=2024-01-20T02:12:02.000000
-2466780.107916 2783227.659638 6134993.204939
-2231.255494 6179.229161 -3692.760027
UTC=2024-01-20T02:14:02.000000
-2708493.448107 3503593.175272 5645421.779934
-1793.180252 5810.130084 -4456.244439
UTC=2024-01-20T02:16:02.000000
-2896325.940549 4173756.948523 5068251.252987
-1334.677009 5343.538678 -5150.845570
UTC=2024-01-20T02:18:02.000000
-3028346.681622 4782414.849588 4412409.646256
-864.444937 4786.310098 -5765.717201
UTC=2024-01-20T02:20:02.000000
-3103674.420590 5319181.568279 3688055.414498
-391.252111 4146.885281 -6291.227899
UTC=2024-01-20T02:22:02.000000
-3122476.024934 5774773.805538 2906421.357425
76.228290 3435.166289 -6719.129435
UTC=2024-01-20T02:24:02.000000
-3085945.378254 6141176.482966 2079639.794616
529.578777 2662.359977 -7042.699905
UTC=2024-01-20T02:26:02.000000
-2996263.242045 6411788.703778 1220552.014744
960.794972 1840.797039 -7256.862658
UTC=2024-01-20T02:28:02.000000
-2856538.532039 6581546.569934 342504.994206
1362.435881 983.727006 -7358.279814
UTC=2024-01-20T02:30:02.000000
-2670732.401263 6647019.819984 -540861.474602
1727.759894 105.087710 -7345.416785
UTC=2024-01-20T02:32:02.000000
-2443566.893621 6606479.770088 -1415833.473576
2050.846776 -780.742251 -7218.576274
UTC=2024-01-20T02:34:02.000000
-2180419.476661 6459936.006387 -2268843.660176
2326.710035 -1659.217374 -6979.891426
UTC=2024-01-20T02:36:02.000000
-1887205.717105 6209140.157961 -3086687.195915
2551.378094 -2515.889785 -6633.257189
UTC=2024-01-20T02:38:02.000000
-1570254.273760 5857559.747238 -3856728.292186
2721.944322 -3336.649505 -6184.248413
UTC=2024-01-20T02:40:02.000000
-1236177.074067 5410323.000971 -4567095.937899
2836.597604 -4107.968031 -5640.015634
UTC=2024-01-20T02:42:02.000000
-891737.138425 4874135.407759 -5206864.876330
2894.630128 -4817.120373 -5009.146840
UTC=2024-01-20T02:44:02.000000
-543716.794353 4257171.222547 -5766219.374458
2896.424323 -5452.384810 -4301.520556
UTC=2024-01-20T02:46:02.000000
-198788.549531 3568941.581886 -6236598.393808
2843.420908 -6003.231363 -3528.140266
UTC=2024-01-20T02:48:02.000000
136608.833813 2820141.428872 -6610819.597689
2738.063819 -6460.484026 -2700.948927
UTC=2024-01-20T02:50:02.000000
456386.428030 2022479.124712 -6883180.702936
2583.726639 -6816.447008 -1832.640956
UTC=2024-01-20T02:52:02.000000
754911.833647 1188492.271608 -7049538.869384
2384.629743 -7065.012933 -936.481527
UTC=2024-01-20T02:54:02.000000
1027105.169666 331351.415986 -7107367.742163
2145.744628 -7201.752405 -26.115385
UTC=2024-01-20T02:56:02.000000
1268523.003860 -535345.492996 -7055791.707227
1872.688777 -7223.981138 884.622343
UTC=2024-01-20T02:58:02.000000
1475429.027324 -1397785.250279 -6895597.050161
1571.610590 -7130.799973 1781.899493
UTC=2024-01-20T03:00:02.000000
1644850.758481 -2242154.852988 -6629220.645516
1249.072648 -6923.113374 2652.068427
UTC=2024-01-20T03:02:02.000000
1774622.088954 -3054858.364544 -6260716.993509
911.930977 -6603.634677 3481.846475
UTC=2024-01-20T03:04:02.000000
1863410.853531 -3822733.738964 -5795703.346628
567.207038 -6176.878718 4258.503512
UTC=2024-01-20T03:06:02.000000
1910730.855406 -4533266.676980 -5241281.291397
221.956860 -5649.113993 4970.063136
UTC=2024-01-20T03:08:02.000000
1916938.133910 -5174796.216657 -4605935.339971
-116.859940 -5028.280105 5605.480908
UTC=2024-01-20T03:10:02.000000
1883211.589078 -5736709.932008 -3899410.895436
-442.510715 -4323.895493 6154.815863
UTC=2024-01-20T03:12:02.000000
1811517.801002 -6209626.164872 -3132571.337278
-748.621605 -3546.929742 6609.403546
UTC=2024-01-20T03:14:02.000000
1704560.447185 -6585558.680499 -2317235.310198
-1029.301297 -2709.640794 6962.012197
UTC=2024-01-20T03:16:02.000000
1565715.455047 -6858059.930628 -1465996.300374
-1279.255382 -1825.380849 7206.979531
UTC=2024-01-20T03:18:02.000000
1398952.859234 -7022339.727904 -592027.574182
-1493.893348 -908.382888 7340.322397
UTC=2024-01-20T03:20:02.000000
1208746.743964 -7075356.350333 291124.981007
-1669.417994 26.489137 7359.823117
UTC=2024-01-20T03:22:02.000000
999975.480783 -7015876.838313 1169757.398870
-1802.900017 963.995076 7265.070735
UTC=2024-01-20T03:24:02.000000
777813.975509 -6844506.292851 2030226.176640
-1892.333048 1888.787871 7057.484291
UTC=2024-01-20T03:26:02.000000
547620.852041 -6563683.802031 2859167.009194
-1936.666074 2785.694480 6740.290767
UTC=2024-01-20T03:28:02.000000
314822.559101 -6177645.004718 3643708.332567
-1935.820301 3639.989877 6318.461573
UTC=2024-01-20T03:30:02.000000
84797.048615 -5692352.904878 4371675.055999
-1890.678883 4437.649698 5798.615483
UTC=2024-01-20T03:32:02.000000
-137239.880553 -5115399.537626 5031779.599599
-1803.054600 5165.586899 5188.904472
UTC=2024-01-20T03:34:02.000000
-346343.319114 -4455879.895124 5613797.509122
-1675.638991 5811.873046 4498.869203
UTC=2024-01-20T03:36:02.000000
-537940.640407 -3724241.168623 6108724.634048
-1511.932780 6365.931190 3739.279367
UTC=2024-01-20T03:38:02.000000
-707923.819817 -2932109.910184 6508913.733629
-1316.163527 6818.706855 2921.947103
UTC=2024-01-20T03:40:02.000000
-852730.977348 -2092101.457509 6808187.730128
-1093.189091 7162.792623 2059.531863
UTC=2024-01-20T03:42:02.000000
-969415.732317 -1217616.029359 7001930.368727
-848.391827 7392.531258 1165.357014
UTC=2024-01-20T03:44:02.000000
-1055703.544504 -322623.063122 7087154.328289
-587.567638 7504.105509 253.213623
UTC=2024-01-20T03:46:02.000000
-1110034.216059 578563.259049 7062544.886502
-316.805316 7495.593306 -662.846622
UTC=2024-01-20T03:48:02.000000
-1131589.418369 1471513.365227 6928479.030272
-42.359307 7366.996310 -1568.714447
UTC=2024-01-20T03:50:02.000000
-1120304.942419 2341913.541579 6687020.089139
229.477260 7120.242056 -2450.427263
UTC=2024-01-20T03:52:02.000000
-1076867.772572 3175795.873528 6341887.963567
492.498355 6759.160291 -3294.371557
UTC=2024-01-20T03:54:02.000000
-1002698.176251 3959763.896865 5898405.162546
740.709703 6289.434907 -4087.484645
UTC=2024-01-20T03:56:02.000000
-899916.747900 4681210.624510 5363418.745864
968.453365 5718.524909 -4817.451614
UTC=2024-01-20T03:58:02.000000
-771297.119181 5328525.818049 4745199.157060
1170.522124 5055.564996 -5472.897152
UTC=2024-01-20T04:00:02.000000
-620205.037875 5891289.213453 4053315.679310
1342.272907 4311.225120 -6043.579234
UTC=2024-01-20T04:02:02.000000
-450524.649467 6360444.479061 3298490.796116
1479.722759 3497.541691 -6520.543555
UTC=2024-01-20T04:04:02.000000
-266574.219276 6728453.617466 2492436.041399
1579.634328 2627.749686 -6896.291380
UTC=2024-01-20T04:06:02.000000
-73011.473775 6989426.711429 1647667.567802
1639.598732 1716.039257 -7164.928497
UTC=2024-01-20T04:08:02.000000
125269.288411 7139221.651495 777307.832942
1658.089086 777.309262 -7322.259113
UTC=2024-01-20T04:10:02.000000
323245.334621 7175513.942583 -105123.076308
1634.496441 -173.089587 -7365.862287
UTC=2024-01-20T04:12:02.000000
515876.886468 7097834.613854 -985923.661079
1569.145847 -1119.630502 -7295.140106
UTC=2024-01-20T04:14:02.000000
698218.673569 6907574.238187 -1851430.378966
1463.283453 -2046.893526 -7111.319777
UTC=2024-01-20T04:16:02.000000
865528.832936 6607953.955471 -2688234.922514
1319.047381 -2939.833037 -6817.420169
UTC=2024-01-20T04:18:02.000000
1013373.494668 6203964.932458 -3483395.796322
1139.423804 -3784.036357 -6418.189766
UTC=2024-01-20T04:20:02.000000
1137724.932304 5702277.538462 -4224640.633938
928.183454 -4565.968834 -5920.014197
UTC=2024-01-20T04:22:02.000000
1235051.029857 5111122.294431 -4900555.563374
689.801177 -5273.197686 -5330.793251
UTC=2024-01-20T04:24:02.000000
1302394.241542 4440145.641581 -5500758.208722
429.361398 -5894.586534 -4659.792375
UTC=2024-01-20T04:26:02.000000
1337438.433276 3700244.432851 -6016051.955411
152.451374 -6420.456191 -3917.481615
UTC=2024-01-20T04:28:02.000000
1338562.442535 2903382.534999 -6438560.333467
-134.952868 -6842.723160 -3115.362329
UTC=2024-01-20T04:30:02.000000
1304879.574414 2062392.770210 -6761839.412944
-426.606313 -7155.001661 -2265.777560
UTC=2024-01-20T04:32:02.000000
1236262.681696 1190768.860052 -6980967.856235
-716.115045 -7352.673159 -1381.731278
UTC=2024-01-20T04:34:02.000000
1133354.647884 302449.816258 -7092615.223004
-997.059892 -7432.941370 -476.702144
UTC=2024-01-20T04:36:02.000000
997563.949637 -588400.574229 -7095087.406341
-1263.121106 -7394.858985 435.548237
UTC=2024-01-20T04:38:02.000000
831045.275126 -1467615.914147 -6988348.975771
-1508.201199 -7239.326844 1341.168555
UTC=2024-01-20T04:40:02.000000
636665.918419 -2321247.538997 -6774022.869842
-1726.539853 -6969.067575 2226.399617
UTC=2024-01-20T04:42:02.000000
417958.421882 -3135781.253992 -6455368.941119
-1912.829719 -6588.594573 3077.749663
UTC=2024-01-20T04:44:02.000000
179059.228854 -3898349.516371 -6037240.031883
-2062.330592 -6104.158459 3882.194562
UTC=2024-01-20T04:46:02.000000
-75365.335602 -4596934.501299 -5526014.302413
-2170.967198 -5523.654316 4627.365990
UTC=2024-01-20T04:48:02.000000
-340204.583439 -5220559.334764 -4929505.772704
-2235.424098 -4856.516884 5301.732033
UTC=2024-01-20T04:50:02.000000
-609999.870358 -5759465.281724 -4256852.905361
-2253.230243 -4113.589387 5894.780828
UTC=2024-01-20T04:52:02.000000
-879050.195961 -6205271.372737 -3518385.501006
-2222.827450 -3306.961937 6397.196798
UTC=2024-01-20T04:54:02.000000
-1141525.035633 -6551112.981821 -2725471.371825
-2143.622480 -2449.784006 6801.020505
UTC=2024-01-20T04:56:02.000000
-1391582.391784 -6791756.773615 -1890344.738066
-2016.021283 -1556.057713 7099.794833
UTC=2024-01-20T04:58:02.000000
-1623489.630152 -6923689.209219 -1025917.958675
-1841.440716 -640.403056 7288.693310
UTC=2024-01-20T05:00:02.000000
-1831744.412910 -6945175.611935 -145579.741347
-1622.298823 282.195578 7364.616763
UTC=2024-01-20T05:02:02.000000
-2011193.201961 -6856288.135307 737016.323310
-1361.983929 1196.653197 7326.257703
UTC=2024-01-20T05:04:02.000000
-2157144.701080 -6658901.753546 1608169.017381
-1064.800759 2088.052635 7174.132312
UTC=2024-01-20T05:06:02.000000
-2265475.440002 -6356658.037939 2454348.510021
-735.893820 2941.911958 6910.577247
UTC=2024-01-20T05:08:02.000000
-2332724.908601 -5954897.240468 3262412.725360
-381.150196 3744.443644 6539.708306
UTC=2024-01-20T05:10:02.000000
-2356177.993063 -5460560.337633 4019816.504763
-7.086053 4482.794437 6067.342693
UTC=2024-01-20T05:12:02.000000
-2333933.042875 -4882063.779630 4714809.579261
379.278549 5145.259755 5500.891194
UTC=2024-01-20T05:14:02.000000
-2264954.511826 -4229150.176439 5336620.203079
770.551147 5721.471000 4849.229024
UTC=2024-01-20T05:16:02.000000
-2149109.226762 -3512717.653881 5875622.115448
1159.109589 6202.563934 4122.543838
UTC=2024-01-20T05:18:02.000000
-1987184.940960 -2744631.163316 6323481.320629
1537.251951 6581.306145 3332.155234
UTC=2024-01-20T05:20:02.000000
-1780891.134723 -1937521.053346 6673280.993408
1897.341742 6852.186453 2490.332800
UTC=2024-01-20T05:22:02.000000
-1532842.688685 -1104572.079769 6919624.385308
2231.948858 7011.486643 1610.108592
UTC=2024-01-20T05:24:02.000000
-1246526.799344 -259305.251060 7058713.970660
2533.986992 7057.323211 705.069266
UTC=2024-01-20T05:26:02.000000
-926253.801868 584642.591291 7088405.996581
2796.845639 6989.648519 -210.839958
UTC=2024-01-20T05:28:02.000000
-577092.086621 1413738.735946 7008241.931621
3014.522625 6810.242207 -1123.511936
UTC=2024-01-20T05:30:02.000000
-204787.614593 2214771.913085 6819455.411388
3181.746650 6522.673352 -2018.885453
UTC=2024-01-20T05:32:02.000000
184330.539627 2975063.335664 6524954.336221
3294.087672 6132.234115 -2883.151073
UTC=2024-01-20T05:34:02.000000
583457.037028 3682668.368558 6129278.703777
3348.053093 5645.852694 -3702.949774
UTC=2024-01-20T05:36:02.000000
985428.010544 4326566.665238 5638534.495170
3341.173246 5071.984985 -4465.574054
UTC=2024-01-20T05:38:02.000000
1382848.252058 4896837.675412 5060303.746381
3272.072554 4420.481525 -5159.162841
UTC=2024-01-20T05:40:02.000000
1768225.798458 5384818.851086 4403531.312140
3140.520474 3702.428605 -5772.894315
UTC=2024-01-20T05:42:02.000000
2134111.423660 5783242.948013 3678389.866118
2947.464880 2929.965080 -6297.153085
UTC=2024-01-20T05:44:02.000000
2473241.242920 6086353.349051 2896124.941505
2695.045108 2116.094735 -6723.703987
UTC=2024-01-20T05:46:02.000000
2778678.570702 6289994.457435 2068879.354373
2386.571207 1274.456670 -7045.849274
UTC=2024-01-20T05:48:02.000000
3043952.361942 6391673.111290 1209501.330459
2026.483293 419.077262 -7258.547435
UTC=2024-01-20T05:50:02.000000
3263188.571242 6390590.054858 331340.233418
1620.278065 -435.879445 -7358.499161
UTC=2024-01-20T05:52:02.000000
3431231.916262 6287641.527965 -551966.161368
1174.421942 -1276.361385 -7344.204274
UTC=2024-01-20T05:54:02.000000
3543755.771732 6085390.607460 -1426709.429617
696.238463 -2088.681241 -7215.985898
UTC=2024-01-20T05:56:02.000000
3597357.247615 5788009.010974 -2279328.865175
193.776828 -2859.754470 -6975.978933
UTC=2024-01-20T05:58:02.000000
3589635.628410 5401190.885449 -3096626.751588
-324.335498 -3577.328822 -6628.087975
UTC=2024-01-20T06:00:02.000000
3519252.054913 4932040.091334 -3865976.251509
-849.056379 -4230.194062 -6177.906289
UTC=2024-01-20T06:02:02.000000
3385969.255163 4388934.160218 -4575517.353181
-1371.095631 -4808.358697 -5632.600243
UTC=2024-01-20T06:04:02.000000
3190671.301263 3781369.089416 -5214337.968194
-1881.082799 -5303.195977 -5000.778635
UTC=2024-01-20T06:06:02.000000
2935363.156058 3119787.910947 -5772637.960928
-2369.733992 -5707.566393 -4292.337703
UTC=2024-01-20T06:08:02.000000
2623150.503758 2415396.573869 -6241873.529322
-2828.014824 -6015.906057 -3518.290950
UTC=2024-01-20T06:10:02.000000
2258200.223316 1679971.127569 -6614880.546135
-3247.298366 -6224.284441 -2690.588049
UTC=2024-01-20T06:12:02.000000
1845682.755540 925659.808569 -6885975.556296
-3619.508264 -6330.430835 -1821.926412
UTC=2024-01-20T06:14:02.000000
1391697.891567 164783.606979 -7051034.603796
-3937.254322 -6333.735398 -925.570656
UTC=2024-01-20T06:16:02.000000
903184.304567 -590362.360857 -7107550.359166
-4193.966975 -6235.235517 -15.166967
UTC=2024-01-20T06:18:02.000000
387813.854618 -1327704.406422 -7054665.903851
-4384.013246 -6037.574327 895.456085
UTC=2024-01-20T06:20:02.000000
-146126.835076 -2035579.081974 -6893185.514031
-4502.796393 -5744.934420 1792.469460
UTC=2024-01-20T06:22:02.000000
-689866.616965 -2702913.792228 -6625564.169530
-4546.853541 -5362.968897 2662.222208
UTC=2024-01-20T06:24:02.000000
-1234291.021946 -3319398.230024 -6255874.324555
-4513.936654 -4898.710886 3491.440084
UTC=2024-01-20T06:26:02.000000
-1770091.790504 -3875643.016986 -5789749.493499
-4403.073458 -4360.456341 4267.409074
UTC=2024-01-20T06:28:02.000000
-2287923.169499 -4363324.002532 -5234306.258380
-4214.618685 -3757.641517 4978.156425
UTC=2024-01-20T06:30:02.000000
-2778563.384700 -4775310.778423 -4598043.976735
-3950.287226 -3100.699280 5612.640400
UTC=2024-01-20T06:32:02.000000
-3233078.403764 -5105776.227567 -3890721.943858
-3613.158120 -2400.888547 6160.932533
UTC=2024-01-20T06:34:02.000000
-3642984.583820 -5350284.774752 -3123215.764829
-3207.653740 -1670.111429 6614.382701
UTC=2024-01-20T06:36:02.000000
-4000407.545984 -5505857.933824 -2307354.568320
-2739.496501 -920.716315 6965.773554
UTC=2024-01-20T06:38:02.000000
-4298234.094262 -5571015.273230 -1455740.637066
-2215.635576 -165.286295 7209.457547
UTC=2024-01-20T06:40:02.000000
-4530253.508577 -5545789.425253 -581554.006957
-1644.143439 583.581209 7341.469316
UTC=2024-01-20T06:42:02.000000
-4691284.769768 -5431714.366084 301654.631421
-1034.085707 1313.498544 7359.607632
UTC=2024-01-20T06:44:02.000000
-4777286.819664 -5231786.853820 1180178.991454
-395.368711 2012.510732 7263.486381
UTC=2024-01-20T06:46:02.000000
-4785449.073107 -4950401.264615 2040376.306479
261.437176 2669.314569 7054.548964
UTC=2024-01-20T06:48:02.000000
-4714259.697949 -4593259.099623 2868885.581294
925.288872 3273.459395 6736.040785
UTC=2024-01-20T06:50:02.000000
-4563550.524842 -4167255.724939 3652840.573214
1584.868694 3815.526053 6312.949958
UTC=2024-01-20T06:52:02.000000
-4334517.748457 -3680346.983648 4380073.938953
2228.789843 4287.283624 5791.919591
UTC=2024-01-20T06:54:02.000000
-4029717.619295 -3141398.278391 5039308.833359
2845.805797 4681.822966 5181.124259
UTC=2024-01-20T06:56:02.000000
-3653037.636635 -2560019.903253 5620333.747124
3425.007329 4993.651048 4490.119399
UTC=2024-01-20T06:58:02.000000
-3209644.744125 -1946393.028741 6114158.835201
3956.010389 5218.755122 3729.683454
UTC=2024-01-20T07:00:02.000000
-2705911.343586 -1311089.217841 6513152.584292
4429.137721 5354.647331 2911.646486
UTC=2024-01-20T07:02:02.000000
-2149320.038951 -664885.894370 6811156.643489
4835.590986 5400.385058 2048.697313
UTC=2024-01-20T07:04:02.000000
-1548348.652620 -18581.626634 7003576.349772
5167.604025 5356.551568 1154.173636
UTC=2024-01-20T07:06:02.000000
-912338.819662 617184.231916 7087446.677324
5418.566001 5225.209688 241.867694
UTC=2024-01-20T07:08:02.000000
-251350.140453 1232106.201756 7061475.344143
5583.140760 5009.850653 -674.167704
UTC=2024-01-20T07:10:02.000000
423999.201590 1816379.789436 6926061.792751
5657.370412 4715.318741 -1579.824184
UTC=2024-01-20T07:12:02.000000
1102703.094449 2360858.250427 6683291.403828
5638.759265 4347.713676 -2461.145827
UTC=2024-01-20T07:14:02.000000
1773546.741559 2857196.305526 6336905.036637
5526.333189 3914.273413 -3304.529688
UTC=2024-01-20T07:16:02.000000
2425291.901855 3297979.348699 5892244.974258
5320.681203 3423.249410 -4096.921090
UTC=2024-01-20T07:18:02.000000
3046866.140786 3676836.856286 5356177.215705
5023.979840 2883.766643 -4826.013436
UTC=2024-01-20T07:20:02.000000
3627553.237343 3988537.721226 4736989.426810
4639.983884 2305.661180 -5480.451294
UTC=2024-01-20T07:22:02.000000
4157180.066386 4229065.102434 4044266.130740
4173.982870 1699.307626 -6050.001420
UTC=2024-01-20T07:24:02.000000
4626298.354583 4395671.206530 3288744.084356
3632.758505 1075.450556 -6525.726377
UTC=2024-01-20T07:26:02.000000
5026358.174572 4486909.459270 2482145.570219
3024.478154 444.998463 -6900.159978
UTC=2024-01-20T07:28:02.000000
5349866.445914 4502642.596084 1636994.750695
2358.568311 -181.167332 -7167.424023
UTC=2024-01-20T07:30:02.000000
5590529.673674 4444027.465236 766419.999936
1645.567109 -792.393020 -7323.342871
UTC=2024-01-20T07:32:02.000000
5743376.537737 4313475.939599 -116055.564319
896.939528 -1378.447464 -7365.523160
UTC=2024-01-20T07:34:02.000000
5804856.863916 4114592.821888 -996730.593459
124.871548 -1929.709283 -7293.390393
UTC=2024-01-20T07:36:02.000000
5772915.434223 3852092.316232 -1861944.267153
-657.944032 -2437.337201 -7108.192794
UTC=2024-01-20T07:38:02.000000
5647039.154901 3531694.996431 -2698293.563945
-1438.536534 -2893.422955 -6812.970417
UTC=2024-01-20T07:40:02.000000
5428276.586780 3160008.005243 -3492844.669023
-2203.886946 -3291.117631 -6412.490256
UTC=2024-01-20T07:42:02.000000
5119230.147877 2744391.538876 -4233335.042813
-2941.154631 -3624.734827 -5913.156410
UTC=2024-01-20T07:44:02.000000
4724020.917735 2292814.031298 -4908363.023638
-3637.906733 -3889.835712 -5322.888292
UTC=2024-01-20T07:46:02.000000
4248226.927283 1813699.090141 -5507560.443576
-4282.325994 -4083.277582 -4650.965554
UTC=2024-01-20T07:48:02.000000
3698797.733975 1315768.648219 -6021746.422375
-4863.401744 -4203.232447 -3907.868982
UTC=2024-01-20T07:50:02.000000
3083946.828555 807885.124390 -6443061.309475
-5371.107598 -4249.184817 -3105.108095
UTC=2024-01-20T07:52:02.000000
2413023.854676 298895.222984 -6765078.934475
-5796.557303 -4221.905357 -2255.033311
UTC=2024-01-20T07:54:02.000000
1696369.857625 -202521.667878 -6982896.407799
-6132.133778 -4123.403068 -1370.652299
UTC=2024-01-20T07:56:02.000000
945157.774522 -687998.645805 -7093202.250601
-6371.609560 -3956.865823 -465.449434
UTC=2024-01-20T07:58:02.000000
171219.044973 -1149618.152665 -7094321.755544
-6510.250480 -3726.579271 446.813281
UTC=2024-01-20T08:00:02.000000
-613139.975154 -1580037.974923 -6986238.966349
-6544.886783 -3437.830585 1352.281270
UTC=2024-01-20T08:02:02.000000
-1395329.770194 -1972605.510967 -6770597.031214
-6473.978637 -3096.808822 2237.189281
UTC=2024-01-20T08:04:02.000000
-2162676.113938 -2321459.370421 -6450675.804535
-6297.658437 -2710.491071 3088.056307
UTC=2024-01-20T08:06:02.000000
-2902621.881285 -2621616.318472 -6031346.529571
-6017.746963 -2286.515013 3891.869575
UTC=2024-01-20T08:08:02.000000
-3602930.088591 -2869042.953661 -5519004.996611
-5637.759247 -1833.051787 4636.263720
UTC=2024-01-20T08:10:02.000000
-4251886.577942 -3060711.560034 -4921482.371772
-5162.887557 -1358.667007 5309.713753
UTC=2024-01-20T08:12:02.000000
-4838498.214917 -3194638.364647 -4247933.058917
-4599.945252 -872.168490 5901.719684
UTC=2024-01-20T08:14:02.000000
-5352682.914275 -3269903.368759 -3508701.378028
-3957.287764 -382.451967 6402.977833
UTC=2024-01-20T08:16:02.000000
-5785448.482829 -3286651.416936 -2715168.039050
-3244.703496 101.657782 6805.544957
UTC=2024-01-20T08:18:02.000000
-6129056.270595 -3246073.979243 -1879577.838619
-2473.269526 571.568530 7102.985185
UTC=2024-01-20T08:20:02.000000
-6377165.714326 -3150371.745007 -1014851.266979
-1655.179773 1019.078075 7290.491459
UTC=2024-01-20T08:22:02.000000
-6524956.689330 -3002698.551879 -134382.857317
-803.545201 1436.527707 7364.983408
UTC=2024-01-20T08:24:02.000000
-6569226.440509 -2807087.525532 748170.193730
67.827298 1816.943784 7325.172678
UTC=2024-01-20T08:26:02.000000
-6508458.708004 -2568361.012159 1619105.679704
944.679289 2154.166669 7171.600320
UTC=2024-01-20T08:28:02.000000
-6342862.223547 -2292025.930722 2464895.942385
1812.563121 2442.963313 6906.628897
UTC=2024-01-20T08:30:02.000000
-6074378.065820 -1984157.073759 3272403.809571
2657.094874 2679.114672 6534.394708
UTC=2024-01-20T08:32:02.000000
-5706656.888421 -1651271.265230 4029091.839855
3464.210295 2859.482368 6060.742999
UTC=2024-01-20T08:34:02.000000
-5245004.735230 -1300194.690649 4723221.076845
4220.423997 2982.053478 5493.113439
UTC=2024-01-20T08:36:02.000000
-4696299.887978 -937926.822874 5344033.877711
4913.052328 3045.952517 4840.397840
UTC=2024-01-20T08:38:02.000000
-4068884.258614 -571504.329829 5881919.523998
5530.419072 3051.432480 4112.794481
UTC=2024-01-20T08:40:02.000000
-3372430.419312 -207866.956409 6328561.260056
6062.054230 2999.849477 3321.640550
UTC=2024-01-20T08:42:02.000000
-2617786.196025 146272.011994 6677061.657960
6498.866290 2893.610776 2479.221800
UTC=2024-01-20T08:44:02.000000
-1816800.517367 484547.566015 6922044.732787
6833.282842 2736.100552 1598.577616
UTC=2024-01-20T08:46:02.000000
-982133.951501 801055.410326 7059734.598721
7059.366045 2531.598754 693.303116
UTC=2024-01-20T08:48:02.000000
-127056.916642 1090453.854010 7088010.046381
7172.902894 2285.184793 -222.652128
UTC=2024-01-20T08:50:02.000000
734761.673965 1348053.329077 7006435.083788
7171.474636 2002.629378 -1135.184171
UTC=2024-01-20T08:52:02.000000
1589472.827664 1569892.452642 6816265.288135
7054.504359 1690.277645 -2030.238574
UTC=2024-01-20T08:54:02.000000
2423269.931808 1752799.352258 6520429.620033
6823.276461 1354.921262 -2894.013043
UTC=2024-01-20T08:56:02.000000
3222612.211252 1894437.415334 6123488.348408
6480.935750 1003.667406 -3713.154803
UTC=2024-01-20T08:58:02.000000
3974446.725577 1993334.993556 5631566.788029
6032.459277 643.801579 -4474.966898
UTC=2024-01-20T09:00:02.000000
4666424.436742 2048898.475449 5052264.803822
5484.589093 282.649707 -5167.600494
UTC=2024-01-20T09:02:02.000000
5287107.344517 2061409.010662 4394544.235272
4845.752851 -72.557892 -5780.235796
UTC=2024-01-20T09:04:02.000000
5826164.747486 2032002.518973 3668593.814003
4125.953513 -414.829552 -6303.277814
UTC=2024-01-20T09:06:02.000000
6274552.195063 1962632.655560 2885671.482111
3336.595897 -737.549541 -6728.522659
UTC=2024-01-20T09:08:02.000000
6624669.539155 1856018.042391 2057929.724953
2490.316909 -1034.605006 -7049.289270
UTC=2024-01-20T09:10:02.000000
6870496.658149 1715574.562820 1198224.520992
1600.773995 -1300.507154 -7260.552475
UTC=2024-01-20T09:12:02.000000
7007701.517709 1545333.903293 319910.964810
682.404497 -1530.497124 -7359.030289
UTC=2024-01-20T09:14:02.000000
7033719.040147 1349850.569003 -563369.826594
-249.824064 -1720.634085 -7343.246151
UTC=2024-01-20T09:16:02.000000
6947798.324615 1134098.985075 -1437909.222746
-1180.688271 -1867.871211 -7213.550211
UTC=2024-01-20T09:18:02.000000
6751017.403505 903362.740328 -2290149.427506
-2094.973219 -1970.109410 -6972.102305
UTC=2024-01-20T09:20:02.000000
6446266.065945 663118.947083 -3106898.563631
-2977.743315 -2026.224886 -6622.830441
UTC=2024-01-20T09:22:02.000000
6038196.477575 418920.692391 -3875538.247303
-3814.603074 -2036.074651 -6171.349219
UTC=2024-01-20T09:24:02.000000
5533143.409074 176279.919937 -4584219.751393
-4591.944715 -2000.483390 -5624.850271
UTC=2024-01-20T09:26:02.000000
4939015.946644 -59446.767887 -5222044.928499
-5297.171437 -1921.207594 -4991.959503
UTC=2024-01-20T09:28:02.000000
4265164.534530 -283166.740657 -5779229.112622
-5918.887199 -1800.879797 -4282.583103
UTC=2024-01-20T09:30:02.000000
3522226.491684 -490152.485861 -6247245.174465
-6447.067163 -1642.940497 -3507.745579
UTC=2024-01-20T09:32:02.000000
2721952.158400 -676133.778127 -6618947.064122
-6873.208081 -1451.555147 -2679.408175
UTC=2024-01-20T09:34:02.000000
1877015.237172 -837378.896146 -6888670.670381
-7190.439318 -1231.516906 -1810.278077
UTC=2024-01-20T09:36:02.000000
1000811.504242 -970763.975950 -7052312.515451
-7393.611027 -988.146032 -913.628374
UTC=2024-01-20T09:38:02.000000
107247.674259 -1073829.597633 -7107386.420542
-7479.366787 -727.176542 -3.108219
UTC=2024-01-20T09:40:02.000000
-789476.437643 -1144823.431983 -7053057.038893
-7446.182531 -454.640390 907.448000
UTC=2024-01-20T09:42:02.000000
-1675089.363139 -1182729.063113 -6890151.146813
-7294.391126 -176.750539 1804.204488
UTC=2024-01-20T09:44:02.000000
-2535471.195333 -1187280.321878 -6621146.142509
-7026.182693 100.222383 2673.519256
UTC=2024-01-20T09:46:02.000000
-3356874.752843 -1158960.885905 -6250135.477089
-6645.572746 370.071367 3502.128554
UTC=2024-01-20T09:48:02.000000
-4126142.503310 -1098989.561568 -5782772.905109
-6158.366772 626.771224 4277.322656
UTC=2024-01-20T09:50:02.000000
-4830918.027650 -1009291.217114 -5226194.287820
-5572.096343 864.599292 4987.141708
UTC=2024-01-20T09:52:02.000000
-5459847.308023 -892453.531168 -4588916.444988
-4895.918301 1078.249814 5620.559020
UTC=2024-01-20T09:54:02.000000
-6002766.789876 -751670.421687 -3880714.617266
-4140.494854 1262.942322 6167.656889
UTC=2024-01-20T09:56:02.000000
-6450875.351624 -590672.715212 -3112478.921364
-3317.842396 1414.525285 6619.799553
UTC=2024-01-20T09:58:02.000000
-6796885.886698 -413647.091959 -2296050.997028
-2441.145151 1529.566263 6969.787821
UTC=2024-01-20T10:00:02.000000
-7035153.279882 -225145.115081 -1444043.456657
-1524.549648 1605.428453 7211.992468
UTC=2024-01-20T10:02:02.000000
-7161776.165580 -29983.661857 -569644.044941
-582.928280 1640.335878 7342.475329
UTC=2024-01-20T10:04:02.000000
-7174667.894335 166861.173529 313592.561717
368.390776 1633.416149 7359.067039
UTC=2024-01-20T10:06:02.000000
-7073595.469381 360363.990866 1191959.487514
1313.885247 1584.721780 7261.405959
UTC=2024-01-20T10:08:02.000000
-6860186.632721 545561.337574 2051816.051999
2238.111713 1495.231183 7050.956794
UTC=2024-01-20T10:10:02.000000
-6537903.675788 717661.897287 2879806.051176
3125.983723 1366.830185 6730.989404
UTC=2024-01-20T10:12:02.000000
-6111984.231598 872153.236511 3663071.226752
3963.042989 1202.272561 6306.520047
UTC=2024-01-20T10:14:02.000000
-5589350.431277 1004902.529383 4389455.381630
4735.712509 1005.119842 5784.214813
UTC=2024-01-20T10:16:02.000000
-4978489.317789 1112249.023966 5047695.247927
5431.523635 779.664100 5172.267278
UTC=2024-01-20T10:18:02.000000
-4289307.463985 1191086.286975 5627595.157436
6039.316577 530.835674 4480.251354
UTC=2024-01-20T10:20:02.000000
-3532963.421761 1238932.752180 6120183.271815
6549.411934 264.100459 3718.962817
UTC=2024-01-20T10:22:02.000000
-2721680.838951 1253989.210903 6517847.896150
6953.759986 -14.654136 2900.244378
UTC=2024-01-20T10:24:02.000000
-1868545.315153 1235182.378783 6814451.718260
7246.062133 -299.237353 2036.792422
UTC=2024-01-20T10:26:02.000000
-987288.889113 1182193.699767 7005421.929869
7421.853038 -583.282480 1141.951829
UTC=2024-01-20T10:28:02.000000
-92066.955335 1095472.836078 7087816.106402
7478.548576 -860.373915 229.518430
UTC=2024-01-20T10:30:02.000000
802769.452813 976235.826512 7060364.563634
7415.475260 -1124.175425 -686.457997
UTC=2024-01-20T10:32:02.000000
1682903.502389 826448.024640 6923488.740301
7233.875135 -1368.555618 -1591.875616
UTC=2024-01-20T10:34:02.000000
2534281.370776 648792.000359 6679295.337286
6936.884056 -1587.712672 -2472.781755
UTC=2024-01-20T10:36:02.000000
3343337.159054 446620.746919 6331546.447449
6529.489538 -1776.294401 -3315.573457
UTC=2024-01-20T10:38:02.000000
4097211.146437 223896.778455 5885605.148307
6018.458338 -1929.512634 -4107.204243
UTC=2024-01-20T10:40:02.000000
4783957.373368 -14882.030572 5348356.879145
5412.234357 -2043.250018 -4835.380303
UTC=2024-01-20T10:42:02.000000
5392737.656418 -264768.831791 4728107.527026
4720.813752 -2114.155854 -5488.752938
UTC=2024-01-20T10:44:02.000000
5913999.016045 -520464.837112 4034458.792108
3955.592734 -2139.727192 -6057.103794
UTC=2024-01-20T10:46:02.000000
6339631.208366 -776425.131394 3278161.967913
3129.187991 -2118.375022 -6531.519680
UTC=2024-01-20T10:48:02.000000
6663100.793202 -1026971.552367 2470951.555188
2255.225351 -2049.473613 -6904.551757
UTC=2024-01-20T10:50:02.000000
6879558.191509 -1266410.069835 1625361.302100
1348.102850 -1933.387367 -7170.346726
UTC=2024-01-20T10:52:02.000000
6985915.754482 -1489150.357110 754526.452441
422.746486 -1771.480062 -7324.748467
UTC=2024-01-20T10:54:02.000000
6980895.759772 -1689825.209320 -128025.165303
-505.650441 -1566.102329 -7365.382110
UTC=2024-01-20T10:56:02.000000
6865045.510161 -1863406.733836 -1008590.011888
-1421.910021 -1320.549762 -7291.695815
UTC=2024-01-20T10:58:02.000000
6640719.454446 -2005316.374063 -1873507.895665
-2311.135543 -1039.004682 -7104.962945
UTC=2024-01-20T11:00:02.000000
6312029.332420 -2111526.782875 -2709379.700238
-3158.978852 -726.456480 -6808.252361
UTC=2024-01-20T11:02:02.000000
5884763.289992 -2178652.970305 -3503278.982399
-3951.887195 -388.604311 -6406.359221
UTC=2024-01-20T11:04:02.000000
5366276.834503 -2204030.924732 -4242953.590218
-4677.325511 -31.745771 -5905.708509
UTC=2024-01-20T11:06:02.000000
4765358.562920 -2185782.221655 -4917014.311730
-5323.975608 337.344433 -5314.235651
UTC=2024-01-20T11:08:02.000000
4092073.246418 -2122863.623810 -5515107.672260
-5881.913134 711.543462 -4641.240809
UTC=2024-01-20T11:10:02.000000
3357585.718464 -2015100.729332 -6028069.670608
-6342.747576 1083.516524 -3897.219175
UTC=2024-01-20T11:12:02.000000
2573970.528034 -1863205.146108 -6448058.767324
-6699.721854 1445.854346 -3093.688476
UTC=2024-01-20T11:14:02.000000
1754010.898716 -1668775.242003 -6768668.374388
-6947.794841 1791.209887 -2243.016225
UTC=2024-01-20T11:16:02.000000
910988.955002 -1434280.474996 -6985017.257388
-7083.697940 2112.433587 -1358.224562
UTC=2024-01-20T11:18:02.000000
58471.606624 -1163030.040666 -7093816.688643
-7105.955663 2402.700855 -452.802442
UTC=2024-01-20T11:20:02.000000
-789904.931273 -859126.230905 -7093415.176491
-7014.885949 2655.638046 459.483080
UTC=2024-01-20T11:22:02.000000
-1620649.295380 -527403.138677 -6983820.763735
-6812.581049 2865.442444 1364.771696
UTC=2024-01-20T11:24:02.000000
-2420625.765266 -173351.037018 -6766700.590730
-6502.866231 3026.998263 2249.304429
UTC=2024-01-20T11:26:02.000000
-3177258.217324 196972.243803 -6445357.455089
-6091.230116 3135.978590 3099.608704
UTC=2024-01-20T11:28:02.000000
-3878725.153611 577041.857544 -6024684.835432
-5584.747947 3188.942052 3902.676796
UTC=2024-01-20T11:30:02.000000
-4514144.621092 959977.380011 -5511099.565732
-4991.983657 3183.416229 4646.159134
UTC=2024-01-20T11:32:02.000000
-5073745.392887 1338663.451505 -4912451.922020
-4322.864397 3117.969793 5318.543895
UTC=2024-01-20T11:34:02.000000
-5549022.398031 1705878.658516 -4237914.000585
-3588.538001 2992.274381 5909.344547
UTC=2024-01-20T11:36:02.000000
-5932872.721222 2054430.084617 -3497845.815714
-2801.195426 2807.136855 6409.276059
UTC=2024-01-20T11:38:02.000000
-6219709.554394 2377290.520508 -2703641.500573
-1973.880629 2564.512890 6810.414090
UTC=2024-01-20T11:40:02.000000
-6405551.988311 2667736.153061 -1867557.055227
-1120.277475 2267.500395 7106.341225
UTC=2024-01-20T11:42:02.000000
-6488088.090227 2919482.006200 -1002521.753581
-254.478393 1920.307832 7292.272502
UTC=2024-01-20T11:44:02.000000
-6466709.326065 3126811.957265 -121936.062777
609.260753 1528.195678 7365.153791
UTC=2024-01-20T11:46:02.000000
-6342514.886987 3284700.153598 760540.479850
1456.777207 1097.392027 7323.729227
UTC=2024-01-20T11:48:02.000000
-6118285.020277 3388921.055900 1631207.059761
2274.257969 634.988250 7168.568344
UTC=2024-01-20T11:50:02.000000
-5798424.168159 3436145.627882 2476540.581281
3048.486454 148.811732 6902.059137
UTC=2024-01-20T11:52:02.000000
-5388875.345268 3424021.222482 3283411.546786
3767.073000 -352.716452 6528.364295
UTC=2024-01-20T11:54:02.000000
-4897007.898667 3351233.535640 4039293.083558
4418.669585 -860.739254 6053.349451
UTC=2024-01-20T11:56:02.000000
-4331480.717404 3217548.940605 4732458.923979
4993.160630 -1366.130085 5484.470943
UTC=2024-01-20T11:58:02.000000
-3702084.768116 3023836.883461 5352166.327362
5481.816985 -1859.658699 4830.641637
UTC=2024-01-20T12:00:02.000000
-3019568.595682 2772072.342427 5888822.201666
5877.428773 -2332.157937 4102.082186
UTC=2024-01-20T12:02:02.000000
-2295449.428631 2465318.033490 6334129.689053
6174.407924 -2774.693987 3310.145366
UTC=2024-01-20T12:04:02.000000
-1541814.232033 2107686.547670 6681212.908323
6368.856241 -3178.729274 2467.128605
UTC=2024-01-20T12:06:02.000000
-771114.522549 1704283.506266 6924718.254886
6458.597345 -3536.275200 1586.072965
UTC=2024-01-20T12:08:02.000000
4040.456456 1261133.038145 7060892.184378
6443.178933 -3840.035173 680.573232
UTC=2024-01-20T12:10:02.000000
771090.231530 785086.623874 7087635.820543
6323.861677 -4083.537697 -235.421720
UTC=2024-01-20T12:12:02.000000
1517726.467046 283716.714636 7004535.251104
6103.578514 -4261.257346 -1147.811295
UTC=2024-01-20T12:14:02.000000
2232090.142739 -234803.535505 6812867.778933
5786.873217 -4368.725536 -2042.542459
UTC=2024-01-20T12:16:02.000000
2902960.182590 -761833.191898 6515584.134828
5379.819329 -4402.629274 -2905.811965
UTC=2024-01-20T12:18:02.000000
3519931.184157 -1288407.106981 6117266.230310
4889.919237 -4360.890142 -3724.270394
UTC=2024-01-20T12:20:02.000000
4073577.649142 -1805388.191017 5624060.489465
4325.978949 -4242.729817 -4485.226090
UTC=2024-01-20T12:22:02.000000
4555601.589937 -2303626.068389 5043587.004627
3697.958412 -4048.710092 -5176.840453
UTC=2024-01-20T12:24:02.000000
4958961.510050 -2774119.393352 4384826.129484
3016.811159 -3780.755339 -5788.311959
UTC=2024-01-20T12:26:02.000000
5277981.026207 -3208179.598953 3657982.905542
2294.303272 -3442.151115 -6310.060828
UTC=2024-01-20T12:28:02.000000
5508434.297507 -3597592.482114 2874329.987846
1542.808376 -3037.509715 -6733.899569
UTC=2024-01-20T12:30:02.000000
5647605.727611 -3934774.005872 2046031.778274
775.086322 -2572.709804 -7053.174178
UTC=2024-01-20T12:32:02.000000
5694322.915324 -4212917.536893 1185953.191036
4.059380 -2054.812858 -7262.882090
UTC=2024-01-20T12:34:02.000000
5648962.290900 -4426129.024703 307455.482813
-757.419580 -1491.945505 -7359.765106
UTC=2024-01-20T12:36:02.000000
5513427.015216 -4569546.896723 -575816.766902
-1496.796213 -893.164552 -7342.367627
UTC=2024-01-20T12:38:02.000000
5291097.414740 -4639444.104521 -1450154.038963
-2202.042161 -268.293071 -7211.063222
UTC=2024-01-20T12:40:02.000000
4986754.954700 -4633309.572158 -2302000.848077
-2861.867859 372.256629 -6968.040482
UTC=2024-01-20T12:42:02.000000
4606481.667440 -4549907.591855 -3118170.914708
-3465.916975 1017.672502 -6617.253172
UTC=2024-01-20T12:44:02.000000
4157537.723139 -4389314.179953 -3886054.494407
-4004.936757 1656.938027 -6164.340484
UTC=2024-01-20T12:46:02.000000
3648220.050901 -4152929.609540 -4593814.190797
-4470.922056 2279.031272 -5616.514911
UTC=2024-01-20T12:48:02.000000
3087705.421983 -3843467.407857 -5230565.856296
-4857.230985 2873.118740 -4982.426569
UTC=2024-01-20T12:50:02.000000
2485881.482963 -3464920.413525 -5786541.644299
-5158.668061 3428.741825 -4272.002084
UTC=2024-01-20T12:52:02.000000
1853170.070115 -3022505.443235 -6253233.057753
-5371.531544 3935.986626 -3496.276618
UTC=2024-01-20T12:54:02.000000
1200346.022035 -2522588.156113 -6623514.025448
-5493.643547 4385.647148 -2667.226062
UTC=2024-01-20T12:56:02.000000
538353.607720 -1972588.393078 -6891742.673013
-5524.356089 4769.384427 -1797.578016
UTC=2024-01-20T12:58:02.000000
-121875.724278 -1380867.814301 -7053839.696010
-5464.524387 5079.861089 -900.615870
UTC=2024-01-20T13:00:02.000000
-769601.022163 -756602.508061 -7107343.747213
-5316.458866 5310.859178 10.008391
UTC=2024-01-20T13:02:02.000000
-1394443.007757 -109642.230273 -7051444.661672
-5083.866406 5457.385757 920.458528
UTC=2024-01-20T13:04:02.000000
-1986547.301035 549642.325725 -6886994.072658
-4771.773344 5515.765134 1816.905777
UTC=2024-01-20T13:06:02.000000
-2536737.002604 1210522.275726 -6616493.341589
-4386.427353 5483.714831 2685.713983
UTC=2024-01-20T13:08:02.000000
-3036652.867220 1862081.524378 -6244059.412593
-3935.189783 5360.405537 3513.623442
UTC=2024-01-20T13:10:02.000000
-3478880.027746 2493393.968597 -5775368.658877
-3426.418130 5146.506248 4287.934321
UTC=2024-01-20T13:12:02.000000
-3857059.765501 3093705.134508 -5217578.385165
-2869.334112 4844.210588 4996.696450
UTC=2024-01-20T13:14:02.000000
-4165984.399477 3652615.325109 -4579225.328581
-2273.872946 4457.235197 5628.900560
UTC=2024-01-20T13:16:02.000000
-4401672.831792 4160260.892183 -3870101.897032
-1650.513027 3990.790666 6174.656259
UTC=2024-01-20T13:18:02.000000
-4561425.120773 4607490.538242 -3101112.050171
-1010.099283 3451.527747 6625.354525
UTC=2024-01-20T13:20:02.000000
-4643855.691180 4986033.388493 -2284108.105206
-363.661157 2847.452310 6973.822730
UTC=2024-01-20T13:22:02.000000
-4648903.996692 5288655.076271 -1431710.220926
277.778639 2187.813395 7214.456591
UTC=2024-01-20T13:24:02.000000
-4577822.152467 5509299.017515 -557111.057002
903.398796 1482.965762 7343.336644
UTC=2024-01-20T13:26:02.000000
-4433138.503536 5643208.805240 326131.977206
1502.782756 744.191832 7358.312096
UTC=2024-01-20T13:28:02.000000
-4218597.963361 5687028.186953 1204311.636619
2066.100674 -16.486605 7259.043719
UTC=2024-01-20T13:30:02.000000
-3939080.706878 5638877.258411 2063790.109502
2584.290748 -786.524242 7047.026849
UTC=2024-01-20T13:32:02.000000
-3600499.828442 5498401.474530 2891217.859765
3049.225654 -1553.082222 6725.562562
UTC=2024-01-20T13:34:02.000000
-3209680.475747 5266792.951056 3673746.568823
3453.851823 -2303.259903 6299.689404
UTC=2024-01-20T13:36:02.000000
-2774224.308973 4946784.307077 4399232.294300
3792.297562 -3024.320498 5776.091713
UTC=2024-01-20T13:38:02.000000
-2302362.146924 4542615.361911 5056426.237497
4059.960504 -3703.918108 5162.981775
UTC=2024-01-20T13:40:02.000000
-1802797.918279 4059973.104740 5635149.667954
4253.565791 -4330.314261 4469.956105
UTC=2024-01-20T13:42:02.000000
-1284547.061890 3505906.449813 6126450.198489
4371.199003 -4892.580826 3707.827477
UTC=2024-01-20T13:44:02.000000
-756772.941897 2888717.799420 6522736.930011
4412.307316 -5380.783671 2888.443535
UTC=2024-01-20T13:46:02.000000
-228624.654548 2217833.852223 6817893.226739
4377.675362 -5786.142688 2024.496239
UTC=2024-01-20T13:48:02.000000
290921.149948 1503658.540069 7007366.853092
4269.384943 -6101.174730 1129.334505
UTC=2024-01-20T13:50:02.000000
793212.592971 757409.338656 7088236.598449
4090.754675 -6319.822034 216.758412
UTC=2024-01-20T13:52:02.000000
1270066.180848 -9059.830790 7059254.287224
3846.257613 -6437.550158 -699.180398
UTC=2024-01-20T13:54:02.000000
1713899.786280 -783446.747116 6920863.268104
3541.426539 -6451.435532 -1604.375396
UTC=2024-01-20T13:56:02.000000
2117853.384672 -1553198.448067 6675192.555978
3182.744153 -6360.230446 -2484.872893
UTC=2024-01-20T13:58:02.000000
2475895.856259 -2305714.840668 6326026.468463
2777.521925 -6164.402906 -3327.071770
UTC=2024-01-20T14:00:02.000000
2782916.587384 -3028556.019951 5878749.993382
2333.766572 -5866.154801 -4117.929448
UTC=2024-01-20T14:02:02.000000
3034800.140522 -3709649.885962 5340269.691648
1860.032165 -5469.410168 -4845.161550
UTC=2024-01-20T14:04:02.000000
3228482.767455 -4337496.717072 4718911.207422
1365.267333 -4979.776237 -5497.431952
UTC=2024-01-20T14:06:02.000000
3361990.365951 -4901367.657314 4024294.241884
858.656319 -4404.479682 -6064.540647
UTC=2024-01-20T14:08:02.000000
3434456.557161 -5391493.209397 3267185.489875
349.448828 -3752.263848 -6537.597390
UTC=2024-01-20T14:10:02.000000
3446120.444649 -5799237.855297 2459332.130431
-153.208862 -3033.260786 -6909.175962
UTC=2024-01-20T14:12:02.000000
3398303.820555 -6117257.229827 1613277.815312
-640.446435 -2258.827959 -7173.447550
UTC=2024-01-20T14:14:02.000000
3293368.192852 -6339633.899039 742164.534327
-1103.831333 -1441.356104 -7326.282873
UTC=2024-01-20T14:16:02.000000
3134653.147290 -6461989.076401 -140475.849804
-1535.519587 -594.064020 -7365.323952
UTC=2024-01-20T14:18:02.000000
2926396.848272 -6481568.696929 -1020937.753684
-1928.402955 269.231128 -7290.039546
UTC=2024-01-20T14:20:02.000000
2673639.574465 -6397299.619089 -1885561.751573
-2276.240297 1134.372625 -7101.725366
UTC=2024-01-20T14:22:02.000000
2382113.317669 -6209815.709809 -2720951.904586
-2573.759513 1987.108348 -6803.471122
UTC=2024-01-20T14:24:02.000000
2058120.035251 -5921454.014817 -3514188.143431
-2816.747472 2813.348153 -6400.104185
UTC=2024-01-20T14:26:02.000000
1708400.521576 -5536219.779127 -4253028.667434
-3002.108728 3599.418970 -5898.081461
UTC=2024-01-20T14:28:02.000000
1339998.660218 -5059722.454023 -4926098.038812
-3127.890483 4332.293541 -5305.362715
UTC=2024-01-20T14:30:02.000000
960123.597204 -4499085.480443 -5523058.978878
-3193.290468 4999.799387 -4631.265533
UTC=2024-01-20T14:32:02.000000
576012.335561 -3862831.945240 -6034765.879603
-3198.642612 5590.812426 -3886.305230
UTC=2024-01-20T14:34:02.000000
194795.296314 -3160748.197124 -6453398.039463
-3145.381589 6095.428644 -3082.018075
UTC=2024-01-20T14:36:02.000000
-176632.602867 -2403728.438611 -6772571.276146
-3035.987083 6505.110489 -2230.779130
UTC=2024-01-20T14:38:02.000000
-531733.176344 -1603603.065649 -6987427.429457
-2873.911564 6812.810815 -1345.615776
UTC=2024-01-20T14:40:02.000000
-864436.627981 -772953.545962 -7094701.466408
-2663.493794 7013.074530 -440.021677
UTC=2024-01-20T14:42:02.000000
-1169242.266601 75083.810582 -7092766.019817
-2409.863510 7102.120567 472.234991
UTC=2024-01-20T14:44:02.000000
-1441307.220403 927022.197408 -6981652.841438
-2118.836136 7077.896077 1377.300564
UTC=2024-01-20T14:46:02.000000
-1676521.874665 1769234.372414 -6763052.097838
-1796.797223 6940.118620 2261.420313
UTC=2024-01-20T14:48:02.000000
-1871571.059431 2588166.329932 -6440289.283465
-1450.582070 6690.292841 3111.122758
UTC=2024-01-20T14:50:02.000000
-2023980.757666 3370552.262744 -6018280.301243
-1087.353062 6331.716085 3913.405630
UTC=2024-01-20T14:52:02.000000
-2132149.413216 4103628.359725 -5503463.533983
-714.466785 5869.451046 4655.926682
UTC=2024-01-20T14:54:02.000000
-2195363.375486 4775342.024545 -4903709.634946
-339.342857 5310.278522 5327.188885
UTC=2024-01-20T14:56:02.000000
-2213796.281878 5374553.593904 -4228208.698159
30.673539 4662.616528 5916.729037
UTC=2024-01-20T14:58:02.000000
-2188491.746502 5891226.130585 -3487335.647180
388.451060 3936.404242 6415.290036
UTC=2024-01-20T15:00:02.000000
-2121329.488635 6316599.850118 -2692496.153763
727.207880 3142.963721 6814.974825
UTC=2024-01-20T15:02:02.000000
-2014975.679314 6643348.528577 -1855954.478613
1040.639109 2294.834532 7109.394566
UTC=2024-01-20T15:04:02.000000
-1872818.285721 6865713.582031 -990644.639580
1323.039332 1405.568013 7293.792151
UTC=2024-01-20T15:06:02.000000
-1698888.404487 6979612.387908 -109969.144336
1569.412435 489.508676 7365.130216
UTC=2024-01-20T15:08:02.000000
-1497769.120874 6982719.589658 772412.161700
1775.569720 -438.443433 7322.168684
UTC=2024-01-20T15:10:02.000000
-1274493.596178 6874517.298488 1642800.864503
1938.210637 -1363.112457 7165.506082
UTC=2024-01-20T15:12:02.000000
-1034434.601304 6656311.083863 2487679.917001
2054.983576 -2269.328374 6897.559902
UTC=2024-01-20T15:14:02.000000
-783188.317801 6331213.360083 3293929.029212
2124.520409 -3142.190156 6522.515065
UTC=2024-01-20T15:16:02.000000
-526455.326750 5904095.696887 4049032.530913
2146.449516 -3967.320974 6046.248719
UTC=2024-01-20T15:18:02.000000
-269921.402115 5381511.218077 4741277.006053
2121.386939 -4731.114356 5476.238468
UTC=2024-01-20T15:20:02.000000
-19140.012357 4771586.553882 5359935.815979
2050.916139 -5420.990378 4821.422021
UTC=2024-01-20T15:22:02.000000
220580.948975 4083886.791140 5895433.433522
1937.535681 -6025.581437 4092.022432
UTC=2024-01-20T15:24:02.000000
444284.962744 3329259.501461 6339490.943883
1784.591092 -6534.912145 3299.397676
UTC=2024-01-20T15:26:02.000000
647463.762225 2519657.406157 6685250.839311
1596.192799 -6940.560546 2455.847194
UTC=2024-01-20T15:28:02.000000
826143.584226 1667944.493690 6927378.546618
1377.122235 -7235.780408 1574.421948
UTC=2024-01-20T15:30:02.000000
976959.488188 787688.436292 7062140.702499
1132.726616 -7415.603545 668.723190
UTC=2024-01-20T15:32:02.000000
1097216.509753 -107056.922854 7087459.013212
868.805628 -7476.904122 -247.297576
UTC=2024-01-20T15:34:02.000000
1184936.829260 -1001975.846745 7002940.843103
591.491473 -7418.451233 -1159.531374
UTC=2024-01-20T15:36:02.000000
1238892.225674 -1882720.139007 6809885.569026
307.124145 -7240.935523 -2053.921446
UTC=2024-01-20T15:38:02.000000
1258621.373635 -2735139.695896 6511266.156368
22.124004 -6946.966197 -2916.665462
UTC=2024-01-20T15:40:02.000000
1244431.708996 -3545511.457863 6111686.143428
-257.138947 -6541.043488 -3734.424720
UTC=2024-01-20T15:42:02.000000
1197385.587371 -4300762.625313 5617311.620710
-524.472733 -6029.491000 -4494.527528
UTC=2024-01-20T15:44:02.000000
1119271.722718 -4988684.252517 5035779.953545
-773.983598 -5420.366919 -5185.154435
UTC=2024-01-20T15:46:02.000000
1012562.188962 -5598133.377880 4376086.568849
-1000.195589 -4723.360029 -5795.522030
UTC=2024-01-20T15:48:02.000000
880355.309838 -6119220.749772 3648449.279883
-1198.165529 -3949.649128 -6316.070768
UTC=2024-01-20T15:50:02.000000
726305.374092 -6543479.024610 2864151.175866
-1363.587112 -3111.721576 -6738.630882
UTC=2024-01-20T15:52:02.000000
554540.380696 -6864007.733682 2035365.182580
-1492.886111 -2223.168402 -7056.563202
UTC=2024-01-20T15:54:02.000000
369569.461667 -7075592.309394 1174963.123284
-1583.295258 -1298.458451 -7264.876098
UTC=2024-01-20T15:56:02.000000
176182.262494 -7174795.168835 296311.879544
-1632.916293 -352.695444 -7360.325754
UTC=2024-01-20T15:58:02.000000
-20658.227315 -7160015.317440 -586940.926657
-1640.762739 598.662680 -7341.483335
UTC=2024-01-20T16:00:02.000000
-215926.195095 -7031513.732105 -1461086.077957
-1606.775019 1540.087449 -7208.750274
UTC=2024-01-20T16:02:02.000000
-404644.202140 -6791405.348650 -2312571.441283
-1531.816667 2456.252260 -6964.337445
UTC=2024-01-20T16:04:02.000000
-581992.794676 -6443619.014210 -3128216.590433
-1417.652068 3332.295617 -6612.219123
UTC=2024-01-20T16:06:02.000000
-743416.350389 -5993826.097945 -3895420.118941
-1266.905479 4154.078914 -6158.055665
UTC=2024-01-20T16:08:02.000000
-884722.770684 -5449338.996155 -4602355.578486
-1082.999519 4908.428374 -5609.080690
UTC=2024-01-20T16:10:02.000000
-1002174.743789 -4818982.478650 -5238151.929737
-870.077381 5583.343337 -4973.959564
UTC=2024-01-20T16:12:02.000000
-1092570.914678 -4112941.893623 -5793056.305625
-632.912218 6168.176247 -4262.636308
UTC=2024-01-20T16:14:02.000000
-1153315.414434 -3342591.272391 -6258577.496653
-376.804532 6653.786438 -3486.165549
UTC=2024-01-20T16:16:02.000000
-1182474.618807 -2520304.676743 -6627608.594735
-107.472427 7032.666166 -2656.533458
UTC=2024-01-20T16:18:02.000000
-1178820.392324 -1659254.216797 -6894527.498643
169.063540 7299.035204 -1786.469250
UTC=2024-01-20T16:20:02.000000
-1141859.338613 -773198.584594 -7055274.882513
446.598068 7448.906829 -889.259051
UTC=2024-01-20T16:22:02.000000
-1071847.712238 123735.113873 -7107409.742175
718.863146 7480.132484 21.443508
UTC=2024-01-20T16:24:02.000000
-969791.496316 1017273.044970 -7050142.073024
979.651325 7392.416106 931.805417
UTC=2024-01-20T16:26:02.000000
-837431.984139 1893217.130754 -6884343.421402
1222.934494 7187.314449 1827.999117
UTC=2024-01-20T16:28:02.000000
-677217.230547 2737666.113532 -6612535.008492
1442.981076 6868.212700 2696.387253
UTC=2024-01-20T16:30:02.000000
-492259.407579 3537232.936512 -6238853.948337
1634.473108 6440.287599 3523.707871
UTC=2024-01-20T16:32:02.000000
-286278.389664 4279256.040289 -5768996.490948
1792.618373 5910.439490 4297.269245
UTC=2024-01-20T16:34:02.000000
-63532.385142 4952000.657131 -5210138.476162
1913.252983 5287.198247 5005.133355
UTC=2024-01-20T16:36:02.000000
171263.152892 5544847.967651 -4570833.832677
1992.935135 4580.611624 5636.301254
UTC=2024-01-20T16:38:02.000000
413027.374200 6048468.826964 -3860890.877463
2029.029659 3802.099535 6180.894623
UTC=2024-01-20T16:40:02.000000
656415.174506 6454978.223264 -3091227.675658
2019.777803 2964.280262 6630.322318
UTC=2024-01-20T16:42:02.000000
895925.767826 6758067.622366 -2273708.302465
1964.351216 2080.775480 6977.433198
UTC=2024-01-20T16:44:02.000000
1126016.677792 6953112.311806 -1420961.608675
1862.887639 1165.987987 7216.652970
UTC=2024-01-20T16:46:02.000000
1341220.777854 7037250.616917 -546185.068216
1716.506058 234.856559 7344.094971
UTC=2024-01-20T16:48:02.000000
1536263.890137 7009432.573797 337062.918954
1527.299842 -697.407661 7357.640884
UTC=2024-01-20T16:50:02.000000
1706179.936397 6870436.320775 1215078.157289
1298.303258 -1615.592094 7256.982934
UTC=2024-01-20T16:52:02.000000
1846420.913196 6622852.318242 2074228.717255
1033.440082 -2504.748006 7043.632414
UTC=2024-01-20T16:54:02.000000
1952959.650708 6271035.858076 2901172.192944
737.453764 -3350.453344 6720.896492
UTC=2024-01-20T16:56:02.000000
2022383.040240 5821028.694992 3683068.201000
415.818855 -4139.063450 6293.824048
UTC=2024-01-20T16:58:02.000000
2051973.470061 5280451.130063 4407782.536062
74.633285 -4857.951992 5769.117396
UTC=2024-01-20T17:00:02.000000
2039776.601872 4658366.667660 5064078.697471
-279.500724 -5495.727302 5155.014380
UTC=2024-01-20T17:02:02.000000
1984653.902732 3965121.857539 5641792.989999
-639.611451 -6042.422476 4461.126721
UTC=2024-01-20T17:04:02.000000
1886319.082131 3212167.152583 6131989.053035
-998.488028 -6489.626801 3698.272436
UTC=2024-01-20T17:06:02.000000
1745358.695563 2411862.746614 6527092.902791
-1348.817875 -6830.607439 2878.309716
UTC=2024-01-20T17:08:02.000000
1563235.805227 1577271.124472 6821006.469791
-1683.328328 -7060.405461 2013.945611
UTC=2024-01-20T17:10:02.000000
1342276.838774 721940.310394 7009197.283831
-1994.925563 -7175.893397 1118.532224
UTC=2024-01-20T17:12:02.000000
1085642.041784 -140317.341112 7088763.930686
-2276.828258 -7175.794937 205.870959
UTC=2024-01-20T17:14:02.000000
797280.072216 -995648.038447 7058478.779571
-2522.699554 -7060.697268 -709.977273
UTC=2024-01-20T17:16:02.000000
481866.903269 -1830379.708074 6918806.471642
-2726.775028 -6833.035400 -1614.903599
UTC=2024-01-20T17:18:02.000000
144729.858099 -2631241.105052 6671897.386310
-2883.982396 -6497.045955 -2494.955582
UTC=2024-01-20T17:20:02.000000
-208242.038201 -3385574.185245 6321556.163459
-2990.048489 -6058.696791 -3336.550700
UTC=2024-01-20T17:22:02.000000
-570699.493597 -4081535.558151 5873185.050321
-3041.589747 -5525.578471 -4126.675072
UTC=2024-01-20T17:24:02.000000
-935944.736241 -4708284.296719 5333704.832013
-3036.195009 -4906.788416 -4853.063500
UTC=2024-01-20T17:26:02.000000
-1297052.893033 -5256155.387672 4711453.898893
-2972.501959 -4212.804365 -5504.387775
UTC=2024-01-20T17:28:02.000000
-1647001.361363 -5716815.994352 4016063.764860
-2850.250530 -3455.320603 -6070.456036
UTC=2024-01-20T17:30:02.000000
-1978804.017125 -6083399.713081 3258311.771615
-2670.312038 -2647.048039 -6542.390171
UTC=2024-01-20T17:32:02.000000
-2285647.714699 -6350615.582788 2449954.178742
-2434.697706 -1801.495987 -6912.776431
UTC=2024-01-20T17:34:02.000000
-2561028.371698 -6514830.190161 1603542.244131
-2146.541979 -932.740685 -7175.799272
UTC=2024-01-20T17:36:02.000000
-2798883.298395 -6574120.960089 732223.697506
-1810.057772 -55.177833 -7327.348006
UTC=2024-01-20T17:38:02.000000
-2993716.864993 -6528299.198215 -150466.609775
-1430.470104 816.733278 -7365.090926
UTC=2024-01-20T17:40:02.000000
-3140716.828279 -6378902.239802 -1030822.988528
-1013.927269 1668.727773 -7288.516509
UTC=2024-01-20T17:42:02.000000
-3235858.794794 -6129154.725948 -1895188.057300
-567.392051 2486.990621 -7098.939261
UTC=2024-01-20T17:44:02.000000
-3275996.505869 -5783899.849353 -2730170.404264
-98.514628 3258.400365 -6799.469788
UTC=2024-01-20T17:46:02.000000
-3258935.834952 -5349502.253607 -3522856.628034
384.511614 3970.757391 -6394.950323
UTC=2024-01-20T17:48:02.000000
-3183490.699698 -4833724.915932 -4261013.349865
873.105630 4612.986645 -5891.852726
UTC=2024-01-20T17:50:02.000000
-3049520.105718 -4245583.763438 -4933275.309519
1358.456701 5175.306254 -5298.151166
UTC=2024-01-20T17:52:02.000000
-2857946.203276 -3595183.798401 -5529317.142333
1831.682804 5649.367961 -4623.177372
UTC=2024-01-20T17:54:02.000000
-2610753.385991 -2893540.072460 -6040006.734180
2283.988137 6028.368533 -3877.459104
UTC=2024-01-20T17:56:02.000000
-2310968.511361 -2152387.135068 -6457538.461595
2706.820163 6307.130737 -3072.547163
UTC=2024-01-20T17:58:02.000000
-1962622.476059 -1383980.421877 -6775544.980940
3092.021710 6482.156647 -2220.829958
UTC=2024-01-20T18:00:02.000000
-1570694.331829 -600893.138520 -6989186.184125
3431.969516 6551.649268 -1335.341203
UTC=2024-01-20T18:02:02.000000
-1141039.415220 184187.757316 -7095215.259601
3719.702966 6515.506468 -429.571477
UTC=2024-01-20T18:04:02.000000
-680302.347159 958663.478240 -7092022.662774
3949.048281 6375.294898 482.712382
UTC=2024-01-20T18:06:02.000000
-195815.629524 1710221.476128 -6979657.963791
4114.731686 6134.209062 1387.657338
UTC=2024-01-20T18:08:02.000000
304514.342916 2427027.045811 -6759829.196676
4212.479007 5797.008004 2271.504331
UTC=2024-01-20T18:10:02.000000
812333.373102 3097906.988893 -6435880.591207
4239.116591 5369.943361 3120.775848
UTC=2024-01-20T18:12:02.000000
1318976.441384 3712522.922885 -6012746.779593
4192.648357 4860.657886 3922.474756
UTC=2024-01-20T18:14:02.000000
1815612.705642 4261531.009115 -5496884.044782
4072.316179 4278.063680 4664.267062
UTC=2024-01-20T18:16:02.000000
2293397.122341 4736726.514932 -4896179.826932
3878.647718 3632.210212 5334.665388
UTC=2024-01-20T18:18:02.000000
2743626.484609 5131171.303346 -4219839.868077
3613.481118 2934.129668 5923.216042
UTC=2024-01-20T18:20:02.000000
3157896.903932 5439301.160487 -3478253.636503
3279.965508 2195.657940 6420.670830
UTC=2024-01-20T18:22:02.000000
3528260.236625 5657011.000651 -2682839.997178
2882.542089 1429.244313 6819.148072
UTC=2024-01-20T18:24:02.000000
3847376.456044 5781715.852939 -1845874.103987
2426.893817 647.738289 7112.279878
UTC=2024-01-20T18:26:02.000000
4108658.175496 5812385.752117 -980298.254470
1919.866395 -135.830346 7295.333902
UTC=2024-01-20T18:28:02.000000
4306404.101516 5749553.603925 -99519.498641
1369.362778 -908.482608 7365.309646
UTC=2024-01-20T18:30:02.000000
4435918.387129 5595295.018815 782802.224780
784.213571 -1657.524808 7321.000273
UTC=2024-01-20T18:32:02.000000
4493612.848285 5353180.217379 1652971.161576
174.021927 -2370.776638 7163.016067
UTC=2024-01-20T18:34:02.000000
4477089.882256 5028199.989228 2497473.549513
-450.999627 -3036.775590 6893.778724
UTC=2024-01-20T18:36:02.000000
4385204.869715 4626666.996103 3303193.949400
-1080.215577 -3644.988614 6517.495025
UTC=2024-01-20T18:38:02.000000
4218104.585663 4156092.669617 4057624.433274
-1702.769407 -4185.995414 6040.066291
UTC=2024-01-20T18:40:02.000000
3977242.499116 3625044.516003 4749061.625412
-2307.771405 -4651.637674 5468.980875
UTC=2024-01-20T18:42:02.000000
3665370.950357 3042987.227323 5366790.005611
-2884.498517 -5035.140188 4813.192666
UTC=2024-01-20T18:44:02.000000
3286508.693151 2420109.988730 5901248.283922
-3422.597433 -5331.216131 4082.952405
UTC=2024-01-20T18:46:02.000000
2845886.233446 1767144.306778 6344174.048723
-3912.253425 -5536.121313 3289.630245
UTC=2024-01-20T18:48:02.000000
2349870.920957 1095176.343662 6688727.705748
-4344.362122 -5647.692612 2445.536882
UTC=2024-01-20T18:50:02.000000
1805871.990521 415456.800027 6929593.489102
-4710.687855 -5665.347963 1563.726774
UTC=2024-01-20T18:52:02.000000
1222227.687780 -260787.551799 7063057.371113
-5004.005394 -5590.064214 657.809636
UTC=2024-01-20T18:54:02.000000
608076.045794 -922539.304264 7087061.923215
-5218.230969 -5424.346657 -258.249647
UTC=2024-01-20T18:56:02.000000
-26789.132558 -1559170.361169 7001236.278196
-5348.536339 -5172.165690 -1170.340454
UTC=2024-01-20T18:58:02.000000
-672074.921335 -2160612.928434 6806901.328861
-5391.445439 -4838.873971 -2064.412507
UTC=2024-01-20T19:00:02.000000
-1317156.145398 -2717519.313874 6507049.876867
-5344.906182 -4431.100744 -2926.684882
UTC=2024-01-20T19:02:02.000000
-1951249.279967 -3221407.784352 6106302.670775
-5208.339545 -3956.628942 -3743.836022
UTC=2024-01-20T19:04:02.000000
-2563592.121464 -3664793.569610 5610842.166559
-4982.686750 -3424.269471 -4503.192174
UTC=2024-01-20T19:06:02.000000
-3143628.122661 -4041303.676689 5028322.645316
-4670.435644 -2843.714218 -5192.931223
UTC=2024-01-20T19:08:02.000000
-3681191.532993 -4345772.478463 4367755.792707
-4275.605521 -2225.364125 -5802.283353
UTC=2024-01-20T19:10:02.000000
-4166688.491175 -4574315.937921 3639373.571480
-3803.698490 -1580.147078 -6321.708488
UTC=2024-01-20T19:12:02.000000
-4591270.850989 -4724383.505068 2854471.009566
-3261.627538 -919.328080 -6743.053516
UTC=2024-01-20T19:14:02.000000
-4947000.166424 -4794786.919291 2025230.981690
-2657.622904 -254.312857 -7059.697609
UTC=2024-01-20T19:16:02.000000
-5226998.342621 -4785704.593146 1164532.550218
-2001.102635 403.561386 -7266.675830
UTC=2024-01-20T19:18:02.000000
-5425581.029356 -4698660.982051 285746.630760
-1302.516602 1043.231599 -7360.768167
UTC=2024-01-20T19:20:02.000000
-5538370.928338 -4536481.609442 -597477.320339
-573.167403 1654.109010 -7340.559596
UTC=2024-01-20T19:22:02.000000
-5562388.267457 -4303224.584982 -1471429.913944
174.990861 2226.270632 -7206.467955
UTC=2024-01-20T19:24:02.000000
-5496115.881890 -4004089.686245 -2322561.432002
929.573289 2750.639912 -6960.730185
UTC=2024-01-20T19:26:02.000000
-5339537.354330 -3645307.323049 -3137697.051505
1677.989428 3219.138977 -6607.345890
UTC=2024-01-20T19:28:02.000000
-5094148.347070 -3234010.883172 -3904243.639615
2407.665155 3624.815276 -6151.993958
UTC=2024-01-20T19:30:02.000000
-4762941.504315 -2778095.335956 -4610384.925597
3106.261225 3961.943179 -5601.923020
UTC=2024-01-20T19:32:02.000000
-4350365.323691 -2286065.212672 -5245262.008468
3761.887139 4226.098854 -4965.815915
UTC=2024-01-20T19:34:02.000000
-3862258.237649 -1766875.364342 -5799136.284929
4363.299610 4414.206549 -4253.634272
UTC=2024-01-20T19:36:02.000000
-3305759.818207 -1229767.643783 -6263532.791378
4900.085281 4524.559777 -3476.447564
UTC=2024-01-20T19:38:02.000000
-2689201.072119 -684106.730030 -6631362.396203
5362.826624 4556.814757 -2646.252948
UTC=2024-01-20T19:40:02.000000
-2021975.799551 -139218.225992 -6897021.928750
5743.251081 4511.959443 -1775.787170
UTC=2024-01-20T19:42:02.000000
-1314395.483033 395768.153606 -7056471.342635
6034.354492 4392.260146 -878.334504
UTC=2024-01-20T19:44:02.000000
-577530.770320 912068.116307 -7107288.595292
6230.505700 4201.196548 32.452793
UTC=2024-01-20T19:46:02.000000
176959.162835 1401383.891130 -7048702.500516
6327.540048 3943.381709 942.744072
UTC=2024-01-20T19:48:02.000000
937007.086526 1856034.454384 -6881603.485405
6322.834637 3624.466632 1838.705292
UTC=2024-01-20T19:50:02.000000
1690327.248527 2269074.350289 -6608532.611478
6215.378275 3251.040671 2706.694568
UTC=2024-01-20T19:52:02.000000
2424611.006007 2634399.178023 -6233646.744341
6005.805788 2830.511764 3533.454509
UTC=2024-01-20T19:54:02.000000
3127725.669808 2946836.116547 -5762660.937182
5696.414198 2370.974884 4306.304247
UTC=2024-01-20T19:56:02.000000
3787913.494194 3202218.071681 -5202768.485860
5291.154215 1881.074783 5013.316473
UTC=2024-01-20T19:58:02.000000
4393989.128211 3397441.248795 -4562539.482707
4795.608018 1369.862708 5643.503587
UTC=2024-01-20T20:00:02.000000
4935532.217641 3530504.478348 -3851796.959804
4216.931084 846.637331 6187.000567
UTC=2024-01-20T20:02:02.000000
5403070.930570 3600529.051768 -3081471.815668
3563.758220 320.780574 6635.233849
UTC=2024-01-20T20:04:02.000000
5788252.616435 3607759.031658 -2263438.824956
2846.086651 -198.404181 6981.070361
UTC=2024-01-20T20:06:02.000000
6083998.880617 3553541.597737 -1410335.179021
2075.128381 -701.864099 7218.956953
UTC=2024-01-20T20:08:02.000000
6284640.619918 3440286.821112 -535364.218154
1263.127783 -1180.963885 7345.026068
UTC=2024-01-20T20:10:02.000000
6386030.059643 3271407.969612 347911.873775
423.160163 -1627.645454 7357.175633
UTC=2024-01-20T20:12:02.000000
6385627.035999 3051242.976469 1225787.092558
-431.096046 -2034.578890 7255.114996
UTC=2024-01-20T20:14:02.000000
6282556.875659 2784959.273814 2084629.883060
-1285.601689 -2395.288789 7040.374893
UTC=2024-01-20T20:16:02.000000
6077638.959775 2478444.272292 2911100.884169
-2126.204065 -2704.269251 6716.288483
UTC=2024-01-20T20:18:02.000000
5773384.850852 2138182.995384 3692366.118276
-2938.895879 -2957.078959 6287.932218
UTC=2024-01-20T20:20:02.000000
5373965.642814 1771126.149114 4416300.799968
-3710.066761 -3150.407287 5762.031160
UTC=2024-01-20T20:22:02.000000
4885149.873720 1384551.623858 5071679.705994
-4426.739463 -3282.115827 5146.829286
UTC=2024-01-20T20:24:02.000000
4314214.741804 985922.785418 5648351.272832
-5076.783597 -3351.253077 4451.954188
UTC=2024-01-20T20:26:02.000000
3669831.243594 582746.056222 6137394.263538
-5649.133470 -3358.049450 3688.251851
UTC=2024-01-20T20:28:02.000000
2961925.305900 182430.965154 6531252.290266
-6133.964612 -3303.881129 2867.592113
UTC=2024-01-20T20:30:02.000000
2201520.034406 -207844.143453 6823845.709845
-6522.839125 -3191.215330 2002.687677
UTC=2024-01-20T20:32:02.000000
1400560.940225 -581259.250573 7010661.666720
-6808.843084 -3023.544642 1106.906690
UTC=2024-01-20T20:34:02.000000
571725.663917 -931470.958728 7088820.691762
-6986.705202 -2805.304643 194.068258
UTC=2024-01-20T20:36:02.000000
-271778.397805 -1252719.718394 7057118.172903
-7052.879176 -2541.773044 -721.765883
UTC=2024-01-20T20:38:02.000000
-1116424.976414 -1539924.408660 6916041.278370
-7005.604885 -2238.959870 -1626.495734
UTC=2024-01-20T20:40:02.000000
-1948585.573835 -1788762.920297 6667761.199210
-6844.941688 -1903.483466 -2506.187448
UTC=2024-01-20T20:42:02.000000
-2754748.526989 -1995737.235237 6316101.642021
-6572.778354 -1542.438771 -3347.263366
UTC=2024-01-20T20:44:02.000000
-3521738.863451 -2158222.978802 5866484.884502
-6192.837437 -1163.270081 -4136.692742
UTC=2024-01-20T20:46:02.000000
-4236937.100914 -2274503.231842 5325853.236698
-5710.644017 -773.633144 -4862.207670
UTC=2024-01-20T20:48:02.000000
-4888491.284802 -2343785.151749 4702565.511743
-5133.451303 -381.248896 -5512.499192
UTC=2024-01-20T20:50:02.000000
-5465518.623735 -2366198.832135 4006270.725420
-4470.138785 6.246355 -6077.402048
UTC=2024-01-20T20:52:02.000000
-5958292.991390 -2342778.295822 3247760.788439
-3731.080960 381.447138 -6548.059426
UTC=2024-01-20T20:54:02.000000
-6358415.259184 -2275425.438296 2438804.347313
-2927.992159 737.316528 -6917.073033
UTC=2024-01-20T20:56:02.000000
-6658963.545473 -2166857.860857 1591963.292542
-2073.745168 1067.318815 -7178.643321
UTC=2024-01-20T20:58:02.000000
-6854618.969373 -2020540.729769 720393.534368
-1182.143150 1365.550730 -7328.683340
UTC=2024-01-20T21:00:02.000000
-6941762.885987 -1840603.960239 -162364.760202
-267.680180 1626.853947 -7364.885750
UTC=2024-01-20T21:02:02.000000
-6918544.645616 -1631746.814164 -1042603.804670
654.716545 1846.911993 -7286.768171
UTC=2024-01-20T21:04:02.000000
-6784917.281455 -1399132.176522 -1906667.675953
1569.957672 2022.325098 -7095.674290
UTC=2024-01-20T21:06:02.000000
-6542640.889546 -1148273.137319 -2741169.669040
2463.058897 2150.662996 -6794.739067
UTC=2024-01-20T21:08:02.000000
-6195254.276563 -884914.584494 -3533203.730176
3319.402594 2230.496677 -6388.825262
UTC=2024-01-20T21:10:02.000000
-5748015.641384 -614912.022862 -4270546.324654
4124.990546 2261.411768 -5884.426568
UTC=2024-01-20T21:12:02.000000
-5207813.944668 -344110.233270 -4941844.847659
4866.679168 2243.997422 -5289.541719
UTC=2024-01-20T21:14:02.000000
-4583053.365658 -78224.745684 -5536789.564490
5532.391784 2179.811178 -4613.527406
UTC=2024-01-20T21:16:02.000000
-3883513.646510 177271.373089 -6046266.854520
6111.308412 2071.326342 -3866.932568
UTC=2024-01-20T21:18:02.000000
-3120189.472934 417253.372132 -6462491.442270
6594.023251 1921.861910 -3061.316886
UTC=2024-01-20T21:20:02.000000
-2305112.960118 637041.355298 -6779116.825582
6972.671045 1735.497899 -2209.070905
UTC=2024-01-20T21:22:02.000000
-1451161.981931 832485.987153 -6991324.197887
7241.037595 1516.980893 -1323.233495
UTC=2024-01-20T21:24:02.000000
-571856.902922 1000042.522885 -7095888.580894
7394.639584 1271.622956 -417.297893
UTC=2024-01-20T21:26:02.000000
318850.524550 1136832.033365 -7091222.178362
7430.777570 1005.189834 494.972044
UTC=2024-01-20T21:28:02.000000
1206793.790148 1240688.976900 -6977396.546392
7348.579726 723.786645 1399.714207
UTC=2024-01-20T21:30:02.000000
2077813.165579 1310194.985850 -6756142.744157
7149.031244 433.740818 2283.166477
UTC=2024-01-20T21:32:02.000000
2917978.208067 1344698.162573 -6430827.627833
6834.966404 141.478921 3131.859349
UTC=2024-01-20T21:34:02.000000
3713808.165687 1344317.506249 -6006407.115621
6411.037107 -146.598324 3932.808833
UTC=2024-01-20T21:36:02.000000
4452486.910806 1309932.377986 -5489357.205119
5883.659345 -424.239135 4673.694136
UTC=2024-01-20T21:38:02.000000
5122070.780151 1243157.388332 -4887583.344920
5260.943886 -685.460986 5343.043638
UTC=2024-01-20T21:40:02.000000
5711685.953046 1146302.937233 -4210307.196006
4552.589722 -924.669638 5930.421849
UTC=2024-01-20T21:42:02.000000
6211711.050852 1022321.674709 -3467931.935647
3769.747089 -1136.773539 6426.599718
UTC=2024-01-20T21:44:02.000000
6613941.856563 874741.768888 -2671887.877581
2924.856402 -1317.288759 6823.712844
UTC=2024-01-20T21:46:02.000000
6911735.170895 707588.265524 -1834459.671601
2031.459573 -1462.432895 7115.410386
UTC=2024-01-20T21:48:02.000000
7100127.765641 525293.734743 -968596.769187
1103.974058 -1569.208871 7296.981182
UTC=2024-01-20T21:50:02.000000
7175926.708039 332599.977923 -87710.867999
157.445053 -1635.468565 7365.444664
UTC=2024-01-20T21:52:02.000000
7137769.376407 134453.333525 794535.605101
-792.710768 -1659.957939 7319.610583
UTC=2024-01-20T21:54:02.000000
6986151.979311 -64104.737402 1664446.652787
-1730.976001 -1642.348627 7160.112058
UTC=2024-01-20T21:56:02.000000
6723424.913797 -258049.224847 2508511.708215
-2642.012045 -1583.242145 6889.402942
UTC=2024-01-20T21:58:02.000000
6353754.501485 -442482.510331 3313621.822433
-3510.937049 -1484.156534 6511.712061
UTC=2024-01-20T22:00:02.000000
5883052.258505 -612742.385590 4067278.071093
-4323.587523 -1347.488268 6032.961000
UTC=2024-01-20T22:02:02.000000
5318874.515863 -764504.183529 4757788.542034
-5066.752247 -1176.457498 5460.660372
UTC=2024-01-20T22:04:02.000000
4670294.138540 -893875.788508 5374451.544294
-5728.402740 -975.038867 4803.777564
UTC=2024-01-20T22:06:02.000000
3947746.562176 -997482.637105 5907720.852476
-6297.886856 -747.867328 4072.574858
UTC=2024-01-20T22:08:02.000000
3162854.811581 -1072541.126087 6349350.932059
-6766.088889 -500.140439 3278.438831
UTC=2024-01-20T22:10:02.000000
2328236.681509 -1116919.719661 6692520.825491
-7125.563940 -237.509418 2433.694412
UTC=2024-01-20T22:12:02.000000
1457297.743297 -1129186.510115 6931935.577376
-7370.644304 34.036300 1551.417825
UTC=2024-01-20T22:14:02.000000
564012.661896 -1108642.432322 7063904.256167
-7497.522838 308.293371 645.231422
UTC=2024-01-20T22:16:02.000000
-337300.956761 -1055339.334279 7086393.058149
-7504.296005 578.970755 -270.901928
UTC=2024-01-20T22:18:02.000000
-1232212.342439 -970082.996862 6999054.099734
-7390.982355 839.814955 -1182.879674
UTC=2024-01-20T22:20:02.000000
-2106408.155231 -854420.974437 6803230.192827
-7159.517537 1084.737969 -2076.659641
UTC=2024-01-20T22:22:02.000000
-2945920.972890 -710615.196957 6501935.672501
-6813.724844 1307.941800 -2938.457579
UTC=2024-01-20T22:24:02.000000
-3737353.225148 -541599.929938 6099813.669846
-6359.268783 1504.038236 -3754.945180
UTC=2024-01-20T22:26:02.000000
-4468093.912400 -350925.777605 5603069.108504
-5803.578933 1668.161748 -4513.454637
UTC=2024-01-20T22:28:02.000000
-5126524.223709 -142690.406739 5019377.323272
-5155.741122 1796.076993 -5202.179980
UTC=2024-01-20T22:30:02.000000
-5702208.170121 78542.907620 4357769.073701
-4426.357971 1884.274405 -5810.367595
UTC=2024-01-20T22:32:02.000000
-6186064.771540 307837.579323 3628493.398080
-3627.379503 1930.054324 -6328.494005
UTC=2024-01-20T22:34:02.000000
-6570518.502081 539985.171418 2842860.452435
-2771.913805 1931.595981 -6748.423363
UTC=2024-01-20T22:36:02.000000
-6849625.648255 769614.198920 2013065.862957
-1874.010730 1888.009237 -7063.556202
UTC=2024-01-20T22:38:02.000000
-7019173.051680 991303.733249 1151998.881408
-948.421785 1799.363516 -7268.949653
UTC=2024-01-20T22:40:02.000000
-7076746.971099 1199699.394936 273037.623492
-10.340799 1666.698648 -7361.411724
UTC=2024-01-20T22:42:02.000000
-7021769.749435 1389629.347005 -610164.921716
924.871222 1492.013021 -7339.559606
UTC=2024-01-20T22:44:02.000000
-6855503.199589 1556217.344391 -1483899.446923
1841.962609 1278.227004 -7203.836980
UTC=2024-01-20T22:46:02.000000
-6581019.570519 1694990.340578 -2334618.768852
2726.054063 1029.130644 -6956.498047
UTC=2024-01-20T22:48:02.000000
-6203141.159248 1801978.928567 -3149153.128085
3562.901956 749.313452 -6601.569200
UTC=2024-01-20T22:50:02.000000
-5728348.505572 1873807.607801 -3914918.190769
4339.151775 444.067180 -6144.762991
UTC=2024-01-20T22:52:02.000000
-5164660.292281 1907772.762593 -4620110.410447
5042.556032 119.279776 -5593.358670
UTC=2024-01-20T22:54:02.000000
-4521488.839908 1901907.353359 -5253886.967750
5662.164409 -218.680732 -4956.064093
UTC=2024-01-20T22:56:02.000000
-3809474.589762 1855031.105694 -5806527.803477
6188.481696 -563.090602 -4242.856611
UTC=2024-01-20T22:58:02.000000
-3040303.719975 1766785.536090 -6269578.020356
6613.593020 -906.999085 -3464.816792
UTC=2024-01-20T23:00:02.000000
-2226512.112267 1637653.259957 -6635969.898177
6931.267128 -1243.360325 -2633.952974
UTC=2024-01-20T23:02:02.000000
-1381278.438400 1468961.563954 -6900122.746054
7137.030229 -1565.164412 -1763.007853
UTC=2024-01-20T23:04:02.000000
-518211.002083 1262870.197211 -7058019.665215
7228.200112 -1865.568205 -865.271662
UTC=2024-01-20T23:06:02.000000
348868.414405 1022343.859553 -7107262.188164
7203.900987 -2138.019021 45.601803
UTC=2024-01-20T23:08:02.000000
1206141.391815 751110.075552 -7047103.505669
7065.065895 -2376.376558 955.769021
UTC=2024-01-20T23:10:02.000000
2040009.548908 453602.292434 -6878459.477633
6814.421848 -2575.035405 1851.396514
UTC=2024-01-20T23:12:02.000000
2837306.746731 134888.924825 -6603895.788629
6456.436820 -2729.035477 2718.850902
UTC=2024-01-20T23:14:02.000000
3585504.422684 -199410.300575 -6227592.703812
5997.255470 -2834.165677 3544.888482
UTC=2024-01-20T23:16:02.000000
4272907.260850 -543220.154673 -5755286.919573
5444.603556 -2887.059639 4316.841880
UTC=2024-01-20T23:18:02.000000
4888836.789637 -890116.286090 -5194191.818273
4807.684600 -2885.278802 5022.797819
UTC=2024-01-20T23:20:02.000000
5423801.372314 -1233441.175309 -4552895.588290
4097.050512 -2827.385786 5651.787610
UTC=2024-01-20T23:22:02.000000
5869648.510652 -1566427.586799 -3841236.989838
3324.440063 -2712.996923 6193.965594
UTC=2024-01-20T23:24:02.000000
6219696.645226 -1882327.371767 -3070160.449932
2502.597901 -2542.818338 6640.776731
UTC=2024-01-20T23:26:02.000000
6468843.792334 -2174543.391262 -2251551.764942
1645.069542 -2318.661408 6985.110917
UTC=2024-01-20T23:28:02.000000
6613650.198056 -2436761.835303 -1398056.421236
765.973978 -2043.433072 7221.436610
UTC=2024-01-20T23:30:02.000000
6652392.847397 -2663081.890669 -522883.545196
-120.236346 -1721.102457 7345.907188
UTC=2024-01-20T23:32:02.000000
6585090.456996 -2848140.130015 360401.436948
-999.027925 -1356.645333 7356.441632
UTC=2024-01-20T23:34:02.000000
6413497.822450 -2987226.639067 1238091.842082
-1856.042113 -955.962495 7252.772260
UTC=2024-01-20T23:36:02.000000
6141069.280322 -3076390.131301 2096558.692806
-2677.356073 -525.778129 7036.460623
UTC=2024-01-20T23:38:02.000000
5772891.062587 -3112529.610326 2922468.755036
-3449.733283 -73.518031 6710.866506
UTC=2024-01-20T23:40:02.000000
5315585.032321 -3093470.356083 3702997.163645
-4160.854638 392.830909 6281.089697
UTC=2024-01-20T23:42:02.000000
4777185.704238 -3018022.175793 4426030.482551
-4799.525447 864.871527 5753.868913
UTC=2024-01-20T23:44:02.000000
4166994.697372 -2886019.664754 5080356.687906
-5355.851198 1333.946994 5137.469042
UTC=2024-01-20T23:46:02.000000
3495414.468049 -2698343.730267 5655840.186983
-5821.403657 1791.303997 4441.537826
UTC=2024-01-20T23:48:02.000000
2773764.691441 -2456923.065713 6143577.401603
-6189.340263 2228.259469 3676.932006
UTC=2024-01-20T23:50:02.000000
2014086.531396 -2164716.281556 6536031.288254
-6454.491612 2636.356952 2855.539713
UTC=2024-01-20T23:52:02.000000
1228937.902177 -1825675.493983 6827143.819823
-6613.422195 3007.519657 1990.091048
UTC=2024-01-20T23:54:02.000000
431183.184785 -1444691.779745 7012425.260633
-6664.462255 3334.199153 1093.960235
UTC=2024-01-20T23:56:02.000000
-366218.919224 -1027523.319356 7089019.350723
-6607.707465 3609.514577 180.964199
UTC=2024-01-20T23:58:02.000000
-1150426.001466 -580707.473223 7055744.347049
-6444.994345 3827.380751 -734.838439
