UTC=2024-01-06T00:00:02.000000
-5291472.667706 2301503.869227 4268342.076173
-3277.744684 3401.472404 -5881.559787
UTC=2024-01-06T00:02:02.000000
-5639533.537479 2694069.897097 3531240.104537
-2516.569729 3130.643692 -6387.570190
UTC=2024-01-06T00:04:02.000000
-5894102.860724 3050379.078529 2739292.049181
-1721.747584 2797.873538 -6794.461886
UTC=2024-01-06T00:06:02.000000
-6051941.738451 3363267.898502 1904792.114689
-906.653499 2407.850669 -7095.838052
UTC=2024-01-06T00:08:02.000000
-6111433.925919 3626205.202838 1040702.829612
-84.914961 1966.411917 -7286.975244
UTC=2024-01-06T00:10:02.000000
-6072601.034967 3833424.361025 160448.640161
729.838736 1480.444517 -7364.908426
UTC=2024-01-06T00:12:02.000000
-5937088.294267 3980042.511243 -722298.335143
1524.216584 957.769495 -7328.481133
UTC=2024-01-06T00:14:02.000000
-5708121.672370 4062164.679440 -1593836.916134
2285.302921 407.006779 -7178.366946
UTC=2024-01-06T00:16:02.000000
-5390436.658290 4076970.386502 -2440656.272021
3000.893550 -162.584147 -6917.058145
UTC=2024-01-06T00:18:02.000000
-4990179.712660 4022780.020242 -3249650.833380
3659.709131 -741.277129 -6548.804370
UTC=2024-01-06T00:20:02.000000
-4514785.849189 3899100.171429 -4008326.195180
4251.582463 -1319.059122 -6079.524024
UTC=2024-01-06T00:22:02.000000
-3972835.470078 3706647.156024 -4704992.290008
4767.613994 -1885.810541 -5516.683097
UTC=2024-01-06T00:24:02.000000
-3373894.298461 3447349.015139 -5328940.964023
5200.299724 -2431.485788 -4869.154454
UTC=2024-01-06T00:26:02.000000
-2728340.264306 3124326.159675 -5870605.259603
5543.619351 -2946.285003 -4147.059764
UTC=2024-01-06T00:28:02.000000
-2047181.006628 2741851.904816 -6321699.837411
5793.108709 -3420.821319 -3361.608412
UTC=2024-01-06T00:30:02.000000
-1341864.126729 2305292.906389 -6675340.474308
5945.902798 -3846.285039 -2524.910606
UTC=2024-01-06T00:32:02.000000
-624084.699035 1821031.146027 -6926140.725826
6000.741189 -4214.586197 -1649.789066
UTC=2024-01-06T00:34:02.000000
94406.692409 1296369.425372 -7070286.471270
5957.954718 -4518.489595 -749.594706
UTC=2024-01-06T00:36:02.000000
801992.899924 739421.451621 -7105588.212855
5819.430730 -4751.734217 161.975417
UTC=2024-01-06T00:38:02.000000
1487374.729604 158988.012637 -7031511.585179
5588.571309 -4909.148598 1071.066616
UTC=2024-01-06T00:40:02.000000
2139748.389751 -435580.005718 -6849184.265107
5270.216333 -4986.750142 1963.864042
UTC=2024-01-06T00:42:02.000000
2748972.746918 -1034529.199325 -6561380.245318
4870.555510 -4981.825869 2826.774795
UTC=2024-01-06T00:44:02.000000
3305725.421072 -1627860.300325 -6172481.742275
4397.025078 -4893.000063 3646.619305
UTC=2024-01-06T00:46:02.000000
3801645.221726 -2205491.789645 -5688418.887673
3858.189615 -4720.286593 4410.808272
UTC=2024-01-06T00:48:02.000000
4229460.150419 -2757429.496695 -5116587.470475
3263.612671 -4465.131628 5107.536961
UTC=2024-01-06T00:50:02.000000
4583097.719656 -3273939.262385 -4465743.197790
2623.694489 -4130.421161 5725.974256
UTC=2024-01-06T00:52:02.000000
4857775.258874 -3745718.798865 -3745874.573120
1949.503594 -3720.462550 6256.432158
UTC=2024-01-06T00:54:02.000000
5050069.680278 -4164066.238873 -2968055.811592
1252.600041 -3240.947064 6690.530813
UTC=2024-01-06T00:56:02.000000
5157964.829235 -4521042.446804 -2144280.340336
544.838638 -2698.881165 7021.353490
UTC=2024-01-06T00:58:02.000000
5180874.592395 -4809623.257641 -1287277.273200
-161.836005 -2102.490311 7243.575644
UTC=2024-01-06T01:00:02.000000
5119640.913071 -5023838.672814 -410313.520296
-855.603863 -1461.094744 7353.573905
UTC=2024-01-06T01:02:02.000000
4976505.897617 -5158895.201200 473015.192172
-1524.983956 -784.954814 7349.501141
UTC=2024-01-06T01:04:02.000000
4755058.760065 -5211278.208496 1349000.347225
-2159.039168 -85.093197 7231.329344
UTC=2024-01-06T01:06:02.000000
4460158.417985 -5178831.715140 2204039.749431
-2747.577110 626.902700 7000.855178
UTC=2024-01-06T01:08:02.000000
4097833.236120 -5060813.862594 3024854.617165
-3281.326580 1339.086216 6661.664559
UTC=2024-01-06T01:10:02.000000
3675160.889538 -4857927.274071 3798700.984093
-3752.095458 2039.366011 6219.071950
UTC=2024-01-06T01:12:02.000000
3200130.423077 -4572323.196778 4513571.594451
-4152.905959 2715.726135 5680.022467
UTC=2024-01-06T01:14:02.000000
2681490.064708 -4207579.450331 5158384.314647
-4478.097923 3356.441578 5052.966656
UTC=2024-01-06T01:16:02.000000
2128584.270384 -3768653.134757 5723154.040730
-4723.404565 3950.282370 4347.712088
UTC=2024-01-06T01:18:02.000000
1551183.238855 -3261809.306831 6199145.917434
-4886.003349 4486.711668 3575.258482
UTC=2024-01-06T01:20:02.000000
959308.105752 -2694526.775552 6579007.153509
-4964.534848 4956.064437 2747.609055
UTC=2024-01-06T01:22:02.000000
363055.646952 -2075383.804753 6856876.097707
-4959.094465 5349.707344 1877.580286
UTC=2024-01-06T01:24:02.000000
-227574.466145 -1413925.482239 7028468.054212
-4871.197390 5660.182300 978.606545
UTC=2024-01-06T01:26:02.000000
-802847.017271 -720514.745915 7091137.868324
-4703.725916 5881.337121 64.545168
UTC=2024-01-06T01:28:02.000000
-1353451.265363 -6168.874814 7043918.414629
-4460.859331 6008.434669 -850.527773
UTC=2024-01-06T01:30:02.000000
-1870651.484257 717615.888147 6887534.623510
-4147.985314 6038.242625 -1752.521498
UTC=2024-01-06T01:32:02.000000
-2346425.735051 1439049.249875 6624393.034801
-3771.593978 5969.102121 -2627.533807
UTC=2024-01-06T01:34:02.000000
-2773591.079163 2146238.742281 6258547.038326
-3339.157054 5800.975352 -3462.052441
UTC=2024-01-06T01:36:02.000000
-3145913.464145 2827386.126828 5795638.256798
-2858.994617 5535.473559 -4243.152194
UTC=2024-01-06T01:38:02.000000
-3458201.014710 3470985.710037 5242814.123564
-2340.131164 5175.858956 -4958.694344
UTC=2024-01-06T01:40:02.000000
-3706379.228998 4066021.183479 4608621.885294
-1792.137494 4727.019673 -5597.518571
UTC=2024-01-06T01:42:02.000000
-3887546.419503 4602157.926654 3902880.090505
-1224.960616 4195.417603 -6149.626734
UTC=2024-01-06T01:44:02.000000
-4000008.221237 5069927.139783 3136528.664190
-648.745289 3589.004619 -6606.354935
UTC=2024-01-06T01:46:02.000000
-4043290.270572 5460897.862392 2321459.230251
-73.648641 2917.103135 -6960.529047
UTC=2024-01-06T01:48:02.000000
-4018128.415795 5767832.670906 1470328.544640
490.346685 2190.256244 -7206.589063
UTC=2024-01-06T01:50:02.000000
-3926437.050089 5984824.141747 596358.763724
1033.609942 1420.057740 -7340.686206
UTC=2024-01-06T01:52:02.000000
-3771256.389204 6107409.705809 -286872.813779
1547.037647 618.959595 -7360.761430
UTC=2024-01-06T01:54:02.000000
-3556678.816967 6132661.226288 -1165651.572536
2022.223537 -199.955687 -7266.587914
UTC=2024-01-06T01:56:02.000000
-3287756.026556 6059246.441856 -2026345.828586
2451.610447 -1023.213805 -7059.771852
UTC=2024-01-06T01:58:02.000000
-2970388.545915 5887461.053962 -2855624.513313
2828.627599 -1837.196533 -6743.705388
UTC=2024-01-06T02:00:02.000000
-2611201.287182 5619231.733523 -3640667.023957
3147.786405 -2628.378822 -6323.490488
UTC=2024-01-06T02:02:02.000000
-2217408.926284 5258090.670812 -4369362.866586
3404.757893 -3383.566515 -5805.840774
UTC=2024-01-06T02:04:02.000000
-1796673.193996 4809122.047154 -5030497.238023
3596.425543 -4090.122447 -5198.946180
UTC=2024-01-06T02:06:02.000000
-1356955.927660 4278883.067884 -5613919.378620
3720.906329 -4736.165482 -4512.326628
UTC=2024-01-06T02:08:02.000000
-906370.566602 3675301.674407 -6110693.104340
3777.555669 -5310.762654 -3756.677304
UTC=2024-01-06T02:10:02.000000
-453034.368923 3007551.833075 -6513227.346413
3766.949301 -5804.107452 -2943.690105
UTC=2024-01-06T02:12:02.000000
-4924.393475 2285909.145287 -6815384.245838
3690.838597 -6207.667325 -2085.861704
UTC=2024-01-06T02:14:02.000000
430259.852697 1521590.561972 -7012564.724131
3552.086643 -6514.305439 -1196.312079
UTC=2024-01-06T02:16:02.000000
845225.556687 726580.077607 -7101772.216429
3354.595370 -6718.390803 -288.597567
UTC=2024-01-06T02:18:02.000000
1233206.126116 -86557.426683 -7081653.581593
3103.217032 -6815.886704 623.479264
UTC=2024-01-06T02:20:02.000000
1588069.133806 -904871.921650 -6952517.089642
2803.650463 -6804.419289 1526.063050
UTC=2024-01-06T02:22:02.000000
1904411.221225 -1715230.456828 -6716327.507956
2462.329288 -6683.319746 2405.431022
UTC=2024-01-06T02:24:02.000000
2177639.414459 -2504523.569733 -6376679.201931
2086.305817 -6453.651200 3248.176490
UTC=2024-01-06T02:26:02.000000
2404037.828176 -3259874.006073 -5938747.401949
1683.124843 -6118.222577 4041.388816
UTC=2024-01-06T02:28:02.000000
2580819.049897 -3968846.330262 -5409217.096557
1260.692902 -5681.583754 4772.850736
UTC=2024-01-06T02:30:02.000000
2706158.909695 -4619652.990963 -4796187.807357
827.133046 -5149.970888 5431.233383
UTC=2024-01-06T02:32:02.000000
2779213.758811 -5201352.269158 -4109056.804220
390.640210 -4531.232237 6006.263864
UTC=2024-01-06T02:34:02.000000
2800120.353575 -5704036.703170 -3358382.372368
-40.665210 -3834.739546 6488.893599
UTC=2024-01-06T02:36:02.000000
2769978.001994 -6119008.549358 -2555726.767117
-458.885500 -3071.257848 6871.463750
UTC=2024-01-06T02:38:02.000000
2690813.106538 -6438937.556958 -1713480.831043
-856.491074 -2252.785424 7147.845242
UTC=2024-01-06T02:40:02.000000
2565526.332194 -6657998.022440 -844672.808994
-1226.463550 -1392.364666 7313.562837
UTC=2024-01-06T02:42:02.000000
2397823.078259 -6771980.793599 37236.207988
-1562.431058 -503.856133 7365.889305
UTC=2024-01-06T02:44:02.000000
2192128.473029 -6778377.153033 918565.305717
-1858.787532 398.299687 7303.894054
UTC=2024-01-06T02:46:02.000000
1953489.427661 -6676433.802190 1785631.393654
-2110.792204 1299.330456 7128.475140
UTC=2024-01-06T02:48:02.000000
1687465.172417 -6467176.246653 2624968.693469
-2314.660002 2184.407861 6842.348883
UTC=2024-01-06T02:50:02.000000
1400008.705993 -6153399.545806 3423543.661734
-2467.621143 3038.910081 6449.992171
UTC=2024-01-06T02:52:02.000000
1097342.391114 -5739628.122108 4168961.755087
-2567.960675 3848.678555 5957.561294
UTC=2024-01-06T02:54:02.000000
785830.272342 -5232045.419944 4849662.418704
-2615.032671 4600.260077 5372.779739
UTC=2024-01-06T02:56:02.000000
471849.895237 -4638395.448213 5455099.551408
-2609.255545 5281.136479 4704.807218
UTC=2024-01-06T02:58:02.000000
161666.182595 -3967857.377257 5975904.442225
-2552.080168 5879.939821 3964.078627
UTC=2024-01-06T03:00:02.000000
-138689.428963 -3230896.109584 6404028.185892
-2445.937474 6386.637366 3162.124247
UTC=2024-01-06T03:02:02.000000
-423532.782696 -2439092.692208 6732861.619619
-2294.171760 6792.681575 2311.377750
UTC=2024-01-06T03:04:02.000000
-687631.669125 -1604958.509662 6957332.441509
-2100.956050 7091.133765 1424.988767
UTC=2024-01-06T03:06:02.000000
-926299.657864 -741735.477357 7073979.797949
-1871.196998 7276.774145 516.632352
UTC=2024-01-06T03:08:02.000000
-1135477.946324 136815.748139 7081005.195018
-1610.429999 7346.188190 -399.695479
UTC=2024-01-06T03:10:02.000000
-1311803.900718 1016635.899952 6978298.575537
-1324.702044 7297.820626 -1309.884024
UTC=2024-01-06T03:12:02.000000
-1452665.030064 1883592.235906 6767439.874126
-1020.447675 7132.004841 -2199.911174
UTC=2024-01-06T03:14:02.000000
-1556237.909501 2723705.705889 6451676.264066
-704.361904 6850.967819 -3056.045468
UTC=2024-01-06T03:16:02.000000
-1621511.647569 3523377.246845 6035875.139865
-383.269943 6458.810029 -3865.048427
UTC=2024-01-06T03:18:02.000000
-1648295.445804 4269609.926664 5526453.013217
-63.992295 5961.456337 -4614.371558
UTC=2024-01-06T03:20:02.000000
-1637210.119209 4950223.852739 4931281.217822
246.786245 5366.584846 -5292.349381
UTC=2024-01-06T03:22:02.000000
-1589663.901512 5554060.549968 4259568.207879
542.649259 4683.520138 -5888.392932
UTC=2024-01-06T03:24:02.000000
-1507812.390208 6071172.319123 3521719.685210
817.576752 3923.091181 -6393.164204
UTC=2024-01-06T03:26:02.000000
-1394504.194593 6492993.122980 2729178.918860
1066.057436 3097.467898 -6798.734629
UTC=2024-01-06T03:28:02.000000
-1253212.808085 6812488.268125 1894248.472450
1283.207408 2219.966470 -7098.733504
UTC=2024-01-06T03:30:02.000000
-1087954.909991 7024278.290314 1029896.034590
1464.872138 1304.817789 -7288.462099
UTC=2024-01-06T03:32:02.000000
-903197.849716 7124734.139882 149548.615319
1607.707280 366.923163 -7364.975105
UTC=2024-01-06T03:34:02.000000
-703758.301182 7112042.437600 -733121.581794
1709.244836 -578.402491 -7327.139564
UTC=2024-01-06T03:36:02.000000
-494694.070174 6986238.250641 -1604416.758369
1767.939390 -1515.715818 -7175.661423
UTC=2024-01-06T03:38:02.000000
-281191.945994 6749203.143057 -2450832.855521
1783.187910 -2429.730586 -6913.054931
UTC=2024-01-06T03:40:02.000000
-68454.543185 6404630.480712 -3259272.979000
1755.328052 -3305.578372 -6543.580009
UTC=2024-01-06T03:42:02.000000
138411.714695 5957960.286338 -4017252.148939
1685.621072 -4129.057609 -6073.159250
UTC=2024-01-06T03:44:02.000000
334505.443881 5416284.766907 -4713090.422520
1576.215131 -4886.871550 -5509.266231
UTC=2024-01-06T03:46:02.000000
515233.538248 4788226.550386 -5336090.880528
1430.089400 -5566.843330 -4860.786095
UTC=2024-01-06T03:48:02.000000
676406.726393 4083792.790217 -5876699.751772
1250.981721 -6158.103704 -4137.858840
UTC=2024-01-06T03:50:02.000000
814325.410846 3314208.237598 -6326646.843842
1043.299677 -6651.253213 -3351.707636
UTC=2024-01-06T03:52:02.000000
925854.235631 2491730.680325 -6679064.555886
812.022905 -7038.492940 -2514.454344
UTC=2024-01-06T03:54:02.000000
1008484.490094 1629452.757041 -6928584.431015
562.597498 -7313.721446 -1638.932520
UTC=2024-01-06T03:56:02.000000
1060383.347285 741093.484696 -7071411.699788
300.822928 -7472.612204 -738.505492
UTC=2024-01-06T03:58:02.000000
1080429.362505 -159218.295917 -7105377.459709
32.736451 -7512.668342 173.123964
UTC=2024-01-06T04:00:02.000000
1068233.750811 -1057165.543467 -7029967.856062
-235.508696 -7433.252211 1082.107147
UTC=2024-01-06T04:02:02.000000
1024147.081657 -1938466.297438 -6846330.133557
-497.762665 -7235.584272 1974.637903
UTC=2024-01-06T04:04:02.000000
949251.864467 -2789095.772310 -6557256.890117
-747.995844 -6922.727426 2837.128730
UTC=2024-01-06T04:06:02.000000
845340.898135 -3595506.308266 -6167148.999159
-980.420571 -6499.565118 3656.395921
UTC=2024-01-06T04:08:02.000000
714881.000732 -4344842.670702 -5681955.012098
-1189.609006 -5972.740292 4419.860784
UTC=2024-01-06T04:10:02.000000
560963.365646 -5025147.849850 -5109087.464041
-1370.600949 -5350.564566 5115.731603
UTC=2024-01-06T04:12:02.000000
387240.920950 -5625557.211424 -4457317.721376
-1519.011654 -4642.912703 5733.183477
UTC=2024-01-06T04:14:02.000000
197853.307312 -6136478.178873 -3736649.017608
-1631.129211 -3861.084755 6262.539551
UTC=2024-01-06T04:16:02.000000
-2659.095624 -6549751.263832 -2958168.574502
-1703.999614 -3017.635260 6695.435787
UTC=2024-01-06T04:18:02.000000
-209450.545560 -6858789.399745 -2133881.055176
-1735.498261 -2126.182943 7024.969913
UTC=2024-01-06T04:20:02.000000
-417473.012965 -7058692.700949 -1276524.701271
-1724.386099 -1201.188767 7245.838333
UTC=2024-01-06T04:22:02.000000
-621584.850704 -7146334.769802 -399372.877920
-1670.346366 -257.707296 7354.440572
UTC=2024-01-06T04:24:02.000000
-816662.681524 -7120418.334434 483974.928363
-1574.001467 688.874875 7348.950842
UTC=2024-01-06T04:26:02.000000
-997714.122068 -6981499.102030 1359808.802656
-1436.910023 1623.106580 7229.359207
UTC=2024-01-06T04:28:02.000000
-1159988.855881 -6731976.994353 2214527.313485
-1261.541676 2529.748631 6997.482051
UTC=2024-01-06T04:30:02.000000
-1299085.306097 -6376054.118317 3034855.276472
-1051.229414 3394.048585 6656.932433
UTC=2024-01-06T04:32:02.000000
-1411050.294890 -5919660.444063 3808055.760123
-810.100448 4202.004021 6213.053659
UTC=2024-01-06T04:34:02.000000
-1492469.447571 -5370348.954770 4522131.714984
-542.992818 4940.604601 5672.813970
UTC=2024-01-06T04:36:02.000000
-1540546.808287 -4737163.763709 5166013.567683
-255.358030 5598.041030 5044.681196
UTC=2024-01-06T04:38:02.000000
-1553172.015829 -4030484.508154 5729730.999256
46.847900 6163.894857 4338.483097
UTC=2024-01-06T04:40:02.000000
-1528973.675536 -3261848.823598 6204566.203121
357.286355 6629.309364 3565.235548
UTC=2024-01-06T04:42:02.000000
-1467357.443799 -2443757.117011 6583184.971647
669.366817 6987.111582 2736.951131
UTC=2024-01-06T04:44:02.000000
-1368528.546645 -1589465.047452 6859745.168732
976.374684 7231.900613 1866.454908
UTC=2024-01-06T04:46:02.000000
-1233499.052962 -712766.134634 7029982.962091
1271.598603 7360.123654 967.192680
UTC=2024-01-06T04:48:02.000000
-1064079.725736 172232.843145 7091274.888629
1548.460278 7370.115535 53.024837
UTC=2024-01-06T04:50:02.000000
-862856.108775 1051339.206948 7042675.854852
1800.647092 7262.110974 -861.969336
UTC=2024-01-06T04:52:02.000000
-633148.808240 1910502.184445 6884933.159572
2022.241510 7038.236125 -1763.697143
UTC=2024-01-06T04:54:02.000000
-378958.728033 2736037.834441 6620475.734430
2207.842374 6702.469896 -2638.258186
UTC=2024-01-06T04:56:02.000000
-104898.250302 3514847.722738 6253378.952996
2352.677370 6260.579767 -3472.145247
UTC=2024-01-06T04:58:02.000000
183890.499912 4234628.728318 5789305.385561
2452.706490 5720.036434 -4252.445931
UTC=2024-01-06T05:00:02.000000
481829.374564 4884070.759887 5235421.625509
2504.717796 5089.899312 -4967.037012
UTC=2024-01-06T05:02:02.000000
783008.715069 5453039.668443 4600292.014083
2506.409959 4380.682312 -5604.779537
UTC=2024-01-06T05:04:02.000000
1081300.328600 5932741.450010 3893749.112763
2456.450340 3604.175435 -6155.700872
UTC=2024-01-06T05:06:02.000000
1370476.995461 6315864.804005 3126745.047893
2354.531411 2773.274443 -6611.142748
UTC=2024-01-06T05:08:02.000000
1644338.067700 6596702.181205 2311182.251936
2201.402452 1901.766585 -6963.953055
UTC=2024-01-06T05:10:02.000000
1896835.735457 6771240.910975 1459725.136136
1998.861877 1004.074543 -7208.600701
UTC=2024-01-06T05:12:02.000000
2122200.497909 6837224.813700 585599.287005
1749.743891 95.005031 -7341.277967
UTC=2024-01-06T05:14:02.000000
2315062.884338 6794184.212687 -297619.426031
1457.872194 -810.516859 -7359.962319
UTC=2024-01-06T05:16:02.000000
2470568.482563 6643434.508634 -1176221.336266
1127.995102 -1697.708687 -7264.449102
UTC=2024-01-06T05:18:02.000000
2584484.095288 6388043.398801 -2036581.418187
765.702348 -2552.190587 -7056.350763
UTC=2024-01-06T05:20:02.000000
2653292.713247 6032767.430440 -2865375.676437
377.321998 -3360.235727 -6739.063867
UTC=2024-01-06T05:22:02.000000
2674275.102031 5583959.183357 -3649791.625446
-30.198990 -4109.009114 -6317.702874
UTC=2024-01-06T05:24:02.000000
2645576.120567 5049446.866471 -4377728.514530
-449.429440 -4786.785059 -5798.995124
UTC=2024-01-06T05:26:02.000000
2566254.311517 4438389.999634 -5037983.150134
-872.596435 -5383.128546 -5191.149156
UTC=2024-01-06T05:28:02.000000
2436314.263853 3761115.134838 -5620418.787476
-1291.729409 -5889.046302 -4503.704262
UTC=2024-01-06T05:30:02.000000
2256721.680109 3028935.337818 -6116115.241616
-1698.804917 -6297.108270 -3747.369155
UTC=2024-01-06T05:32:02.000000
2029400.834882 2253956.560979 -6517498.667797
-2085.894506 -6601.542346 -2933.842843
UTC=2024-01-06T05:34:02.000000
1757214.682506 1448874.894156 -6818449.118160
-2445.304225 -6798.291915 -2075.627194
UTC=2024-01-06T05:36:02.000000
1443928.710645 626768.587037 -7014385.941609
-2769.708532 -6885.048038 -1185.844776
UTC=2024-01-06T05:38:02.000000
1094158.553645 -199112.532164 -7102331.169087
-3052.285957 -6861.260143 -278.052944
UTC=2024-01-06T05:40:02.000000
713301.796258 -1015557.669174 -7080950.110620
-3286.845223 -6728.124729 633.950693
UTC=2024-01-06T05:42:02.000000
307455.542506 -1809602.389052 -6950568.602594
-3467.936643 -6488.542299 1536.318479
UTC=2024-01-06T05:44:02.000000
-116678.929125 -2568729.772741 -6713168.432129
-3590.958210 -6147.061987 2415.327872
UTC=2024-01-06T05:46:02.000000
-551904.209542 -3281064.815869 -6372361.206107
-3652.258753 -5709.819994 3257.572120
UTC=2024-01-06T05:48:02.000000
-990645.983757 -3935559.183149 -5933338.474373
-3649.220061 -5184.439289 4050.155579
UTC=2024-01-06T05:50:02.000000
-1425081.373916 -4522162.929630 -5402799.704020
-3580.329052 -4579.917434 4780.872425
UTC=2024-01-06T05:52:02.000000
-1847275.340430 -5031981.992895 -4788858.328736
-3445.237950 -3906.497643 5438.393844
UTC=2024-01-06T05:54:02.000000
-2249323.151038 -5457418.478260 -4100925.339775
-3244.804389 -3175.511059 6012.452544
UTC=2024-01-06T05:56:02.000000
-2623496.234166 -5792290.562469 -3349571.450421
-2981.107447 -2399.196166 6494.014395
UTC=2024-01-06T05:58:02.000000
-2962388.583016 -6031929.721285 -2546369.589098
-2657.441281 -1590.502067 6875.434836
UTC=2024-01-06T06:00:02.000000
-3259061.064442 -6173253.411048 -1703719.486098
-2278.285990 -762.875765 7150.600725
UTC=2024-01-06T06:02:02.000000
-3507180.645930 -6214811.144618 -834656.281627
-1849.251202 69.968813 7315.053437
UTC=2024-01-06T06:04:02.000000
-3701151.031201 -6156801.903824 47353.925534
-1376.989606 894.295597 7366.081107
UTC=2024-01-06T06:06:02.000000
-3836231.459350 -6001062.074752 928627.383987
-869.087591 1696.591090 7302.774953
UTC=2024-01-06T06:08:02.000000
-3908641.152107 -5751024.157933 1795480.912632
-333.934803 2463.807229 7126.054479
UTC=2024-01-06T06:10:02.000000
-3915646.765498 -5411646.602210 2634450.859570
219.427850 3183.597407 6838.652946
UTC=2024-01-06T06:12:02.000000
-3855630.764173 -4989316.550911 3432507.938235
781.472656 3844.530413 6445.065652
UTC=2024-01-06T06:14:02.000000
-3728139.472232 -4491728.199904 4177264.176960
1342.359462 4436.283859 5951.469963
UTC=2024-01-06T06:16:02.000000
-3533909.733628 -3927739.169478 4857168.392809
1892.116941 4949.816258 5365.613511
UTC=2024-01-06T06:18:02.000000
-3274873.723872 -3307208.009300 5461686.315831
2420.824225 5377.506949 4696.671925
UTC=2024-01-06T06:20:02.000000
-2954142.092531 -2640817.131925 5981462.574788
2918.790612 5713.260307 3955.090015
UTC=2024-01-06T06:22:02.000000
-2575965.904975 -1939885.103304 6408462.783945
3376.727690 5952.579685 3152.410430
UTC=2024-01-06T06:24:02.000000
-2145678.428366 -1216171.404708 6736094.641375
3785.914719 6092.620469 2301.093761
UTC=2024-01-06T06:26:02.000000
-1669617.205506 -481676.192242 6959306.058558
4138.359703 6132.216504 1414.312959
UTC=2024-01-06T06:28:02.000000
-1155028.274081 251560.242264 7074657.842996
4426.933317 6071.859132 505.745288
UTC=2024-01-06T06:30:02.000000
-609955.195964 971654.441069 7080373.144575
4645.494360 5913.665573 -410.613154
UTC=2024-01-06T06:32:02.000000
-43113.019249 1667072.321904 6976363.631018
4789.011136 5661.330908 -1320.650981
UTC=2024-01-06T06:34:02.000000
536251.216750 2326814.255657 6764230.908297
4853.664680 5320.052934 -2210.348812
UTC=2024-01-06T06:36:02.000000
1118509.246738 2940589.553261 6447243.093150
4836.932292 4896.431291 -3065.983676
UTC=2024-01-06T06:38:02.000000
1693811.194245 3498978.017931 6030287.470190
4737.652676 4398.354755 -3874.325550
UTC=2024-01-06T06:40:02.000000
2252252.019686 3993577.071701 5519799.421759
4556.074557 3834.871518 -4622.835564
UTC=2024-01-06T06:42:02.000000
2784042.807221 4417132.080429 4923667.630789
4293.887396 3216.038464 -5299.864444
UTC=2024-01-06T06:44:02.000000
3279683.784529 4763646.989249 4251115.633804
3954.217009 2552.744359 -5894.842859
UTC=2024-01-06T06:46:02.000000
3730135.150612 5028473.281768 3512562.328285
3541.599426 1856.530126 -6398.443779
UTC=2024-01-06T06:48:02.000000
4126984.495422 5208377.302797 2719462.802929
3061.945339 1139.400227 -6802.755730
UTC=2024-01-06T06:50:02.000000
4462606.386911 5301582.061993 1884128.383573
2522.439052 413.589355 -7101.437172
UTC=2024-01-06T06:52:02.000000
4730308.288646 5307782.047349 1019532.655313
1931.428051 -308.645428 -7289.808677
UTC=2024-01-06T06:54:02.000000
4924463.049734 5228133.231251 139105.681697
1298.293945 -1015.242835 -7364.956250
UTC=2024-01-06T06:56:02.000000
5040622.660816 5065215.453263 -743481.420589
633.278316 -1694.569186 -7325.779125
UTC=2024-01-06T06:58:02.000000
5075610.879627 4822968.654003 -1614534.712025
-52.695132 -2335.622251 -7172.997437
UTC=2024-01-06T07:00:02.000000
5027593.622594 4506605.664788 -2460555.243634
-748.214338 -2928.219815 -6909.135326
UTC=2024-01-06T07:02:02.000000
4896125.277393 4122503.194692 -3268452.795250
-1441.585299 -3463.173154 -6538.469110
UTC=2024-01-06T07:04:02.000000
4682169.775368 3678073.463613 -4025751.276212
-2121.045297 -3932.434810 -6066.940773
UTC=2024-01-06T07:06:02.000000
4388096.253670 3181619.736676 -4720781.840912
-2774.970442 -4329.219498 -5502.041101
UTC=2024-01-06T07:08:02.000000
4017650.416587 2642178.927186 -5342860.645570
-3392.074589 -4648.098038 -4852.670952
UTC=2024-01-06T07:10:02.000000
3575902.400856 2069354.844949 -5882448.725230
-3961.601269 -4885.059192 -4128.983219
UTC=2024-01-06T07:12:02.000000
3069172.233204 1473145.762725 -6331291.998018
-4473.504161 -5037.543130 -3342.209881
UTC=2024-01-06T07:14:02.000000
2504934.652092 863769.579586 -6682539.819023
-4918.609733 -5104.448004 -2504.478228
UTC=2024-01-06T07:16:02.000000
1891705.697541 251489.843017 -6930841.161380
-5288.758229 -5086.109619 -1628.624093
UTC=2024-01-06T07:18:02.000000
1238913.397118 -353554.654615 -7072418.921687
-5576.931284 -4984.264608 -728.014165
UTC=2024-01-06T07:20:02.000000
556753.104651 -941515.101623 -7105122.294377
-5777.376730 -4801.997921 183.647721
UTC=2024-01-06T07:22:02.000000
-143970.208775 -1502989.817524 -7028455.283907
-5885.699900 -4543.662146 1092.515315
UTC=2024-01-06T07:24:02.000000
-852009.702487 -2029171.073534 -6843583.149234
-5898.944323 -4214.789132 1984.777220
UTC=2024-01-06T07:26:02.000000
-1555853.701583 -2511981.046102 -6553316.973710
-5815.661914 -3821.994244 2846.847619
UTC=2024-01-06T07:28:02.000000
-2243909.490189 -2944194.879693 -6162074.909304
-5635.955418 -3372.857087 3665.558179
UTC=2024-01-06T07:30:02.000000
-2904691.150317 -3319548.804695 -5675821.343708
-5361.505955 -2875.795068 4428.336471
UTC=2024-01-06T07:32:02.000000
-3527010.063562 -3632832.846938 -5101984.326094
-4995.587665 -2339.930188 5123.393214
UTC=2024-01-06T07:34:02.000000
-4100165.302646 -3879966.280680 -4449349.943509
-4543.048147 -1774.934007 5739.914021
UTC=2024-01-06T07:36:02.000000
-4614129.723608 -4058053.733066 -3727934.805604
-4010.259855 -1190.863160 6268.232668
UTC=2024-01-06T07:38:02.000000
-5059728.908227 -4165421.229876 -2948838.217038
-3405.047598 -597.988267 6699.997558
UTC=2024-01-06T07:40:02.000000
-5428809.411510 -4201631.113985 -2124075.032239
-2736.582381 -6.613199 7028.324830
UTC=2024-01-06T07:42:02.000000
-5714392.377316 -4167474.917718 -1266391.528209
-2015.244609 573.109978 7247.927293
UTC=2024-01-06T07:44:02.000000
-5910809.111519 -4064944.190038 -389067.298411
-1252.460366 1131.363501 7355.218694
UTC=2024-01-06T07:46:02.000000
-6013815.465949 -3897179.594483 494293.677959
-460.512713 1658.841863 7348.389189
UTC=2024-01-06T07:48:02.000000
-6020682.132482 -3668399.212469 1369979.397590
347.672125 2146.921708 7227.453147
UTC=2024-01-06T07:50:02.000000
-5930257.783394 -3383806.851715 2224389.494386
1158.760707 2587.822670 6994.253500
UTC=2024-01-06T07:52:02.000000
-5743003.562436 -3049482.456928 3044252.722109
1959.251596 2974.742778 6652.423778
UTC=2024-01-06T07:54:02.000000
-5460998.958342 -2672257.971827 3816838.278067
2735.714142 3301.967898 6207.325662
UTC=2024-01-06T07:56:02.000000
-5087918.644170 -2259580.870787 4530157.901806
3475.033154 3564.966889 5665.953013
UTC=2024-01-06T07:58:02.000000
-4628980.492773 -1819368.187490 5173153.802492
4164.640083 3760.451680 5036.795397
UTC=2024-01-06T08:00:02.000000
-4090867.352623 -1359855.408277 5735869.272209
4792.720563 3886.405835 4329.689559
UTC=2024-01-06T08:02:02.000000
-3481624.629404 -889443.065345 6209601.095487
5348.412374 3942.095615 3555.662385
UTC=2024-01-06T08:04:02.000000
-2810534.546761 -416543.135650 6587031.716384
5821.993717 3928.059771 2726.748859
UTC=2024-01-06T08:06:02.000000
-2087969.251113 50571.478999 6862338.230342
6205.045035 3846.067791 1855.790921
UTC=2024-01-06T08:08:02.000000
-1325226.515314 503910.811684 7031277.285164
6490.578472 3699.054373 956.240504
UTC=2024-01-06T08:10:02.000000
-534351.130258 935903.430696 7091246.616197
6673.148785 3491.047083 41.963783
UTC=2024-01-06T08:12:02.000000
272055.996038 1339522.378412 7041322.679790
6748.946257 3227.076597 -872.960345
UTC=2024-01-06T08:14:02.000000
1081038.642825 1708399.439100 6882274.047003
6715.869147 2913.072790 -1774.443281
UTC=2024-01-06T08:16:02.000000
1879493.378048 2036926.010121 6616550.156624
6573.571082 2555.744791 -2648.592792
UTC=2024-01-06T08:18:02.000000
2654381.737747 2320338.899874 6248245.854842
6323.483582 2162.451919 -3481.910051
UTC=2024-01-06T08:20:02.000000
3392944.103411 2554790.378450 5783042.367128
5968.821368 1741.069135 -4261.488411
UTC=2024-01-06T08:22:02.000000
4082912.358371 2737401.409557 5228123.939189
5514.552903 1299.841737 -4975.217015
UTC=2024-01-06T08:24:02.000000
4712716.797374 2866297.185763 4592070.981161
4967.338352 847.236362 -5611.966797
UTC=2024-01-06T08:26:02.000000
5271684.833878 2940624.521771 3884731.706740
4335.456425 391.787614 -6161.767334
UTC=2024-01-06T08:28:02.000000
5750229.091920 2960550.352828 3117071.555108
3628.687616 -58.066085 -6615.998560
UTC=2024-01-06T08:30:02.000000
6140017.388273 2927240.348185 2301002.315528
2858.146100 -494.141071 -6967.527416
UTC=2024-01-06T08:32:02.000000
6434123.270643 2842819.628736 1449196.035651
2036.114523 -908.656214 -7210.837406
UTC=2024-01-06T08:34:02.000000
6627153.931210 2710315.293465 574884.217389
1175.833496 -1294.383447 -7342.135372
UTC=2024-01-06T08:36:02.000000
6715351.220179 2533581.773735 -308353.525817
291.265765 -1644.783584 -7359.421330
UTC=2024-01-06T08:38:02.000000
6696663.161279 2317210.662219 -1186806.905380
-603.158323 -1954.128139 -7262.517644
UTC=2024-01-06T08:40:02.000000
6570785.088087 2066427.519839 -2046853.094552
-1492.786886 -2217.593181 -7053.057403
UTC=2024-01-06T08:42:02.000000
6339171.208117 1786978.410002 -2875172.989045
-2363.003103 -2431.340485 -6734.461981
UTC=2024-01-06T08:44:02.000000
6005014.211680 1485007.606561 -3658961.816977
-3199.490992 -2592.578854 -6311.866753
UTC=2024-01-06T08:46:02.000000
5573194.224078 1166929.763843 -4386128.956010
-3988.483916 -2699.596594 -5792.019601
UTC=2024-01-06T08:48:02.000000
5050198.469188 839299.707601 -5045483.722964
-4716.999858 -2751.768025 -5183.146808
UTC=2024-01-06T08:50:02.000000
4444014.682006 508682.922273 -5626903.707963
-5373.044466 -2749.536923 -4494.800840
UTC=2024-01-06T08:52:02.000000
3764001.310046 181529.173557 -6121484.355385
-5945.796037 -2694.380379 -3737.698932
UTC=2024-01-06T08:54:02.000000
3020736.644149 -135948.375552 -6521668.497158
-6425.771686 -2588.754486 -2923.549792
UTC=2024-01-06T08:56:02.000000
2225849.542422 -437886.660863 -6821353.991466
-6804.964221 -2436.025114 -2064.863419
UTC=2024-01-06T08:58:02.000000
1391835.799900 -718876.942400 -7015978.796226
-7076.948828 -2240.383779 -1174.768601
UTC=2024-01-06T09:00:02.000000
531862.257933 -974058.349275 -7102584.293354
-7236.980938 -2006.752769 -266.827529
UTC=2024-01-06T09:02:02.000000
-340439.215618 -1199199.118978 -7079855.464545
-7282.062535 -1740.676743 645.160029
UTC=2024-01-06T09:04:02.000000
-1211183.988913 -1390764.733813 -6948138.436391
-7210.985985 -1448.213121 1547.338416
UTC=2024-01-06T09:06:02.000000
-2066451.634955 -1545972.516420 -6709435.888432
-7024.364902 -1135.814766 2425.986841
UTC=2024-01-06T09:08:02.000000
-2892504.702608 -1662831.608509 -6367379.185396
-6724.632256 -810.204675 3267.712133
UTC=2024-01-06T09:10:02.000000
-3676005.825766 -1740167.933527 -5927178.428429
-6316.020158 -478.252746 4059.624168
UTC=2024-01-06T09:12:02.000000
-4404232.189671 -1777634.381273 -5395551.083554
-5804.531083 -146.850020 4789.523334
UTC=2024-01-06T09:14:02.000000
-5065284.160390 -1775705.460690 -4780627.422996
-5197.867450 177.222569 5446.093012
UTC=2024-01-06T09:16:02.000000
-5648283.609336 -1735656.353918 -4091833.856237
-4505.334178 487.422527 6019.076532
UTC=2024-01-06T09:18:02.000000
-6143559.216843 -1659526.748732 -3339755.285590
-3737.716422 777.571354 6499.450997
UTC=2024-01-06T09:20:02.000000
-6542814.907756 -1550069.760003 -2535977.116475
-2907.120516 1041.976947 6879.589324
UTC=2024-01-06T09:22:02.000000
-6839277.366318 -1410686.625398 -1692909.166418
-2026.786051 1275.547323 7153.400026
UTC=2024-01-06T09:24:02.000000
-7027819.491134 -1245348.489825 -823594.019749
-1110.872646 1473.892079 7316.446523
UTC=2024-01-06T09:26:02.000000
-7105056.643923 -1058506.560798 58497.467902
-174.219253 1633.414941 7366.039994
UTC=2024-01-06T09:28:02.000000
-7069412.595407 -854992.212428 939679.572207
767.917041 1751.385674 7301.294457
UTC=2024-01-06T09:30:02.000000
-6921153.643619 -639909.945137 1806269.775869
1700.130346 1825.989459 7123.150516
UTC=2024-01-06T09:32:02.000000
-6662389.939401 -418525.380249 2644807.565152
2607.141307 1856.359390 6834.362405
UTC=2024-01-06T09:34:02.000000
-6297043.926099 -196150.611441 3442269.560813
3474.069689 1842.588073 6439.450804
UTC=2024-01-06T09:36:02.000000
-5830786.323748 21970.517140 4186276.878656
4286.700855 1785.716248 5944.619543
UTC=2024-01-06T09:38:02.000000
-5270941.269952 230774.252663 4865290.327446
5031.731143 1687.697407 5357.637784
UTC=2024-01-06T09:40:02.000000
-4626363.614909 425483.581087 5468789.939702
5696.986419 1551.347315 4687.698262
UTC=2024-01-06T09:42:02.000000
-3907291.603441 601707.789144 5987436.584482
6271.614990 1380.275404 3945.262248
UTC=2024-01-06T09:44:02.000000
-3125177.470471 755532.643015 6413214.105409
6746.261895 1178.797940 3141.887231
UTC=2024-01-06T09:46:02.000000
-2292499.064114 883599.422663 6739549.685393
7113.209730 951.840672 2290.040202
UTC=2024-01-06T09:48:02.000000
-1422556.059831 983171.937123 6961411.368370
7366.495638 704.834731 1402.900340
UTC=2024-01-06T09:50:02.000000
-529254.320639 1052190.249940 7075381.065416
7501.989391 443.600084 494.153313
UTC=2024-01-06T09:52:02.000000
373117.367717 1089310.133918 7079703.564073
7517.446618 174.224784 -422.204963
UTC=2024-01-06T09:54:02.000000
1270115.798658 1093927.879884 6974311.795086
7412.541468 -97.057779 -1332.068340
UTC=2024-01-06T09:56:02.000000
2147374.251689 1066190.230309 6760827.891212
7188.873280 -363.994779 -2221.423263
UTC=2024-01-06T09:58:02.000000
2990832.608155 1006989.087316 6442540.073182
6849.948243 -620.440654 -3076.548225
UTC=2024-01-06T10:00:02.000000
3786964.087111 917941.110459 6024355.429571
6401.139256 -860.482318 -3884.218789
UTC=2024-01-06T10:02:02.000000
4522994.814197 801352.513633 5512727.948234
5849.606310 -1078.560195 -4631.909260
UTC=2024-01-06T10:04:02.000000
5187112.482488 660169.480549 4915563.498603
5204.197940 -1269.587009 -5307.978431
UTC=2024-01-06T10:06:02.000000
5768662.026432 497914.857552 4242102.257988
4475.329139 -1429.055733 -5901.861379
UTC=2024-01-06T10:08:02.000000
6258324.173276 318612.678208 3502778.331910
3674.818275 -1553.135499 -6404.252869
UTC=2024-01-06T10:10:02.000000
6648272.498866 126701.762419 2709058.644429
2815.692700 -1638.757745 -6807.269324
UTC=2024-01-06T10:12:02.000000
6932305.614257 -73060.475492 1873264.090654
1911.972370 -1683.691970 -7104.581998
UTC=2024-01-06T10:14:02.000000
7105952.482586 -275701.847178 1008375.689255
978.434025 -1686.595366 -7291.535203
UTC=2024-01-06T10:16:02.000000
7166547.734874 -476143.985965 127828.372118
30.352130 -1647.045632 -7365.231167
UTC=2024-01-06T10:18:02.000000
7113275.285605 -669313.989223 -754703.782687
-916.774293 -1565.556669 -7324.587808
UTC=2024-01-06T10:20:02.000000
6947178.300276 -850256.472729 -1625526.481067
-1847.501936 -1443.569850 -7170.349502
UTC=2024-01-06T10:22:02.000000
6671136.111978 -1014243.258761 -2471143.603226
-2746.717156 -1283.424071 -6905.068188
UTC=2024-01-06T10:24:02.000000
6289808.587799 -1156878.357671 -3278470.967135
-3599.900416 -1088.307086 -6533.045521
UTC=2024-01-06T10:26:02.000000
5809549.859703 -1274195.901681 -4035041.387346
-4393.373205 -862.186855 -6060.246036
UTC=2024-01-06T10:28:02.000000
5238293.623704 -1362748.754576 -4729197.473955
-5114.522996 -609.725395 -5494.180006
UTC=2024-01-06T10:30:02.000000
4585413.236829 -1419686.072487 -5350268.939782
-5751.998365 -336.182352 -4843.764584
UTC=2024-01-06T10:32:02.000000
3861559.826097 -1442818.861038 -5888732.266103
-6295.881127 -47.310455 -4119.167306
UTC=2024-01-06T10:34:02.000000
3078481.535117 -1430672.248076 -6336350.297087
-6737.825647 250.761346 -3331.630009
UTC=2024-01-06T10:36:02.000000
2248828.341388 -1382523.201682 -6686290.438860
-7071.162348 551.652249 -2493.290821
UTC=2024-01-06T10:38:02.000000
1385945.714347 -1298423.319101 -6933221.345619
-7290.980976 848.852529 -1617.000280
UTC=2024-01-06T10:40:02.000000
503660.039501 -1179207.081882 -7073386.918294
-7394.183014 1135.844658 -716.131226
UTC=2024-01-06T10:42:02.000000
-383940.788033 -1026485.183603 -7104657.780874
-7379.511014 1406.230103 195.609303
UTC=2024-01-06T10:44:02.000000
-1262728.667970 -842622.969920 -7026560.061589
-7247.551961 1653.849851 1104.366931
UTC=2024-01-06T10:46:02.000000
-2118756.168953 -630704.356778 -6840281.807788
-7000.725489 1872.907012 1996.330328
UTC=2024-01-06T10:48:02.000000
-2938474.086183 -394481.381637 -6548656.107497
-6643.239103 2058.081311 2857.924261
UTC=2024-01-06T10:50:02.000000
-3708942.278836 -138310.485962 -6156122.092100
-6181.026467 2204.637483 3675.985551
UTC=2024-01-06T10:52:02.000000
-4418032.943384 132923.979023 -5668664.434102
-5621.678001 2308.528803 4437.951911
UTC=2024-01-06T10:54:02.000000
-5054623.129870 413898.018149 -5093729.558181
-4974.330503 2366.488658 5132.052320
UTC=2024-01-06T10:56:02.000000
-5608773.003903 698946.606545 -4440120.224997
-4249.544035 2376.113553 5747.482623
UTC=2024-01-06T10:58:02.000000
-6071887.892514 982171.841425 -3717868.431563
-3459.148824 2335.935661 6274.589276
UTC=2024-01-06T11:00:02.000000
-6436859.852703 1257558.434608 -2938087.159287
-2616.061282 2245.473469 6705.036076
UTC=2024-01-06T11:02:02.000000
-6698185.865121 1519094.170233 -2112802.997558
-1734.077314 2105.263138 7031.955628
UTC=2024-01-06T11:04:02.000000
-6852060.015953 1760892.990315 -1254771.949072
-827.647139 1916.871979 7250.079029
UTC=2024-01-06T11:06:02.000000
-6896437.347793 1977318.370579 -377280.585640
88.374161 1682.886704 7355.848132
UTC=2024-01-06T11:08:02.000000
-6831066.476863 2163103.521705 506063.934491
998.993190 1406.875571 7347.486235
UTC=2024-01-06T11:10:02.000000
-6657490.297499 2313466.218349 1381550.032989
1889.342336 1093.335677 7225.033549
UTC=2024-01-06T11:12:02.000000
-6379015.081821 2424215.881190 2235580.577181
2744.944132 747.615881 6990.355558
UTC=2024-01-06T11:14:02.000000
-6000647.894233 2491850.037395 3054890.379093
3551.971007 375.817481 6647.110753
UTC=2024-01-06T11:16:02.000000
-5529003.959184 2513637.687591 3826757.773626
4297.487290 -15.323765 6200.685634
UTC=2024-01-06T11:18:02.000000
-4972185.940282 2487687.771877 4539206.179610
4969.672349 -418.566765 5658.091706
UTC=2024-01-06T11:20:02.000000
-4339638.473945 2413001.657475 5181191.498364
5558.009431 -826.302371 5027.835818
UTC=2024-01-06T11:22:02.000000
-3641981.854881 2289508.764447 5742772.962475
6053.445541 -1230.696229 4319.774486
UTC=2024-01-06T11:24:02.000000
-2890827.928163 2118084.849877 6215265.595414
6448.529179 -1623.835387 3544.952016
UTC=2024-01-06T11:26:02.000000
-2098581.044204 1900552.332336 6591371.750344
6737.517589 -1997.880395 2715.414074
UTC=2024-01-06T11:28:02.000000
-1278228.512254 1639662.541496 6865289.557849
6916.446350 -2345.212839 1844.010823
UTC=2024-01-06T11:30:02.000000
-443124.888373 1339060.656943 7032797.347486
6983.161816 -2658.576737 944.196383
UTC=2024-01-06T11:32:02.000000
393226.090380 1003234.018878 7091314.575641
6937.332055 -2931.214175 29.836053
UTC=2024-01-06T11:34:02.000000
1217389.822224 637444.566434 7039939.157847
6780.437074 -3156.993755 -884.995040
UTC=2024-01-06T11:36:02.000000
2016216.281675 247646.351681 6879460.538549
6515.731779 -3330.531144 -1786.213169
UTC=2024-01-06T11:38:02.000000
2777049.705504 -159610.948963 6612348.775450
6148.187776 -3447.301640 -2659.925073
UTC=2024-01-06T11:40:02.000000
3487930.146232 -577291.399823 6242719.489538
5684.414932 -3503.740991 -3492.632725
UTC=2024-01-06T11:42:02.000000
4137783.913352 -997993.349875 5776274.118091
5132.554431 -3497.331824 -4271.437142
UTC=2024-01-06T11:44:02.000000
4716599.643271 -1414079.618824 5220216.136710
4502.146580 -3426.676279 -4984.235460
UTC=2024-01-06T11:46:02.000000
5215587.297569 -1817815.080606 4583144.117962
3803.979961 -3291.546518 -5619.910030
UTC=2024-01-06T11:48:02.000000
5627317.922088 -2201509.193179 3874922.415061
3049.919909 -3092.917583 -6168.512433
UTC=2024-01-06T11:50:02.000000
5945841.121695 -2557661.306242 3106530.192716
2252.707821 -2832.978762 -6621.438302
UTC=2024-01-06T11:52:02.000000
6166776.936241 -2879105.596986 2289890.893295
1425.738312 -2515.116003 -6971.576404
UTC=2024-01-06T11:54:02.000000
6287380.522153 -3159152.369887 1437685.491854
582.830216 -2143.870436 -7213.431452
UTC=2024-01-06T11:56:02.000000
6306578.721471 -3391723.135009 563151.924842
-262.017128 -1724.873830 -7343.231550
UTC=2024-01-06T11:58:02.000000
6224976.294434 -3571475.927707 -320126.069505
-1094.877945 -1264.752789 -7358.992749
UTC=2024-01-06T12:00:02.000000
6044832.466249 -3693918.178888 -1198436.118102
-1902.146654 -771.015747 -7260.559385
UTC=2024-01-06T12:02:02.000000
5770007.260005 -3755504.237281 -2058156.816909
-2670.787762 -251.911827 -7049.597931
UTC=2024-01-06T12:04:02.000000
5405879.591374 -3753715.450391 -2885974.074212
-3388.557580 283.716899 -6729.555118
UTC=2024-01-06T12:06:02.000000
4959239.655797 -3687121.743352 -3669090.975464
-4044.211584 826.597839 -6305.589207
UTC=2024-01-06T12:08:02.000000
4438157.726553 -3555423.122931 -4395427.210988
-4627.687484 1367.197089 -5784.466070
UTC=2024-01-06T12:10:02.000000
3851832.757512 -3359470.637998 -5053804.622636
-5130.259758 1895.894388 -5174.431978
UTC=2024-01-06T12:12:02.000000
3210424.267895 -3101266.184982 -5634115.754391
-5544.661563 2403.157129 -4485.058189
UTC=2024-01-06T12:14:02.000000
2524871.883480 -2783942.196773 -6127472.819147
-5865.169345 2879.701584 -3727.073313
UTC=2024-01-06T12:16:02.000000
1806706.440948 -2411722.438714 -6526336.615891
-6087.661810 3316.649098 -2912.197270
UTC=2024-01-06T12:18:02.000000
1067854.952811 -1989863.811714 -6824624.922676
-6209.661852 3705.685267 -2052.960479
UTC=2024-01-06T12:20:02.000000
320442.540154 -1524579.883670 -7017797.845209
-6230.342916 4039.201499 -1162.505723
UTC=2024-01-06T12:22:02.000000
-423404.610162 -1022948.584272 -7102919.891801
-6150.508576 4310.421017 -254.398828
UTC=2024-01-06T12:24:02.000000
-1151752.577853 -492805.233654 -7078699.575942
-5972.552250 4513.516112 657.556126
UTC=2024-01-06T12:26:02.000000
-1853047.562492 57378.006228 -6945506.840467
-5700.404986 4643.717700 1559.505380
UTC=2024-01-06T12:28:02.000000
-2516295.887840 618624.930514 -6705367.439740
-5339.456136 4697.408346 2437.736512
UTC=2024-01-06T12:30:02.000000
-3131233.410390 1181598.438666 -6361935.049840
-4896.458784 4672.203073 3278.860245
UTC=2024-01-06T12:32:02.000000
-3688483.044527 1736752.589923 -5920441.517959
-4379.425829 4567.015954 4069.993735
UTC=2024-01-06T12:34:02.000000
-4179698.954055 2274491.756713 -5387624.902166
-3797.509896 4382.112429 4798.948125
UTC=2024-01-06T12:36:02.000000
-4597694.940545 2785335.088610 -4771634.659642
-3160.859722 4119.143113 5454.421018
UTC=2024-01-06T12:38:02.000000
-4936554.177258 3260083.175902 -4081914.108262
-2480.453690 3781.146358 6026.178730
UTC=2024-01-06T12:40:02.000000
-5191718.242965 3689983.702686 -3329062.295954
-1767.923614 3372.531321 6505.219927
UTC=2024-01-06T12:42:02.000000
-5360054.283172 4066893.833670 -2524676.267883
-1035.362960 2899.036648 6883.938816
UTC=2024-01-06T12:44:02.000000
-5439897.982670 4383435.478320 -1681174.924023
-295.119577 2367.655149 7156.264587
UTC=2024-01-06T12:46:02.000000
-5431071.521933 4633140.125869 -811607.455250
440.416225 1786.534402 7317.781479
UTC=2024-01-06T12:48:02.000000
-5334875.353243 4810579.999594 70551.086174
1159.033835 1164.849510 7365.820312
UTC=2024-01-06T12:50:02.000000
-5154053.321434 4911482.414927 951613.416896
1848.923968 512.647847 7299.520240
UTC=2024-01-06T12:52:02.000000
-4892731.554242 4932823.693545 1817898.727999
2498.892675 -159.331857 7119.850467
UTC=2024-01-06T12:54:02.000000
-4556332.302239 4872900.825509 2655951.696250
3098.564255 -839.850162 6829.593794
UTC=2024-01-06T12:56:02.000000
-4151464.612954 4731379.505696 3452757.267230
3638.562444 -1517.369227 6433.293945
UTC=2024-01-06T12:58:02.000000
-3685794.857908 4509317.404294 4195947.248697
4110.664832 -2180.262412 5937.171539
UTC=2024-01-06T13:00:02.000000
-3167900.384867 4209162.310742 4873995.077792
4507.930389 -2817.021984 5349.012937
UTC=2024-01-06T13:02:02.000000
-2607109.179351 3834725.459327 5476395.829319
4824.804426 -3416.465792 4678.033595
UTC=2024-01-06T13:04:02.000000
-2013328.813562 3391130.446566 5993828.146040
5057.191428 -3967.935109 3934.715790
UTC=2024-01-06T13:06:02.000000
-1396868.498243 2884739.205815 6418295.743523
5202.497622 -4461.479679 3130.631037
UTC=2024-01-06T13:08:02.000000
-768257.855760 2323056.497806 6743246.683078
5259.641782 -4888.028948 2278.247211
UTC=2024-01-06T13:10:02.000000
-138066.421927 1714615.413058 6963669.477724
5229.036274 -5239.538524 1390.740585
UTC=2024-01-06T13:12:02.000000
483274.081346 1068845.604884 7076166.678182
5112.558618 -5509.132209 481.800541
UTC=2024-01-06T13:14:02.000000
1085642.377719 395925.781732 7079003.996299
4913.493777 -5691.219753 -434.576066
UTC=2024-01-06T13:16:02.000000
1659392.082699 -293376.818624 6972135.384442
4636.457797 -5781.598801 -1344.281609
UTC=2024-01-06T13:18:02.000000
2195506.093057 -987878.550789 6757204.281304
4287.305642 -5777.544690 -2233.300283
UTC=2024-01-06T13:20:02.000000
2685738.822990 -1676160.753912 6437520.271622
3873.021926 -5677.874000 -3087.911682
UTC=2024-01-06T13:22:02.000000
3122744.619709 -2346757.710971 6018011.614935
3401.598718 -5482.991948 -3894.893136
UTC=2024-01-06T13:24:02.000000
3500190.236169 -2988348.737886 5505153.186749
2881.892343 -5194.911474 -4641.722690
UTC=2024-01-06T13:26:02.000000
3812849.373877 -3589951.113524 4906870.856269
2323.469049 -4817.249728 -5316.771183
UTC=2024-01-06T13:28:02.000000
4056678.088803 -4141111.008664 4232422.921540
1736.439988 -4355.196942 -5909.491470
UTC=2024-01-06T13:30:02.000000
4228869.543280 -4632088.934174 3492259.389532
1131.281321 -3815.455525 -6410.597041
UTC=2024-01-06T13:32:02.000000
4327886.622679 -5054035.947354 2697860.956230
518.647618 -3206.147727 -6812.221767
UTC=2024-01-06T13:34:02.000000
4353471.852280 -5399156.931349 1861559.809128
-90.820986 -2536.691759 -7108.061433
UTC=2024-01-06T13:36:02.000000
4306633.952640 -5660857.219020 996345.104994
-686.693903 -1817.649066 -7293.487618
UTC=2024-01-06T13:38:02.000000
4189611.119339 -5833869.128201 115656.616682
-1258.940727 -1060.542757 -7365.628241
UTC=2024-01-06T13:40:02.000000
4005812.438548 -5914355.878701 -766829.213022
-1798.106296 -277.664630 -7323.418830
UTC=2024-01-06T13:42:02.000000
3759738.186348 -5899990.901905 -1637418.198238
-2295.487552 518.146467 -7167.627020
UTC=2024-01-06T13:44:02.000000
3456880.213330 -5790009.420750 -2482616.931243
-2743.283557 1313.737420 -6900.824847
UTC=2024-01-06T13:46:02.000000
3103605.887460 -5585232.335809 -3289346.589737
-3134.723861 2095.873327 -6527.339074
UTC=2024-01-06T13:48:02.000000
2707027.534117 -5288061.661502 -4045148.620493
-3464.178867 2851.476160 -6053.162787
UTC=2024-01-06T13:50:02.000000
2274860.419203 -4902447.905493 -4738377.716550
-3727.239803 3567.852951 -5485.834808
UTC=2024-01-06T13:52:02.000000
1815273.114264 -4433830.736964 -5358378.863642
-3920.765417 4232.911754 -4834.295604
UTC=2024-01-06T13:54:02.000000
1336734.015575 -3889054.939471 -5895646.119832
-4042.901757 4835.356736 -4108.728726
UTC=2024-01-06T13:56:02.000000
847856.559921 -3276264.090013 -6341961.749168
-4093.083814 5364.865400 -3320.391531
UTC=2024-01-06T13:58:02.000000
357245.647280 -2604773.908383 -6690514.405028
-4072.012987 5812.250183 -2481.435892
UTC=2024-01-06T14:00:02.000000
-126651.733527 -1884927.256915 -6935995.303722
-3981.610166 6169.601341 -1604.721061
UTC=2024-01-06T14:02:02.000000
-595689.061561 -1127933.455974 -7074671.781912
-3824.950054 6430.405796 -703.625361
UTC=2024-01-06T14:04:02.000000
-1042154.164894 -345694.485022 -7104438.358830
-3606.183515 6589.647496 208.141517
UTC=2024-01-06T14:06:02.000000
-1458893.216479 449379.667280 -7024845.011591
-3330.449330 6643.886947 1116.729983
UTC=2024-01-06T14:08:02.000000
-1839423.156206 1244563.990257 -6837102.787990
-3003.769592 6591.322903 2008.335729
UTC=2024-01-06T14:10:02.000000
-2178030.810818 2027018.018837 -6544067.178997
-2632.934004 6431.837240 2869.386505
UTC=2024-01-06T14:12:02.000000
-2469857.966308 2783989.382236 -6150199.385938
-2225.381944 6167.020254 3686.723699
UTC=2024-01-06T14:14:02.000000
-2710971.611524 3503019.596544 -5661505.234261
-1789.071151 5800.177883 4447.793625
UTC=2024-01-06T14:16:02.000000
-2898417.972642 4172148.913712 -5085451.446466
-1332.341601 5336.311645 5140.833095
UTC=2024-01-06T14:18:02.000000
-3030259.799786 4780117.360029 -4430859.360877
-863.769921 4782.071994 5755.059657
UTC=2024-01-06T14:20:02.000000
-3105595.455416 5316557.948785 -3707776.290552
-392.013242 4145.674652 6280.851080
UTC=2024-01-06T14:22:02.000000
-3124559.154001 5772177.973068 -2927326.748338
74.346466 3436.789196 6709.900285
UTC=2024-01-06T14:24:02.000000
-3088302.930473 6138926.129285 -2101545.808574
526.953320 2666.411865 7035.363523
UTC=2024-01-06T14:26:02.000000
-2998960.029639 6410141.980829 -1243194.858650
957.836146 1846.695133 7251.999720
UTC=2024-01-06T14:28:02.000000
-2859589.667207 6580682.519617 -365562.993039
1359.555645 990.742604 7356.267019
UTC=2024-01-06T14:30:02.000000
-2674105.354310 6647024.109391 517741.262512
1725.334846 112.404316 7346.396802
UTC=2024-01-06T14:32:02.000000
-2447187.323849 6607337.775914 1393006.940511
2049.194141 -773.971077 7222.455327
UTC=2024-01-06T14:34:02.000000
-2184179.562623 6461532.595745 2246641.184089
2326.066660 -1653.808965 6986.339760
UTC=2024-01-06T14:36:02.000000
-1890975.047800 6211267.144477 3065386.624968
2551.881448 -2512.568486 6641.735115
UTC=2024-01-06T14:38:02.000000
-1573892.370675 5859930.150094 3836531.986403
2723.623953 -3335.996153 6194.044177
UTC=2024-01-06T14:40:02.000000
-1239546.507989 5412591.135355 4548112.830414
2839.373515 -4110.372981 5650.293810
UTC=2024-01-06T14:42:02.000000
-894716.126800 4875921.699641 5189099.525790
2898.325345 -4822.756659 5019.013548
UTC=2024-01-06T14:44:02.000000
-546209.525359 4258088.693647 5749568.092428
2900.785470 -5461.200876 4310.073166
UTC=2024-01-06T14:46:02.000000
-200733.498840 3568623.374831 6220851.345634
2848.132838 -6014.943806 3534.522526
UTC=2024-01-06T14:48:02.000000
135232.724738 2818268.137745 6595669.882775
2742.771412 -6474.587952 2704.408437
UTC=2024-01-06T14:50:02.000000
455556.539326 2018804.109528 6868240.112727
2588.061767 -6832.240651 1832.583362
UTC=2024-01-06T14:52:02.000000
754561.970035 1182862.785974 7034359.437336
2388.238607 -7081.640869 932.510404
UTC=2024-01-06T14:54:02.000000
1027128.793216 323724.242988 7091467.153296
2148.312581 -7218.252373 18.058172
UTC=2024-01-06T14:56:02.000000
1268779.308427 -544894.072877 7038681.459092
1873.963046 -7239.333202 -896.692210
UTC=2024-01-06T14:58:02.000000
1475751.666786 -1409056.401105 6876812.965104
1571.421403 -7143.993374 -1797.650529
UTC=2024-01-06T15:00:02.000000
1645058.721279 -2254832.529877 6608353.310040
1247.346714 -6933.217531 -2670.922846
UTC=2024-01-06T15:02:02.000000
1774531.606984 -3068523.183871 6237439.488335
908.695663 -6609.867925 -3503.015210
UTC=2024-01-06T15:04:02.000000
1862847.295287 -3836883.915927 5769793.467418
562.585849 -6178.655043 -4281.039285
UTC=2024-01-06T15:06:02.000000
1909539.680067 -4547343.404169 5212637.522685
216.159222 -5646.074239 -4992.909603
UTC=2024-01-06T15:08:02.000000
1914994.483391 -5188212.753829 4574586.913655
-123.551037 -5020.322473 -5627.525194
UTC=2024-01-06T15:10:02.000000
1880428.197371 -5748883.768901 3865520.697761
-449.754897 -4311.193156 -6174.955429
UTC=2024-01-06T15:12:02.000000
1807850.582379 -6220011.768332 3096430.329263
-756.043792 -3529.922368 -6626.617573
UTC=2024-01-06T15:14:02.000000
1700011.190883 -6593677.897573 2279249.002375
-1036.515690 -2689.006016 -6975.420596
UTC=2024-01-06T15:16:02.000000
1560331.771493 -6863528.501346 1426665.131838
-1285.887956 -1801.999796 -7215.887558
UTC=2024-01-06T15:18:02.000000
1392825.459600 -7024889.008760 551922.182656
-1499.602952 -883.292349 -7344.259349
UTC=2024-01-06T15:20:02.000000
1202004.213178 -7074849.213479 -331392.159686
-1673.919091 52.141232 -7358.569017
UTC=2024-01-06T15:22:02.000000
992776.097647 -7012317.373851 -1209564.260542
-1805.986063 989.017586 -7258.686529
UTC=2024-01-06T15:24:02.000000
770335.310746 -6838039.904431 -2068974.536168
-1893.891347 1912.029222 -7046.303787
UTC=2024-01-06T15:26:02.000000
540047.971452 -6554588.279076 -2896313.702049
-1936.683944 2806.109588 -6724.891520
UTC=2024-01-06T15:28:02.000000
307336.392607 -6166314.547713 -3678792.373082
-1934.377682 3656.691458 -6299.629937
UTC=2024-01-06T15:30:02.000000
77563.881942 -5679276.258193 -4404340.515081
-1887.938229 4449.957977 -5777.308301
UTC=2024-01-06T15:32:02.000000
-144077.579014 -5101132.297415 -5061792.749044
-1799.247481 5173.072227 -5166.190576
UTC=2024-01-06T15:34:02.000000
-352674.111997 -4441013.184667 -5641056.428851
-1671.048120 5814.375368 -4475.866041
UTC=2024-01-06T15:36:02.000000
-543689.128229 -3709368.769694 -6133261.022801
-1506.872310 6363.564750 -3717.084938
UTC=2024-01-06T15:38:02.000000
-713053.034211 -2917796.312185 -6530886.827876
-1310.956102 6811.841851 -2901.580852
UTC=2024-01-06T15:40:02.000000
-857242.096712 -2078852.434678 -6827871.986858
-1088.144381 7152.033578 -2041.886137
UTC=2024-01-06T15:42:02.000000
-973345.316197 -1205852.306888 -7019697.061773
-843.786666 7378.683752 -1151.144732
UTC=2024-01-06T15:44:02.000000
-1059118.428027 -312659.162097 -7103447.329076
-583.626522 7488.124540 -242.926055
UTC=2024-01-06T15:46:02.000000
-1113024.181041 586533.309137 -7077852.193325
-313.684247 7478.520336 668.968822
UTC=2024-01-06T15:48:02.000000
-1134258.459803 1477422.141424 -6943301.967615
-40.138641 7349.888723 1570.689708
UTC=2024-01-06T15:50:02.000000
-1122762.128914 2345818.014575 -6701842.479979
230.792833 7104.103949 2448.525718
UTC=2024-01-06T15:52:02.000000
-1079218.415350 3177867.142107 -6357147.519099
492.975057 6744.880912 3289.085872
UTC=2024-01-06T15:54:02.000000
-1005035.814898 3960270.352074 -5914468.935128
740.475552 6277.738723 4079.492756
UTC=2024-01-06T15:56:02.000000
-902316.534533 4680495.617294 -5380563.654957
967.684171 5709.931222 4807.569313
UTC=2024-01-06T15:58:02.000000
-773811.050323 5326981.233755 -4763598.590984
1169.424942 5050.359471 5462.024402
UTC=2024-01-06T16:00:02.000000
-622859.459722 5889326.557186 -4073033.128743
1341.064373 4309.450284 6032.637767
UTC=2024-01-06T16:02:02.000000
-453320.248700 6358466.179567 -3319480.215913
1478.612030 3499.003098 6510.430499
UTC=2024-01-06T16:04:02.000000
-269487.645163 6726824.293476 -2514547.994174
1578.809791 2632.013871 6887.820137
UTC=2024-01-06T16:06:02.000000
-75999.102542 6988446.306552 -1670663.454192
1639.206415 1722.470074 7158.763379
UTC=2024-01-06T16:08:02.000000
122265.263995 7139104.149088 -800880.467631
1658.217657 785.119218 7318.872889
UTC=2024-01-06T16:10:02.000000
320289.488662 7176372.538821 81324.609872
1635.168877 -164.783053 7365.507107
UTC=2024-01-06T16:12:02.000000
513032.408236 7099674.036880 962266.340478
1570.316455 -1111.741189 7297.830006
UTC=2024-01-06T16:14:02.000000
695539.437441 6910291.049450 1828268.570496
1464.844101 -2040.300097 7116.832403
UTC=2024-01-06T16:16:02.000000
863052.418500 6611344.270302 2665882.862884
1320.836088 -2935.321597 6825.311970
UTC=2024-01-06T16:18:02.000000
1011115.342022 6207739.043028 3462102.457223
1141.235931 -3782.242040 6427.823153
UTC=2024-01-06T16:20:02.000000
1135674.244870 5706080.904202 4204568.842496
929.790490 -4567.329090 5930.597991
UTC=2024-01-06T16:22:02.000000
1233169.385804 5114561.930090 4881767.051509
690.973576 -5277.913569 5341.446972
UTC=2024-01-06T16:24:02.000000
1300616.106950 4442818.555924 5483206.814543
429.879525 -5902.623935 4669.605201
UTC=2024-01-06T16:26:02.000000
1335673.612196 3701765.956439 5999582.604481
152.127619 -6431.543509 3925.557684
UTC=2024-01-06T16:28:02.000000
1336701.111933 2903414.710915 6422914.223514
-136.255386 -6856.355816 3120.879409
UTC=2024-01-06T16:30:02.000000
1302799.279129 2060670.971134 6746666.649757
-428.959009 -7170.468664 2268.049553
UTC=2024-01-06T16:32:02.000000
1233836.858634 1187123.739973 6965846.854933
-719.513872 -7369.106352 1380.254806
UTC=2024-01-06T16:34:02.000000
1130462.007102 296823.176620 7077076.364473
-1001.420495 -7449.364075 471.184618
UTC=2024-01-06T16:36:02.000000
994098.225149 -595945.637255 7078640.125509
-1268.277560 -7410.236173 -445.157856
UTC=2024-01-06T16:38:02.000000
826924.795840 -1476892.048257 6970512.280201
-1513.911334 -7252.635226 -1354.658450
UTC=2024-01-06T16:40:02.000000
631841.861293 -2331949.111292 6754356.869422
-1732.501943 -6979.371914 -2243.299700
UTC=2024-01-06T16:42:02.000000
412420.630945 -3147499.207290 6433504.005109
-1918.704624 -6595.115474 -3097.367277
UTC=2024-01-06T16:44:02.000000
172839.489675 -3910592.762823 6012900.527609
-2067.761776 -6106.313543 -3903.663080
UTC=2024-01-06T16:46:02.000000
-82192.510306 -4609155.428356 5499036.790738
-2175.602722 -5521.088016 -4649.690123
UTC=2024-01-06T16:48:02.000000
-347523.736082 -5232182.398943 4899851.661428
-2238.936977 -4849.123274 -5323.834088
UTC=2024-01-06T16:50:02.000000
-617658.954331 -5769918.280554 4224615.112053
-2255.341694 -4101.531699 -5915.557853
UTC=2024-01-06T16:52:02.000000
-886867.770623 -6214017.771227 3483787.405281
-2223.329967 -3290.668987 -6415.588404
UTC=2024-01-06T16:54:02.000000
-1149299.976606 -6557682.603934 2688857.769506
-2142.397516 -2429.927527 -6816.074128
UTC=2024-01-06T16:56:02.000000
-1399105.122319 -6795772.680093 1852165.457630
-2013.048133 -1533.513054 -7110.719913
UTC=2024-01-06T16:58:02.000000
-1630554.563652 -6924889.532205 986705.672444
-1836.807910 -616.203455 -7294.907683
UTC=2024-01-06T17:00:02.000000
-1838163.141272 -6943428.839136 105922.432016
-1616.202681 306.921815 -7365.785657
UTC=2024-01-06T17:02:02.000000
-2016806.715364 -6851600.460501 -776506.486583
-1354.715093 1220.750858 -7322.314710
UTC=2024-01-06T17:04:02.000000
-2161833.519407 -6651416.204294 -1646888.179206
-1056.723701 2110.407218 -7165.281177
UTC=2024-01-06T17:06:02.000000
-2269167.096989 -6346645.838221 -2491732.803720
-727.423678 2961.510848 -6897.277201
UTC=2024-01-06T17:08:02.000000
-2335398.590449 -5942742.293092 -3297967.494812
-372.728509 3760.430117 -6522.648567
UTC=2024-01-06T17:10:02.000000
-2357866.139558 -5446737.505506 -4053141.803059
0.845770 4494.516776 -6047.405046
UTC=2024-01-06T17:12:02.000000
-2334719.639907 -4867111.820809 -4745620.303302
386.307726 5152.310025 -5479.098256
UTC=2024-01-06T17:14:02.000000
-2264969.864080 -4213640.941770 -5364759.257466
776.323306 5723.707386 -4826.679865
UTC=2024-01-06T17:16:02.000000
-2148521.410435 -3497224.130497 -5901065.415121
1163.352544 6200.106733 -4100.346046
UTC=2024-01-06T17:18:02.000000
-1986189.036600 -2729696.972013 -6346335.383869
1539.789780 6574.521928 -3311.368909
UTC=2024-01-06T17:20:02.000000
-1779696.987873 -1923631.923075 -6693773.844307
1898.105911 6841.669363 -2471.912437
UTC=2024-01-06T17:22:02.000000
-1531661.617298 -1092130.597497 -6938089.142969
2230.983417 6998.019535 -1594.842444
UTC=2024-01-06T17:24:02.000000
-1245558.188237 -248611.490980 -7075566.234403
2531.446057 7041.822782 -693.538427
UTC=2024-01-06T17:26:02.000000
-925672.218733 593403.814745 -7104117.081506
2792.987015 6973.108525 218.292776
UTC=2024-01-06T17:28:02.000000
-577035.724983 1420503.188468 -7023308.940747
3009.690812 6793.667520 1126.801425
UTC=2024-01-06T17:30:02.000000
-205349.548377 2219593.201213 -6834370.106154
3176.343483 6507.011948 2018.183338
UTC=2024-01-06T17:32:02.000000
183107.269973 2978102.543406 -6540173.728659
3288.540597 6118.321970 2878.859489
UTC=2024-01-06T17:34:02.000000
581580.949013 3684178.079932 -6145199.219009
3342.789632 5634.371695 3695.671460
UTC=2024-01-06T17:36:02.000000
982957.479150 4326869.953726 -5655470.040434
3336.591639 5063.422370 4456.073314
UTC=2024-01-06T17:38:02.000000
1379886.192571 4896303.066995 -5078469.498101
3268.512395 4415.104781 5148.311041
UTC=2024-01-06T17:40:02.000000
1764911.188880 5383833.396358 -4423034.465683
3138.240181 3700.279916 5761.610696
UTC=2024-01-06T17:42:02.000000
2130608.399407 5782185.556392 -3699226.803663
2946.621203 2930.866998 6286.357614
UTC=2024-01-06T17:44:02.000000
2469725.608816 6085568.677995 -2918184.495564
2695.674517 2119.656421 6714.257326
UTC=2024-01-06T17:46:02.000000
2775323.114670 6289768.805879 -2091953.973910
2388.586515 1280.103216 7038.487485
UTC=2024-01-06T17:48:02.000000
3040912.111022 6392215.147509 -1233305.269384
2029.677853 426.098873 7253.830616
UTC=2024-01-06T17:50:02.000000
3260587.414794 6392017.892988 -355532.794044
1624.342575 -428.273507 7356.779064
UTC=2024-01-06T17:52:02.000000
3429151.360244 6289976.131724 527754.345028
1178.962572 -1268.990527 7345.604100
UTC=2024-01-06T17:54:02.000000
3542226.210166 6088555.757707 1402848.208193
700.802337 -2082.336055 7220.390456
UTC=2024-01-06T17:56:02.000000
3596352.736292 5791838.115276 2256160.237332
197.882878 -2855.141644 6983.041235
UTC=2024-01-06T17:58:02.000000
3589072.404334 5405440.263049 3074438.143338
-321.163785 -3575.018471 6637.250817
UTC=2024-01-06T18:00:02.000000
3518991.400141 4936407.842684 3844977.389647
-847.251402 -4230.580832 6188.438332
UTC=2024-01-06T18:02:02.000000
3385825.267356 4393083.188523 4555822.168210
-1371.005711 -4811.630606 5643.647190
UTC=2024-01-06T18:04:02.000000
3190422.527426 3784952.635577 5195953.792873
-1882.949952 -5309.326774 5011.427529
UTC=2024-01-06T18:06:02.000000
2934766.181587 3122474.966929 5755461.644922
-2373.679309 -5716.320901 4301.668535
UTC=2024-01-06T18:08:02.000000
2621955.595424 2416896.450248 6225693.733007
-2834.019303 -6026.849755 3525.430477
UTC=2024-01-06T18:10:02.000000
2256169.006028 1680056.126215 6599387.133355
-3255.191531 -6236.808082 2694.773437
UTC=2024-01-06T18:12:02.000000
1842606.072717 924183.743685 6870776.249778
-3628.976163 -6343.792588 1822.558736
UTC=2024-01-06T18:14:02.000000
1387411.981808 161695.064134 7035676.932270
-3947.857279 -6347.104588 922.250604
UTC=2024-01-06T18:16:02.000000
897584.882321 -595011.986779 7091547.556051
-4205.156778 -6247.738244 7.728294
UTC=2024-01-06T18:18:02.000000
380867.540628 -1333759.252794 7037526.666656
-4395.162715 -6048.354016 -906.920258
UTC=2024-01-06T18:20:02.000000
-154375.578724 -2042784.778092 6874445.492398
-4513.243214 -5753.216449 -1807.605718
UTC=2024-01-06T18:22:02.000000
-699293.954009 -2710930.686066 6604815.651741
-4555.943435 -5368.113251 -2680.446220
UTC=2024-01-06T18:24:02.000000
-1244696.814031 -3327819.651213 6232791.764113
-4521.057580 -4900.245598 -3511.972408
UTC=2024-01-06T18:26:02.000000
-1781206.690867 -3884017.209786 5764110.804473
-4407.690291 -4358.106251 -4289.311607
UTC=2024-01-06T18:28:02.000000
-2299420.185625 -4371179.038885 5206009.169338
-4216.312212 -3751.347794 -5000.379040
UTC=2024-01-06T18:30:02.000000
-2790073.987362 -4782181.074854 4567116.168909
-3948.789716 -3090.626678 -5634.077494
UTC=2024-01-06T18:32:02.000000
-3244212.419191 -5111229.211113 3857323.880907
-3608.379980 -2387.420521 -6180.488463
UTC=2024-01-06T18:34:02.000000
-3653352.391112 -5353945.947890 3087635.185040
-3199.693662 -1653.826907 -6631.043066
UTC=2024-01-06T18:36:02.000000
-4009642.387818 -5507432.246956 2269993.004856
-2728.635112 -902.354228 -6978.665392
UTC=2024-01-06T18:38:02.000000
-4306013.116670 -5570303.866573 1417093.282734
-2202.320759 -145.702929 -7217.900503
UTC=2024-01-06T18:40:02.000000
-4536316.479226 -5542700.706197 542184.123218
-1628.966323 603.463215 -7345.014426
UTC=2024-01-06T18:42:02.000000
-4695449.488648 -5426268.784196 -341145.078259
-1017.750077 1332.743349 -7358.061977
UTC=2024-01-06T18:44:02.000000
-4779460.417823 -5224115.268496 -1219180.939997
-378.652536 2030.222855 -7256.925371
UTC=2024-01-06T18:46:02.000000
-4785634.290181 -4940737.002341 -2078305.759877
277.725968 2684.689921 -7043.313285
UTC=2024-01-06T18:48:02.000000
-4712555.664853 -4581924.077099 -2905214.542651
940.359995 3285.833022 -6720.718611
UTC=2024-01-06T18:50:02.000000
-4560147.640496 -4154641.319841 -3687124.784527
1597.999527 3824.410615 -6294.341447
UTC=2024-01-06T18:52:02.000000
-4329686.756635 -3666891.115828 -4411975.346066
2239.370363 4292.393011 -5770.985078
UTC=2024-01-06T18:54:02.000000
-4023794.036130 -3127560.753076 -5068611.440336
2853.371388 4683.078907 -5158.928891
UTC=2024-01-06T18:56:02.000000
-3646402.554883 -2546257.418920 -5646952.902617
3429.267338 4991.183000 -4467.776960
UTC=2024-01-06T18:58:02.000000
-3202702.637544 -1933134.657652 -6138143.278314
3956.868028 5212.891778 -3708.292129
UTC=2024-01-06T19:00:02.000000
-2699066.261812 -1298713.650305 -6534678.512220
4426.697027 5345.894494 -2892.221341
UTC=2024-01-06T19:02:02.000000
-2142951.751306 -653702.396600 -6830513.880498
4830.149742 5389.386350 -2032.107624
UTC=2024-01-06T19:04:02.000000
-1542790.722575 -8816.218761 -7021147.876325
5159.629898 5344.043756 -1141.096174
UTC=2024-01-06T19:06:02.000000
-907860.001282 625397.299026 -7103683.305385
5408.665784 5211.977271 -232.751300
UTC=2024-01-06T19:08:02.000000
-248139.897015 1238727.209026 -7076866.817906
5572.021779 4996.676128 679.126425
UTC=2024-01-06T19:10:02.000000
425839.767050 1821460.071056 -6941105.799468
5645.788560 4702.928371 1580.687266
UTC=2024-01-06T19:12:02.000000
1103163.991444 2364530.786747 -6698463.811297
5627.470528 4336.736811 2458.210932
UTC=2024-01-06T19:14:02.000000
1772706.607644 2859662.311752 -6352632.955651
5516.051211 3905.213652 3298.307404
UTC=2024-01-06T19:16:02.000000
2423310.334547 3299491.688814 -5908882.892326
5312.034591 3416.459503 4088.105981
UTC=2024-01-06T19:18:02.000000
3043970.766498 3677680.446588 -5373987.255493
5017.466015 2879.425643 4815.440673
UTC=2024-01-06T19:20:02.000000
3624021.668291 3989008.397131 -4756128.346375
4635.935581 2303.774068 5469.030724
UTC=2024-01-06T19:22:02.000000
4153319.409400 4229449.514222 -4064779.791969
4172.557006 1699.717499 6038.664520
UTC=2024-01-06T19:24:02.000000
4622423.035652 4396227.749989 -3310567.723741
3633.916880 1077.846254 6515.373788
UTC=2024-01-06T19:26:02.000000
5022766.222494 4487851.342707 -2505111.683183
3027.988438 448.943452 6891.594347
UTC=2024-01-06T19:28:02.000000
5346817.172207 4504124.687546 -1660847.836171
2364.020687 -176.202974 7161.301710
UTC=2024-01-06T19:30:02.000000
5588223.653076 4446137.341369 -790836.686958
1652.396716 -786.994219 7320.132025
UTC=2024-01-06T19:32:02.000000
5741938.874178 4316229.820419 91441.576780
904.460930 -1373.210537 7365.465621
UTC=2024-01-06T19:34:02.000000
5804325.798019 4117937.114262 972299.938671
132.331998 -1925.194125 7296.482203
UTC=2024-01-06T19:36:02.000000
5773237.684319 3855910.432170 1838062.370175
-651.307416 -2434.027736 7114.186049
UTC=2024-01-06T19:38:02.000000
5648072.180825 3535818.568523 2675282.381941
-1433.439507 -2891.693187 6821.393666
UTC=2024-01-06T19:40:02.000000
5429797.303038 3164231.631885 3470957.971263
-2200.948739 -3291.208120 6422.685489
UTC=2024-01-06T19:42:02.000000
5120948.948649 2748489.467743 4212738.586020
-2940.859049 -3626.743612 5924.321588
UTC=2024-01-06T19:44:02.000000
4725600.043224 2296557.535054 4889119.666427
-3640.565328 -3893.712822 5334.118457
UTC=2024-01-06T19:46:02.000000
4249303.501268 1816874.568609 5489621.511545
-4288.042871 -4088.822193 4661.319952
UTC=2024-01-06T19:48:02.000000
3699009.118677 1318194.839879 6004951.732481
-4872.069398 -4210.110725 3916.439444
UTC=2024-01-06T19:50:02.000000
3082955.757995 809427.404051 6427146.220686
-5382.411461 -4256.957882 3111.069637
UTC=2024-01-06T19:52:02.000000
2410542.871685 299476.612464 6749687.289187
-5809.984141 -4230.056002 2257.694717
UTC=2024-01-06T19:54:02.000000
1692183.885819 -202912.982283 6967599.833367
-6146.996536 -4131.368448 1369.509129
UTC=2024-01-06T19:56:02.000000
939142.590215 -689306.043192 7077525.005468
-6387.088227 -3964.074713 460.221518
UTC=2024-01-06T19:58:02.000000
163354.516354 -1151717.978395 7077769.239896
-6525.439121 -3732.492577 -456.156627
UTC=2024-01-06T20:00:02.000000
-622763.070143 -1582745.898410 6968328.376545
-6558.853164 -3441.982646 -1365.514353
UTC=2024-01-06T20:02:02.000000
-1406510.078228 -1975687.366332 6750887.106015
-6485.820371 -3098.838461 -2253.849667
UTC=2024-01-06T20:04:02.000000
-2175108.106989 -2324644.813984 6428793.824480
-6306.549343 -2710.159085 -3107.467047
UTC=2024-01-06T20:06:02.000000
-2915908.038644 -2624614.489434 6007012.891630
-6022.990069 -2283.721716 -3913.160620
UTC=2024-01-06T20:08:02.000000
-3616600.031968 -2871560.070290 5492053.861551
-5638.845599 -1827.848461 -4658.419963
UTC=2024-01-06T20:10:02.000000
-4265422.022928 -3062468.834355 4891875.086694
-5159.532055 -1351.250773 -5331.641146
UTC=2024-01-06T20:12:02.000000
-4851361.231946 -3195388.787951 4215763.722800
-4592.107805 -862.868585 -5922.311086
UTC=2024-01-06T20:14:02.000000
-5364345.714092 -3269446.194777 3474194.452301
-3945.176595 -371.705661 -6421.177612
UTC=2024-01-06T20:16:02.000000
-5795422.739840 -3284843.474111 2678668.779026
-3228.766071 113.332703 -6820.404306
UTC=2024-01-06T20:18:02.000000
-6136920.913666 -3242837.695931 1841536.269725
-2454.175346 583.601420 -7113.715995
UTC=2024-01-06T20:20:02.000000
-6382591.711635 -3145699.517201 975799.653134
-1633.785740 1030.880029 -7296.518670
UTC=2024-01-06T20:22:02.000000
-6527726.644762 -2996652.626270 94907.910456
-780.846479 1447.529128 -7365.978987
UTC=2024-01-06T20:24:02.000000
-6569247.936531 -2799795.680789 -787458.383022
90.753183 1826.627749 -7321.077725
UTC=2024-01-06T20:26:02.000000
-6505770.280454 -2560008.212759 -1657606.469261
966.738770 2162.101979 -7162.629926
UTC=2024-01-06T20:28:02.000000
-6337631.331382 -2282842.505147 -2502050.180871
1832.711063 2448.828201 -6893.255929
UTC=2024-01-06T20:30:02.000000
-6066891.577796 -1974404.556338 -3307723.314757
2674.397154 2682.713022 -6517.323044
UTC=2024-01-06T20:32:02.000000
-5697304.158855 -1641226.765204 -4062184.383424
3477.900085 2860.750675 -6040.858487
UTC=2024-01-06T20:34:02.000000
-5234255.400580 -1290135.210029 -4753809.003141
4229.934755 2981.055791 -5471.432215
UTC=2024-01-06T20:36:02.000000
-4684678.029451 -928114.353965 -5371966.984165
4918.048856 3042.873799 -4818.019151
UTC=2024-01-06T20:38:02.000000
-4056938.753907 -562171.958376 -5907181.398590
5530.826441 3046.566467 -4090.836709
UTC=2024-01-06T20:40:02.000000
-3360703.170815 -199207.121649 -6351267.198798
6058.062284 2993.575391 -3301.168828
UTC=2024-01-06T20:42:02.000000
-2606781.291553 154116.099855 -6697448.292090
6490.910733 2886.365169 -2461.183823
UTC=2024-01-06T20:44:02.000000
-1806956.519870 491487.110920 -6940452.723473
6822.014092 2728.348644 -1583.751008
UTC=2024-01-06T20:46:02.000000
-973800.650911 807057.573670 -7076585.433739
7045.604777 2523.802995 -682.251445
UTC=2024-01-06T20:48:02.000000
-120478.089764 1095539.704370 -7103778.397992
7157.585119 2277.776319 229.610181
UTC=2024-01-06T20:50:02.000000
739458.206194 1352292.305522 -7021618.542802
7155.586024 1995.978723 1137.983910
UTC=2024-01-06T20:52:02.000000
1592277.621413 1573393.758211 -6831354.636537
7039.023640 1684.674670 2029.056343
UTC=2024-01-06T20:54:02.000000
2424287.849819 1755701.526711 -6535880.684298
6809.121163 1350.563555 2889.251538
UTC=2024-01-06T20:56:02.000000
3222051.936404 1896896.786599 -6139696.077647
6468.908670 1000.652768 3705.421913
UTC=2024-01-06T20:58:02.000000
3972603.418465 1995513.512444 -5648842.840189
6023.191341 642.126697 4465.033381
UTC=2024-01-06T21:00:02.000000
4663656.994237 2050951.992818 -5070821.368185
5478.508019 282.217832 5156.345260
UTC=2024-01-06T21:02:02.000000
5283812.603075 2063476.647563 -4414483.792954
4843.058013 -71.926957 5768.600448
UTC=2024-01-06T21:04:02.000000
5822748.325525 2034197.579876 -3689905.191844
4126.590408 -413.382056 6292.201333
UTC=2024-01-06T21:06:02.000000
6271398.516305 1965036.101068 -2908234.778235
3340.270271 -735.574375 6718.868958
UTC=2024-01-06T21:08:02.000000
6622114.497061 1858674.856853 -2081528.344251
2496.518067 -1032.408471 7041.797750
UTC=2024-01-06T21:10:02.000000
6868803.445047 1718493.240171 -1222563.139529
1608.808599 -1298.386888 7255.787958
UTC=2024-01-06T21:12:02.000000
7007041.786115 1548488.874934 -344638.835448
691.448943 -1528.720367 7357.347995
UTC=2024-01-06T21:14:02.000000
7034160.171595 1353186.825854 538632.374703
-240.675275 -1719.421118 7344.768203
UTC=2024-01-06T21:16:02.000000
6949297.473951 1137538.912254 1413541.506638
-1172.353466 -1867.375545 7218.149023
UTC=2024-01-06T21:18:02.000000
6753424.326374 906814.980660 2266501.277753
-2088.314741 -1970.405407 6979.418141
UTC=2024-01-06T21:20:02.000000
6449333.110922 666488.140726 3084263.853483
-2973.512625 -2027.304976 6632.294717
UTC=2024-01-06T21:22:02.000000
6041595.273345 422117.138688 3854131.862308
-3813.386583 -2037.853511 6182.221700
UTC=2024-01-06T21:24:02.000000
5536487.085506 179228.416046 4564159.576540
-4594.123751 -2002.805578 5636.261717
UTC=2024-01-06T21:26:02.000000
4941886.323251 -56799.044989 5203339.722290
-5302.882233 -1923.858936 5002.973061
UTC=2024-01-06T21:28:02.000000
4267142.221305 -280844.585157 5761774.706060
-5928.015082 -1803.611303 4292.263194
UTC=2024-01-06T21:30:02.000000
3522920.440394 -488149.676623 6230827.837956
-6459.255809 -1645.486582 3515.210284
UTC=2024-01-06T21:32:02.000000
2721028.059752 -674412.102595 6603253.196434
-6887.871169 -1453.652055 2683.884756
UTC=2024-01-06T21:34:02.000000
1874221.577740 -835869.743937 6873303.477056
-7206.790442 -1232.925286 1811.162131
UTC=2024-01-06T21:36:02.000000
996000.541257 -969372.470634 7036815.116978
-7410.716870 -988.670396 910.527926
UTC=2024-01-06T21:38:02.000000
100389.634536 -1072440.894069 7091268.868700
-7496.204072 -726.682377 -4.132450
UTC=2024-01-06T21:40:02.000000
-798286.257060 -1143310.912237 7035825.594714
-7461.700863 -453.067500 -918.736279
UTC=2024-01-06T21:42:02.000000
-1685631.029726 -1180963.660932 6871337.826869
-7307.572944 -174.118745 -1819.205340
UTC=2024-01-06T21:44:02.000000
-2547407.376198 -1185140.152095 6600337.203914
-7036.098357 103.813750 -2691.665264
UTC=2024-01-06T21:46:02.000000
-3369765.005848 -1156340.478664 6226998.486783
-6651.444949 374.449674 -3522.637220
UTC=2024-01-06T21:48:02.000000
-4139465.278116 -1095807.996431 5757080.035914
-6159.628437 631.701887 -4299.241794
UTC=2024-01-06T21:50:02.000000
-4844098.392212 -1005498.809242 5197839.535153
-5568.431168 869.799111 -5009.402844
UTC=2024-01-06T21:52:02.000000
-5472288.945093 -888036.501088 4557925.765057
-4887.289052 1083.407322 -5642.043197
UTC=2024-01-06T21:54:02.000000
-6013885.942021 -746652.874448 3847247.613688
-4127.145936 1267.741671 -6187.267239
UTC=2024-01-06T21:56:02.000000
-6460133.548223 -585115.792859 3076822.400632
-3300.280707 1418.668438 -6636.521676
UTC=2024-01-06T21:58:02.000000
-6803820.204975 -407645.534814 2258605.890287
-2420.118589 1532.795350 -6982.743681
UTC=2024-01-06T22:00:02.000000
-7039403.070363 -218821.098664 1405304.941219
-1501.005310 1607.546609 -7220.497856
UTC=2024-01-06T22:02:02.000000
-7163103.403769 -23478.758638 530175.835186
-557.953575 1641.218027 -7346.076262
UTC=2024-01-06T22:04:02.000000
-7172970.783247 173395.046991 -353187.327288
393.622631 1633.015989 -7357.564954
UTC=2024-01-06T22:06:02.000000
-7068914.706790 366774.304192 -1231070.243419
1338.185772 1583.075392 -7254.876580
UTC=2024-01-06T22:08:02.000000
-6852702.622061 551704.683040 -2089857.379125
2260.351857 1492.453383 -7039.739481
UTC=2024-01-06T22:10:02.000000
-6527925.935871 723412.942158 -2916247.864691
3145.149134 1363.105693 -6715.663787
UTC=2024-01-06T22:12:02.000000
-6099934.292972 877412.436901 -3697466.208847
3978.290966 1197.844138 -6287.879514
UTC=2024-01-06T22:14:02.000000
-5575738.081333 1009602.158534 -4421461.960578
4746.421608 1000.271996 -5763.219839
UTC=2024-01-06T22:16:02.000000
-4963883.849549 1116357.049115 -5077094.437708
5437.328259 774.703840 -5149.990890
UTC=2024-01-06T22:18:02.000000
-4274305.510189 1194607.834225 -5654300.469428
6040.129270 526.071720 -4457.817834
UTC=2024-01-06T22:20:02.000000
-3518155.050807 1241908.961449 -6144242.771151
6545.428668 259.820398 -3697.478650
UTC=2024-01-06T22:22:02.000000
-2707616.307980 1256493.310363 -6539437.783367
6945.443224 -18.206720 -2880.727146
UTC=2024-01-06T22:24:02.000000
-1855705.302591 1237313.270552 -6833861.947002
7234.101845 -301.880269 -2020.112010
UTC=2024-01-06T22:26:02.000000
-976060.003265 1184067.881221 -7023035.571493
7407.117989 -584.906497 -1128.783429
UTC=2024-01-06T22:28:02.000000
-82723.700399 1097215.116812 -7104083.735765
7462.027581 -860.950087 -220.306924
UTC=2024-01-06T22:30:02.000000
810074.992984 977969.726719 -7075775.436874
7398.209041 -1123.753630 691.512486
UTC=2024-01-06T22:32:02.000000
1688144.426213 828286.557478 -6938541.606099
7216.900584 -1367.260064 1592.815235
UTC=2024-01-06T22:34:02.000000
2537552.114209 650829.217172 -6694469.438814
6921.176783 -1585.733177 2469.887627
UTC=2024-01-06T22:36:02.000000
3344842.681353 448924.759121 -6347273.667905
6515.906094 -1773.870429 3309.350179
UTC=2024-01-06T22:38:02.000000
4097249.184753 226504.852097 -5902245.000182
6007.680249 -1926.915795 4098.346215
UTC=2024-01-06T22:40:02.000000
4782894.787856 -11966.042357 -5366176.563155
5404.727020 -2040.761161 4824.722173
UTC=2024-01-06T22:42:02.000000
5390983.097874 -261574.068377 -4747268.505950
4716.805828 -2112.040108 5477.213388
UTC=2024-01-06T22:44:02.000000
5911973.743398 -517050.192949 -4055010.000442
3955.064406 -2138.211985 6045.629862
UTC=2024-01-06T22:46:02.000000
6337739.116275 -772873.552561 -3300040.112300
3131.871563 -2117.630783 6521.023763
UTC=2024-01-06T22:48:02.000000
6661699.791814 -1023382.278679 -2493989.182872
2260.627831 -2049.599801 6895.847177
UTC=2024-01-06T22:50:02.000000
6878935.586414 -1262889.593548 -1649302.013461
1355.548080 -1934.404261 7164.095461
UTC=2024-01-06T22:52:02.000000
6986268.988879 -1485802.585388 -779045.448061
431.420465 -1773.323733 7321.422629
UTC=2024-01-06T22:54:02.000000
6982318.834767 -1686741.231385 103296.107243
-496.646807 -1568.623747 7365.227520
UTC=2024-01-06T22:56:02.000000
6867522.978154 -1860655.158024 984034.001266
-1413.490935 -1323.525714 7294.714438
UTC=2024-01-06T22:58:02.000000
6644128.348079 -2002935.328971 1849493.590166
-2304.167743 -1042.153629 7110.912637
UTC=2024-01-06T23:00:02.000000
6316148.824331 -2109518.207702 2686232.848956
-3154.216766 -729.460461 6816.665070
UTC=2024-01-06T23:02:02.000000
5889291.426318 -2176979.590029 3481257.313054
-3949.921148 -391.132010 6416.576075
UTC=2024-01-06T23:04:02.000000
5370852.519463 -2202616.257036 4222226.466195
-4678.546162 -33.479492 5916.923048
UTC=2024-01-06T23:06:02.000000
4769587.130473 -2184513.702991 4897647.737674
-5328.547311 336.684774 5325.540085
UTC=2024-01-06T23:08:02.000000
4095555.098850 -2121598.421476 5497055.596192
-5889.751693 712.178410 4651.687215
UTC=2024-01-06T23:10:02.000000
3359946.192847 -2013674.210916 6011173.471920
-6353.524870 1085.585951 3905.890382
UTC=2024-01-06T23:12:02.000000
2574887.694460 -1861441.467246 6432054.611444
-6712.892463 1449.403249 3099.756723
UTC=2024-01-06T23:14:02.000000
1753239.640136 -1666499.418083 6753200.875439
-6962.629760 1796.177293 2245.791390
UTC=2024-01-06T23:16:02.000000
908380.589057 -1431331.472471 6969658.977155
-7099.327931 2118.648542 1357.203440
UTC=2024-01-06T23:18:02.000000
53987.388585 -1159273.557070 7078092.770250
-7121.426769 2409.890579 447.702148
UTC=2024-01-06T23:20:02.000000
-796187.047025 -854466.145252 7076831.111710
-7029.217051 2663.441912 -468.705248
UTC=2024-01-06T23:22:02.000000
-1628534.822172 -521790.920972 6965891.664932
-6824.820039 2873.431369 -1377.912286
UTC=2024-01-06T23:24:02.000000
-2429810.427982 -166792.606598 6746980.768845
-6512.144995 3034.698422 -2265.914186
UTC=2024-01-06T23:26:02.000000
-3187341.636078 204412.952486 6423469.282086
-6096.825036 3142.902320 -3119.007338
UTC=2024-01-06T23:28:02.000000
-3889231.421046 585243.141272 6000344.321715
-5586.130791 3194.619413 -3923.991317
UTC=2024-01-06T23:30:02.000000
-4524548.057594 968763.816188 5484136.717528
-4988.858736 3187.427396 -4668.371535
UTC=2024-01-06T23:32:02.000000
-5083500.102905 1347813.839043 4882824.508708
-4315.192291 3119.975974 -5340.554442
UTC=2024-01-06T23:34:02.000000
-5557593.304200 1715137.077666 4205713.293329
-3576.537756 2992.038751 -5930.038580
UTC=2024-01-06T23:36:02.000000
-5939766.051994 2063519.231948 3463294.532720
-2785.333062 2804.542605 -6427.588166
UTC=2024-01-06T23:38:02.000000
-6224500.965157 2385926.933669 2667084.156991
-1954.841651 2559.575498 -6825.389344
UTC=2024-01-06T23:40:02.000000
-6407910.708365 2675646.387590 1829443.385283
-1098.928913 2260.371318 -7117.189439
UTC=2024-01-06T23:42:02.000000
-6487795.918232 2926418.792620 963383.940081
-231.819746 1911.270310 -7298.417352
UTC=2024-01-06T23:44:02.000000
-6463672.792997 3132569.220096 82360.788513
632.160806 1517.649954 -7366.266799
UTC=2024-01-06T23:46:02.000000
-6336769.844585 3289125.855987 -799942.784232
1478.841892 1085.834271 -7319.744545
UTC=2024-01-06T23:48:02.000000
-6109994.197263 3391927.007168 -1669834.008779
2294.458304 622.981363 -7159.685706
UTC=2024-01-06T23:50:02.000000
-5787868.127538 3437713.710444 -2513829.492504
3065.897510 136.955083 -6888.738722
UTC=2024-01-06T23:52:02.000000
-5376436.465426 3424205.524046 -3318869.544410
3780.931355 -363.825391 -6511.303466
UTC=2024-01-06T23:54:02.000000
-4883148.140058 3350157.868811 -4072523.150196
4428.418978 -870.541688 -6033.440110
UTC=2024-01-06T23:56:02.000000
-4316714.773333 3215400.151184 -4763180.073422
4998.482143 -1374.139820 -5462.746068
UTC=2024-01-06T23:58:02.000000
-3686950.297881 3020854.144971 -5380227.034745
5482.649088 -1865.495138 -4808.213699
