UTC=2024-01-31T00:00:02.000000
4857563.546552 -1934916.693816 -4932783.610775
3931.095526 -3627.914552 5298.434206
UTC=2024-01-31T00:02:02.000000
5287107.141693 -2358194.948736 -4260502.443783
3219.318756 -3415.572548 5891.892281
UTC=2024-01-31T00:04:02.000000
5628369.600018 -2752030.511689 -3522354.654898
2461.804579 -3137.682377 6394.765853
UTC=2024-01-31T00:06:02.000000
5876617.560674 -3108754.973444 -2729702.596552
1671.240014 -2797.739095 6799.090768
UTC=2024-01-31T00:08:02.000000
6028672.238153 -3421192.459475 -1894775.349230
860.810492 -2400.448409 7098.407790
UTC=2024-01-31T00:10:02.000000
6082955.824916 -3682801.535599 -1030480.736245
43.975874 -1951.667039 7287.882232
UTC=2024-01-31T00:12:02.000000
6039510.476754 -3887808.563317 -150204.126019
-765.764651 -1458.317954 7364.403504
UTC=2024-01-31T00:14:02.000000
5899988.632476 -4031329.163547 732402.675803
-1555.111736 -928.279508 7326.650008
UTC=2024-01-31T00:16:02.000000
5667614.720150 -4109475.275968 1603638.644907
-2311.205021 -370.253819 7175.126689
UTC=2024-01-31T00:18:02.000000
5347118.145541 -4119444.445250 2449973.001137
-3021.859950 206.396201 6912.160471
UTC=2024-01-31T00:20:02.000000
4944639.186123 -4059588.997813 3258261.198432
-3675.779541 791.815632 6541.852056
UTC=2024-01-31T00:22:02.000000
4467610.955650 -3929464.443141 4015953.742595
-4262.743095 1375.836823 6070.003291
UTC=2024-01-31T00:24:02.000000
3924619.978636 -3729856.131954 4711294.510988
-4773.774969 1948.160886 5504.016580
UTC=2024-01-31T00:26:02.000000
3325247.529239 -3462783.547839 5333505.225360
-5201.292434 2498.550223 4852.761077
UTC=2024-01-31T00:28:02.000000
2679895.975073 -3131481.670651 5872952.029365
-5539.208122 3017.014028 4126.415101
UTC=2024-01-31T00:30:02.000000
1999604.231144 -2740360.641856 6321292.663962
-5783.011717 3493.986103 3336.296126
UTC=2024-01-31T00:32:02.000000
1295855.272695 -2294944.663599 6671601.881631
-5929.817411 3920.491781 2494.672122
UTC=2024-01-31T00:34:02.000000
580379.843322 -1801791.495823 6918474.112866
-5978.382769 4288.305249 1614.570173
UTC=2024-01-31T00:36:02.000000
-135040.503426 -1268393.746634 7058102.587398
-5929.099331 4590.094588 709.576817
UTC=2024-01-31T00:38:02.000000
-838767.653086 -703063.494962 7088334.519778
-5783.958859 4819.554549 -206.361818
UTC=2024-01-31T00:40:02.000000
-1519495.937197 -114801.997050 7008702.210592
-5546.500147 4971.522578 -1119.140492
UTC=2024-01-31T00:42:02.000000
-2166433.611338 486843.798296 6820429.965125
-5221.735529 5042.081961 -2014.698311
UTC=2024-01-31T00:44:02.000000
-2769474.230175 1091936.016527 6526416.579395
-4816.057210 5028.646592 -2879.221979
UTC=2024-01-31T00:46:02.000000
-3319355.636689 1690309.689218 6131193.512187
-4337.124240 4930.027239 -3699.346582
UTC=2024-01-31T00:48:02.000000
-3807804.473318 2271743.477079 5640859.254482
-3793.734969 4746.480323 -4462.352995
UTC=2024-01-31T00:50:02.000000
-4227664.288221 2826135.129955 5062989.843006
-3195.679622 4479.736708 -5156.367781
UTC=2024-01-31T00:52:02.000000
-4573004.702605 3343678.637098 4406525.680770
-2553.573649 4133.000151 -5770.555869
UTC=2024-01-31T00:54:02.000000
-4839209.681473 3815039.548943 3681636.065907
-1878.675507 3710.919810 -6295.299301
UTC=2024-01-31T00:56:02.000000
-5023042.996607 4231525.575349 2899563.151707
-1182.689709 3219.538053 -6722.360919
UTC=2024-01-31T00:58:02.000000
-5122689.467331 4585249.249042 2072447.379376
-477.561017 2666.210602 -7045.029387
UTC=2024-01-31T01:00:02.000000
-5137770.945437 4869279.077349 1213136.502439
224.741531 2059.492171 -7258.245944
UTC=2024-01-31T01:02:02.000000
-5069336.177216 5077774.802979 334981.504890
912.440466 1408.989522 -7358.693729
UTC=2024-01-31T01:04:02.000000
-4919825.335389 5206104.235987 -548376.138726
1574.157060 725.202563 -7344.856594
UTC=2024-01-31T01:06:02.000000
-4693009.654939 5250939.744833 -1423223.114240
2199.121721 19.340163 -7217.055857
UTC=2024-01-31T01:08:02.000000
-4393905.953306 5210330.777736 -2275994.216724
2777.372948 -696.889927 -6977.431365
UTC=2024-01-31T01:10:02.000000
-4028669.816531 5083751.216616 -3093487.918533
3299.920052 -1411.491417 -6629.895139
UTC=2024-01-31T01:12:02.000000
-3604469.649707 4872120.725891 -3863074.485480
3758.895792 -2112.400540 -6180.047143
UTC=2024-01-31T01:14:02.000000
-3129344.575771 4577800.003562 -4572891.665302
4147.672146 -2787.698514 -5635.057727
UTC=2024-01-31T01:16:02.000000
-2612050.267465 4204561.093369 -5212025.063165
4460.946162 -3425.813960 -5003.529263
UTC=2024-01-31T01:18:02.000000
-2061896.368519 3757534.374389 -5770671.056739
4694.795719 -4015.710520 -4295.347444
UTC=2024-01-31T01:20:02.000000
-1488578.346777 3243133.107793 -6240281.361844
4846.716607 -4547.073480 -3521.519764
UTC=2024-01-31T01:22:02.000000
-902006.483923 2668956.347628 -6613686.827563
4915.631880 -5010.480908 -2693.992612
UTC=2024-01-31T01:24:02.000000
-312135.519577 2043672.829875 -6885198.674072
4901.872090 -5397.548955 -1825.461506
UTC=2024-01-31T01:26:02.000000
271201.909129 1376888.505393 -7050687.379785
4807.133249 -5701.062105 -929.187986
UTC=2024-01-31T01:28:02.000000
838455.932777 678999.289788 -7107639.573483
4634.422647 -5915.087429 -18.815478
UTC=2024-01-31T01:30:02.000000
1380512.929533 -38969.114823 -7055192.530585
4387.989903 -6035.077756 891.821313
UTC=2024-01-31T01:32:02.000000
1888839.168153 -765532.776739 -6894145.398684
4073.233387 -6057.954240 1788.890624
UTC=2024-01-31T01:34:02.000000
2355612.546682 -1488929.501568 -6626947.823327
3696.598088 -5982.167555 2658.746529
UTC=2024-01-31T01:36:02.000000
2773841.644846 -2197305.338757 -6257666.401935
3265.463108 -5807.743220 3488.116252
UTC=2024-01-31T01:38:02.000000
3137470.393540 -2878905.512431 -5791929.280598
2788.018328 -5536.314296 4264.277001
UTC=2024-01-31T01:40:02.000000
3441467.692548 -3522268.777333 -5236848.509658
2273.131917 -5171.138798 4975.254578
UTC=2024-01-31T01:42:02.000000
3681899.403189 -4116421.019325 -4600918.281009
1730.191173 -4717.069744 5610.016433
UTC=2024-01-31T01:44:02.000000
3855981.043258 -4651063.695573 -3893891.945315
1168.943793 -4180.504537 6158.636191
UTC=2024-01-31T01:46:02.000000
3962111.548827 -5116755.388715 -3126639.400441
599.338201 -3569.317560 6612.458574
UTC=2024-01-31T01:48:02.000000
3999887.105261 -5505083.501695 -2310984.806797
31.349575 -2892.761623 6964.260512
UTC=2024-01-31T01:50:02.000000
3970093.335005 -5808821.574533 -1459526.007427
-525.202843 -2161.326673 7208.390243
UTC=2024-01-31T01:52:02.000000
3874676.085795 -6022068.115548 -585439.219729
-1060.830803 -1386.576377 7340.877171
UTC=2024-01-31T01:54:02.000000
3716690.974660 -6140364.118239 297728.171403
-1566.555463 -580.953688 7359.515822
UTC=2024-01-31T01:56:02.000000
3500232.294565 -6160785.885820 1176272.345680
-2034.069452 242.432187 7263.909985
UTC=2024-01-31T01:58:02.000000
3230343.485992 -6082011.346659 2036551.795651
-2455.886069 1070.038257 7055.494793
UTC=2024-01-31T02:00:02.000000
2912910.086686 -5904357.055252 2865205.886304
-2825.477282 1888.137509 6737.507501
UTC=2024-01-31T02:02:02.000000
2554537.908974 -5629785.800529 3649367.563255
-3137.382452 2683.060240 6314.924501
UTC=2024-01-31T02:04:02.000000
2162419.851018 -5261885.272850 4376866.969714
-3387.289306 3441.434012 5794.372837
UTC=2024-01-31T02:06:02.000000
1744194.177565 -4805818.119282 5036422.858280
-3572.094793 4150.420785 5184.012878
UTC=2024-01-31T02:08:02.000000
1307797.379313 -4268244.413929 5617818.172616
-3689.935310 4797.936779 4493.396805
UTC=2024-01-31T02:10:02.000000
861314.327323 -3657218.364984 6112057.700800
-3740.201365 5372.864368 3733.305507
UTC=2024-01-31T02:12:02.000000
412828.626539 -2982060.981481 6511504.098783
-3723.517779 5865.235084 2915.557745
UTC=2024-01-31T02:14:02.000000
-29723.089773 -2253212.717250 6809991.182637
-3641.700517 6266.384487 2052.822461
UTC=2024-01-31T02:16:02.000000
-458690.581346 -1482068.653797 7002914.503386
-3497.695547 6569.087362 1158.428189
UTC=2024-01-31T02:18:02.000000
-866841.272815 -680798.405187 7087299.032610
-3295.503973 6767.679244 246.169750
UTC=2024-01-31T02:20:02.000000
-1247481.550861 137847.394078 7061842.804443
-3040.091361 6858.154580 -669.897837
UTC=2024-01-31T02:22:02.000000
-1594566.367356 960740.615607 6926935.757698
-2737.282583 6838.237245 -1575.665246
UTC=2024-01-31T02:24:02.000000
-1902795.373931 1774586.236380 6684654.039611
-2393.644334 6707.427661 -2457.172015
UTC=2024-01-31T02:26:02.000000
-2167694.482597 2566137.216000 6338730.025578
-2016.358911 6467.027404 -3300.808333
UTC=2024-01-31T02:28:02.000000
-2385681.654913 3322410.966328 5894498.169530
-1613.088202 6120.140080 -4093.516139
UTC=2024-01-31T02:30:02.000000
-2554116.015600 4030904.180239 5358817.030305
-1191.832988 5671.644024 -4822.983475
UTC=2024-01-31T02:32:02.000000
-2671329.912292 4679803.099857 4739968.091001
-760.787493 5128.141923 -5477.839539
UTC=2024-01-31T02:34:02.000000
-2736642.914480 5258185.630681 4047531.418533
-328.185617 4497.875439 -6047.842223
UTC=2024-01-31T02:36:02.000000
-2750357.340137 5756211.310134 3292239.528763
97.853340 3790.607238 -6524.054322
UTC=2024-01-31T02:38:02.000000
-2713735.233797 6165294.932983 2485811.237056
509.478190 3017.468050 -6898.998113
UTC=2024-01-31T02:40:02.000000
-2628957.312473 6478260.363123 1640768.454421
899.253344 2190.779822 -7166.786730
UTC=2024-01-31T02:42:02.000000
-2499064.435018 6689471.433055 770238.564179
1260.301387 1323.850536 -7323.231095
UTC=2024-01-31T02:44:02.000000
-2327882.774705 6794936.803094 -112254.263329
1586.431262 430.746206 -7365.917566
UTC=2024-01-31T02:46:02.000000
-2119934.548234 6792386.340808 -993005.239987
1872.250803 -473.954313 -7294.255422
UTC=2024-01-31T02:48:02.000000
-1880335.987360 6681316.921066 -1858349.292392
2113.268018 -1375.427686 -7109.496392
UTC=2024-01-31T02:50:02.000000
-1614684.201635 6463004.515566 -2694880.216937
2305.970091 -2258.890296 -6814.690760
UTC=2024-01-31T02:52:02.000000
-1328936.680123 6140484.137431 -3489661.809137
2447.869347 -3109.848398 -6414.607985
UTC=2024-01-31T02:54:02.000000
-1029286.598760 5718500.588490 -4230429.012588
2537.527795 -3914.340118 -5915.647501
UTC=2024-01-31T02:56:02.000000
-722036.380343 5203430.175534 -4905776.572284
2574.561597 -4659.172745 -5325.716565
UTC=2024-01-31T02:58:02.000000
-413471.979066 4603175.666727 -5505331.396086
2559.624763 -5332.131064 -4654.086173
UTC=2024-01-31T03:00:02.000000
-109740.258760 3927037.248351 -6019907.050840
2494.373964 -5922.171105 -3911.235066
UTC=2024-01-31T03:02:02.000000
183268.189272 3185561.316328 -6441638.208741
2381.412571 -6419.592825 -3108.671872
UTC=2024-01-31T03:04:02.000000
460028.272738 2390370.538925 -6764092.941985
2224.215256 -6816.178327 -2258.746697
UTC=2024-01-31T03:06:02.000000
715479.948490 1553979.298814 -6982362.667900
2027.043303 -7105.300760 -1374.468565
UTC=2024-01-31T03:08:02.000000
945116.944208 689596.833645 -7093130.148781
1794.847784 -7282.019754 -469.318790
UTC=2024-01-31T03:10:02.000000
1145063.284021 -189079.515149 -7094714.780843
1533.164515 -7343.150853 442.938030
UTC=2024-01-31T03:12:02.000000
1312136.704574 -1068078.186486 -6987095.030290
1247.999825 -7287.313129 1348.447816
UTC=2024-01-31T03:14:02.000000
1443898.034134 -1933371.121466 -6771907.846765
945.712694 -7114.947653 2233.453192
UTC=2024-01-31T03:16:02.000000
1538686.456220 -2771092.778080 -6452426.320547
632.896740 -6828.321764 3084.472340
UTC=2024-01-31T03:18:02.000000
1595640.262451 -3567759.037631 -6033515.737932
316.255299 -6431.522941 3888.482188
UTC=2024-01-31T03:20:02.000000
1614702.291999 -4310483.976983 -5521566.702100
2.473069 -5930.423267 4633.117620
UTC=2024-01-31T03:22:02.000000
1596610.169695 -4987189.530125 -4924404.608967
-301.908929 -5332.600255 5306.859325
UTC=2024-01-31T03:24:02.000000
1542871.575023 -5586804.809269 -4251177.892131
-590.618595 -4647.246575 5899.205276
UTC=2024-01-31T03:26:02.000000
1455724.373483 -6099453.257358 -3512225.232387
-857.778750 -3885.051300 6400.849291
UTC=2024-01-31T03:28:02.000000
1338082.122895 -6516623.016506 -2718922.033962
-1098.023378 -3058.042079 6803.844239
UTC=2024-01-31T03:30:02.000000
1193466.301043 -6831316.868844 -1883508.440331
-1306.603534 -2179.402191 7101.747884
UTC=2024-01-31T03:32:02.000000
1025926.229690 -7038178.435881 -1018901.013054
-1479.486681 -1263.258155 7289.747533
UTC=2024-01-31T03:34:02.000000
839947.806095 -7133591.257541 -138490.968303
-1613.440999 -324.439818 7364.758408
UTC=2024-01-31T03:36:02.000000
640353.464202 -7115747.838102 744067.180608
-1706.099013 621.776314 7325.484591
UTC=2024-01-31T03:38:02.000000
432195.352830 -6984687.464517 1615072.585398
-1756.005651 1559.932512 7172.453028
UTC=2024-01-31T03:40:02.000000
220644.099603 -6742301.412097 2460997.240879
-1762.644043 2474.666899 6908.014416
UTC=2024-01-31T03:42:02.000000
10875.669727 -6392304.505905 3268702.860990
-1726.441404 3350.995568 6536.302889
UTC=2024-01-31T03:44:02.000000
-192041.293519 -5940173.392722 4025650.178440
-1648.754854 4174.580572 6063.150514
UTC=2024-01-31T03:46:02.000000
-383254.962531 -5393054.611884 4720096.309360
-1531.832920 4931.966824 5495.980125
UTC=2024-01-31T03:48:02.000000
-558234.112097 -4759644.776488 5341278.357873
-1378.759252 5610.811130 4843.677169
UTC=2024-01-31T03:50:02.000000
-712863.980299 -4050044.907658 5879579.809254
-1193.377995 6200.081256 4116.436754
UTC=2024-01-31T03:52:02.000000
-843532.492698 -3275591.999476 6326677.743539
-980.207335 6690.237847 3325.591711
UTC=2024-01-31T03:54:02.000000
-947205.187039 -2448670.937303 6675667.547308
-744.338236 7073.374384 2483.414990
UTC=2024-01-31T03:56:02.000000
-1021487.449791 -1582512.244262 6921164.381100
-491.325268 7343.319523 1602.933233
UTC=2024-01-31T03:58:02.000000
-1064673.389870 -690978.176964 7059382.533274
-227.073407 7495.729729 697.738635
UTC=2024-01-31T04:00:02.000000
-1075780.795689 211660.853202 7088190.995177
42.281948 7528.153152 -218.217059
UTC=2024-01-31T04:02:02.000000
-1054571.124412 1110955.397726 7007144.414793
310.503242 7440.061445 -1130.825004
UTC=2024-01-31T04:04:02.000000
-1001554.048439 1992508.562754 6817489.680176
571.378927 7232.857661 -2026.024203
UTC=2024-01-31T04:06:02.000000
-917976.773313 2842206.846278 6522147.926002
818.849032 6909.856393 -2890.005352
UTC=2024-01-31T04:08:02.000000
-805798.489826 3646447.075135 6125672.263911
1047.127211 6476.239467 -3709.411762
UTC=2024-01-31T04:10:02.000000
-667650.276749 4392356.507070 5634181.283993
1250.821597 5938.983825 -4471.541780
UTC=2024-01-31T04:12:02.000000
-506780.851202 5068002.482735 5055268.923111
1425.047937 5306.763242 -5164.539374
UTC=2024-01-31T04:14:02.000000
-326989.266399 5662589.156602 4397891.312949
1565.535807 4589.825830 -5777.590927
UTC=2024-01-31T04:16:02.000000
-132545.269716 6166636.269572 3672230.589909
1668.724523 3799.819802 -6301.100206
UTC=2024-01-31T04:18:02.000000
71900.488742 6572137.347989 2889540.273426
1731.838974 2949.634344 -6726.836524
UTC=2024-01-31T04:20:02.000000
281415.364847 6872696.979877 2061970.293104
1752.965805 2053.186069 -7048.115844
UTC=2024-01-31T04:22:02.000000
490891.385001 7063638.118891 1202374.235568
1731.101686 1125.157799 -7259.909280
UTC=2024-01-31T04:24:02.000000
695156.271865 7142079.311678 324105.370054
1666.181830 180.749417 -7358.930382
UTC=2024-01-31T04:26:02.000000
889086.825578 7106980.712663 -559196.407755
1559.088023 -764.591792 -7343.696189
UTC=2024-01-31T04:28:02.000000
1067721.636200 6959156.990628 -1433822.786168
1411.629966 -1695.450302 -7214.549196
UTC=2024-01-31T04:30:02.000000
1226370.345546 6701257.301342 -2286215.449410
1226.508108 -2596.711097 -6973.642013
UTC=2024-01-31T04:32:02.000000
1360717.525373 6337713.400212 -3103180.916574
1007.260449 -3453.822257 -6624.892336
UTC=2024-01-31T04:34:02.000000
1466919.093751 5874656.876178 -3872097.990623
758.191462 -4253.045387 -6173.904860
UTC=2024-01-31T04:36:02.000000
1541689.183380 5319807.471174 -4581113.944307
484.284387 -4981.686153 -5627.861941
UTC=2024-01-31T04:38:02.000000
1582375.594155 4682335.250152 -5219325.784111
191.098932 -5628.297917 -4995.384929
UTC=2024-01-31T04:40:02.000000
1587022.266943 3972700.470916 -5776943.613207
-115.341550 -6182.849105 -4286.377521
UTC=2024-01-31T04:42:02.000000
1554417.840505 3202475.108285 -6245434.804363
-428.669389 -6636.865025 -3511.861517
UTC=2024-01-31T04:44:02.000000
1484129.430025 2384148.760734 -6617647.234693
-742.298761 -6983.541737 -2683.791784
UTC=2024-01-31T04:46:02.000000
1376521.311721 1530923.451886 -6887910.032658
-1049.549871 -7217.819562 -1814.871162
UTC=2024-01-31T04:48:02.000000
1232758.746008 656500.841466 -7052112.574645
-1343.774223 -7336.438976 -918.369560
UTC=2024-01-31T04:50:02.000000
1054796.531680 -225135.998790 -7107761.070848
-1618.482364 -7337.972219 -7.932627
UTC=2024-01-31T04:52:02.000000
845352.378300 -1099943.014649 -7054012.154009
-1867.468933 -7222.828995 902.610754
UTC=2024-01-31T04:54:02.000000
607865.729200 -1954034.447361 -6891683.421941
-2084.929123 -6993.232041 1799.436745
UTC=2024-01-31T04:56:02.000000
346442.944994 -2773898.191881 -6623242.305680
-2265.571568 -6653.180335 2668.900739
UTC=2024-01-31T04:58:02.000000
65788.772404 -3546606.604958 -6252773.475692
-2404.732807 -6208.405316 3497.727922
UTC=2024-01-31T05:00:02.000000
-228875.099845 -4260019.562152 -5785922.394061
-2498.475668 -5666.284178 4273.210140
UTC=2024-01-31T05:02:02.000000
-531902.622718 -4902975.896104 -5229816.564919
-2543.679533 -5035.737669 4983.385317
UTC=2024-01-31T05:04:02.000000
-837326.493708 -5465471.556635 -4592964.927095
-2538.123414 -4327.107390 5617.222347
UTC=2024-01-31T05:06:02.000000
-1138970.305161 -5938821.283717 -3885135.207117
-2480.552842 -3552.003814 6164.801945
UTC=2024-01-31T05:08:02.000000
-1430567.615575 -6315800.348437 -3117210.231316
-2370.728248 -2723.126839 6617.484992
UTC=2024-01-31T05:10:02.000000
-1705885.736465 -6590763.486032 -2301025.045898
-2209.455233 -1854.066247 6968.064597
UTC=2024-01-31T05:12:02.000000
-1958851.919501 -6759738.668793 -1449186.553464
-1998.593181 -959.080379 7210.904764
UTC=2024-01-31T05:14:02.000000
-2183679.122506 -6820492.851089 -574877.919736
-1741.040215 -52.851873 7342.053459
UTC=2024-01-31T05:16:02.000000
-2374988.670817 -6772567.470145 308348.742750
-1440.696218 849.771168 7359.324342
UTC=2024-01-31T05:18:02.000000
-2527927.055858 -6617282.431842 1186787.441313
-1102.401926 1734.039797 7262.344217
UTC=2024-01-31T05:20:02.000000
-2638274.036582 -6357708.370863 2046797.054545
-731.855408 2585.567899 7052.566830
UTC=2024-01-31T05:22:02.000000
-2702539.467778 -5998607.523226 2875019.556335
-335.507819 3390.590151 6733.249560
UTC=2024-01-31T05:24:02.000000
-2718046.490139 -5546344.520953 3658593.170535
79.558765 4136.203881 6309.392902
UTC=2024-01-31T05:26:02.000000
-2682999.283455 -5008769.477521 4385356.255547
505.765524 4810.588035 5787.647378
UTC=2024-01-31T05:28:02.000000
-2596534.261587 -4395076.377026 5044038.378862
935.177898 5403.195729 5176.194305
UTC=2024-01-31T05:30:02.000000
-2458753.962127 -3715639.807558 5624435.830806
1359.654407 5904.923716 4484.605365
UTC=2024-01-31T05:32:02.000000
-2270742.390392 -2981832.984572 6117568.510890
1771.004799 6308.250162 3723.672279
UTC=2024-01-31T05:34:02.000000
-2034561.632275 -2205831.984149 6515815.572806
2161.143110 6607.329502 2905.227758
UTC=2024-01-31T05:36:02.000000
-1753230.383261 -1400410.038445 6813029.473057
2522.236336 6798.065732 2041.962618
UTC=2024-01-31T05:38:02.000000
-1430684.838543 -578724.141610 7004627.018051
2846.849124 6878.163732 1147.222678
UTC=2024-01-31T05:40:02.000000
-1071722.875318 245901.741805 7087655.392636
3128.077071 6847.133757 234.803545
UTC=2024-01-31T05:42:02.000000
-681932.447626 1060192.683407 7060834.884389
3359.678833 6706.280690 -681.238415
UTC=2024-01-31T05:44:02.000000
-267604.273513 1851136.677902 6924577.901261
3536.202856 6458.673802 -1586.792223
UTC=2024-01-31T05:46:02.000000
164369.829688 2606193.027582 6680983.076237
3653.100108 6109.086514 -2467.899715
UTC=2024-01-31T05:48:02.000000
606611.273754 3313491.849259 6333804.697130
3706.821673 5663.910075 -3310.957471
UTC=2024-01-31T05:50:02.000000
1051379.874677 3962022.343932 5888398.257756
3694.902930 5131.052366 -4102.915968
UTC=2024-01-31T05:52:02.000000
1490708.339797 4541807.393842 5351641.971650
3616.033675 4519.810617 -4831.478294
UTC=2024-01-31T05:54:02.000000
1916544.164663 5044061.687626 4731834.837464
3470.110927 3840.724052 -5485.294193
UTC=2024-01-31T05:56:02.000000
2320896.510486 5461330.281654 4038571.740121
3258.268703 3105.394547 -6054.143791
UTC=2024-01-31T05:58:02.000000
2695985.475508 5787604.903004 3282597.964586
2982.888188 2326.301058 -6529.101392
UTC=2024-01-31T06:00:02.000000
3034391.020667 6018417.617573 2475643.686938
2647.581021 1516.598731 -6902.705624
UTC=2024-01-31T06:02:02.000000
3329198.230949 6150907.353450 1630239.281719
2257.143603 689.871581 -7169.099913
UTC=2024-01-31T06:04:02.000000
3574135.074708 6183856.750050 759516.671418
1817.479870 -140.108559 -7324.129426
UTC=2024-01-31T06:06:02.000000
3763699.894725 6117700.265509 -122999.629177
1335.508528 -959.624836 -7365.415914
UTC=2024-01-31T06:08:02.000000
3893276.423505 5954502.550169 -1003608.557820
819.045057 -1755.265028 -7292.398329
UTC=2024-01-31T06:10:02.000000
3959233.129177 5697907.654262 -1868651.036312
276.662256 -2514.155973 -7106.335931
UTC=2024-01-31T06:12:02.000000
3959005.034763 5353060.716454 -2704727.239193
-282.464380 -3224.189424 -6810.282824
UTC=2024-01-31T06:14:02.000000
3891155.858945 4926503.437147 -3498908.526865
-848.728112 -3874.230466 -6409.024502
UTC=2024-01-31T06:16:02.000000
3755419.099047 4426046.000566 -4238939.565038
-1412.268882 -4454.300042 -5908.977583
UTC=2024-01-31T06:18:02.000000
3552717.934595 3860619.231868 -4913426.744928
-1963.147843 -4955.722244 -5318.066292
UTC=2024-01-31T06:20:02.000000
3285164.047565 3240110.486463 -5512010.930277
-2491.525148 -5371.249692 -4645.581407
UTC=2024-01-31T06:22:02.000000
2956035.273261 2575186.200366 -6025521.602913
-2987.832628 -5695.157521 -3902.013828
UTC=2024-01-31T06:24:02.000000
2569733.099176 1877105.295701 -6446110.492725
-3442.937849 -5923.303918 -3098.880168
UTC=2024-01-31T06:26:02.000000
2131720.954117 1157526.923833 -6767363.524382
-3848.298275 -6053.162676 -2248.535277
UTC=2024-01-31T06:28:02.000000
1648445.059969 428316.242433 -6984390.207295
-4196.098758 -6083.825045 -1363.987603
UTC=2024-01-31T06:30:02.000000
1127239.112141 -298648.882038 -7093891.422409
-4479.385890 -6015.984739 -458.720905
UTC=2024-01-31T06:32:02.000000
576213.056286 -1011668.507238 -7094204.823518
-4692.194110 -5851.904833 453.502924
UTC=2024-01-31T06:34:02.000000
4128.342654 -1699405.249117 -6985326.512523
-4829.646359 -5595.352648 1358.834794
UTC=2024-01-31T06:36:02.000000
-579738.372675 -2351060.362378 -6768910.946382
-4888.048693 -5251.526054 2243.514191
UTC=2024-01-31T06:38:02.000000
-1165742.576466 -2956540.746702 -6448249.041673
-4864.976234 -4826.971628 3094.061026
UTC=2024-01-31T06:40:02.000000
-1744028.039098 -3506614.241755 -6028222.774744
-4759.334119 -4329.471531 3897.467657
UTC=2024-01-31T06:42:02.000000
-2304689.456560 -3993050.618654 -5515237.796655
-4571.406634 -3767.921821 4641.377301
UTC=2024-01-31T06:44:02.000000
-2837940.276671 -4408747.466060 -4917134.236084
-4302.892846 -3152.199082 5314.270917
UTC=2024-01-31T06:46:02.000000
-3334283.265842 -4747838.482161 -4243074.694682
-3956.914003 -2492.999872 5905.656537
UTC=2024-01-31T06:48:02.000000
-3784680.093967 -5005781.387119 -3503410.535592
-3537.992026 -1801.664743 6406.240781
UTC=2024-01-31T06:50:02.000000
-4180717.103686 -5179424.159210 -2709528.326444
-3052.006810 -1089.991541 6808.089791
UTC=2024-01-31T06:52:02.000000
-4514764.219363 -5267047.897632 -1873677.674383
-2506.123413 -370.033341 7104.776029
UTC=2024-01-31T06:54:02.000000
-4780123.279708 -5268384.920904 -1008782.782043
-1908.689099 346.111531 7291.502351
UTC=2024-01-31T06:56:02.000000
-4971162.304114 -5184611.352412 -128240.707092
-1269.102288 1046.513623 7365.198653
UTC=2024-01-31T06:58:02.000000
-5083432.539122 -5018314.033934 754290.226626
-597.657189 1719.626019 7324.589378
UTC=2024-01-31T07:00:02.000000
-5113765.402507 -4773431.863557 1625108.218834
94.636354 2354.496061 7170.227740
UTC=2024-01-31T07:02:02.000000
-5060346.516536 -4455172.366614 2470687.352860
796.251987 2940.963829 6904.487176
UTC=2024-01-31T07:04:02.000000
-4922765.345031 -4069905.745436 3277893.699583
1495.353868 3469.839054 6531.517336
UTC=2024-01-31T07:06:02.000000
-4702039.606480 -3625039.050619 4034194.259620
2180.009385 3933.054846 6057.169586
UTC=2024-01-31T07:08:02.000000
-4400613.831343 -3128873.203259 4727855.288692
2838.407646 4323.800422 5488.892500
UTC=2024-01-31T07:10:02.000000
-4022331.884662 -2590445.850228 5348125.691559
3459.070706 4636.620874 4835.589648
UTC=2024-01-31T07:12:02.000000
-3572385.239136 -2019364.541274 5885402.451644
4031.048191 4867.481359 4107.466055
UTC=2024-01-31T07:14:02.000000
-3057238.316613 -1425633.588451 6331377.204282
4544.105742 5013.809821 3315.865764
UTC=2024-01-31T07:16:02.000000
-2484531.576061 -819476.897483 6679162.108093
4988.905944 5074.519756 2473.087364
UTC=2024-01-31T07:18:02.000000
-1862963.871282 -211159.975913 6923392.279035
5357.171440 5049.998873 1592.179763
UTC=2024-01-31T07:20:02.000000
-1202156.941268 389184.357066 7060303.465772
5641.817948 4942.061983 686.739549
UTC=2024-01-31T07:22:02.000000
-512505.154002 971724.073285 7087786.415145
5837.072111 4753.897838 -229.279419
UTC=2024-01-31T07:24:02.000000
194988.465850 1527088.792150 7005417.661022
5938.579138 4489.997941 -1141.768601
UTC=2024-01-31T07:26:02.000000
908887.922903 2046520.770374 6814465.773892
5943.490669 4156.064260 -2036.670838
UTC=2024-01-31T07:28:02.000000
1617509.129674 2522013.502861 6517872.733335
5850.528599 3758.895136 -2900.186341
UTC=2024-01-31T07:30:02.000000
2309111.013052 2946435.891767 6120211.258112
5660.026914 3306.261191 -3718.968327
UTC=2024-01-31T07:32:02.000000
2972090.684922 3313641.050254 5627618.668649
5373.957419 2806.771720 -4480.320461
UTC=2024-01-31T07:34:02.000000
3595180.275572 3618558.065459 5047706.584307
4995.928017 2269.723390 -5172.401698
UTC=2024-01-31T07:36:02.000000
4167640.959334 3857264.439886 4389446.621315
4531.139004 1704.931407 -5784.413583
UTC=2024-01-31T07:38:02.000000
4679451.150498 4027038.485082 3663035.698958
3986.336750 1122.567002 -6306.763485
UTC=2024-01-31T07:40:02.000000
5121487.640003 4126391.296521 2879739.683015
3369.725165 532.971245 -6731.256558
UTC=2024-01-31T07:42:02.000000
5485692.287982 4155075.344569 2051717.208723
2690.830369 -53.537490 -7051.227818
UTC=2024-01-31T07:44:02.000000
5765222.380798 4114070.742510 1191828.716930
1960.355181 -626.848325 -7261.664649
UTC=2024-01-31T07:46:02.000000
5954581.167479 4005549.100082 313432.084589
1189.997148 -1177.244580 -7359.302055
UTC=2024-01-31T07:48:02.000000
6049725.006375 3832815.327822 -569830.974775
392.240901 -1695.583334 -7342.680326
UTC=2024-01-31T07:50:02.000000
6048144.644690 3600228.791385 -1444253.013417
-419.862776 -2173.459446 -7212.164512
UTC=2024-01-31T07:52:02.000000
5948919.216414 3313105.723954 -2296279.377121
-1232.931481 -2603.352613 -6969.930522
UTC=2024-01-31T07:54:02.000000
5752741.717873 2977605.485895 -3112722.884410
-2033.489185 -2978.749835 -6619.916391
UTC=2024-01-31T07:56:02.000000
5461916.182214 2600603.332612 -3880970.865289
-2808.199997 -3294.247464 -6167.744032
UTC=2024-01-31T07:58:02.000000
5080326.843185 2189552.348150 -4589181.304941
-3544.103080 -3545.630270 -5620.615705
UTC=2024-01-31T08:00:02.000000
4613379.140631 1752337.316971 -5226464.185234
-4228.840328 -3729.923787 -4987.168886
UTC=2024-01-31T08:02:02.000000
4067915.506136 1297124.554041 -5783044.248195
-4850.851801 -3845.411253 -4277.319460
UTC=2024-01-31T08:04:02.000000
3452108.371370 832211.004058 -6250404.715397
-5399.560334 -3891.630089 -3502.097621
UTC=2024-01-31T08:06:02.000000
2775331.920893 365874.977979 -6621410.307384
-5865.539482 -3869.347154 -2673.466461
UTC=2024-01-31T08:08:02.000000
2048015.475612 -93768.684139 -6890407.900417
-6240.650922 -3780.510770 -1804.134960
UTC=2024-01-31T08:10:02.000000
1281481.705397 -538906.807862 -7053305.160469
-6518.163190 -3628.189238 -907.377576
UTC=2024-01-31T08:12:02.000000
487770.905912 -962157.887919 -7107627.232781
-6692.863753 -3416.493838 3.156006
UTC=2024-01-31T08:14:02.000000
-320546.248374 -1356691.554711 -7052549.866150
-6761.135925 -3150.482179 913.635721
UTC=2024-01-31T08:16:02.000000
-1130563.959424 -1716336.094874 -6888910.331587
-6721.021191 -2836.057114 1810.230007
UTC=2024-01-31T08:18:02.000000
-1929243.488794 -2035673.461253 -6619196.260936
-6572.267941 -2479.857268 2679.297197
UTC=2024-01-31T08:20:02.000000
-2703619.372991 -2310120.178326 -6247511.269528
-6316.349993 -2089.132016 3507.576249
UTC=2024-01-31T08:22:02.000000
-3441006.650621 -2535993.009813 -5779518.603165
-5956.468591 -1671.615131 4282.364011
UTC=2024-01-31T08:24:02.000000
-4129207.812175 -2710559.340139 -5222363.123766
-5497.542328 -1235.393364 4991.702689
UTC=2024-01-31T08:26:02.000000
-4756716.378072 -2832070.946970 -4584570.231809
-4946.158438 -788.761795 5624.571562
UTC=2024-01-31T08:28:02.000000
-5312912.673219 -2899780.118003 -3875922.775100
-4310.495200 -340.075857 6171.062548
UTC=2024-01-31T08:30:02.000000
-5788248.902521 -2913937.924278 -3107317.293532
-3600.219031 102.398964 6622.549738
UTC=2024-01-31T08:32:02.000000
-6174419.802347 -2875774.242384 -2290600.573585
-2826.346335 530.639977 6971.845943
UTC=2024-01-31T08:34:02.000000
-6464514.738353 -2787459.661559 -1438388.768132
-2001.074541 937.015632 7213.335906
UTC=2024-01-31T08:36:02.000000
-6653148.030664 -2652049.857968 -563871.819366
-1137.586705 1314.429472 7343.088108
UTC=2024-01-31T08:38:02.000000
-6736564.060683 -2473413.220594 319393.737212
-249.829237 1656.453917 7358.934945
UTC=2024-01-31T08:40:02.000000
-6712714.694119 -2256143.211565 1197699.820887
647.728331 1957.450879 7260.524305
UTC=2024-01-31T08:42:02.000000
-6581306.481809 -2005457.217640 2057406.008015
1540.355670 2212.675240 7049.334723
UTC=2024-01-31T08:44:02.000000
-6343815.878892 -1727084.227719 2885157.858454
2413.327941 2418.357374 6728.645916
UTC=2024-01-31T08:46:02.000000
-6003473.231540 -1427143.909708 3668099.806042
3252.181524 2571.763902 6303.482098
UTC=2024-01-31T08:48:02.000000
-5565215.558002 -1112019.687772 4394079.801551
4042.979807 2671.236815 5780.524904
UTC=2024-01-31T08:50:02.000000
-5035608.251601 -788228.700350 5051840.351171
4772.556431 2716.204872 5167.977949
UTC=2024-01-31T08:52:02.000000
-4422739.913379 -462292.020713 5631192.600230
5428.725062 2707.170211 4475.424295
UTC=2024-01-31T08:54:02.000000
-3736092.503752 -140607.444682 6123172.822077
6000.482624 2645.678749 3713.671352
UTC=2024-01-31T08:56:02.000000
-2986388.007287 170672.897677 6520178.584508
6478.192725 2534.268281 2894.568126
UTC=2024-01-31T08:58:02.000000
-2185415.145860 465757.265868 6816082.229877
6853.735265 2376.393643 2030.813276
UTC=2024-01-31T09:00:02.000000
-1345839.739893 739319.322914 7006321.228205
7120.630795 2176.342307 1135.759807
UTC=2024-01-31T09:02:02.000000
-481001.783927 986592.494810 7087964.449412
7274.136004 1939.138720 223.211358
UTC=2024-01-31T09:04:02.000000
395297.396380 1203451.930115 7059754.291234
7311.315677 1670.435039 -692.776886
UTC=2024-01-31T09:06:02.000000
1269015.404637 1386482.963070 6922124.828427
7231.093884 1376.395657 -1598.099512
UTC=2024-01-31T09:08:02.000000
2126093.698642 1533035.186741 6677195.546850
7034.279173 1063.572254 -2478.805450
UTC=2024-01-31T09:10:02.000000
2952683.913656 1641261.143529 6328740.853043
6723.564577 738.773947 -3321.296550
UTC=2024-01-31T09:12:02.000000
3735373.087917 1710139.305408 5882135.645338
6303.507311 408.934435 -4112.531261
UTC=2024-01-31T09:14:02.000000
4461404.041235 1739480.859978 5344276.193516
5780.466772 80.976419 -4840.226119
UTC=2024-01-31T09:16:02.000000
5118886.838064 1729920.500513 4723478.252320
5162.523763 -238.319508 -5493.036682
UTC=2024-01-31T09:18:02.000000
5696999.823889 1682891.398208 4029353.073302
4459.381532 -542.448484 -6060.749503
UTC=2024-01-31T09:20:02.000000
6186175.403076 1600584.238785 3272660.042768
3682.207239 -825.310921 -6534.468913
UTC=2024-01-31T09:22:02.000000
6578264.925215 1485891.118346 2465139.923561
2843.453489 -1081.336166 -6906.756868
UTC=2024-01-31T09:24:02.000000
6866681.568119 1342335.315972 1619331.621708
1956.661253 -1305.592182 -7171.771190
UTC=2024-01-31T09:26:02.000000
7046516.947296 1173988.665038 748373.631403
1036.222347 -1493.883786 -7325.374822
UTC=2024-01-31T09:28:02.000000
7114628.451022 985378.030905 -134205.045402
97.132506 -1642.834423 -7365.207297
UTC=2024-01-31T09:30:02.000000
7069695.816668 781382.983169 -1014701.391928
-845.278786 -1749.951610 -7290.732391
UTC=2024-01-31T09:32:02.000000
6912244.395829 567126.785165 -1879457.575651
-1775.625741 -1813.672162 -7103.236226
UTC=2024-01-31T09:34:02.000000
6644635.805749 347863.222949 -2715078.036318
-2678.734530 -1833.385494 -6805.796495
UTC=2024-01-31T09:36:02.000000
6271026.460241 128862.170555 -3508641.061707
-3539.908933 -1809.432371 -6403.219559
UTC=2024-01-31T09:38:02.000000
5797294.942546 -84703.594924 -4247900.851034
-4345.183714 -1743.085183 -5901.945928
UTC=2024-01-31T09:40:02.000000
5230939.836089 -287867.892221 -4921476.268000
-5081.560777 -1636.506105 -5309.922009
UTC=2024-01-31T09:42:02.000000
4580951.292374 -475974.436577 -5519022.598392
-5737.209271 -1492.686681 -4636.449779
UTC=2024-01-31T09:44:02.000000
3857660.287867 -644772.134251 -6031384.976821
-6301.640943 -1315.375686 -3892.030926
UTC=2024-01-31T09:46:02.000000
3072567.851680 -790501.015323 -6450732.167733
-6765.867194 -1108.993943 -3088.193586
UTC=2024-01-31T09:48:02.000000
2238157.285021 -909966.854057 -6770668.448613
-7122.522473 -878.532012 -2237.303304
UTC=2024-01-31T09:50:02.000000
1367693.773336 -1000603.260053 -6986322.977868
-7365.954551 -629.445960 -1352.379158
UTC=2024-01-31T09:52:02.000000
475014.149364 -1060521.038925 -7094417.274724
-7492.299057 -367.546454 -446.909848
UTC=2024-01-31T09:54:02.000000
-425690.868626 -1088543.523194 -7093310.021617
-7499.527133 -98.878725 465.339219
UTC=2024-01-31T09:56:02.000000
-1320098.367989 -1084227.755071 -6983019.117187
-7387.467602 170.393720 1370.510253
UTC=2024-01-31T09:58:02.000000
-2193976.888128 -1047871.384516 -6765221.435888
-7157.814342 434.111569 2254.844318
UTC=2024-01-31T10:00:02.000000
-3033408.944821 -980504.851478 -6443229.278782
-6814.099253 686.240731 3104.873706
UTC=2024-01-31T10:02:02.000000
-3825009.006834 -883869.323448 -6021944.921026
-6361.650006 920.989079 3907.595585
UTC=2024-01-31T10:04:02.000000
-4556136.236645 -760380.678692 -5507793.674387
-5807.537938 1132.923071 4650.662256
UTC=2024-01-31T10:06:02.000000
-5215098.333092 -613079.642994 -4908633.638492
-5160.482533 1317.079852 5322.571502
UTC=2024-01-31T10:08:02.000000
-5791342.536496 -445569.077753 -4233643.630466
-4430.736108 1469.070064 5912.842834
UTC=2024-01-31T10:10:02.000000
-6275631.551511 -261939.192995 -3493189.952109
-3629.943937 1585.176518 6412.194840
UTC=2024-01-31T10:12:02.000000
-6660200.263837 -66681.561606 -2698672.364804
-2770.965333 1662.439500 6812.709681
UTC=2024-01-31T10:14:02.000000
-6938889.704121 135406.130171 -1862351.760207
-1867.674948 1698.728214 7107.975759
UTC=2024-01-31T10:16:02.000000
-7107255.633079 339323.190642 -997161.504904
-934.736843 1692.797248 7293.217080
UTC=2024-01-31T10:18:02.000000
-7162648.046149 539974.416593 -116504.514516
12.655169 1644.321247 7365.396658
UTC=2024-01-31T10:20:02.000000
-7104258.383748 732281.659817 765958.931137
959.047463 1553.910590 7323.268048
UTC=2024-01-31T10:22:02.000000
-6933134.999139 911295.972128 1636528.044150
1888.990498 1423.105481 7167.405937
UTC=2024-01-31T10:24:02.000000
-6652166.131031 1072307.785234 2481680.464779
2787.315416 1254.349217 6900.205968
UTC=2024-01-31T10:26:02.000000
-6266029.681979 1210952.635420 3288288.723689
3639.408082 1050.940533 6525.844045
UTC=2024-01-31T10:28:02.000000
-5781110.853728 1323309.923551 4043829.522821
4431.469178 816.965612 6050.197364
UTC=2024-01-31T10:30:02.000000
-5205390.040731 1405992.507340 4736581.434686
5150.748269 557.213935 5480.732818
UTC=2024-01-31T10:32:02.000000
-4548304.208251 1456225.267979 5355807.809977
5785.751725 277.078743 4826.371946
UTC=2024-01-31T10:34:02.000000
-3820585.144885 1471911.069208 5891922.258573
6326.420300 -17.552398 4097.337876
UTC=2024-01-31T10:36:02.000000
-3034077.853965 1451683.038943 6336635.058846
6764.283403 -320.416445 3304.989560
UTC=2024-01-31T10:38:02.000000
-2201541.854500 1394942.222706 6683078.536296
7092.588801 -624.999086 2461.635737
UTC=2024-01-31T10:40:02.000000
-1336439.010458 1301879.885796 6925908.911648
7306.394626 -924.666454 1580.331950
UTC=2024-01-31T10:42:02.000000
-452712.797804 1173483.994403 7061383.804128
7402.622316 -1212.795615 674.679930
UTC=2024-01-31T10:44:02.000000
435437.296237 1011530.086720 7087416.077851
7380.087307 -1482.905075 -241.367486
UTC=2024-01-31T10:46:02.000000
1313783.888143 818556.598464 7003603.989784
7239.508529 -1728.782202 -1153.707054
UTC=2024-01-31T10:48:02.000000
2168299.327722 597825.104363 6811237.094525
6983.490852 -1944.607865 -2048.287218
UTC=2024-01-31T10:50:02.000000
2985379.764600 353265.841685 6513278.060881
6616.484605 -2125.076301 -2911.307563
UTC=2024-01-31T10:52:02.000000
3752063.157665 89409.204265 6114320.291441
6144.722666 -2265.508931 -3729.424473
UTC=2024-01-31T10:54:02.000000
4456237.623239 -188695.902302 5620520.867352
5576.123401 -2361.959182 -4489.952847
UTC=2024-01-31T10:56:02.000000
5086836.759576 -475575.633749 5039509.833702
4920.171327 -2411.305610 -5181.060429
UTC=2024-01-31T10:58:02.000000
5634019.189163 -765435.125344 4380276.390280
4187.772203 -2411.331299 -5791.957852
UTC=2024-01-31T11:00:02.000000
6089329.062618 -1052270.998150 3653032.944893
3391.082290 -2360.787197 -6313.076934
UTC=2024-01-31T11:02:02.000000
6445834.448598 -1329990.444546 2869058.219542
2543.307747 -2259.437520 -6736.240046
UTC=2024-01-31T11:04:02.000000
6698239.997326 -1592534.361319 2040521.500520
1658.479570 -2108.081537 -7054.804069
UTC=2024-01-31T11:06:02.000000
6842971.495387 -1834001.859542 1180291.210351
751.211209 -1908.555876 -7263.777063
UTC=2024-01-31T11:08:02.000000
6878230.710533 -2048773.974904 301730.957942
-163.554789 -1663.717818 -7359.911821
UTC=2024-01-31T11:10:02.000000
6804018.698927 -2231633.628752 -581514.111279
-1070.818901 -1377.397384 -7341.769576
UTC=2024-01-31T11:12:02.000000
6622126.431639 -2377878.360123 -1455735.762495
-1955.792564 -1054.329687 -7209.738571
UTC=2024-01-31T11:14:02.000000
6336093.582717 -2483424.100551 -2307381.609883
-2804.163019 -700.069435 -6966.022443
UTC=2024-01-31T11:16:02.000000
5951136.178052 -2544897.186968 -3123270.160515
-3602.343603 -320.883017 -6614.587652
UTC=2024-01-31T11:18:02.000000
5474045.605324 -2559712.715847 -3890797.631364
-4337.700526 76.370630 -6161.079980
UTC=2024-01-31T11:20:02.000000
4913061.951493 -2526138.015490 -4598133.223771
-4998.754637 484.368914 -5612.717104
UTC=2024-01-31T11:22:02.000000
4277724.275680 -2443340.071903 -5234400.095374
-5575.363890 895.463829 -4978.155796
UTC=2024-01-31T11:24:02.000000
3578700.759036 -2311415.934982 -5789838.554348
-6058.872734 1301.826576 -4267.329748
UTC=2024-01-31T11:26:02.000000
2827603.614480 -2131405.760262 -6255948.943903
-6442.217409 1695.591117 -3491.277769
UTC=2024-01-31T11:28:02.000000
2036793.094987 -1905288.816167 -6625614.238202
-6720.007425 2068.995325 -2661.976327
UTC=2024-01-31T11:30:02.000000
1219172.421764 -1635962.394698 -6893201.638949
-6888.591471 2414.524394 -1792.152696
UTC=2024-01-31T11:32:02.000000
387977.240134 -1327204.070560 -7054640.837648
-6946.082171 2725.042794 -895.090253
UTC=2024-01-31T11:34:02.000000
-443436.422233 -983618.534647 -7107479.618538
-6892.359047 2993.921824 15.558008
UTC=2024-01-31T11:36:02.000000
-1261803.144340 -610569.457896 -7050916.956291
-6729.048440 3215.160258 925.955501
UTC=2024-01-31T11:38:02.000000
-2054155.884529 -214097.061664 -6885813.801950
-6459.488664 3383.502325 1822.272059
UTC=2024-01-31T11:40:02.000000
-2808027.769132 199177.710400 -6614680.697364
-6088.664685 3494.541208 2690.875200
UTC=2024-01-31T11:42:02.000000
-3511644.916134 622160.802926 -6241643.287994
-5623.127752 3544.813873 3518.508668
UTC=2024-01-31T11:44:02.000000
-4154109.230342 1047403.531435 -5772386.142839
-5070.905958 3531.885446 4292.479119
UTC=2024-01-31T11:46:02.000000
-4725568.730652 1467230.226299 -5214073.773594
-4441.384769 3454.418836 5000.843727
UTC=2024-01-31T11:48:02.000000
-5217372.502420 1873873.835300 -4575249.732254
-3745.171822 3312.236635 5632.593688
UTC=2024-01-31T11:50:02.000000
-5622207.610012 2259617.379053 -3865713.144858
-2993.929036 3106.353688 6177.839959
UTC=2024-01-31T11:52:02.000000
-5934214.711740 2616937.808686 -3096374.477451
-2200.189685 2838.987916 6627.975831
UTC=2024-01-31T11:54:02.000000
-6149080.833638 2938650.116094 -2279092.235164
-1377.157821 2513.551938 6975.831963
UTC=2024-01-31T11:56:02.000000
-6264106.735505 3218048.946446 -1426492.060593
-538.486634 2134.619587 7215.813084
UTC=2024-01-31T11:58:02.000000
-6278246.695451 3449044.577110 -551770.835254
301.958752 1707.865162 7344.009801
UTC=2024-01-31T12:00:02.000000
-6192119.402359 3626289.970392 331510.863951
1130.344386 1239.975509 7358.281700
UTC=2024-01-31T12:02:02.000000
-6007989.128537 3745295.724398 1209644.507336
1933.120480 738.537185 7258.307765
UTC=2024-01-31T12:04:02.000000
-5729716.697910 3802530.282059 2068992.705782
2697.266943 211.904041 7045.593298
UTC=2024-01-31T12:06:02.000000
-5362681.969728 3795503.086576 2896207.115387
3410.522992 -330.954100 6723.442670
UTC=2024-01-31T12:08:02.000000
-4913680.015071 3722828.831185 3678441.191918
4061.597032 -880.614649 6296.903276
UTC=2024-01-31T12:10:02.000000
-4390792.817002 3584271.303410 4403554.220091
4640.361954 -1427.378710 5772.672519
UTC=2024-01-31T12:12:02.000000
-3803239.610552 3380765.783679 5060301.953604
5138.013994 -1961.449202 5158.972140
UTC=2024-01-31T12:14:02.000000
-3161209.914627 3114420.421337 5638511.406101
5547.206861 -2473.105109 4465.409226
UTC=2024-01-31T12:16:02.000000
-2475681.788981 2788496.349835 6129237.291261
5862.158630 -2952.880395 3702.809054
UTC=2024-01-31T12:18:02.000000
-1758229.588911 2407366.761984 6524897.501449
6078.722946 -3391.734584 2883.034882
UTC=2024-01-31T12:20:02.000000
-1020824.790434 1976455.990843 6819385.967061
6194.430331 -3781.214695 2018.789987
UTC=2024-01-31T12:22:02.000000
-275634.467054 1502160.132390 7008161.701658
6208.489586 -4113.601600 1123.425298
UTC=2024-01-31T12:24:02.000000
465179.761781 991750.506329 7088315.092546
6121.779620 -4382.049363 210.745236
UTC=2024-01-31T12:26:02.000000
1189660.283961 453261.274377 7058610.019912
5936.813219 -4580.709473 -705.196592
UTC=2024-01-31T12:28:02.000000
1886246.172263 -104637.081107 6919501.778194
5657.677669 -4704.842933 -1610.296699
UTC=2024-01-31T12:30:02.000000
2543957.637455 -672777.115239 6673131.043812
5289.956587 -4750.921661 -2490.602884
UTC=2024-01-31T12:32:02.000000
3152569.931017 -1241644.831540 6323293.458285
4840.632758 -4716.709631 -3332.518279
UTC=2024-01-31T12:34:02.000000
3702774.483173 -1801538.805093 5875384.843666
4317.971470 -4601.328833 -4123.004485
UTC=2024-01-31T12:36:02.000000
4186324.482421 -2342735.995979 5336321.909743
3731.377919 -4405.301637 -4849.784051
UTC=2024-01-31T12:38:02.000000
4596162.336580 -2855661.192332 4714439.630555
3091.240259 -4130.571915 -5501.527486
UTC=2024-01-31T12:40:02.000000
4926527.524326 -3331057.945244 4019366.326270
2408.757774 -3780.505960 -6068.039331
UTC=2024-01-31T12:42:02.000000
5173042.629345 -3760157.668275 3261876.785086
1695.749667 -3359.860563 -6540.435419
UTC=2024-01-31T12:44:02.000000
5332775.357778 -4134843.049107 2453725.185315
964.445656 -2874.720853 -6911.300813
UTC=2024-01-31T12:46:02.000000
5404274.582858 -4447802.425699 1607460.768476
227.265523 -2332.412616 -7174.818695
UTC=2024-01-31T12:48:02.000000
5387579.957621 -4692672.057969 736229.516393
-503.401193 -1741.386880 -7326.875403
UTC=2024-01-31T12:50:02.000000
5284204.930904 -4864162.903732 -146434.993997
-1215.417838 -1111.079136 -7365.134568
UTC=2024-01-31T12:52:02.000000
5097093.216372 -4958169.080678 -1026827.803159
-1897.118765 -451.743389 -7289.080367
UTC=2024-01-31T12:54:02.000000
4830549.645781 -4971855.133337 -1891291.765968
-2537.518315 225.732353 -7100.023129
UTC=2024-01-31T12:56:02.000000
4490146.840557 -4903720.397745 -2726435.073285
-3126.502206 910.023284 -6801.066569
UTC=2024-01-31T12:58:02.000000
4082610.242903 -4753639.198204 -3519342.857222
-3654.997500 1589.572095 -6397.042321
UTC=2024-01-31T13:00:02.000000
3615684.267716 -4522876.314861 -4257779.018920
-4115.115607 2252.796416 -5894.413170
UTC=2024-01-31T13:02:02.000000
3097982.925583 -4214077.634270 -4930374.838416
-4500.269490 2888.294048 -5301.149775
UTC=2024-01-31T13:04:02.000000
2538827.963574 -3831236.507799 -5526801.078252
-4805.262085 3485.041309 -4626.578748
UTC=2024-01-31T13:06:02.000000
1948078.730410 -3379637.290808 -6037920.687690
-5026.336038 4032.573536 -3881.215677
UTC=2024-01-31T13:08:02.000000
1335957.632513 -2865778.206333 -6455921.598727
-5161.201343 4521.151834 -3076.599845
UTC=2024-01-31T13:10:02.000000
712873.246720 -2297274.370160 -6774429.030795
-5209.044176 4941.926787 -2225.115131
UTC=2024-01-31T13:12:02.000000
89244.203666 -1682742.016014 -6988595.212440
-5170.504599 5287.084466 -1339.795270
UTC=2024-01-31T13:14:02.000000
-524672.641523 -1031666.715055 -7095165.845935
-5047.629456 5549.968944 -434.133375
UTC=2024-01-31T13:16:02.000000
-1118947.462072 -354257.840898 -7092524.151760
-4843.811752 5725.189633 478.102465
UTC=2024-01-31T13:18:02.000000
-1684134.859065 338709.098439 -6980712.571609
-4563.718254 5808.715809 1383.058749
UTC=2024-01-31T13:20:02.000000
-2211421.213667 1036060.422935 -6761431.669209
-4213.194674 5797.953865 2266.984175
UTC=2024-01-31T13:22:02.000000
-2692759.782797 1726400.669861 -6438016.815193
-3799.158073 5691.809505 3116.414032
UTC=2024-01-31T13:24:02.000000
-3120992.485160 2398295.269828 -6015392.799792
-3329.482370 5490.731843 3918.353308
UTC=2024-01-31T13:26:02.000000
-3489957.173635 3040457.740302 -5500006.311313
-2812.870217 5196.742555 4660.463583
UTC=2024-01-31T13:28:02.000000
-3794578.820557 3641938.824494 -4899735.723445
-2258.712774 4813.438613 5331.253772
UTC=2024-01-31T13:30:02.000000
-4030942.758749 4192314.295246 -4223778.101721
-1676.930098 4345.966832 5920.266836
UTC=2024-01-31T13:32:02.000000
-4196347.806195 4681867.937119 -3482514.642937
-1077.797515 3800.969194 6418.251193
UTC=2024-01-31T13:34:02.000000
-4289338.445260 5101766.370417 -2687356.596611
-471.772040 3186.501767 6817.316303
UTC=2024-01-31T13:36:02.000000
-4309716.029482 5444222.389315 -1850573.085364
130.686130 2511.924236 7111.076911
UTC=2024-01-31T13:38:02.000000
-4258528.105872 5702643.612721 -985102.838364
719.298587 1787.765778 7294.778144
UTC=2024-01-31T13:40:02.000000
-4138035.129132 5871762.846436 -104351.925342
1284.160203 1025.550725 7365.398944
UTC=2024-01-31T13:42:02.000000
-3951654.883368 5947745.630100 778018.054302
1815.915382 237.601375 7321.709609
UTC=2024-01-31T13:44:02.000000
-3703886.271628 5928273.760069 1648307.558035
2305.929204 -563.171535 7164.310841
UTC=2024-01-31T13:46:02.000000
-3400213.010826 5812601.878835 2492999.015599
2746.448754 -1363.505554 6895.630278
UTC=2024-01-31T13:48:02.000000
-3046989.156791 5601584.884760 3298973.399161
3130.741189 -2150.032405 6519.870490
UTC=2024-01-31T13:50:02.000000
-2651310.135493 5297676.465301 4053718.449678
3453.198844 -2909.512314 6042.926730
UTC=2024-01-31T13:52:02.000000
-2220872.457041 4904899.718005 4745525.874861
3709.423121 -3629.067054 5472.283116
UTC=2024-01-31T13:54:02.000000
-1763824.978618 4428790.124702 5363674.325577
3896.281134 -4296.404818 4816.881161
UTC=2024-01-31T13:56:02.000000
-1288614.692755 3876312.226019 5898595.214202
4011.939783 -4900.034115 4086.963257
UTC=2024-01-31T13:58:02.000000
-803830.414606 3255751.759916 6342018.303769
4055.866591 -5429.456906 3293.896574
UTC=2024-01-31T14:00:02.000000
-318047.760437 2576585.877866 6687095.678494
4028.808327 -5875.340596 2449.987095
UTC=2024-01-31T14:02:02.000000
160321.928133 1849334.367251 6928502.997091
3932.748036 -6229.664065 1568.290839
UTC=2024-01-31T14:04:02.000000
623176.682523 1085393.902719 7062517.885433
3770.847147 -6485.854333 662.416217
UTC=2024-01-31T14:06:02.000000
1062860.625163 296857.653906 7087073.756638
3547.364237 -6638.891107 -253.681571
UTC=2024-01-31T14:08:02.000000
1472290.082514 -503676.275869 7001789.761623
3267.560791 -6685.393035 -1165.894706
UTC=2024-01-31T14:10:02.000000
1845067.658814 -1303306.160201 6807976.979924
2937.594242 -6623.690441 -2060.167485
UTC=2024-01-31T14:12:02.000000
2175582.661336 -2089034.746339 6508619.784452
2564.398265 -6453.866376 -2922.700152
UTC=2024-01-31T14:14:02.000000
2459096.632580 -2847981.228419 6108333.064609
2155.553919 -6177.779870 -3740.151834
UTC=2024-01-31T14:16:02.000000
2691812.679368 -3567594.202699 5613294.844427
1719.148286 -5799.058335 -4499.844663
UTC=2024-01-31T14:18:02.000000
2870927.221502 -4235861.939919 5031154.880637
1263.624499 -5323.060449 -5189.958807
UTC=2024-01-31T14:20:02.000000
2994663.733218 -4841516.739011 4370920.541584
797.631563 -4756.815902 -5799.718888
UTC=2024-01-31T14:22:02.000000
3062288.011560 -5374230.170650 3642820.208044
329.865105 -4108.930288 -6319.578692
UTC=2024-01-31T14:24:02.000000
3074103.985381 -5824794.904733 2858145.986157
-131.095032 -3389.460292 -6741.381671
UTC=2024-01-31T14:26:02.000000
3031430.116683 -6185289.763683 2029077.842485
-576.946968 -2609.755154 -7058.508997
UTC=2024-01-31T14:28:02.000000
2936556.539153 -6449223.558077 1168491.850687
-999.822375 -1782.265519 -7265.993736
UTC=2024-01-31T14:30:02.000000
2792684.529555 -6611655.106020 289756.624782
-1392.426963 -920.338970 -7360.606756
UTC=2024-01-31T14:32:02.000000
2603849.352744 -6669287.615680 -593479.514480
-1748.177335 -37.993675 -7340.924780
UTC=2024-01-31T14:34:02.000000
2374827.327573 -6620533.801843 -1467507.579629
-2061.325158 850.341207 -7207.359584
UTC=2024-01-31T14:36:02.000000
2111029.259995 -6465549.582289 -2318777.037020
-2327.058066 1730.082663 -6962.134403
UTC=2024-01-31T14:38:02.000000
1818383.301732 -6206237.423121 -3134111.052581
-2541.579121 2586.750506 -6609.245336
UTC=2024-01-31T14:40:02.000000
1503209.227676 -5846217.499191 -3900914.324808
-2702.162699 3406.237544 -6154.368922
UTC=2024-01-31T14:42:02.000000
1172088.600287 -5390768.827098 -4607367.929335
-2807.174324 4175.041918 -5604.748620
UTC=2024-01-31T14:44:02.000000
831733.149335 -4846743.072546 -5242609.520893
-2856.078041 4880.489776 -4969.059155
UTC=2024-01-31T14:46:02.000000
488853.773795 -4222452.965653 -5796895.977432
-2849.419023 5510.936030 -4257.252929
UTC=2024-01-31T14:48:02.000000
150032.856167 -3527537.680669 -6261746.737308
-2788.786097 6055.946479 -3480.390461
UTC=2024-01-31T14:50:02.000000
-178397.727063 -2772808.006409 -6630065.965889
-2676.754595 6506.452005 -2650.459734
UTC=2024-01-31T14:52:02.000000
-490470.771140 -1970074.474121 -6896242.842355
-2516.813748 6854.879075 -1780.191740
UTC=2024-01-31T14:54:02.000000
-780688.331860 -1131961.317830 -7056229.503435
-2313.279835 7095.255343 -882.874107
UTC=2024-01-31T14:56:02.000000
-1044115.226230 -271708.916991 -7107596.679548
-2071.199110 7223.296874 27.836518
UTC=2024-01-31T14:58:02.000000
-1276460.413654 597032.717061 -7049566.305874
-1796.242793 7236.467679 938.108011
UTC=2024-01-31T15:00:02.000000
-1474145.260373 1460416.178957 -6883021.595568
-1494.593527 7134.020228 1834.115274
UTC=2024-01-31T15:02:02.000000
-1634357.738773 2304612.927078 -6610494.903857
-1172.825196 6917.017252 2702.228184
UTC=2024-01-31T15:04:02.000000
-1755092.126829 3116030.776075 -6236133.578336
-837.782035 6588.335654 3529.191603
UTC=2024-01-31T15:06:02.000000
-1835173.891178 3881530.892550 -5765643.326054
-496.450857 6152.647653 4302.319803
UTC=2024-01-31T15:08:02.000000
-1874268.961430 4588640.521347 -5206208.793495
-155.831476 5616.373439 5009.680238
UTC=2024-01-31T15:10:02.000000
-1872877.598864 5225758.874850 -4566391.890507
177.192438 4987.610551 5640.282658
UTC=2024-01-31T15:12:02.000000
-1832312.504861 5782352.252217 -3856007.651320
495.985848 4276.025442 6184.260643
UTC=2024-01-31T15:14:02.000000
-1754661.154298 6249134.315118 -3085979.402773
794.291970 3492.716235 6633.034818
UTC=2024-01-31T15:16:02.000000
-1642733.066690 6618228.565573 -2268175.254257
1066.352761 2650.053603 6979.462777
UTC=2024-01-31T15:18:02.000000
-1499993.076213 6883309.883428 -1415227.061039
1307.022865 1761.487034 7217.978537
UTC=2024-01-31T15:20:02.000000
-1330481.490136 7039720.692531 -540334.724076
1511.872125 841.322351 7344.695267
UTC=2024-01-31T15:22:02.000000
-1138722.797803 7084560.009583 342940.458838
1677.274939 -95.511164 7357.489363
UTC=2024-01-31T15:24:02.000000
-929624.556474 7016742.672277 1220891.348703
1800.482497 -1033.725911 7256.060440
UTC=2024-01-31T15:26:02.000000
-708368.925461 6837025.152850 2079884.999898
1879.673920 -1957.963552 7041.942265
UTC=2024-01-31T15:28:02.000000
-480299.278940 6547997.250104 2906580.756032
1913.985973 -2853.070862 6718.463614
UTC=2024-01-31T15:30:02.000000
-250804.706742 6154041.860729 3688142.113699
1903.519321 -3704.358982 6290.685697
UTC=2024-01-31T15:32:02.000000
-25205.033030 5661264.322373 4412439.602791
1849.323664 -4497.848826 5765.316976
UTC=2024-01-31T15:34:02.000000
191361.429936 5077392.118565 5068242.856290
1753.368450 -5220.529526 5150.609843
UTC=2024-01-31T15:36:02.000000
394045.427889 4411644.133380 5645395.419659
1618.490612 -5860.582643 4456.179865
UTC=2024-01-31T15:38:02.000000
578386.617908 3674577.998611 6134968.831759
1448.322413 -6407.544323 3692.854666
UTC=2024-01-31T15:40:02.000000
740404.023771 2877916.659732 6529398.252509
1247.204988 -6852.482295 2872.500427
UTC=2024-01-31T15:42:02.000000
876675.236274 2034356.382200 6822595.327103
1020.089884 -7188.126094 2007.827800
UTC=2024-01-31T15:44:02.000000
984403.401754 1157360.635782 7010038.034999
772.432846 -7408.975464 1112.197669
UTC=2024-01-31T15:46:02.000000
1061470.875474 260942.833337 7088836.376135
510.078649 -7511.373755 199.416295
UTC=2024-01-31T15:48:02.000000
1106478.737545 -640557.854238 7057774.240584
239.140677 -7493.556390 -716.456089
UTC=2024-01-31T15:50:02.000000
1118771.545696 -1532706.068330 6917327.878480
-34.124149 -7355.687467 -1621.309463
UTC=2024-01-31T15:52:02.000000
1098446.953351 -2401201.909468 6669659.357135
-303.442354 -7099.858791 -2501.190153
UTC=2024-01-31T15:54:02.000000
1046350.078411 -3232111.275642 6318585.576104
-562.651308 -6730.069221 -3342.506798
UTC=2024-01-31T15:56:02.000000
964052.437099 -4012091.577111 5869522.051185
-805.827144 -6252.164754 -4132.240656
UTC=2024-01-31T15:58:02.000000
853816.295090 -4728608.200593 5329402.658024
-1027.400417 -5673.750149 -4858.134953
UTC=2024-01-31T16:00:02.000000
718545.243841 -5370139.644687 4706577.239325
-1222.270424 -5004.087634 -5508.877693
UTC=2024-01-31T16:02:02.000000
561721.309459 -5926369.217498 4010686.944571
-1385.915275 -4253.970085 -6074.290883
UTC=2024-01-31T16:04:02.000000
387329.330522 -6388358.799643 3252517.227625
-1514.491935 -3435.549726 -6545.508042
UTC=2024-01-31T16:06:02.000000
199770.192128 -6748700.278786 2443830.985601
-1604.922937 -2562.138619 -6915.129128
UTC=2024-01-31T16:08:02.000000
3764.503721 -7001641.386569 1597184.603834
-1654.966652 -1647.984143 -7177.347775
UTC=2024-01-31T16:10:02.000000
-195750.934090 -7143184.134592 725730.176919
-1663.269585 -708.035492 -7328.059891
UTC=2024-01-31T16:12:02.000000
-393732.146963 -7171153.131231 -156994.499740
-1629.402451 242.327622 -7364.951235
UTC=2024-01-31T16:14:02.000000
-585139.607767 -7085230.162674 -1037283.312010
-1553.868210 1187.578744 -7287.533258
UTC=2024-01-31T16:16:02.000000
-765049.563783 -6886955.087353 -1901481.072172
-1438.089904 2112.321641 -7097.139773
UTC=2024-01-31T16:18:02.000000
-928762.828797 -6579694.212874 -2736200.455077
-1284.380829 3001.555381 -6796.893982
UTC=2024-01-31T16:20:02.000000
-1071908.895977 -6168577.175398 -3528533.422436
-1095.895949 3840.934802 -6391.647628
UTC=2024-01-31T16:22:02.000000
-1190543.043215 -5660403.218417 -4266253.218837
-876.563678 4617.017891 -5887.884658
UTC=2024-01-31T16:24:02.000000
-1281234.144271 -5063519.223861 -4938002.695248
-631.000286 5317.486163 -5293.590771
UTC=2024-01-31T16:26:02.000000
-1341141.519083 -4387673.457900 -5533465.771480
-364.413187 5931.330553 -4618.105925
UTC=2024-01-31T16:28:02.000000
-1368079.497732 -3643848.570637 -6043520.466264
-82.493058 6449.011413 -3871.963875
UTC=2024-01-31T16:30:02.000000
-1360568.548895 -2844077.047212 -6460371.875430
208.701451 6862.591098 -3066.718980
UTC=2024-01-31T16:32:02.000000
-1317872.275454 -2001242.398817 -6777663.609707
502.863634 7165.837724 -2214.760359
UTC=2024-01-31T16:34:02.000000
-1240019.898360 -1128870.001620 -6990566.632251
793.560148 7354.294994 -1329.123869
UTC=2024-01-31T16:36:02.000000
-1127814.130479 -240910.962492 -7095845.700647
1074.353586 7425.329760 -423.305311
UTC=2024-01-31T16:38:02.000000
-982824.107193 648478.178498 -7091903.126681
1338.928416 7378.151943 488.929649
UTC=2024-01-31T16:40:02.000000
-807363.454199 1525156.678979 -6978800.161949
1581.211660 7213.814170 1393.728753
UTC=2024-01-31T16:42:02.000000
-604454.184579 2375219.787026 -6758256.075288
1795.488937 6935.191240 2277.340972
UTC=2024-01-31T16:44:02.000000
-377776.739269 3185215.258033 -6433625.180322
1976.520082 6546.943104 3126.297672
UTC=2024-01-31T16:46:02.000000
-131606.292966 3942354.427866 -6009851.465385
2119.651049 6055.456721 3927.605851
UTC=2024-01-31T16:48:02.000000
129263.807357 4634714.155597 -5493399.941264
2220.915442 5468.753559 4668.938103
UTC=2024-01-31T16:50:02.000000
399610.075074 5251426.747274 -4892165.949715
2277.125168 4796.383620 5338.814091
UTC=2024-01-31T16:52:02.000000
673877.295956 5782855.686326 -4215362.316959
2285.952122 4049.291223 5926.786461
UTC=2024-01-31T16:54:02.000000
946285.909507 6220753.251451 -3473384.759970
2245.994867 3239.648873 6423.615347
UTC=2024-01-31T16:56:02.000000
1210946.330044 6558396.835272 -2677657.331214
2156.827970 2380.669731 6821.427304
UTC=2024-01-31T16:58:02.000000
1461978.148494 6790701.427307 -1840459.489192
2019.033256 1486.396448 7113.861886
UTC=2024-01-31T17:00:02.000000
1693631.821727 6914305.212264 -974736.802528
1834.209939 571.465157 7296.196327
UTC=2024-01-31T17:02:02.000000
1900410.240144 6927625.573685 -93898.324714
1604.961545 -349.151068 7365.441822
UTC=2024-01-31T17:04:02.000000
2077187.124964 6830883.582347 788395.430750
1334.856790 -1260.408037 7320.402921
UTC=2024-01-31T17:06:02.000000
2219319.532501 6626096.689547 1658449.501908
1028.371335 -2147.454132 7161.702711
UTC=2024-01-31T17:08:02.000000
2322752.224918 6317039.834835 2502752.674224
690.809825 -2995.892702 6891.776438
UTC=2024-01-31T17:10:02.000000
2384111.502383 5909175.640683 3308192.802159
328.209362 -3792.032885 6514.831026
UTC=2024-01-31T17:12:02.000000
2400786.489534 5409555.253307 4062265.577895
-52.774383 -4523.128955 6036.775269
UTC=2024-01-31T17:14:02.000000
2370995.627733 4826691.566858 4753272.789895
-444.997223 -5177.599369 5465.116408
UTC=2024-01-31T17:16:02.000000
2293836.950175 4170406.990067 5370506.248069
-840.968403 -5745.230366 4808.818693
UTC=2024-01-31T17:18:02.000000
2169321.000044 3451660.173803 5904412.226277
-1232.992644 -6217.318344 4078.132311
UTC=2024-01-31T17:20:02.000000
1998387.115521 2682357.618664 6346736.207308
-1613.309795 -6586.788345 3284.432671
UTC=2024-01-31T17:22:02.000000
1782902.263764 1875151.869929 6690647.374125
-1974.244289 -6848.295965 2440.040504
UTC=2024-01-31T17:24:02.000000
1525642.119477 1043229.365855 6930840.103544
-2308.350330 -6998.294993 1558.020686
UTC=2024-01-31T17:26:02.000000
1230255.086794 200092.753055 7063611.051130
-2608.550536 -7035.062866 651.980712
UTC=2024-01-31T17:28:02.000000
901210.128017 -640658.339139 7086913.006075
-2868.268504 -6958.707295 -264.116102
UTC=2024-01-31T17:30:02.000000
543728.729691 -1465546.995017 7000385.528643
-3081.559619 -6771.161075 -1176.156181
UTC=2024-01-31T17:32:02.000000
163701.703919 -2261435.631042 6805360.375364
-3243.232526 -6476.138062 -2070.083643
UTC=2024-01-31T17:34:02.000000
-232407.934255 -3015736.164212 6504842.179945
-3348.958688 -6079.069765 -2932.109060
UTC=2024-01-31T17:36:02.000000
-637674.122141 -3716610.541454 6103463.720021
-3395.362899 -5587.005694 -3748.918533
UTC=2024-01-31T17:38:02.000000
-1044826.972961 -4353157.854597 5607417.659771
-3380.102741 -5008.495717 -4507.857722
UTC=2024-01-31T17:40:02.000000
-1446381.240740 -4915587.115011 5024366.519155
-3301.943053 -4353.466815 -5197.115372
UTC=2024-01-31T17:42:02.000000
-1834772.850828 -5395373.942883 4363329.668315
-3160.811848 -3633.074101 -5805.921684
UTC=2024-01-31T17:44:02.000000
-2202500.399083 -5785397.142599 3634546.777447
-2957.828495 -2859.515053 -6324.738075
UTC=2024-01-31T17:46:02.000000
-2542268.624587 -6080051.127437 2849319.872056
-2695.307834 -2045.815507 -6745.422169
UTC=2024-01-31T17:48:02.000000
-2847130.853690 -6275331.966957 2019837.205959
-2376.739248 -1205.605821 -7061.367807
UTC=2024-01-31T17:50:02.000000
-3110627.413816 -6368895.910174 1158981.491204
-2006.740283 -352.884756 -7267.624473
UTC=2024-01-31T17:52:02.000000
-3326917.017598 -6360088.785000 280125.483644
-1590.985932 498.228737 -7360.987579
UTC=2024-01-31T17:54:02.000000
-3490898.211400 -6249945.349388 -603081.309201
-1136.114260 1333.746635 -7340.056322
UTC=2024-01-31T17:56:02.000000
-3598318.204514 -6041158.481508 -1476930.951761
-649.610499 2140.063250 -7205.258668
UTC=2024-01-31T17:58:02.000000
-3645866.581268 -5738018.563595 -2327876.109751
-139.671749 2904.198494 -6958.838077
UTC=2024-01-31T18:00:02.000000
-3631251.797213 -5346324.608988 -3142745.346558
384.944499 3614.024993 -6604.805064
UTC=2024-01-31T18:02:02.000000
-3553258.610927 -4873269.336375 -3908950.435048
915.085473 4258.473380 -6148.852059
UTC=2024-01-31T18:04:02.000000
-3411785.398749 -4327301.484492 -4614681.467075
1441.371624 4827.705506 -5598.237521
UTC=2024-01-31T18:06:02.000000
-3207861.294789 -3717969.184718 -5249086.850651
1954.364561 5313.258210 -4961.650810
UTC=2024-01-31T18:08:02.000000
-2943643.221335 -3055747.666842 -5802435.905492
2444.733639 5708.159700 -4249.057117
UTC=2024-01-31T18:10:02.000000
-2622393.157911 -2351854.950904 -6266261.935426
2903.418686 6007.013308 -3471.528995
UTC=2024-01-31T18:12:02.000000
-2248436.099624 -1618059.194108 -6633484.609571
3321.789009 6206.054265 -2641.069063
UTC=2024-01-31T18:14:02.000000
-1827099.455522 -866480.841725 -6898510.149681
3691.791643 6303.177704 -1770.418298
UTC=2024-01-31T18:16:02.000000
-1364635.618374 -109393.319835 -7057308.391152
4006.084270 6297.936086 -872.864442
UTC=2024-01-31T18:18:02.000000
-868129.230290 640974.407386 -7107467.341114
4258.158822 6191.512385 37.940157
UTC=2024-01-31T18:20:02.000000
-345389.844210 1372631.353398 -7048226.035884
4442.459897 5986.682004 948.163126
UTC=2024-01-31T18:22:02.000000
195168.548089 2074012.067876 -6880484.703700
4554.484561 5687.749958 1843.979301
UTC=2024-01-31T18:24:02.000000
744659.666208 2734156.026894 -6606793.351417
4590.880956 5300.480536 2711.749645
UTC=2024-01-31T18:26:02.000000
1293868.435652 3342877.439083 -6231317.541158
4549.531974 4832.003760 3538.220375
UTC=2024-01-31T18:28:02.000000
1833402.779869 3890922.273501 -5759780.612905
4429.613823 4290.697884 4310.712476
UTC=2024-01-31T18:30:02.000000
2353851.834455 4370110.320359 -5199383.859088
4231.643427 3686.059254 5017.303141
UTC=2024-01-31T18:32:02.000000
2845948.645232 4773460.929276 -4558704.645829
3957.504829 3028.558382 5647.011678
UTC=2024-01-31T18:34:02.000000
3300734.567335 5095300.084199 -3847572.368596
3610.450666 2329.472092 6189.980275
UTC=2024-01-31T18:36:02.000000
3709722.502197 5331346.238123 -3076923.701370
3195.082511 1600.700005 6637.639305
UTC=2024-01-31T18:38:02.000000
4065056.265983 5478773.203344 -2258638.338258
2717.302541 854.562878 6982.865765
UTC=2024-01-31T18:40:02.000000
4359662.014914 5536247.942344 -1405357.323202
2184.232435 103.590871 7220.113504
UTC=2024-01-31T18:42:02.000000
4587388.603750 5503942.829285 -530286.902862
1604.109010 -639.693724 7345.525186
UTC=2024-01-31T18:44:02.000000
4743133.678129 5383520.958511 353009.306540
986.150504 -1363.005944 7357.011977
UTC=2024-01-31T18:46:02.000000
4822951.991682 5178094.258205 1230825.363807
340.395335 -2054.518736 7254.294080
UTC=2024-01-31T18:48:02.000000
4824143.603755 4892156.292946 2089530.741039
-322.467937 -2703.064463 7038.908106
UTC=2024-01-31T18:50:02.000000
4745321.170966 4531491.165813 2915787.996206
-991.286034 -3298.335798 6714.197422
UTC=2024-01-31T18:52:02.000000
4586452.824568 4103058.719171 3696766.395690
-1654.655814 -3831.071775 6285.248667
UTC=2024-01-31T18:54:02.000000
4348879.874730 3614859.605373 4420345.359182
-2301.128183 -4293.210114 5758.792584
UTC=2024-01-31T18:56:02.000000
4035310.271367 3075783.804129 5075304.646155
-2919.407640 -4678.008260 5143.084142
UTC=2024-01-31T18:58:02.000000
3649787.695924 2495446.036807 5651499.563450
-3498.564283 -4980.145417 4447.765791
UTC=2024-01-31T19:00:02.000000
3197635.606671 1884010.791567 6140016.547816
-4028.226209 -5195.786329 3683.684751
UTC=2024-01-31T19:02:02.000000
2685380.121063 1252011.701299 6533307.414350
-4498.750224 -5322.618724 2862.719324
UTC=2024-01-31T19:04:02.000000
2120652.383498 610167.964443 6825301.591106
-4901.388320 -5359.859599 1997.585762
UTC=2024-01-31T19:06:02.000000
1512072.140227 -30797.884583 7011495.299364
-5228.435381 -5308.231689 1101.650100
UTC=2024-01-31T19:08:02.000000
869114.308128 -660338.884764 7089018.082908
-5473.365454 -5169.932218 188.734087
UTC=2024-01-31T19:10:02.000000
201960.084382 -1268257.589520 7056674.881089
-5630.950978 -4948.576682 -727.095450
UTC=2024-01-31T19:12:02.000000
-478664.974356 -1844871.473838 6914963.149803
-5697.362093 -4649.117078 -1631.731225
UTC=2024-01-31T19:14:02.000000
-1161663.652495 -2381167.611044 6666065.148296
-5670.244939 -4277.742645 -2511.235386
UTC=2024-01-31T19:16:02.000000
-1835747.403207 -2868943.997116 6313815.446742
-5548.771278 -3841.758480 -3352.038043
UTC=2024-01-31T19:18:02.000000
-2489621.954589 -3300935.980550 5863645.806415
-5333.681011 -3349.461258 -4141.121020
UTC=2024-01-31T19:20:02.000000
-3112177.632235 -3670927.328702 5322507.074796
-5027.313712 -2810.002797 -4866.219354
UTC=2024-01-31T19:22:02.000000
-3692681.359523 -3973843.243280 4698766.236901
-4633.600824 -2233.226296 -5516.028983
UTC=2024-01-31T19:24:02.000000
-4220965.055203 -4205822.846474 4002079.754774
-4158.017773 -1629.491060 -6080.391570
UTC=2024-01-31T19:26:02.000000
-4687606.918165 -4364270.301032 3243245.967648
-3607.513275 -1009.490910 -6550.460149
UTC=2024-01-31T19:28:02.000000
-5084102.876302 -4447883.830092 2434038.625368
-2990.416642 -384.068266 -6918.849627
UTC=2024-01-31T19:30:02.000000
-5403025.127931 -4456661.896829 1587022.845446
-2316.312025 235.982413 -7179.776311
UTC=2024-01-31T19:32:02.000000
-5638163.440343 -4391885.394868 715356.325555
-1595.879992 840.114187 -7329.162131
UTC=2024-01-31T19:34:02.000000
-5784646.126962 -4256076.402036 -167420.076069
-840.716864 1418.218958 -7364.709076
UTC=2024-01-31T19:36:02.000000
-5839037.955707 -4052934.451497 -1047598.870637
-63.131766 1960.810174 -7285.942777
UTC=2024-01-31T19:38:02.000000
-5799412.418229 -3787251.418747 -1911525.733429
724.078319 2459.196639 -7094.221045
UTC=2024-01-31T19:40:02.000000
-5665396.109489 -3464806.656066 -2745817.398959
1507.863853 2905.633843 -6792.693916
UTC=2024-01-31T19:42:02.000000
-5438185.225001 -3092245.841063 -3537572.832260
2275.152982 3293.446523 -6386.234966
UTC=2024-01-31T19:44:02.000000
-5120534.451384 -2676946.333491 -4274574.475392
3013.080026 3617.129671 -5881.343337
UTC=2024-01-31T19:46:02.000000
-4716718.863142 -2226872.095284 -4945476.191383
3709.207273 3872.421448 -5286.020962
UTC=2024-01-31T19:48:02.000000
-4232469.809330 -1750421.492586 -5539975.041209
4351.734762 4056.349393 -4609.626753
UTC=2024-01-31T19:50:02.000000
-3674886.602238 -1256270.966649 -6048964.428402
4929.693760 4167.252742 -3862.711799
UTC=2024-01-31T19:52:02.000000
-3052326.166789 -753217.722294 -6464666.566321
5433.120010 4204.776474 -3056.841901
UTC=2024-01-31T19:54:02.000000
-2374273.038188 -250024.595377 -6780743.326921
5853.208660 4169.841498 -2204.414454
UTC=2024-01-31T19:56:02.000000
-1651191.885051 244730.150582 -6992384.653820
6182.449021 4064.592771 -1318.467630
UTC=2024-01-31T19:58:02.000000
-894365.611639 722795.726174 -7096374.165130
6414.731056 3892.331602 -412.495026
UTC=2024-01-31T20:00:02.000000
-115721.372883 1176383.202055 -7091132.883881
6545.441886 3657.439668 499.739145
UTC=2024-01-31T20:02:02.000000
672353.734207 1598289.393729 -6976740.535552
6571.540165 3365.281077 1404.381963
UTC=2024-01-31T20:04:02.000000
1457205.624255 1982008.943656 -6754935.661499
6491.628363 3022.105046 2287.673536
UTC=2024-01-31T20:06:02.000000
2226113.306881 2321833.787985 -6429092.241270
6305.992925 2634.930112 3136.147343
UTC=2024-01-31T20:08:02.000000
2966492.352078 2612938.012195 -6004173.252226
6016.624504 2211.417989 3936.819551
UTC=2024-01-31T20:10:02.000000
3666099.010509 2851446.855062 -5486661.391713
5627.207751 1759.736975 4677.373811
UTC=2024-01-31T20:12:02.000000
4313232.498071 3034489.377100 -4884468.414981
5143.102319 1288.425525 5346.340644
UTC=2024-01-31T20:14:02.000000
4896933.284891 3160234.034942 -4206822.118894
4571.291107 806.242454 5933.286010
UTC=2024-01-31T20:16:02.000000
5407172.933974 3227905.711098 -3464131.354371
3920.291529 322.009885 6428.987274
UTC=2024-01-31T20:18:02.000000
5835031.482154 3237784.016184 -2667831.272920
3200.040801 -155.540727 6825.586795
UTC=2024-01-31T20:20:02.000000
6172859.956405 3191183.061923 -1830210.444998
2421.757481 -617.926997 7116.742887
UTC=2024-01-31T20:22:02.000000
6414423.473547 3090411.730164 -964221.186643
1597.759228 -1057.077041 7297.751556
UTC=2024-01-31T20:24:02.000000
6555021.371256 2938715.505092 -83277.287182
741.263280 -1465.477426 7365.639956
UTC=2024-01-31T20:26:02.000000
6591581.625486 2740200.593881 798958.084433
-133.844287 -1836.319124 7319.230860
UTC=2024-01-31T20:28:02.000000
6522726.583224 2499741.953445 1668789.337455
-1013.249799 -2163.615833 7159.163111
UTC=2024-01-31T20:30:02.000000
6348809.566530 2222878.315511 2512706.812074
-1882.460981 -2442.308698 6887.894292
UTC=2024-01-31T20:32:02.000000
6071920.388373 1915695.024615 3317603.038504
-2727.072543 -2668.358573 6509.659069
UTC=2024-01-31T20:34:02.000000
5695859.361623 1584697.833038 4070981.575853
-3533.024041 -2838.806588 6030.391542
UTC=2024-01-31T20:36:02.000000
5226080.676434 1236680.564476 4761154.601704
-4286.851242 -2951.814132 5457.612104
UTC=2024-01-31T20:38:02.000000
4669607.263005 878589.924579 5377425.109139
-4975.908263 -3006.672210 4800.292024
UTC=2024-01-31T20:40:02.000000
4034919.506487 517390.070074 5910252.588403
-5588.586361 -3003.795774 4068.706848
UTC=2024-01-31T20:42:02.000000
3331818.535440 159929.555750 6351398.688360
-6114.510635 -2944.688162 3274.251114
UTC=2024-01-31T20:44:02.000000
2571268.666897 -187185.896370 6694050.095525
-6544.693122 -2831.882843 2429.251353
UTC=2024-01-31T20:46:02.000000
1765222.531557 -517713.081880 6932919.543080
-6871.672101 -2668.875796 1546.783486
UTC=2024-01-31T20:48:02.000000
926430.273582 -825882.042599 7064324.105100
-7089.636524 -2460.043548 640.476104
UTC=2024-01-31T20:50:02.000000
68235.471378 -1106495.915434 7086238.847484
-7194.518757 -2210.543223 -275.700648
UTC=2024-01-31T20:52:02.000000
-795638.030981 -1355018.078061 6998325.599172
-7184.057780 -1926.202812 -1187.638356
UTC=2024-01-31T20:54:02.000000
-1651305.606047 -1567645.584300 6801937.210055
-7057.839059 -1613.401155 -2081.295729
UTC=2024-01-31T20:56:02.000000
-2484944.373844 -1741367.471918 6500097.497631
-6817.306420 -1278.937024 -2942.896175
UTC=2024-01-31T20:58:02.000000
-3283016.169566 -1874007.343090 6097458.299281
-6465.761090 -929.900052 -3759.114345
UTC=2024-01-31T21:00:02.000000
-4032489.796524 -1964250.563387 5600233.144647
-6008.343800 -573.540700 -4517.284088
UTC=2024-01-31T21:02:02.000000
-4721058.049481 -2011655.254435 5016105.504136
-5451.966816 -217.130846 -5205.604488
UTC=2024-01-31T21:04:02.000000
-5337344.948463 -2016646.337837 4354113.485675
-4805.219422 132.178585 -5813.330533
UTC=2024-01-31T21:06:02.000000
-5871099.514723 -1980492.483795 3624512.336941
-4078.238704 467.499036 -6330.948880
UTC=2024-01-31T21:08:02.000000
-6313372.539573 -1905266.574955 2838617.139366
-3282.556394 782.336623 -6750.333555
UTC=2024-01-31T21:10:02.000000
-6656673.743421 -1793790.917412 2008627.662502
-2430.925170 1070.715020 -7064.889617
UTC=2024-01-31T21:12:02.000000
-6895105.965227 -1649567.885886 1147436.315664
-1537.103927 1327.295372 -7269.686863
UTC=2024-01-31T21:14:02.000000
-7024471.185216 -1476696.878060 268422.782311
-615.612115 1547.482354 -7361.545410
UTC=2024-01-31T21:16:02.000000
-7042346.767771 -1279779.592107 -614759.707334
318.524451 1727.512607 -7339.093188
UTC=2024-01-31T21:18:02.000000
-6948130.017307 -1063815.940786 -1488403.021354
1250.044848 1864.522346 -7202.787379
UTC=2024-01-31T21:20:02.000000
-6743050.002881 -834093.036908 -2338962.877208
2163.725248 1956.594209 -6954.895413
UTC=2024-01-31T21:22:02.000000
-6430147.240010 -596070.098292 -3153273.436955
3044.642534 2002.779557 -6599.447745
UTC=2024-01-31T21:24:02.000000
-6014221.761004 -355261.551153 -3918754.632445
3878.437705 2003.106850 -6142.159849
UTC=2024-01-31T21:26:02.000000
-5501750.433206 -117120.387524 -4623607.628514
4651.561241 1958.566591 -5590.315361
UTC=2024-01-31T21:28:02.000000
-4900776.381400 113075.092793 -5256994.899043
5351.492754 1871.071809 -4952.628027
UTC=2024-01-31T21:30:02.000000
-4220773.503110 330328.762833 -5809202.722233
5966.937658 1743.401271 -4239.086515
UTC=2024-01-31T21:32:02.000000
-3472488.789133 530026.213421 -6271783.798679
6487.997619 1579.124619 -3460.778897
UTC=2024-01-31T21:34:02.000000
-2667766.374797 708024.586374 -6637678.222515
6906.304784 1382.516046 -2629.710309
UTC=2024-01-31T21:36:02.000000
-1819357.111216 860731.397073 -6901312.918159
7215.133107 1158.457591 -1758.625964
UTC=2024-01-31T21:38:02.000000
-940715.704572 985171.350243 -7058679.050622
7409.489298 912.335680 -860.818491
UTC=2024-01-31T21:40:02.000000
-45789.178881 1079040.197039 -7107386.234951
7486.168791 649.928827 50.060876
UTC=2024-01-31T21:42:02.000000
851200.142954 1140744.855142 -7046694.987951
7443.794243 377.291928 960.176388
UTC=2024-01-31T21:44:02.000000
1735976.251505 1169429.585305 -6877528.107294
7282.851807 100.639287 1855.693505
UTC=2024-01-31T21:46:02.000000
2594433.241434 1164987.846164 -6602458.371893
7005.687530 -173.777125 2722.978149
UTC=2024-01-31T21:48:02.000000
3412857.278913 1128059.522870 -6225673.094223
6616.483008 -439.789326 3548.788305
UTC=2024-01-31T21:50:02.000000
4178143.756407 1060013.486769 -5752915.814387
6121.200573 -691.435468 4320.457868
UTC=2024-01-31T21:52:02.000000
4878007.212025 962915.771530 -5191406.454730
5527.517306 -923.077181 5026.077783
UTC=2024-01-31T21:54:02.000000
5501181.766181 839483.949990 -4549739.165420
4844.730154 -1129.512554 5654.684673
UTC=2024-01-31T21:56:02.000000
6037607.945373 693028.097720 -3837757.926570
4083.624860 -1306.086092 6196.439755
UTC=2024-01-31T21:58:02.000000
6478602.180108 527379.128050 -3066411.626025
3256.319372 -1448.788155 6642.792848
UTC=2024-01-31T22:00:02.000000
6817006.181601 346805.932367 -2247590.182701
2376.084991 -1554.342576 6986.635387
UTC=2024-01-31T22:02:02.000000
7047312.896656 155922.629158 -1393942.845226
1457.131777 -1620.282993 7222.441515
UTC=2024-01-31T22:04:02.000000
7165764.658215 -40412.218093 -518681.495262
514.364552 -1645.009424 7346.374565
UTC=2024-01-31T22:06:02.000000
7170421.480283 -237202.016314 364626.775965
-436.869515 -1627.826556 7356.361530
UTC=2024-01-31T22:08:02.000000
7061198.284596 -429422.269371 1242274.621463
-1381.049088 -1568.966526 7252.143003
UTC=2024-01-31T22:10:02.000000
6839869.180228 -612131.972507 2100633.104995
-2302.754538 -1469.586400 7035.285071
UTC=2024-01-31T22:12:02.000000
6510038.530997 -780583.446584 2926369.967643
-3186.948461 -1331.746034 6709.158351
UTC=2024-01-31T22:14:02.000000
6077078.633516 -930328.279304 3706662.427442
-4019.244927 -1158.363656 6278.869327
UTC=2024-01-31T22:16:02.000000
5548036.940842 -1057316.670818 4429400.056194
-4786.149499 -953.154023 5751.167639
UTC=2024-01-31T22:18:02.000000
4931514.955798 -1157988.719585 5083375.323455
-5475.293323 -720.552007 5134.328526
UTC=2024-01-31T22:20:02.000000
4237520.628267 -1229354.981557 5658457.815931
-6075.634960 -465.612844 4438.002706
UTC=2024-01-31T22:22:02.000000
3477298.592313 -1269064.587897 6145749.629228
-6577.630871 -193.906722 3673.052635
UTC=2024-01-31T22:24:02.000000
2663141.476077 -1275460.459733 6537720.052867
-6973.378625 88.593413 2851.370879
UTC=2024-01-31T22:26:02.000000
1808186.215919 -1247620.401875 6828317.963410
-7256.725569 375.632598 1985.693814
UTC=2024-01-31T22:28:02.000000
926198.403436 -1185383.466780 7013061.520748
-7423.359064 660.800268 1089.405139
UTC=2024-01-31T22:30:02.000000
31347.972203 -1089360.768279 7089103.349343
-7470.858218 937.660660 176.328185
UTC=2024-01-31T22:32:02.000000
-862019.342297 -960930.868153 7055271.134570
-7398.715535 1199.879719 -739.476151
UTC=2024-01-31T22:34:02.000000
-1739611.745826 -802219.984587 6912084.155848
-7208.335508 1441.351989 -1643.908871
UTC=2024-01-31T22:36:02.000000
-2587419.547759 -616066.944578 6661745.822788
-6903.009006 1656.326303 -2523.033030
UTC=2024-01-31T22:38:02.000000
-3391938.949359 -405973.490564 6308112.447400
-6487.867714 1839.524724 -3363.270496
UTC=2024-01-31T22:40:02.000000
-4140389.118194 -176040.690292 5856638.033014
-5969.815274 1986.254348 -4151.605265
UTC=2024-01-31T22:42:02.000000
-4820919.116258 69107.638080 5314294.599184
-5357.426758 2092.512222 -4875.786697
UTC=2024-01-31T22:44:02.000000
-5422800.852315 324413.377980 4689468.493403
-4660.817296 2155.077441 -5524.524764
UTC=2024-01-31T22:46:02.000000
-5936604.681053 584482.975686 3991833.885715
-3891.482962 2171.592468 -6087.675767
UTC=2024-01-31T22:48:02.000000
-6354354.048857 843695.050408 3232205.000581
-3062.113905 2140.627161 -6556.408554
UTC=2024-01-31T22:50:02.000000
-6669656.790707 1096314.718584 2422369.232671
-2186.389349 2061.725840 -6923.359720
UTC=2024-01-31T22:52:02.000000
-6877810.012991 1336612.178176 1574902.740954
-1278.744847 1935.431268 -7182.766208
UTC=2024-01-31T22:54:02.000000
-6975876.168952 1558983.025474 702971.675317
-354.123659 1763.289769 -7330.574055
UTC=2024-01-31T22:56:02.000000
-6962727.897694 1758067.850899 -179877.929004
572.293611 1547.832921 -7364.515174
UTC=2024-01-31T22:58:02.000000
-6839060.021401 1928868.050111 -1059937.030493
1485.363089 1292.533533 -7284.143677
UTC=2024-01-31T23:00:02.000000
-6607369.067789 2066855.219522 -1923552.553714
2370.243529 1001.744018 -7090.835841
UTC=2024-01-31T23:02:02.000000
-6271901.375251 2168072.228152 -2757344.785484
3212.656377 680.618215 -6787.764721
UTC=2024-01-31T23:04:02.000000
-5838570.057295 2229223.486753 -3548419.575056
3999.141177 335.009198 -6379.835120
UTC=2024-01-31T23:06:02.000000
-5314842.910729 2247751.888051 -4284570.124879
4717.281933 -28.648237 -5873.578342
UTC=2024-01-31T23:08:02.000000
-4709605.074056 2221901.225315 -4954464.672212
5355.902707 -403.461968 -5277.023926
UTC=2024-01-31T23:10:02.000000
-4032999.888529 2150763.215552 -5547817.482201
5905.234118 -782.214362 -4599.549354
UTC=2024-01-31T23:12:02.000000
-3296251.942939 2034308.498961 -6055540.815030
6357.043868 -1157.497043 -3851.716191
UTC=2024-01-31T23:14:02.000000
-2511476.141010 1873401.278436 -6469877.021350
6704.741898 -1521.848788 -3045.102090
UTC=2024-01-31T23:16:02.000000
-1691475.271247 1669797.361906 -6784509.493048
6943.464036 -1867.893608 -2192.113528
UTC=2024-01-31T23:18:02.000000
-849530.171821 1426125.818032 -6994650.428863
7070.110902 -2188.475059 -1305.794109
UTC=2024-01-31T23:20:02.000000
813.337619 1145854.835456 -7097106.357039
7083.366656 -2476.784975 -399.640880
UTC=2024-01-31T23:22:02.000000
845958.366197 833242.629268 -7090321.677863
6983.695378 -2726.484651 512.573353
UTC=2024-01-31T23:24:02.000000
1672470.333822 493273.713380 -6974400.924132
6773.334120 -2931.828189 1416.987065
UTC=2024-01-31T23:26:02.000000
2467287.181183 131580.744831 -6751107.229464
6456.244008 -3087.776663 2299.849219
UTC=2024-01-31T23:28:02.000000
3217922.555563 -245646.440752 -6423838.092780
6038.047833 -3190.099376 3147.703268
UTC=2024-01-31T23:30:02.000000
3912660.330804 -631763.707779 -5997578.417046
5525.942311 -3235.469980 3947.580090
UTC=2024-01-31T23:32:02.000000
4540737.129461 -1019786.071491 -5478831.270641
4928.592486 -3221.547029 4687.175354
UTC=2024-01-31T23:34:02.000000
5092511.778408 -1402510.474931 -4875527.090738
4256.013869 -3147.048224 5355.036238
UTC=2024-01-31T23:36:02.000000
5559618.462514 -1772646.218561 -4196910.196225
3519.419610 -3011.802042 5940.746880
UTC=2024-01-31T23:38:02.000000
5935100.290120 -2122950.419280 -3453403.949867
2731.048235 -2816.780936 6435.100556
UTC=2024-01-31T23:40:02.000000
6213520.904665 -2446366.288492 -2656455.759379
1903.968990 -2564.114314 6830.262497
UTC=2024-01-31T23:42:02.000000
6391051.313252 -2736161.542351 -1818363.518398
1051.864067 -2257.076923 7119.914771
UTC=2024-01-31T23:44:02.000000
6465529.592207 -2986063.821679 -952086.230054
188.796573 -1900.051430 7299.374515
UTC=2024-01-31T23:46:02.000000
6436492.187431 -3190390.309701 -71041.822498
-671.032331 -1498.468699 7365.689391
UTC=2024-01-31T23:48:02.000000
6305175.406471 -3344168.611721 811104.593133
-1513.533832 -1058.722229 7317.699636
UTC=2024-01-31T23:50:02.000000
6074487.063735 -3443246.096579 1680658.208957
-2324.981320 -588.061147 7156.073689
UTC=2024-01-31T23:52:02.000000
5748947.498131 -3484384.812499 2524113.966342
-3092.266637 -94.457666 6883.299025
UTC=2024-01-31T23:54:02.000000
5334601.519464 -3465339.716753 3328372.092651
-3803.126245 413.537566 6503.633873
UTC=2024-01-31T23:56:02.000000
4838904.175660 -3384918.444477 4080946.397880
-4446.352483 926.958030 6023.029166
UTC=2024-01-31T23:58:02.000000
4270583.076505 -3243021.546511 4770161.010636
-5011.971861 1436.581673 5449.021294
