UTC=2024-01-04T00:00:02.000000
4867845.026868 -1943253.231170 -4919027.320435
3916.908540 -3624.255305 5311.899782
UTC=2024-01-04T00:02:02.000000
5295611.887368 -2366012.552364 -4245236.843747
3203.935116 -3410.589783 5903.546742
UTC=2024-01-04T00:04:02.000000
5634969.394188 -2759173.372970 -3505809.165209
2445.483879 -3131.430767 6404.412627
UTC=2024-01-04T00:06:02.000000
5881216.410010 -3115075.438435 -2712128.390714
1654.258914 -2790.299792 6806.564551
UTC=2024-01-04T00:08:02.000000
6031208.118720 -3426554.159879 -1876441.372329
843.457618 -2391.928155 7103.578238
UTC=2024-01-04T00:10:02.000000
6083401.799503 -3687082.378436 -1011669.319872
26.546429 -1942.196712 7290.657068
UTC=2024-01-04T00:12:02.000000
6037875.135086 -3890903.499798 -131206.268384
-782.974726 -1448.050321 7364.730859
UTC=2024-01-04T00:14:02.000000
5896315.828898 -4033152.656737 751292.253126
-1571.811629 -917.386500 7324.519875
UTC=2024-01-04T00:16:02.000000
5661982.600670 -4109963.401492 1622126.566758
-2327.115014 -358.923061 7170.571509
UTC=2024-01-04T00:18:02.000000
5339637.468790 -4118556.535974 2467772.297827
-3036.717090 217.965359 6905.254332
UTC=2024-01-04T00:20:02.000000
4935451.008295 -4057308.813415 3275096.213403
-3689.342615 803.416144 6532.709095
UTC=2024-01-04T00:22:02.000000
4456883.750438 -3925800.836977 4031564.799145
-4274.797037 1387.258189 6058.775234
UTC=2024-01-04T00:24:02.000000
3912546.260252 -3724843.213796 4725442.243004
-4784.134781 1959.193413 5490.889598
UTC=2024-01-04T00:26:02.000000
3312040.053899 -3456480.323146 5345974.468808
-5209.806110 2508.989350 4837.951650
UTC=2024-01-04T00:28:02.000000
2665783.659838 -3123971.187380 5883555.203447
-5545.758629 3026.664253 4110.165715
UTC=2024-01-04T00:30:02.000000
1984827.866277 -2731748.679524 6329872.605230
-5787.518325 3502.664638 3318.870418
UTC=2024-01-04T00:32:02.000000
1280663.137399 -2285358.009761 6678034.087137
-5932.236042 3928.031796 2476.349986
UTC=2024-01-04T00:34:02.000000
565023.316783 -1791375.852222 6922668.394179
-5978.705712 4294.558776 1595.642785
UTC=2024-01-04T00:36:02.000000
-150311.247270 -1257311.315011 7060004.131650
-5927.354171 4594.934988 690.341809
UTC=2024-01-04T00:38:02.000000
-853707.794705 -691490.289069 7087924.379850
-5780.206958 4822.878552 -225.605075
UTC=2024-01-04T00:40:02.000000
-1533869.953214 -102924.936502 7005997.244596
-5540.834712 4973.251938 -1138.095363
UTC=2024-01-04T00:42:02.000000
-2180018.954601 498829.969347 6815482.246704
-5214.279204 5042.164686 -2033.075194
UTC=2024-01-04T00:44:02.000000
-2782064.704013 1103831.933826 6519312.307709
-4806.959372 5027.057775 -2896.742366
UTC=2024-01-04T00:46:02.000000
-3330764.425188 1701914.648866 6122051.455555
-4326.558023 4926.769510 -3715.746761
UTC=2024-01-04T00:48:02.000000
-3817866.806307 2282858.752530 5629828.761181
-3781.894114 4741.584008 -4477.387594
UTC=2024-01-04T00:50:02.000000
-4236239.708722 2836567.284329 5050248.435109
-3182.775014 4473.259544 -5169.813135
UTC=2024-01-04T00:52:02.000000
-4579978.909801 3353242.769814 4392276.267719
-2539.829724 4125.026518 -5782.212990
UTC=2024-01-04T00:54:02.000000
-4844495.931656 3823562.431451 3666103.822803
-1864.326481 3701.559658 -6304.996492
UTC=2024-01-04T00:56:02.000000
-5026583.046197 4238848.636356 2882992.104680
-1167.975730 3208.925450 -6729.956025
UTC=2024-01-04T00:58:02.000000
-5124454.055717 4591231.364973 2055096.741713
-462.724325 2654.501918 -7050.411756
UTC=2024-01-04T01:00:02.000000
-5137759.808260 4873799.107746 1195276.796724
239.460543 2046.863647 -7261.337928
UTC=2024-01-04T01:02:02.000000
-5067577.600811 5080733.815642 316890.546812
926.806943 1395.634624 -7359.451535
UTC=2024-01-04T01:04:02.000000
-4916375.278375 5207427.412926 -566417.342543
1587.945256 711.329227 -7343.270930
UTC=2024-01-04T01:06:02.000000
-4687950.428733 5250577.923536 -1440934.524896
2212.118783 5.167440 -7213.152043
UTC=2024-01-04T01:08:02.000000
-4387344.485039 5208261.578132 -2293100.870262
2789.381913 -711.135261 -6971.268573
UTC=2024-01-04T01:10:02.000000
-4020735.568628 5079979.756850 -3109723.944892
3310.762776 -1425.578455 -6621.565525
UTC=2024-01-04T01:12:02.000000
-3595312.204114 4866679.899515 -3878186.970886
3768.415455 -2126.097854 -6169.674188
UTC=2024-01-04T01:14:02.000000
-3119130.952998 4570750.331475 -4586644.300009
4155.735232 -2800.777663 -5622.794338
UTC=2024-01-04T01:16:02.000000
-2600962.031566 4195990.161029 -5224201.540453
4467.444004 -3438.052840 -4989.555556
UTC=2024-01-04T01:18:02.000000
-2050126.569305 3747555.871996 -5781078.209118
4699.645759 -4026.896748 -4279.868554
UTC=2024-01-04T01:20:02.000000
-1476328.323608 3231885.453572 -6248752.007030
4849.863368 -4557.007868 -3504.763163
UTC=2024-01-04T01:22:02.000000
-889482.579949 2656600.907745 -6620082.269305
4917.047484 -5018.980680 -2676.205066
UTC=2024-01-04T01:24:02.000000
-299545.762321 2030391.773164 -6889410.831397
4901.556330 -5404.450672 -1806.906000
UTC=2024-01-04T01:26:02.000000
283651.117177 1362882.305436 -7052640.545544
4805.113365 -5706.224583 -910.140555
UTC=2024-01-04T01:28:02.000000
850563.090330 664483.892098 -7107291.779647
4630.752999 -5918.394449 0.438198
UTC=2024-01-04T01:30:02.000000
1392084.644624 -53765.452595 -7052536.479725
4382.751096 -6036.440739 910.989734
UTC=2024-01-04T01:32:02.000000
1899693.232729 -780372.935232 -6889208.926168
4066.530983 -6057.314408 1807.680373
UTC=2024-01-04T01:34:02.000000
2365580.848225 -1503571.197651 -6619793.891261
3688.561177 -5979.497923 2676.866312
UTC=2024-01-04T01:36:02.000000
2782772.876639 -2211505.035529 -6248392.585864
3256.242352 -5803.050122 3505.281139
UTC=2024-01-04T01:38:02.000000
3145232.520469 -2892422.508992 -5780666.749597
2777.783875 -5529.638872 4280.212866
UTC=2024-01-04T01:40:02.000000
3447950.129879 -3534869.432812 -5223760.421106
2262.070582 -5162.557560 4989.703239
UTC=2024-01-04T01:42:02.000000
3687014.818429 -4127882.978528 -4586197.586147
1718.503132 -4706.694185 5622.740223
UTC=2024-01-04T01:44:02.000000
3859666.761294 -4661180.048004 -3877758.665294
1156.839238 -4168.480395 6169.422367
UTC=2024-01-04T01:46:02.000000
3964330.533451 -5125338.695714 -3109337.365277
587.033600 -3555.823317 6621.123801
UTC=2024-01-04T01:48:02.000000
4000628.463143 -5511969.590099 -2292777.866524
19.063434 -2878.006021 6970.655112
UTC=2024-01-04T01:50:02.000000
3969372.300434 -5813872.962740 -1440693.780099
-537.254271 -2145.545228 7212.401603
UTC=2024-01-04T01:52:02.000000
3872533.490495 -6025176.991178 -566272.465234
-1072.437903 -1370.027277 7342.432615
UTC=2024-01-04T01:54:02.000000
3713192.184663 -6141454.765912 316932.462935
-1577.519631 -563.912844 7358.584394
UTC=2024-01-04T01:56:02.000000
3495465.652094 -6159816.501189 1195216.023431
-2044.206989 259.676432 7260.503424
UTC=2024-01-04T01:58:02.000000
3224418.289037 -6078975.173893 2054940.690246
-2465.032021 1087.191137 7049.667560
UTC=2024-01-04T02:00:02.000000
2905954.140749 -5899282.799240 2882754.861579
-2833.488627 1904.903747 6729.355420
UTC=2024-01-04T02:02:02.000000
2546694.735894 -5622737.336725 3665805.362845
-3144.140612 2699.149892 6304.582658
UTC=2024-01-04T02:04:02.000000
2153845.639545 -5252960.666522 4391940.766802
-3392.702031 3456.568135 5782.012763
UTC=2024-01-04T02:06:02.000000
1735054.542412 -4795147.975484 5049902.412555
-3576.097344 4164.336816 5169.838819
UTC=2024-01-04T02:08:02.000000
1298264.023384 -4255989.622826 5629499.517643
-3692.491038 4810.393334 4477.641682
UTC=2024-01-04T02:10:02.000000
851561.662721 -3643567.286111 6121766.297453
-3741.301664 5383.645637 3716.225995
UTC=2024-01-04T02:12:02.000000
403030.457417 -2967226.167323 6519097.384212
-3723.181205 5874.154166 2897.429297
UTC=2024-01-04T02:14:02.000000
-39396.751418 -2237427.272311 6815360.529588
-3639.971449 6273.286145 2033.934394
UTC=2024-01-04T02:16:02.000000
-468076.513538 -1465582.303846 7005986.595323
-3494.642462 6573.850146 1139.078916
UTC=2024-01-04T02:18:02.000000
-875785.813149 -663873.333560 7088036.666445
-3291.217349 6770.217193 226.661928
UTC=2024-01-04T02:20:02.000000
-1255843.099263 154940.867643 7060245.110090
-3034.681334 6858.418147 -689.262085
UTC=2024-01-04T02:22:02.000000
-1602217.586283 977728.430099 6923037.862411
-2730.876267 6836.213633 -1594.588809
UTC=2024-01-04T02:24:02.000000
-1909625.060840 1791194.993083 6678526.212665
-2386.383059 6703.140640 -2475.366985
UTC=2024-01-04T02:26:02.000000
-2173609.101351 2582098.534443 6330476.334427
-2008.395295 6460.536707 -3317.999950
UTC=2024-01-04T02:28:02.000000
-2390606.511924 3337465.738943 5884254.676417
-1604.583171 6111.540286 -4109.446490
UTC=2024-01-04T02:30:02.000000
-2557996.081605 4044806.668515 5346749.570475
-1182.952869 5661.063109 -4837.414829
UTC=2024-01-04T02:32:02.000000
-2674130.289849 4692324.832160 4726269.649766
-751.700979 5115.739322 -5490.557625
UTC=2024-01-04T02:34:02.000000
-2738348.942333 5269119.037831 4032419.141437
-319.060794 4483.839657 -6058.659107
UTC=2024-01-04T02:36:02.000000
-2750974.343479 5765373.044810 3275951.401224
106.851933 3775.152940 -6532.810986
UTC=2024-01-04T02:38:02.000000
-2713287.930552 6172528.815650 2468602.488785
518.192324 3000.832815 -6905.566482
UTC=2024-01-04T02:40:02.000000
-2627488.895459 6483439.924185 1622907.739721
907.533772 2173.220608 -7171.071379
UTC=2024-01-04T02:42:02.000000
-2496635.343822 6692502.008468 752003.966197
1268.010292 1305.639815 -7325.170477
UTC=2024-01-04T02:44:02.000000
-2324569.190731 6795757.151013 -130579.351253
1593.444433 412.167844 -7365.484813
UTC=2024-01-04T02:46:02.000000
-2115826.645596 6790969.755262 -1011136.305534
1878.459556 -492.609338 -7291.458820
UTC=2024-01-04T02:48:02.000000
-1875535.957279 6677671.795274 -1876004.926089
2118.581014 -1393.866216 -7104.379206
UTC=2024-01-04T02:50:02.000000
-1609304.093940 6457174.320520 -2711786.234586
2310.314516 -2276.821538 -6807.329927
UTC=2024-01-04T02:52:02.000000
-1323096.128742 6132546.895652 -3505555.215711
2451.191718 -3126.987971 -6405.112847
UTC=2024-01-04T02:54:02.000000
-1023110.469573 5708567.850257 -4245061.807698
2539.794457 -3930.414327 -5904.158310
UTC=2024-01-04T02:56:02.000000
-715652.376420 5191645.490257 -4918919.335369
2575.758922 -4673.922585 -5312.402368
UTC=2024-01-04T02:58:02.000000
-407008.241478 4589712.596868 -5516776.611454
2559.759038 -5345.315952 -4639.142620
UTC=2024-01-04T03:00:02.000000
-103322.998252 3912096.933661 -6029472.150721
2493.470972 -5933.572603 -3894.881835
UTC=2024-01-04T03:02:02.000000
189516.986863 3169369.610322 -6449168.280382
2379.516775 -6429.017993 -3091.149682
UTC=2024-01-04T03:04:02.000000
465993.023801 2373174.773207 -6769463.066092
2221.388710 -6823.462575 -2240.314218
UTC=2024-01-04T03:06:02.000000
721053.510262 1536044.719815 -6985479.890376
2023.364392 -7110.310562 -1355.399329
UTC=2024-01-04T03:08:02.000000
950202.482440 671202.720557 -7093935.056965
1790.409661 -7284.655120 -449.897710
UTC=2024-01-04T03:10:02.000000
1149575.943770 -207644.006579 -7093182.656397
1528.073359 -7343.347504 462.418286
UTC=2024-01-04T03:12:02.000000
1316005.052664 -1086518.414429 -6983236.540884
1242.372810 -7285.044136 1367.690791
UTC=2024-01-04T03:14:02.000000
1447065.252844 -1951391.518032 -6765769.268686
939.675876 -7110.224695 2252.162529
UTC=2024-01-04T03:16:02.000000
1541111.275607 -2788401.544850 -6444089.283285
626.582782 -6821.196140 3102.355886
UTC=2024-01-04T03:18:02.000000
1597297.600147 -3584072.946352 -6023096.452826
309.800891 -6422.086231 3905.256557
UTC=2024-01-04T03:20:02.000000
1615583.577459 -4325533.189276 -5509214.609176
-3.983727 -5918.806879 4648.513183
UTC=2024-01-04T03:22:02.000000
1596723.346334 -5000722.307039 -4910300.449592
-308.231409 -5318.974224 5320.624768
UTC=2024-01-04T03:24:02.000000
1542240.766037 -5598592.058239 -4235531.233900
-596.674293 -4631.817950 5911.112295
UTC=2024-01-04T03:26:02.000000
1454389.197507 -6109292.817616 -3495271.419355
-863.442343 -3868.061336 6410.697321
UTC=2024-01-04T03:28:02.000000
1336096.673452 -6524343.551932 -2700918.598658
-1103.179375 -3039.762599 6811.464726
UTC=2024-01-04T03:30:02.000000
1190897.811151 -6836781.274777 -1864731.024985
-1311.148858 -2160.131066 7107.008139
UTC=2024-01-04T03:32:02.000000
1022853.433033 -7041286.652568 -999638.868129
-1483.333108 -1243.313970 7292.553921
UTC=2024-01-04T03:34:02.000000
836459.032892 -7134282.394416 -119042.114602
-1616.517095 -304.155757 7365.058677
UTC=2024-01-04T03:36:02.000000
636544.527283 -7114001.544785 763401.005774
-1708.351737 642.058864 7323.269226
UTC=2024-01-04T03:38:02.000000
428167.268566 -6980524.511725 1633991.100470
-1757.401457 1579.870735 7167.755812
UTC=2024-01-04T03:40:02.000000
216500.707643 -6735783.445199 2479206.795485
-1763.169480 2493.923544 6900.911899
UTC=2024-01-04T03:42:02.000000
6721.211060 -6383532.958300 3285921.476371
-1726.103215 3369.245867 6526.912646
UTC=2024-01-04T03:44:02.000000
-196104.580065 -5929287.607470 4041612.306082
-1647.579527 4191.518401 6051.628304
UTC=2024-01-04T03:46:02.000000
-387129.153930 -5380229.269570 4734557.230080
-1529.865708 4947.310289 5482.516746
UTC=2024-01-04T03:48:02.000000
-561827.771670 -4745086.671205 5354018.147619
-1376.062727 5624.307629 4828.494364
UTC=2024-01-04T03:50:02.000000
-716094.132605 -4033989.175811 5890406.796327
-1190.030291 6211.511705 4099.782876
UTC=2024-01-04T03:52:02.000000
-846326.368961 -3258297.874322 6335431.402686
-976.300052 6699.420174 3307.736625
UTC=2024-01-04T03:54:02.000000
-949501.702131 -2430417.168175 6682220.768638
-739.974101 7080.165672 2464.644947
UTC=2024-01-04T03:56:02.000000
-1023238.392044 -1563592.302375 6925425.153160
-486.615705 7347.617567 1583.546166
UTC=2024-01-04T03:58:02.000000
-1065844.316917 -671695.296809 7061295.051601
-222.136054 7497.474110 678.039211
UTC=2024-01-04T04:00:02.000000
-1076351.623664 230998.702876 7087736.170787
47.325869 7527.325345 -237.922357
UTC=2024-01-04T04:02:02.000000
-1054536.398016 1130040.519939 7004339.815869
315.531578 7436.684373 -1150.232473
UTC=2024-01-04T04:04:02.000000
-1000922.899138 2011038.445341 6812388.929668
576.271130 7226.994595 -2044.837343
UTC=2024-01-04T04:06:02.000000
-916772.580523 2859888.912381 6514839.586238
823.488571 6901.609341 -2907.938994
UTC=2024-01-04T04:08:02.000000
-804058.261365 3663003.216546 6116278.243000
1051.403861 6465.747183 -3726.195965
UTC=2024-01-04T04:10:02.000000
-665423.757422 4407527.342570 5622854.785961
1254.633643 5926.419221 -4486.925429
UTC=2024-01-04T04:12:02.000000
-504129.383708 5081551.296082 5042191.994527
1428.304110 5292.330684 -5178.293443
UTC=2024-01-04T04:14:02.000000
-323984.424018 5674305.476109 4383271.986228
1568.157159 4573.757668 -5789.511831
UTC=2024-01-04T04:16:02.000000
-129267.286173 6176338.987586 3656299.692656
1670.645858 3782.372597 -6311.011909
UTC=2024-01-04T04:18:02.000000
75364.446151 6579677.449837 2872547.971682
1733.010180 2931.085710 -6734.593343
UTC=2024-01-04T04:20:02.000000
284973.085419 6877959.768870 2044182.285214
1753.353063 2033.829512 -7053.604746
UTC=2024-01-04T04:22:02.000000
494447.607582 7066544.850648 1184067.771279
1730.688076 1105.298273 -7263.051009
UTC=2024-01-04T04:24:02.000000
698614.743314 7142588.289479 305565.129787
1664.967775 160.698647 -7359.680478
UTC=2024-01-04T04:26:02.000000
892352.385844 7105087.810438 -577682.528697
1557.091277 -784.520186 -7342.045557
UTC=2024-01-04T04:28:02.000000
1070702.277351 6954895.589918 -1451967.917202
1408.885228 -1714.945580 -7210.523953
UTC=2024-01-04T04:30:02.000000
1228979.211252 6694697.669279 -2303737.943107
1223.066418 -2615.470005 -6967.302973
UTC=2024-01-04T04:32:02.000000
1362874.822319 6328961.517570 -3119808.459006
1003.188313 -3471.553565 -6616.334041
UTC=2024-01-04T04:34:02.000000
1468553.880079 5863852.732161 -3887571.566851
753.569678 -4269.474218 -6163.254141
UTC=2024-01-04T04:36:02.000000
1542740.999448 5307122.854078 -4595191.603252
479.206595 -4996.558046 -5615.276004
UTC=2024-01-04T04:38:02.000000
1582795.902656 4667971.075149 -5231786.146510
185.669895 -5641.382439 -4981.049019
UTC=2024-01-04T04:40:02.000000
1586775.675951 3956883.706305 -5787589.088401
-121.007832 -6193.942979 -4270.502462
UTC=2024-01-04T04:42:02.000000
1553483.089315 3185455.332983 -6254094.500456
-434.451765 -6645.795150 -3494.680941
UTC=2024-01-04T04:44:02.000000
1482500.113745 2366194.393349 -6624179.506233
-748.071152 -6990.167563 -2665.558981
UTC=2024-01-04T04:46:02.000000
1374206.340128 1512317.725282 -6892204.656399
-1055.183498 -7222.035068 -1795.856044
UTC=2024-01-04T04:48:02.000000
1229782.522340 637537.542783 -7054092.548307
-1349.140059 -7338.174532 -898.855292
UTC=2024-01-04T04:50:02.000000
1051198.832040 -244156.980063 -7107383.987974
-1623.453654 -7337.195960 11.787986
UTC=2024-01-04T04:52:02.000000
841187.924413 -1118720.277888 -7051271.127674
-1871.923746 -7219.547685 922.239172
UTC=2024-01-04T04:54:02.000000
603203.462642 -1972269.741067 -6886607.541604
-2088.752810 -6987.491440 1818.672529
UTC=2024-01-04T04:56:02.000000
341364.998911 -2791301.111367 -6615896.635738
-2268.659375 -6645.065520 2687.445482
UTC=2024-01-04T04:58:02.000000
60389.125689 -3562899.302748 -6243258.526066
-2406.992445 -6198.040311 3515.290076
UTC=2024-01-04T05:00:02.000000
-234492.254362 -4274941.347607 -5774373.020773
-2499.829575 -5653.830682 4289.509566
UTC=2024-01-04T05:02:02.000000
-537624.782150 -4916287.664502 -5216400.322177
-2544.067131 -5021.393403 4998.157999
UTC=2024-01-04T05:04:02.000000
-843035.006480 -5476959.969690 -4577879.838675
-2537.503105 -4311.103587 5630.225287
UTC=2024-01-04T05:06:02.000000
-1144542.748597 -5948302.598300 -3868606.954738
-2478.903605 -3534.601853 6175.817951
UTC=2024-01-04T05:08:02.000000
-1435880.340158 -6323123.789030 -3099488.787100
-2368.050814 -2704.614060 6626.327127
UTC=2024-01-04T05:10:02.000000
-1710816.523850 -6595814.080843 -2282380.791120
-2205.772796 -1834.751171 6974.580308
UTC=2024-01-04T05:12:02.000000
-1963282.690452 -6762439.461689 -1429905.926979
-1993.951502 -939.287089 7214.979513
UTC=2024-01-04T05:14:02.000000
-2187498.623597 -6820806.402559 -555258.678309
-1735.507173 -32.913820 7343.613551
UTC=2024-01-04T05:16:02.000000
-2378095.072171 -6770496.588159 328002.548352
-1434.360768 869.517756 7358.338806
UTC=2024-01-04T05:18:02.000000
-2530230.387136 -6612870.103363 1206170.658364
-1095.372451 1753.262617 7258.825730
UTC=2024-01-04T05:20:02.000000
-2639698.392655 -6351036.889356 2065608.671142
-724.257538 2603.945248 7046.571621
UTC=2024-01-04T05:22:02.000000
-2703024.921962 -5989796.828113 2892967.866971
-327.481750 3407.817324 6724.876220
UTC=2024-01-04T05:24:02.000000
-2717550.663066 -5535549.800187 3675400.737296
87.861300 4151.999026 6298.780189
UTC=2024-01-04T05:26:02.000000
-2681498.534718 -4996178.109430 4400764.553191
514.184489 4824.697291 5774.971178
UTC=2024-01-04T05:28:02.000000
-2594024.488197 -4380904.302227 5057812.034452
943.548269 5415.397591 5161.663953
UTC=2024-01-04T05:30:02.000000
-2455250.987806 -3700127.416081 5636366.387276
1367.809700 5915.032729 4468.459320
UTC=2024-01-04T05:32:02.000000
-2266281.929751 -2965240.629223 6127477.627969
1778.780536 6316.119382 3706.173223
UTC=2024-01-04T05:34:02.000000
-2029198.854223 -2188435.259023 6523557.642936
2168.380052 6612.852059 2886.657740
UTC=2024-01-04T05:36:02.000000
-1747039.097875 -1382494.903426 6818493.648478
2528.783533 6801.175860 2022.618039
UTC=2024-01-04T05:38:02.000000
-1423756.331313 -560581.971611 7007738.608868
2852.566691 6878.836820 1127.408897
UTC=2024-01-04T05:40:02.000000
-1064164.430847 263979.039834 7088376.651780
3132.838656 6845.385409 214.830183
UTC=2024-01-04T05:42:02.000000
-673865.578515 1077917.439684 7059165.242512
3363.374032 6702.165674 -701.062159
UTC=2024-01-04T05:44:02.000000
-259162.679774 1868230.056548 6920553.633694
3538.739260 6452.284240 -1606.162220
UTC=2024-01-04T05:46:02.000000
173042.525753 2622389.373540 6674676.427607
3654.405001 6100.549516 -2486.521299
UTC=2024-01-04T05:48:02.000000
615363.972765 3328542.725875 6325322.506533
3706.843356 5653.385056 -3328.549379
UTC=2024-01-04T05:50:02.000000
1060056.589603 3975700.235682 5877880.117786
3693.611795 5118.728049 -4119.214186
UTC=2024-01-04T05:52:02.000000
1499150.896257 4553909.024457 5339257.946882
3613.422981 4505.901706 -4846.239534
UTC=2024-01-04T05:54:02.000000
1924594.974424 5054410.923858 4717782.773495
3466.197208 3825.467548 -5498.299249
UTC=2024-01-04T05:56:02.000000
2328401.369389 5469780.564641 4023074.205048
3253.091824 3089.045720 -6065.200235
UTC=2024-01-04T05:58:02.000000
2702796.351720 5794041.219099 3265898.881538
2976.511063 2309.129758 -6538.046208
UTC=2024-01-04T06:00:02.000000
3040368.781274 6022757.991287 2458004.639976
2640.088897 1498.884904 -6909.407833
UTC=2024-01-04T06:02:02.000000
3334215.252348 6153103.767356 1611935.567428
2248.642802 671.900522 -7173.462158
UTC=2024-01-04T06:04:02.000000
3578077.678429 6183895.527414 740833.192271
1808.096225 -158.050537 -7326.089140
UTC=2024-01-04T06:06:02.000000
3766470.588813 6115601.922760 -141772.592541
1325.385645 -977.254921 -7364.946115
UTC=2024-01-04T06:08:02.000000
3894795.903475 5950321.110127 -1022179.632216
808.342066 -1772.308277 -7289.507764
UTC=2024-01-04T06:10:02.000000
3959441.999662 5691729.457839 -1886732.032845
265.551419 -2530.349384 -7101.068861
UTC=2024-01-04T06:12:02.000000
3957865.223509 5345002.746586 -2722037.377114
-293.800420 -3239.285928 -6802.718286
UTC=2024-01-04T06:14:02.000000
3888651.686064 4916711.184676 -3515178.535583
-860.099301 -3888.002582 -6399.275025
UTC=2024-01-04T06:16:02.000000
3751557.984918 4414690.917938 -4253915.594992
-1423.480758 -4466.543025 -5897.187331
UTC=2024-01-04T06:18:02.000000
3547530.749370 3847895.840377 -4926874.048282
-1974.004570 -4966.256810 -5304.409109
UTC=2024-01-04T06:20:02.000000
3278705.083524 3226233.166500 -5523717.280550
-2501.832718 -5379.924505 -4630.258354
UTC=2024-01-04T06:22:02.000000
2948381.838642 2560385.717738 -6035300.396519
-2997.401967 -5701.851103 -3885.250432
UTC=2024-01-04T06:24:02.000000
2560984.737179 1861625.123080 -6453803.512293
-3451.587969 -5927.926192 -3080.923464
UTC=2024-01-04T06:26:02.000000
2121998.292477 1141619.405705 -6772843.323735
-3855.859233 -6055.655987 -2229.650553
UTC=2024-01-04T06:28:02.000000
1637888.312668 412238.662682 -6987562.112511
-4202.414556 -6084.164810 -1344.455257
UTC=2024-01-04T06:30:02.000000
1116006.220825 -314638.301059 -7094695.146894
-4484.317579 -6014.179961 -438.833004
UTC=2024-01-04T06:32:02.000000
564477.473418 -1027314.636397 -7092615.626238
-4695.622541 -5847.997981 473.446663
UTC=2024-01-04T06:34:02.000000
-7923.495084 -1714460.035442 -6981355.889872
-4831.474704 -5589.419081 1378.530749
UTC=2024-01-04T06:36:02.000000
-591909.878733 -2365286.738375 -6762606.869533
-4888.205042 -5243.673385 2262.658809
UTC=2024-01-04T06:38:02.000000
-1177830.143320 -2969716.436709 -6439695.669617
-4863.415793 -4817.338475 3112.355501
UTC=2024-01-04T06:40:02.000000
-1755824.401925 -3518535.369708 -6017539.615923
-4756.041015 -4318.225614 3914.622380
UTC=2024-01-04T06:42:02.000000
-2315987.261474 -4003535.076629 -5502578.330392
-4566.395494 -3755.257825 4657.116508
UTC=2024-01-04T06:44:02.000000
-2848535.813723 -4417637.990636 -4902683.950618
-4296.209887 -3138.335844 5328.337745
UTC=2024-01-04T06:46:02.000000
-3343980.283599 -4755005.342239 -4227048.519871
-3948.637301 -2478.176796 5917.817940
UTC=2024-01-04T06:48:02.000000
-3793293.606717 -5011124.615745 -3486049.707714
-3528.231164 -1786.137786 6416.292118
UTC=2024-01-04T06:50:02.000000
-4188077.118617 -5182875.273411 -2691096.710766
-3040.901837 -1074.028674 6815.859253
UTC=2024-01-04T06:52:02.000000
-4520719.286222 -5268571.044058 -1854457.586757
-2493.842938 -353.909560 7110.128516
UTC=2024-01-04T06:54:02.000000
-4784543.763271 -5267977.402232 -989070.381984
-1895.427580 362.119522 7294.342703
UTC=2024-01-04T06:56:02.000000
-4973943.285984 -5182303.506843 -108341.053141
-1255.076586 1062.132851 7365.474042
UTC=2024-01-04T06:58:02.000000
-5084496.267236 -5014168.456817 774068.357936
-583.102474 1734.592757 7322.290838
UTC=2024-01-04T07:00:02.000000
-5113063.209070 -4767541.970657 1644457.633513
109.471342 2368.561234 7165.390571
UTC=2024-01-04T07:02:02.000000
-5057860.145545 -4447660.335538 2489307.715394
811.109977 2953.897922 6897.190183
UTC=2024-01-04T07:04:02.000000
-4918507.665440 -4060919.899770 3295496.660189
1509.974252 3481.436481 6521.881111
UTC=2024-01-04T07:06:02.000000
-4696054.698376 -3614750.761110 4050508.324280
2194.133474 3943.137653 6045.353976
UTC=2024-01-04T07:08:02.000000
-4392976.437747 -3117473.378442 4742630.328075
2851.783922 4332.221353 5475.093047
UTC=2024-01-04T07:10:02.000000
-4013148.136811 -2578143.346925 5361134.496144
3471.461940 4643.270427 4820.043154
UTC=2024-01-04T07:12:02.000000
-3561782.382569 -2006371.869500 5896455.615171
4042.235118 4872.280045 4090.418921
UTC=2024-01-04T07:14:02.000000
-3045375.955948 -1412179.013531 6340308.254197
4553.878542 5016.704701 3297.591992
UTC=2024-01-04T07:16:02.000000
-2471590.434799 -805789.931608 6685841.313557
4997.085061 5075.498941 2453.880467
UTC=2024-01-04T07:18:02.000000
-1849144.637275 -197469.534176 6927725.891386
5363.604093 5049.083943 1572.345048
UTC=2024-01-04T07:20:02.000000
-1187676.921995 402653.877578 7062234.835567
5646.380264 4939.306409 666.589255
UTC=2024-01-04T07:22:02.000000
-497594.687882 984756.523737 7087296.536383
5839.671067 4749.385280 -249.430967
UTC=2024-01-04T07:24:02.000000
210089.800708 1539479.761562 7002525.129980
5939.153957 4483.839961 -1161.609805
UTC=2024-01-04T07:26:02.000000
923935.238907 2058080.776939 6809226.179599
5942.013725 4148.397615 -2055.897514
UTC=2024-01-04T07:28:02.000000
1632256.229328 2532570.834558 6510377.506751
5847.005701 3749.878724 -2918.505977
UTC=2024-01-04T07:30:02.000000
2323314.399928 2955839.079255 6110586.034023
5654.497239 3296.072967 -3736.104017
UTC=2024-01-04T07:32:02.000000
2985513.548459 3321760.958719 5616021.179606
5366.493108 2795.605397 -4496.014798
UTC=2024-01-04T07:34:02.000000
3607596.387111 3625289.572865 5034324.089957
4986.633014 2257.784833 -5186.420547
UTC=2024-01-04T07:36:02.000000
4178838.386155 3862527.671201 4374492.938781
4520.147412 1692.434989 -5796.548839
UTC=2024-01-04T07:38:02.000000
4689235.800834 4030779.635875 3646747.907817
3973.811467 1109.732203 -6316.836190
UTC=2024-01-04T07:40:02.000000
5129686.549630 4128582.998866 2862374.440145
3355.854914 520.018564 -6739.119618
UTC=2024-01-04T07:42:02.000000
5492156.556633 4155716.574376 2033546.829132
2675.827012 -66.390087 -7056.767703
UTC=2024-01-04T07:44:02.000000
5769829.756846 4113186.298400 1173137.037993
1944.450416 -639.389016 -7264.803058
UTC=2024-01-04T07:46:02.000000
5957238.212357 4003188.655622 294510.172511
1173.438839 -1189.271174 -7359.996924
UTC=2024-01-04T07:48:02.000000
6050368.795157 3829052.079161 -588689.197432
375.289091 -1706.906482 -7340.926111
UTC=2024-01-04T07:50:02.000000
6046743.987127 3595157.738229 -1462755.143897
-436.939927 -2183.905569 -7207.992006
UTC=2024-01-04T07:52:02.000000
5945475.376025 3306841.621181 -2314138.851682
-1249.861940 -2612.766416 -6963.406084
UTC=2024-01-04T07:54:02.000000
5747288.626373 2970280.518042 -3129663.177274
-2050.001199 -2986.996454 -6611.140720
UTC=2024-01-04T07:56:02.000000
5454520.159658 2592364.550542 -3896729.516401
-2824.026203 -3301.214256 -6156.850575
UTC=2024-01-04T07:58:02.000000
5071085.813299 2180558.910696 -4603513.734556
-3558.984836 -3551.228289 -5607.768573
UTC=2024-01-04T08:00:02.000000
4602421.347717 1742757.588988 -5239147.206874
-4242.531513 -3734.088632 -4972.560101
UTC=2024-01-04T08:02:02.000000
4055397.797034 1287133.133810 -5793879.264189
-4863.122424 -3848.103483 -4261.166347
UTC=2024-01-04T08:04:02.000000
3438214.047842 821985.716278 -6259220.582368
-5410.200061 -3892.835368 -3484.639905
UTC=2024-01-04T08:06:02.000000
2760268.181272 355593.873168 -6628065.827768
-5874.360852 -3869.075971 -2654.962971
UTC=2024-01-04T08:08:02.000000
2032010.499235 -103930.275182 -6894793.920595
-6247.492163 -3778.797848 -1784.860391
UTC=2024-01-04T08:10:02.000000
1264781.403565 -548779.137420 -7055346.281351
-6522.891044 -3625.092750 -887.619217
UTC=2024-01-04T08:12:02.000000
470635.334885 -971579.536024 -7107283.091274
-6695.376072 -3412.094160 23.102160
UTC=2024-01-04T08:14:02.000000
-337846.740202 -1365512.003839 -7049815.957163
-6761.363664 -3144.880388 933.468624
UTC=2024-01-04T08:16:02.000000
-1147752.827942 -1724418.119472 -6883818.389322
-6718.930444 -2829.373373 1829.647421
UTC=2024-01-04T08:18:02.000000
-1946042.308264 -2042895.303229 -6611814.142542
-6567.861449 -2472.228826 2698.000041
UTC=2024-01-04T08:20:02.000000
-2719752.293347 -2316377.456959 -6237942.318950
-6309.668076 -2080.710862 3525.272845
UTC=2024-01-04T08:22:02.000000
-3456204.954477 -2541200.349537 -5767900.507105
-5947.589909 -1662.565599 4298.774434
UTC=2024-01-04T08:24:02.000000
-4143214.532702 -2714651.687553 -5208866.211216
-5486.583980 -1225.889314 5006.563654
UTC=2024-01-04T08:26:02.000000
-4769290.863992 -2835004.526222 -4569395.188713
-4933.275052 -778.983456 5637.641165
UTC=2024-01-04T08:28:02.000000
-5323835.008760 -2901532.999113 -3859297.803251
-4295.877417 -330.206524 6182.124861
UTC=2024-01-04T08:30:02.000000
-5797324.093402 -2914510.179675 -3089494.722944
-3584.091087 112.176478 6631.419274
UTC=2024-01-04T08:32:02.000000
-6181481.613547 -2875187.672859 -2271852.960661
-2808.962675 540.146947 6978.371696
UTC=2024-01-04T08:34:02.000000
-6469429.077520 -2785757.089544 -1419004.546936
-1982.715677 946.081025 7217.404792
UTC=2024-01-04T08:36:02.000000
-6655815.783548 -2649293.989791 -544150.574617
-1118.554196 1322.893492 7344.627742
UTC=2024-01-04T08:38:02.000000
-6736923.287089 -2469685.098460 339146.274172
-230.440117 1664.171292 7357.915525
UTC=2024-01-04T08:40:02.000000
-6710742.119736 -2251540.287628 1217176.955365
667.147749 1964.293842 7256.959661
UTC=2024-01-04T08:42:02.000000
-6577018.215568 -2000091.096713 2076305.322305
1559.476421 2218.536058 7043.282177
UTC=2024-01-04T08:44:02.000000
-6337267.340535 -1721078.138347 2903186.363403
2431.824844 2423.150339 6720.205023
UTC=2024-01-04T08:46:02.000000
-5994758.319357 -1420629.968815 3684978.905669
3269.739558 2575.426779 6292.792803
UTC=2024-01-04T08:48:02.000000
-5554465.037729 -1105136.025743 4409549.964973
4059.300512 2673.731690 5767.764367
UTC=2024-01-04T08:50:02.000000
-5022987.442597 -781116.530755 5065665.343705
4787.363191 2717.518240 5153.356633
UTC=2024-01-04T08:52:02.000000
-4408445.778968 -455092.730638 5643163.241498
5441.767871 2707.312586 4459.181935
UTC=2024-01-04T08:54:02.000000
-3720350.185341 -133459.758609 6133110.227626
6011.542521 2644.683795 3696.072307
UTC=2024-01-04T08:56:02.000000
-2969446.879723 177635.612795 6527936.815720
6487.085284 2532.191330 2875.896277
UTC=2024-01-04T08:58:02.000000
-2167544.509274 472409.487061 6821550.332349
6860.313208 2373.309772 2011.366980
UTC=2024-01-04T09:00:02.000000
-1327324.238139 745545.621409 7009424.660634
7124.785902 2172.344297 1115.846725
UTC=2024-01-04T09:02:02.000000
-462136.647762 992289.516634 7088665.898425
7275.800193 1934.334619 203.143486
UTC=2024-01-04T09:04:02.000000
414211.205243 1208530.075699 7058053.902779
7310.461555 1664.945602 -712.688000
UTC=2024-01-04T09:06:02.000000
1287676.080958 1390867.752127 6918059.874125
7227.734721 1370.351648 -1617.547425
UTC=2024-01-04T09:08:02.000000
2144203.437244 1536668.288869 6670839.542800
7028.468208 1057.111603 -2497.493227
UTC=2024-01-04T09:10:02.000000
2969953.643827 1644101.069696 6320202.173820
6715.393948 732.038946 -3338.940833
UTC=2024-01-04T09:12:02.000000
3751527.051242 1712161.760971 5871555.645425
6293.106378 402.068890 -4128.866397
UTC=2024-01-04T09:14:02.000000
4476184.117313 1740678.760867 5331826.866930
5767.999751 74.122931 -4855.007626
UTC=2024-01-04T09:16:02.000000
5132056.587771 1730303.672111 4709359.502455
5148.187388 -245.022159 -5506.044443
UTC=2024-01-04T09:18:02.000000
5708348.223478 1682485.957709 4013789.580716
4443.402025 -548.867963 -6071.791243
UTC=2024-01-04T09:20:02.000000
6195520.143144 1599431.676404 3255897.757236
3664.836327 -831.323749 -6543.382720
UTC=2024-01-04T09:22:02.000000
6585455.252970 1484047.095565 2447442.303820
2824.964731 -1086.829967 -6913.413212
UTC=2024-01-04T09:24:02.000000
6871600.652882 1339868.217360 1600975.623766
1937.345671 -1310.467595 -7176.074911
UTC=2024-01-04T09:26:02.000000
7049083.692728 1170977.929163 729645.511536
1016.383742 -1498.056188 -7327.266199
UTC=2024-01-04T09:28:02.000000
7114798.754250 981912.297569 -153014.032380
77.082793 -1646.235300 -7364.662857
UTC=2024-01-04T09:30:02.000000
7067463.233106 777558.090449 -1033299.357913
-865.224718 -1752.529650 -7287.764979
UTC=2024-01-04T09:32:02.000000
6907640.204452 563043.657271 -1897556.325477
-1795.154838 -1815.394004 -7097.894430
UTC=2024-01-04T09:34:02.000000
6637728.503143 343625.693158 -2732397.307807
-2697.540351 -1834.236027 -6798.163742
UTC=2024-01-04T09:36:02.000000
6261920.686829 124574.789684 -3524912.623589
-3557.696278 -1809.414723 -6393.412668
UTC=2024-01-04T09:38:02.000000
5786129.862055 -88937.729332 -4262872.402027
-4361.673127 -1742.220355 -5890.113208
UTC=2024-01-04T09:40:02.000000
5217886.995620 -291949.240634 -4934915.071599
-5096.492606 -1634.832247 -5296.240794
UTC=2024-01-04T09:42:02.000000
4566212.032807 -479809.017686 -5530718.813099
-5750.347177 -1490.258103 -4621.123901
UTC=2024-01-04T09:44:02.000000
3841462.741782 -648273.397115 -6041154.677441
-6312.775288 -1312.261703 -3875.288010
UTC=2024-01-04T09:46:02.000000
3055163.547968 -793591.553787 -6458420.017024
-6774.818144 -1105.277363 -3070.281912
UTC=2024-01-04T09:48:02.000000
2219817.418529 -912579.920550 -6776149.976651
-7129.142470 -874.307388 -2218.488516
UTC=2024-01-04T09:50:02.000000
1348705.197385 -1002684.071707 -6989506.473934
-7370.130547 -624.817835 -1332.941047
UTC=2024-01-04T09:52:02.000000
455675.108358 -1062027.853759 -7095245.277203
-7493.954544 -362.627259 -427.138814
UTC=2024-01-04T09:54:02.000000
-445075.215685 -1089448.455866 -7091760.366009
-7498.623582 -93.786624 485.145882
UTC=2024-01-04T09:56:02.000000
-1339220.583430 -1084517.332560 -6979105.543921
-7384.005758 175.537092 1390.052109
UTC=2024-01-04T09:58:02.000000
-2212532.021221 -1047546.815605 -6758993.715151
-7151.834968 439.183558 2273.822029
UTC=2024-01-04T10:00:02.000000
-3051099.339827 -979582.002030 -6434772.825781
-6805.683156 691.120115 3122.993165
UTC=2024-01-04T10:02:02.000000
-3841549.111024 -882378.396981 -6011379.926625
-6350.918074 925.558545 3924.572090
UTC=2024-01-04T10:04:02.000000
-4571257.372562 -758365.591719 -5495273.685129
-5794.650287 1137.071806 4666.225375
UTC=2024-01-04T10:06:02.000000
-5228553.306863 -610597.096350 -4894343.566471
-5145.636782 1320.705996 5336.469664
UTC=2024-01-04T10:08:02.000000
-5802910.010016 -442687.339361 -4217797.214597
-4414.165136 1472.083091 5924.847953
UTC=2024-01-04T10:10:02.000000
-6285120.089416 -258736.595590 -3476026.656235
-3611.912586 1587.499565 6422.106993
UTC=2024-01-04T10:12:02.000000
-6667451.925152 -63244.745064 -2680453.744069
-2751.766275 1664.011281 6820.361259
UTC=2024-01-04T10:14:02.000000
-6943783.101359 138984.196341 -1843357.353700
-1847.623855 1699.504777 7113.235235
UTC=2024-01-04T10:16:02.000000
-7109708.359745 342945.366080 -977684.299378
-914.166687 1692.753202 7295.992361
UTC=2024-01-04T10:18:02.000000
-7162618.359654 543541.671283 -96846.062141
33.400736 1643.450582 7365.637307
UTC=2024-01-04T10:20:02.000000
-7101746.098929 735695.423359 785493.583592
979.620552 1552.226984 7320.966433
UTC=2024-01-04T10:22:02.000000
-6928181.595010 914460.488606 1655635.536621
1909.045752 1420.642087 7162.597803
UTC=2024-01-04T10:24:02.000000
-6644854.030350 1075132.412464 2500064.307709
2806.516940 1251.157949 6892.969891
UTC=2024-01-04T10:26:02.000000
-6256480.711662 1213354.027370 3305664.350110
3657.436119 1047.090834 6516.299803
UTC=2024-01-04T10:28:02.000000
-5769483.931445 1325214.036975 4059929.081981
4448.026256 812.542777 6038.503265
UTC=2024-01-04T10:30:02.000000
-5191878.171620 1407336.385869 4751158.219158
5165.564580 552.317075 5467.082322
UTC=2024-01-04T10:32:02.000000
-4533130.880619 1456958.560630 5368640.237058
5798.589705 271.818433 4810.989633
UTC=2024-01-04T10:34:02.000000
-3804000.228268 1471997.257000 5902817.347096
6337.078402 -23.056642 4080.475102
UTC=2024-01-04T10:36:02.000000
-3016353.086375 1451100.346684 6345431.362113
6772.599152 -326.038852 3286.919720
UTC=2024-01-04T10:38:02.000000
-2182966.009601 1393684.205960 6689648.478501
7098.441009 -630.610396 2442.649062
UTC=2024-01-04T10:40:02.000000
-1317312.868972 1299955.679260 6930160.492042
7309.704458 -930.136727 1560.730270
UTC=2024-01-04T10:42:02.000000
-433344.046630 1170918.231992 7063261.689320
7403.353499 -1217.996920 654.771745
UTC=2024-01-04T10:44:02.000000
454739.161796 1008362.501306 7086902.115420
7378.245881 -1487.714109 -261.271795
UTC=2024-01-04T10:46:02.000000
1332712.593879 814841.319387 7000717.149072
7235.141933 -1733.082730 -1173.299936
UTC=2024-01-04T10:48:02.000000
2186556.702864 593629.666981 6806032.857545
6976.686410 -1948.293058 -2067.268394
UTC=2024-01-04T10:50:02.000000
3002680.418331 348669.929188 6505847.296289
6607.367649 -2128.050872 -2929.388247
UTC=2024-01-04T10:52:02.000000
3768138.897264 84503.143397 6104787.621127
6133.454018 -2267.691075 -3746.331543
UTC=2024-01-04T10:54:02.000000
4470841.537211 -193812.864355 5609042.561868
5562.896405 -2363.282290 -4505.432551
UTC=2024-01-04T10:56:02.000000
5099746.925815 -480797.239958 5026271.277929
4905.208555 -2411.719679 -5194.881840
UTC=2024-01-04T10:58:02.000000
5645041.963921 -770650.173146 4365489.149635
4171.321750 -2410.804067 -5803.916026
UTC=2024-01-04T11:00:02.000000
6098301.911170 -1057365.521560 3636931.475086
3373.413820 -2359.304981 -6322.995791
UTC=2024-01-04T11:02:02.000000
6452628.266142 -1334849.976063 2851896.249226
2524.708020 -2257.005686 -6743.974813
UTC=2024-01-04T11:04:02.000000
6702760.884787 -1597046.224715 2022568.152508
1639.247795 -2104.724569 -7060.243213
UTC=2024-01-04T11:06:02.000000
6845161.969966 -1838057.457047 1161826.924969
731.654328 -1904.317210 -7266.843698
UTC=2024-01-04T11:08:02.000000
6878070.345252 -2052271.035125 283043.265423
-183.126973 -1658.659308 -7360.564818
UTC=2024-01-04T11:10:02.000000
6801524.160262 -2234478.351432 -600134.911528
-1090.098760 -1371.598176 -7340.003890
UTC=2024-01-04T11:12:02.000000
6617350.935477 -2379987.423333 -1474000.924098
-1974.479376 -1047.885037 -7205.585075
UTC=2024-01-04T11:14:02.000000
6329125.780091 -2484726.498065 -2325008.211509
-2821.967663 -693.089047 -6959.547164
UTC=2024-01-04T11:16:02.000000
5942098.502989 -2545335.850766 -3139985.250792
-3618.992835 -313.489163 -6605.890476
UTC=2024-01-04T11:18:02.000000
5463092.132878 -2559245.903521 -3906342.193214
-4352.940847 84.045148 -6150.292958
UTC=2024-01-04T11:20:02.000000
4900375.811961 -2524740.441969 -4612265.920152
-5012.355879 492.182997 -5600.002487
UTC=2024-01-04T11:22:02.000000
4263514.651885 -2441003.762473 -5246900.750068
-5587.122515 903.270489 -4963.703552
UTC=2024-01-04T11:24:02.000000
3563199.525528 -2308150.780278 -5800511.306326
-6068.614454 1309.475462 -4251.354677
UTC=2024-01-04T11:26:02.000000
2811061.703652 -2127239.768938 -6264625.057740
-6449.799204 1702.931035 -3474.016717
UTC=2024-01-04T11:28:02.000000
2019476.624049 -1900268.061238 -6632154.581799
-6725.319568 2075.876859 -2643.685294
UTC=2024-01-04T11:30:02.000000
1201358.596419 -1630150.635584 -6897498.773555
-6891.559055 2420.802604 -1773.103310
UTC=2024-01-04T11:32:02.000000
369950.118369 -1320682.065928 -7056620.689415
-6946.666056 2730.579744 -875.566406
UTC=2024-01-04T11:34:02.000000
-461390.267106 -976483.042564 -7107102.736757
-6890.556503 2998.589211 35.263751
UTC=2024-01-04T11:36:02.000000
-1279399.015192 -602931.926299 -7048179.340137
-6724.893518 3218.842010 945.545528
UTC=2024-01-04T11:38:02.000000
-2071115.374396 -206082.001812 -6880747.261660
-6453.052064 3386.097187 1841.447820
UTC=2024-01-04T11:40:02.000000
-2824083.119017 207434.642354 -6607352.723253
-6080.053027 3495.965080 2709.341236
UTC=2024-01-04T11:42:02.000000
-3526543.272413 630515.004196 -6232156.436168
-5612.482669 3545.002110 3535.976740
UTC=2024-01-04T11:44:02.000000
-4167616.767856 1055703.910949 -5760876.893281
-5058.402620 3530.794860 4308.672850
UTC=2024-01-04T11:46:02.000000
-4737474.546955 1475321.889451 -5200710.836946
-4427.229677 3452.029530 5015.503074
UTC=2024-01-04T11:48:02.000000
-5227492.222292 1881600.975999 -4560231.798798
-3729.600016 3308.553482 5645.479855
UTC=2024-01-04T11:50:02.000000
-5630386.592100 2266826.300717 -3849266.056694
-2977.200404 3101.407070 6188.739926
UTC=2024-01-04T11:52:02.000000
-5940330.789557 2623480.011985 -3078747.877045
-2182.584847 2832.834084 6636.706658
UTC=2024-01-04T11:54:02.000000
-6153046.521593 2944385.394424 -2260555.708629
-1358.973310 2506.272760 6982.244821
UTC=2024-01-04T11:56:02.000000
-6265870.818740 3222848.413265 -1407330.829561
-520.029477 2126.321650 7219.796737
UTC=2024-01-04T11:58:02.000000
-6277795.140620 3452793.542317 -532281.074766
320.376871 1698.678164 7345.493318
UTC=2024-01-04T12:00:02.000000
-6189475.556056 3628890.582471 351026.989458
1148.413204 1230.049962 7357.236440
UTC=2024-01-04T12:02:02.000000
-6003213.164114 3746669.301741 1228883.981371
1950.537504 728.041559 7254.748195
UTC=2024-01-04T12:04:02.000000
-5722904.324479 3802619.272992 2087656.830659
2713.743394 201.021427 7039.576818
UTC=2024-01-04T12:06:02.000000
-5353962.446231 3794272.601841 2914006.599923
3425.789346 -342.029718 6715.068418
UTC=2024-01-04T12:08:02.000000
-4903213.527288 3720267.714342 3695101.054784
4075.408192 -891.682404 6286.310170
UTC=2024-01-04T12:10:02.000000
-4378767.269120 3580392.704851 4418818.386455
4652.501700 -1438.235053 5760.036159
UTC=2024-01-04T12:12:02.000000
-3789866.944681 3375607.239363 5073937.440608
5148.298453 -1971.891908 5144.501181
UTC=2024-01-04T12:14:02.000000
-3146722.042948 3108043.454142 5650312.047668
5555.487478 -2482.937296 4449.341185
UTC=2024-01-04T12:16:02.000000
-2460326.232407 2780985.592505 6139026.919721
5868.324055 -2961.914387 3685.405585
UTC=2024-01-04T12:18:02.000000
-1742264.937782 2398828.637733 6532532.550123
6082.700169 -3399.795460 2864.576805
UTC=2024-01-04T12:20:02.000000
-1004516.086617 1967016.989435 6824757.451844
6196.184743 -3788.143402 1999.572044
UTC=2024-01-04T12:22:02.000000
-259248.628395 1491964.738075 7011196.608030
6208.024434 -4119.257728 1103.751427
UTC=2024-01-04T12:24:02.000000
481378.433474 980958.811459 7088977.179966
6119.135024 -4386.313548 190.923572
UTC=2024-01-04T12:26:02.000000
1205414.431947 442046.331724 7056900.036263
5932.064489 -4583.485373 -724.858471
UTC=2024-01-04T12:28:02.000000
1901309.484957 -116092.124449 6915457.122470
5650.933196 -4706.058909 -1629.496256
UTC=2024-01-04T12:30:02.000000
2558098.671934 -684282.066063 6666824.897511
5281.355345 -4750.532083 -2509.046999
UTC=2024-01-04T12:32:02.000000
3165575.616749 -1253005.623176 6314833.404629
4830.341484 -4714.695698 -3349.927373
UTC=2024-01-04T12:34:02.000000
3714453.265234 -1812560.755019 5864911.002905
4306.181438 -4597.699114 -4139.116502
UTC=2024-01-04T12:36:02.000000
4196509.052565 -2353227.092187 5324004.617855
3718.301372 -4400.092051 -4864.357989
UTC=2024-01-04T12:38:02.000000
4604711.933983 -2865435.363990 4700476.720459
3077.106789 -4123.845492 -5514.346599
UTC=2024-01-04T12:40:02.000000
4933329.787922 -3339938.277912 4003980.029163
2393.810454 -3772.352104 -6078.914209
UTC=2024-01-04T12:42:02.000000
5178014.972990 -3767979.497138 3245310.284697
1680.240972 -3350.393780 -6549.206677
UTC=2024-01-04T12:44:02.000000
5335865.841349 -4141456.873649 2436238.878368
948.633158 -2864.079068 -6917.841251
UTC=2024-01-04T12:46:02.000000
5405462.270290 -4453076.603899 1589328.303137
211.407698 -2320.755176 -7179.034907
UTC=2024-01-04T12:48:02.000000
5386874.777902 -4696495.232776 717733.658819
-519.049089 -1728.892092 -7328.708969
UTC=2024-01-04T12:50:02.000000
5281647.046486 -4866446.119327 -165006.602742
-1230.607833 -1097.941546 -7364.562738
UTC=2024-01-04T12:52:02.000000
5092751.915877 -4958847.544764 -1045186.942596
-1911.614028 -438.170647 -7286.116211
UTC=2024-01-04T12:54:02.000000
4824521.782907 -4970889.594511 -1909153.913078
-2551.096832 239.522783 -7094.715070
UTC=2024-01-04T12:56:02.000000
4482554.858048 -4901098.116765 -2743523.590053
-3138.960031 923.807577 -6793.497400
UTC=2024-01-04T12:58:02.000000
4073599.823971 -4749374.500827 -3535393.032341
-3666.151678 1603.123589 -6387.327747
UTC=2024-01-04T13:00:02.000000
3605421.667165 -4517010.717879 -4272541.909078
-4124.806616 2265.889181 -5882.699946
UTC=2024-01-04T13:02:02.000000
3086652.026213 -4206679.543771 -4943620.862836
-4508.363367 2900.706450 -5287.613428
UTC=2024-01-04T13:04:02.000000
2526627.109543 -3822400.495650 -5538323.309756
-4811.651966 3496.559430 -4611.420839
UTC=2024-01-04T13:06:02.000000
1935217.413607 -3369482.978447 -6047537.812352
-5030.943149 4042.994319 -3864.661098
UTC=2024-01-04T13:08:02.000000
1322653.067031 -2854448.771199 -6463480.551819
-5163.975873 4530.286286 -3058.894026
UTC=2024-01-04T13:10:02.000000
699346.860773 -2284934.661315 -6779807.271118
-5209.965722 4949.603219 -2206.520783
UTC=2024-01-04T13:12:02.000000
75718.112734 -1669576.302454 -6991702.587285
-5169.582065 5293.151356 -1320.588921
UTC=2024-01-04T13:14:02.000000
-537979.128786 -1017876.104492 -7095946.043783
-5044.900628 5554.297596 -414.601948
UTC=2024-01-04T13:16:02.000000
-1131821.277341 -340057.387823 -7090955.740027
-4839.342736 5727.676716 497.665209
UTC=2024-01-04T13:18:02.000000
-1696372.518936 353093.579733 -6976809.584399
-4557.602479 5809.285683 1402.356107
UTC=2024-01-04T13:20:02.000000
-2222832.015088 1050395.809079 -6755243.726613
-4205.551451 5796.560685 2285.720426
UTC=2024-01-04T13:22:02.000000
-2703168.809444 1740450.213099 -6429628.758663
-3790.130908 5688.438970 3134.298568
UTC=2024-01-04T13:24:02.000000
-3130243.395463 2411822.475172 -6004923.823034
-3319.236957 5485.402688 3935.104948
UTC=2024-01-04T13:26:02.000000
-3497914.720985 3053230.395776 -5487608.555006
-2801.592014 5189.507541 4675.815180
UTC=2024-01-04T13:28:02.000000
-3801131.056991 3653733.111286 -4885592.303696
-2246.604091 4804.384860 5344.957015
UTC=2024-01-04T13:30:02.000000
-4036002.851207 4202918.894296 -4208100.567116
-1664.206584 4335.215418 5932.096918
UTC=2024-01-04T13:32:02.000000
-4199855.407623 4691088.042257 -3465539.891191
-1064.684307 3788.674012 6428.011120
UTC=2024-01-04T13:34:02.000000
-4291260.600200 5109427.522732 -2669343.287822
-458.499836 3172.847653 6824.841036
UTC=2024-01-04T13:36:02.000000
-4310047.583944 5450174.036880 -1831797.581547
143.885400 2497.124321 7116.237024
UTC=2024-01-04T13:38:02.000000
-4257291.586194 5706762.312626 -965854.729822
732.196311 1772.058077 7297.483095
UTC=2024-01-04T13:40:02.000000
-4135280.060520 5873954.985374 -84929.214961
1296.535726 1009.193598 7365.599303
UTC=2024-01-04T13:42:02.000000
-3947456.578758 5947949.588189 797313.969582
1827.560312 220.868847 7319.398455
UTC=2024-01-04T13:44:02.000000
-3698344.098963 5926461.470470 1667177.036460
2316.651697 -579.995219 7159.524335
UTC=2024-01-04T13:46:02.000000
-3393448.166921 5808779.703711 2511149.311024
2756.077440 -1380.131823 6888.446950
UTC=2024-01-04T13:48:02.000000
-3039142.013912 5595793.782593 3316123.640340
3139.128299 -2166.174153 6510.409349
UTC=2024-01-04T13:50:02.000000
-2642537.256003 5289991.483034 4069604.354411
3460.222689 -2924.889437 6031.344784
UTC=2024-01-04T13:52:02.000000
-2211343.344028 4895428.819720 4759904.120858
3714.989948 -3643.411903 5458.772081
UTC=2024-01-04T13:54:02.000000
-1753718.647996 4417672.392406 5376326.488625
3900.326310 -4309.467230 4801.663581
UTC=2024-01-04T13:56:02.000000
-1278116.141301 3863715.478891 5909331.196497
4014.428244 -4911.585993 4070.287902
UTC=2024-01-04T13:58:02.000000
-793127.085394 3241869.667688 6350679.196785
4056.792546 -5439.296114 3276.033673
UTC=2024-01-04T14:00:02.000000
-307326.076607 2561634.646029 6693556.036459
4028.194367 -5883.294120 2431.223317
UTC=2024-01-04T14:02:02.000000
170879.895163 1833549.083080 6932672.522171
3930.643856 -6235.590657 1548.924481
UTC=2024-01-04T14:04:02.000000
633396.362678 1069024.588304 7064342.514442
3767.327718 -6489.646575 642.752053
UTC=2024-01-04T14:06:02.000000
1072577.851836 280165.128092 7086536.149229
3542.527596 -6640.476652 -273.337020
UTC=2024-01-04T14:08:02.000000
1481353.715757 -520424.667197 6998909.240272
3261.525581 -6684.735582 -1185.237681
UTC=2024-01-04T14:10:02.000000
1853341.897500 -1319840.898789 6802808.919664
2930.496990 -6620.790056 -2078.901590
UTC=2024-01-04T14:12:02.000000
2182949.017594 -2105088.494926 6501254.482231
2556.390513 -6448.759300 -2940.540443
UTC=2024-01-04T14:14:02.000000
2465455.553937 -2863293.139020 6098894.117154
2146.799197 -6170.537850 -3756.828904
UTC=2024-01-04T14:16:02.000000
2697084.797047 -3581914.108674 5601937.056220
1709.818917 -5789.787391 -4515.108385
UTC=2024-01-04T14:18:02.000000
2875054.215339 -4248954.369303 5018061.747925
1253.898462 -5311.899176 -5203.581631
UTC=2024-01-04T14:20:02.000000
2997608.825491 -4853164.708753 4356301.351631
787.689382 -4743.933451 -5811.499049
UTC=2024-01-04T14:22:02.000000
3064036.077456 -5384238.695526 3626906.771310
319.886611 -4094.523681 -6329.342958
UTC=2024-01-04T14:24:02.000000
3074661.283270 -5832994.171667 2841189.069853
-140.933801 -3373.751490 -6748.987718
UTC=2024-01-04T14:26:02.000000
3030823.647666 -6191537.913856 2011343.337666
-586.476830 -2592.987476 -7063.847340
UTC=2024-01-04T14:28:02.000000
2934833.058039 -6453409.023846 1150256.751994
-1008.883699 -1764.699878 -7268.988975
UTC=2024-01-04T14:30:02.000000
2789909.247073 -6613698.494577 271304.879552
-1400.872206 -902.250032 -7361.218559
UTC=2024-01-04T14:32:02.000000
2600104.336257 -6669143.105162 -611861.260595
-1755.873479 -19.665499 -7339.148559
UTC=2024-01-04T14:34:02.000000
2370209.627155 -6618189.984922 -1485534.264717
-2068.155831 868.619847 -7203.226187
UTC=2024-01-04T14:36:02.000000
2105648.809823 -6461029.774647 -2336169.386442
-2332.925139 1748.022527 -6955.709350
UTC=2024-01-04T14:38:02.000000
1812360.638158 -6199599.440771 -3150599.693177
-2546.404233 2604.066677 -6600.627803
UTC=2024-01-04T14:40:02.000000
1496673.069633 -5837552.868932 -3916243.699483
-2705.887911 3422.653729 -6143.689720
UTC=2024-01-04T14:42:02.000000
1165173.366310 -5380201.511824 -4621299.982903
-2809.762647 4190.294482 -5592.168247
UTC=2024-01-04T14:44:02.000000
824576.429501 -4834427.719004 -5254927.118234
-2857.513598 4894.331566 -4954.765371
UTC=2024-01-04T14:46:02.000000
481593.804992 -4208572.708167 -5807406.022571
-2849.706855 5523.140003 -4241.458162
UTC=2024-01-04T14:48:02.000000
142806.039430 -3512301.522342 -6270282.959814
-2787.951643 6066.309052 -3463.328873
UTC=2024-01-04T14:50:02.000000
-185459.226783 -2756447.821176 -6636491.347229
-2674.842859 6514.796065 -2632.384174
UTC=2024-01-04T14:52:02.000000
-497241.309900 -1952841.662040 -6900451.666638
-2513.888199 6861.056722 -1761.370521
UTC=2024-01-04T14:54:02.000000
-787050.922827 -1114123.151301 -7058149.016154
-2309.421045 7099.150343 -863.587711
UTC=2024-01-04T14:56:02.000000
-1049963.500568 -253544.602021 -7107188.334983
-2066.503199 7224.826889 47.299063
UTC=2024-01-04T14:58:02.000000
-1281700.382033 615236.212661 -7046826.568513
-1790.819649 7235.585955 957.452816
UTC=2024-01-04T15:00:02.000000
-1478696.846407 1478368.495990 -6877982.300528
-1488.564786 7130.717218 1853.047414
UTC=2024-01-04T15:02:02.000000
-1638156.057796 2322024.843707 -6603223.138854
-1166.322050 6911.321624 2720.455675
UTC=2024-01-04T15:04:02.000000
-1758088.497107 3132618.851707 -6226731.083119
-830.942924 6580.315167 3546.429685
UTC=2024-01-04T15:06:02.000000
-1837336.547198 3897022.164104 -5754245.349387
-489.418840 6142.409133 4318.295468
UTC=2024-01-04T15:08:02.000000
-1875583.451059 4602777.170039 -5192982.414532
-148.751593 5604.062325 5024.136791
UTC=2024-01-04T15:10:02.000000
-1873346.851622 5238302.788292 -4551533.772509
184.176022 4973.409530 5652.984509
UTC=2024-01-04T15:12:02.000000
-1831956.549527 5793089.364458 -3839741.234406
502.732812 4260.152151 6194.997821
UTC=2024-01-04T15:14:02.000000
-1753516.479232 6257878.625122 -3068551.577378
800.668777 3475.420238 6641.627127
UTC=2024-01-04T15:16:02.000000
-1640851.638785 6624825.755213 -2249852.547456
1072.235443 2631.612667 6985.763787
UTC=2024-01-04T15:18:02.000000
-1497441.026669 6887640.417858 -1396291.369104
1312.299745 1742.202237 7221.878983
UTC=2024-01-04T15:20:02.000000
-1327337.491888 7041702.304387 -521078.698755
1516.446237 821.512833 7346.125562
UTC=2024-01-04T15:22:02.000000
-1135076.166544 7084149.519134 362218.304333
1681.066193 -115.514143 7356.421680
UTC=2024-01-04T15:24:02.000000
-925573.120488 7013937.043442 1239891.729753
1803.429347 -1053.585731 7252.509810
UTC=2024-01-04T15:26:02.000000
-704016.722010 6831861.715529 2098312.993441
1881.734588 -1977.345189 7035.966176
UTC=2024-01-04T15:28:02.000000
-475754.138041 6540553.116424 2924150.819222
1915.139085 -2871.647347 6710.160648
UTC=2024-01-04T15:30:02.000000
-246175.790269 6144432.581858 3704582.901484
1903.764023 -3721.817621 6280.193470
UTC=2024-01-04T15:32:02.000000
-20600.391761 5649641.832511 4427498.502773
1848.679249 -4513.896964 5752.809678
UTC=2024-01-04T15:34:02.000000
195837.236726 5063941.946421 5081690.171989
1751.873635 -5234.900791 5136.294320
UTC=2024-01-04T15:36:02.000000
398293.583739 4396581.996990 5657027.987932
1616.202133 -5873.040796 4440.290883
UTC=2024-01-04T15:38:02.000000
582316.114979 3658145.963566 6144613.145993
1445.313359 -6417.887155 3675.650926
UTC=2024-01-04T15:40:02.000000
743933.502254 2860378.849843 6536913.028529
1243.562714 -6860.544765 2854.259431
UTC=2024-01-04T15:42:02.000000
879734.565836 2015994.389248 6827873.465534
1015.913807 -7193.782435 1988.840976
UTC=2024-01-04T15:44:02.000000
986934.985777 1138468.707531 7013007.989908
767.832023 -7412.140647 1092.765288
UTC=2024-01-04T15:46:02.000000
1063430.656366 241822.953608 7089462.920835
505.169255 -7512.003911 179.842661
UTC=2024-01-04T15:48:02.000000
1107836.896993 -659600.918465 7056058.684396
234.043422 -7491.649015 -735.867131
UTC=2024-01-04T15:50:02.000000
1119512.893221 -1551369.709054 6913307.725347
-39.286613 -7351.280863 -1640.259250
UTC=2024-01-04T15:52:02.000000
1098571.004876 -2419190.507336 6663407.428558
-308.547984 -7093.030925 -2519.389431
UTC=2024-01-04T15:54:02.000000
1045870.831336 -3249140.870118 6310208.625077
-567.581219 -6720.936084 -3359.680000
UTC=2024-01-04T15:56:02.000000
962997.847999 -4027894.284838 5859158.883492
-810.467916 -6240.877879 -4148.129697
UTC=2024-01-04T15:58:02.000000
852227.496433 -4742936.325716 5317221.836340
-1031.646231 -5660.494008 -4872.502492
UTC=2024-01-04T16:00:02.000000
716475.507342 -5382769.467206 4692774.406528
-1226.025112 -4989.076867 -5521.510278
UTC=2024-01-04T16:02:02.000000
559234.769370 -5937104.417870 3995481.765038
-1389.094261 -4237.446084 -6085.002080
UTC=2024-01-04T16:04:02.000000
384499.492863 -6397033.434802 3236149.987395
-1517.023854 -3417.776701 -6554.140982
UTC=2024-01-04T16:06:02.000000
196678.260199 -6755181.267550 2426558.911696
-1606.751075 -2543.399311 -6921.558624
UTC=2024-01-04T16:08:02.000000
497.555429 -7005830.471310 1579277.969450
-1656.049962 -1628.575510 -7181.481821
UTC=2024-01-04T16:10:02.000000
-199101.880403 -7145019.321656 707468.227836
-1663.583560 -688.264127 -7329.841162
UTC=2024-01-04T16:12:02.000000
-397074.147718 -7170609.538229 -175327.758755
-1628.939539 262.150630 -7364.357776
UTC=2024-01-04T16:14:02.000000
-588379.832905 -7082320.259315 -1055403.364393
-1552.637836 1207.142765 -7284.578438
UTC=2024-01-04T16:16:02.000000
-768097.321210 -6881728.354590 -1919107.097724
-1436.118212 2131.321205 -7091.871705
UTC=2024-01-04T16:18:02.000000
-931531.542516 -6572236.251622 -2753059.450726
-1281.710161 3019.694721 -6789.394660
UTC=2024-01-04T16:20:02.000000
-1074318.002455 -6159008.270778 -3544364.191609
-1092.584005 3857.932342 -6382.031564
UTC=2024-01-04T16:22:02.000000
-1192519.766839 -5648876.379747 -4280810.165158
-872.682335 4632.610473 -5876.296970
UTC=2024-01-04T16:24:02.000000
-1282715.116083 -5050217.748756 -4951059.356309
-626.634197 5331.432708 -5280.204846
UTC=2024-01-04T16:26:02.000000
-1342074.215426 -4372808.082234 -5544818.065900
-359.658165 5943.415359 -4603.120963
UTC=2024-01-04T16:28:02.000000
-1368423.472238 -3627654.241986 -6052989.631220
-77.454262 6459.047119 -3855.602183
UTC=2024-01-04T16:30:02.000000
-1360296.437451 -2826809.361849 -6467807.066277
213.911482 6870.421334 -3049.223031
UTC=2024-01-04T16:32:02.000000
-1316970.557661 -1983173.746758 -6782944.127086
508.127064 7171.339277 -2196.389568
UTC=2024-01-04T16:34:02.000000
-1238489.404292 -1110285.478822 -6993603.762542
798.756006 7357.379592 -1310.151367
UTC=2024-01-04T16:36:02.000000
-1125670.280333 -222104.084004 -7096584.158192
1079.360081 7425.945561 -404.014496
UTC=2024-01-04T16:38:02.000000
-980096.864617 667209.911641 -7090322.071384
1343.625338 7376.284503 508.248652
UTC=2024-01-04T16:40:02.000000
-804096.994743 1543516.320410 -6974913.788497
1585.482750 7209.487258 1412.782828
UTC=2024-01-04T16:42:02.000000
-600706.278668 2392915.548429 -6752113.738759
1799.224289 6928.467097 2295.837863
UTC=2024-01-04T16:44:02.000000
-373617.839092 3201965.133205 -6425311.050401
1979.618649 6537.922475 3143.950125
UTC=2024-01-04T16:46:02.000000
-127118.322791 3957890.777443 -5999483.655061
2122.023069 6044.278094 3944.136158
UTC=2024-01-04T16:48:02.000000
133988.940386 4648788.153485 -5481129.096960
2222.484657 5455.591758 4684.082483
UTC=2024-01-04T16:50:02.000000
404472.229571 5263812.637250 -4878173.304335
2277.830933 4781.447919 5352.327339
UTC=2024-01-04T16:52:02.000000
678770.085667 5793354.754331 -4199857.179368
2285.751286 4032.822504 5938.446611
UTC=2024-01-04T16:54:02.000000
951098.897268 6229197.406406 -3456601.460817
2244.863290 3221.915979 6433.228035
UTC=2024-01-04T16:56:02.000000
1215567.381943 6564651.715779 -2659851.661071
2154.761668 2361.965202 6828.829894
UTC=2024-01-04T16:58:02.000000
1466295.897976 6794668.948458 -1821904.662593
2016.049073 1467.031445 7118.927182
UTC=2024-01-04T17:00:02.000000
1697538.185022 6915925.461052 -955719.014351
1830.345727 551.763706 7298.835636
UTC=2024-01-04T17:02:02.000000
1903802.916461 6926877.978545 -74711.986885
1600.275706 -368.858374 7365.607167
UTC=2024-01-04T17:04:02.000000
2079972.006992 6827787.315449 807452.656932
1329.427275 -1279.790468 7318.088249
UTC=2024-01-04T17:06:02.000000
2221412.969811 6620710.295800 1677081.765475
1022.294191 -2166.187288 7156.944230
UTC=2024-01-04T17:08:02.000000
2324083.082265 6309460.086845 2520670.978141
684.197228 -3013.664884 6884.651981
UTC=2024-01-04T17:10:02.000000
2384622.959645 5899535.652617 3325119.916151
321.187300 -3808.551082 6505.458565
UTC=2024-01-04T17:12:02.000000
2400437.534686 5398021.892829 4077940.719792
-60.068922 -4538.124479 6025.310474
UTC=2024-01-04T17:14:02.000000
2369762.200414 4813462.232685 4767455.967059
-452.419231 -5190.832913 5451.749484
UTC=2024-01-04T17:16:02.000000
2291712.707106 4155705.816231 5382982.142648
-848.368119 -5756.496137 4793.769905
UTC=2024-01-04T17:18:02.000000
2166317.706956 3435733.842386 5914993.538854
-1240.218508 -6226.446775 4061.647658
UTC=2024-01-04T17:20:02.000000
1994534.677873 2665470.865827 6355266.480812
-1620.211573 -6593.648439 3266.779404
UTC=2024-01-04T17:22:02.000000
1778248.380072 1857582.752403 6697003.249137
-1980.676154 -6852.796888 2421.502135
UTC=2024-01-04T17:24:02.000000
1520251.579302 1025264.399294 6934932.959257
-2314.173717 -7000.386592 1538.891835
UTC=2024-01-04T17:26:02.000000
1224208.741008 182022.049930 7065388.046838
-2613.636734 -7034.735244 632.562366
UTC=2024-01-04T17:28:02.000000
894603.557845 -658545.870271 7086357.578853
-2872.501121 -6955.990306 -283.521119
UTC=2024-01-04T17:30:02.000000
536670.630535 -1482968.350261 6997517.320026
-3084.836828 -6766.122970 -1195.248035
UTC=2024-01-04T17:32:02.000000
156312.016688 -2278118.206710 6800234.608496
-3245.469031 -6468.883586 -2088.569866
UTC=2024-01-04T17:34:02.000000
-240000.106682 -3031422.000957 6497548.511206
-3350.087304 -6069.737763 -2949.708952
UTC=2024-01-04T17:36:02.000000
-645332.761356 -3731060.232669 6094124.591922
-3395.335740 -5575.766029 -3765.366914
UTC=2024-01-04T17:38:02.000000
-1052411.526301 -4366154.087964 5596186.242382
-3378.892298 -4995.546262 -4522.908172
UTC=2024-01-04T17:40:02.000000
-1453749.126166 -4926937.850013 5011424.261884
-3299.543130 -4339.030328 -5210.543573
UTC=2024-01-04T17:42:02.000000
-1841782.044009 -5404915.180426 4348883.443548
-3157.237965 -3617.394519 -5817.528757
UTC=2024-01-04T17:44:02.000000
-2209012.043523 -5792995.218151 3618825.651064
-2953.117896 -2842.853279 -6334.353429
UTC=2024-01-04T17:46:02.000000
-2548149.618455 -6085604.482951 2832571.570607
-2689.519094 -2028.445030 -6752.905714
UTC=2024-01-04T17:48:02.000000
-2852256.368195 -6278772.401908 2002324.341913
-2369.951514 -1187.808370 -7066.611813
UTC=2024-01-04T17:50:02.000000
-3114883.297395 -6370189.301659 1140977.589783
-1999.052145 -334.945805 -7270.554986
UTC=2024-01-04T17:52:02.000000
-3330202.043509 -6359235.264787 261910.871252
-1582.513939 516.024494 -7361.565303
UTC=2024-01-04T17:54:02.000000
-3493126.128459 -6246978.943635 -621223.693383
-1126.991131 1351.119730 -7338.277034
UTC=2024-01-04T17:56:02.000000
-3599419.554091 -6036146.218797 -1494719.762117
-639.983018 2156.743821 -7201.153076
UTC=2024-01-04T17:58:02.000000
-3645790.246510 -5731059.071679 -2345035.749284
-129.698417 2919.930413 -6952.471131
UTC=2024-01-04T18:00:02.000000
-3629966.254554 -5337546.233302 -3159010.010280
395.096086 3628.569707 -6596.274765
UTC=2024-01-04T18:02:02.000000
-3550752.855831 -4862827.821005 -3924067.976224
925.241391 4271.613318 -6138.287718
UTC=2024-01-04T18:04:02.000000
-3408069.537958 -4315377.276366 -4628417.032843
1451.354408 4839.246976 -5585.797701
UTC=2024-01-04T18:06:02.000000
-3202966.802195 -3704764.411497 -5261226.257129
1963.996032 5323.033955 -4947.521013
UTC=2024-01-04T18:08:02.000000
-2937622.852416 -3041482.832123 -5812788.715385
2453.837760 5716.031024 -4233.447165
UTC=2024-01-04T18:10:02.000000
-2615320.520059 -2336765.402562 -6274664.211370
2911.824451 6012.871758 -3454.670262
UTC=2024-01-04T18:12:02.000000
-2240404.872475 -1602391.408716 -6639801.321217
3329.333361 6209.823000 -2623.211405
UTC=2024-01-04T18:14:02.000000
-1818222.271018 -850488.575072 -6902637.192822
3698.322212 6304.812353 -1751.826740
UTC=2024-01-04T18:16:02.000000
-1355042.620501 -93333.681759 -7059174.207334
4011.461989 6297.425149 -853.815847
UTC=2024-01-04T18:18:02.000000
-857966.320040 656844.906599 -7107034.144738
4262.260595 6188.877380 57.160342
UTC=2024-01-04T18:20:02.000000
-334816.606659 1388060.765229 -7045490.622845
4445.181137 5981.977349 967.264633
UTC=2024-01-04T18:22:02.000000
205981.202935 2088756.917593 -6875478.812587
4555.741526 5681.062395 1862.670621
UTC=2024-01-04T18:24:02.000000
755532.157626 2747985.154011 -6599583.573421
4590.613249 5291.928356 2729.742157
UTC=2024-01-04T18:26:02.000000
1304615.432179 3355575.700139 -6222004.704587
4547.704428 4821.735326 3555.232810
UTC=2024-01-04T18:28:02.000000
1843836.327658 3902294.033852 -5748498.643037
4426.218156 4278.889623 4326.475210
UTC=2024-01-04T18:30:02.000000
2363784.666189 4379982.686205 -5186298.112940
4226.699538 3672.913317 5031.562706
UTC=2024-01-04T18:32:02.000000
2855197.613448 4781686.664352 -4544009.693101
3951.061556 3014.299688 5659.535445
UTC=2024-01-04T18:34:02.000000
3309124.131515 5101760.127621 -3831489.219066
3602.585940 2314.344662 6200.560913
UTC=2024-01-04T18:36:02.000000
3717088.204707 5335951.756688 -3059696.512436
3185.902989 1584.962874 6646.099078
UTC=2024-01-04T18:38:02.000000
4071248.111170 5481467.111812 -2240530.618742
2706.942319 838.485335 6989.060453
UTC=2024-01-04T18:40:02.000000
4364547.652565 5537005.842198 -1386647.711975
2172.851134 87.447552 7223.935684
UTC=2024-01-04T18:42:02.000000
4590856.241682 5502773.331747 -511264.580875
1591.889141 -655.628224 7346.906948
UTC=2024-01-04T18:44:02.000000
4745094.633198 5380465.346471 372049.469544
973.294081 -1378.462595 7355.926620
UTC=2024-01-04T18:46:02.000000
4823342.796587 5173225.500255 1249587.805585
327.119941 -2069.239302 7250.756790
UTC=2024-01-04T18:48:02.000000
4822927.636627 4885577.453637 2107724.235815
-335.933165 -2716.806420 7032.975949
UTC=2024-01-04T18:50:02.000000
4742489.761079 4523333.216193 2933130.645274
-1004.705255 -3310.877342 6705.968474
UTC=2024-01-04T18:52:02.000000
4582025.758549 4093477.794265 3712990.414726
-1667.791347 -3842.215940 6274.859669
UTC=2024-01-04T18:54:02.000000
4342905.335268 3604033.807413 4435201.548108
-2313.745200 -4302.788232 5746.415954
UTC=2024-01-04T18:56:02.000000
4027864.227487 3063909.648258 5088566.469712
-2931.278677 -4685.882541 5128.924648
UTC=2024-01-04T18:58:02.000000
3640972.723917 2482734.605960 5662966.783697
-3509.474030 -4986.211066 4432.056086
UTC=2024-01-04T19:00:02.000000
3187579.209916 1870683.718986 6149518.283966
-4037.975126 -5199.972446 3666.680740
UTC=2024-01-04T19:02:02.000000
2674232.620525 1238297.066306 6540704.651844
-4507.158117 -5324.888751 2844.695356
UTC=2024-01-04T19:04:02.000000
2108584.408934 596296.199279 6830489.095565
-4908.297362 -5360.210731 1978.829710
UTC=2024-01-04T19:06:02.000000
1499271.788563 -44597.988423 7014402.960183
-5233.712672 -5306.693893 1082.458708
UTC=2024-01-04T19:08:02.000000
855784.016740 -673844.037689 7089611.688195
-5476.905210 -5166.566956 169.408070
UTC=2024-01-04T19:10:02.000000
188313.275959 -1281253.666677 7054956.301492
-5632.676123 -4943.474860 -746.256175
UTC=2024-01-04T19:12:02.000000
-492407.411435 -1857156.910286 6910969.971084
-5697.225423 -4642.396697 -1650.432073
UTC=2024-01-04T19:14:02.000000
-1175276.988189 -2392556.488712 6659869.767027
-5668.229654 -4269.545975 -2529.191445
UTC=2024-01-04T19:16:02.000000
-1849006.718717 -2879268.774648 6305523.683872
-5544.891059 -3832.249046 -3368.977712
UTC=2024-01-04T19:18:02.000000
-2502305.809431 -3310049.869964 5853395.100280
-5327.980144 -3338.820915 -4156.789563
UTC=2024-01-04T19:20:02.000000
-3124071.723326 -3678706.300880 5310464.232475
-5019.866740 -2798.428407 -4880.382648
UTC=2024-01-04T19:22:02.000000
-3703582.085675 -3980187.610933 4685124.751285
-4624.511316 -2220.926094 -5528.476878
UTC=2024-01-04T19:24:02.000000
-4230682.907140 -4210658.414000 3987056.759381
-4147.416731 -1616.681068 -6090.940641
UTC=2024-01-04T19:26:02.000000
-4695969.657879 -4367549.081710 3227078.884681
-3595.557224 -996.391333 -6558.956031
UTC=2024-01-04T19:28:02.000000
-5090958.474325 -4449584.335679 2416981.547887
-2977.285448 -370.899923 -6925.169189
UTC=2024-01-04T19:30:02.000000
-5408244.401686 -4456788.986515 1569342.678268
-2302.206106 249.001828 -7183.829371
UTC=2024-01-04T19:32:02.000000
-5641642.339006 -4390469.687076 697328.762416
-1581.017261 852.773617 -7330.892545
UTC=2024-01-04T19:34:02.000000
-5786307.631335 -4253173.275295 -185514.682433
-825.329354 1430.317329 -7364.095404
UTC=2024-01-04T19:36:02.000000
-5838833.558208 -4048622.656599 -1065479.690575
-47.461996 1972.159543 -7282.998508
UTC=2024-01-04T19:38:02.000000
-5797323.143906 -3781631.320269 -1928915.632571
739.781327 2469.625172 -7088.994120
UTC=2024-01-04T19:40:02.000000
-5661433.062360 -3457998.150285 -2762447.007942
1523.348433 2914.988208 -6785.265618
UTC=2024-01-04T19:42:02.000000
-5432389.674058 -3084386.007789 -3553184.469683
2290.168693 3301.593982 -6376.718528
UTC=2024-01-04T19:44:02.000000
-5112977.456410 -2668186.859219 -4288925.875481
3027.381432 3623.959764 -5869.882132
UTC=2024-01-04T19:46:02.000000
-4707500.446448 -2217376.519022 -4958343.995674
3722.557709 3877.847268 -5272.786350
UTC=2024-01-04T19:48:02.000000
-4221717.687059 -1740362.321387 -5551158.012756
4363.909917 4060.308511 -4594.815628
UTC=2024-01-04T19:50:02.000000
-3662754.495393 -1245826.701774 -6058286.351029
4940.485073 4169.707729 -3846.543802
UTC=2024-01-04T19:52:02.000000
-3038991.718708 -742569.849182 -6471978.801085
5442.337856 4205.715011 -3039.556511
UTC=2024-01-04T19:54:02.000000
-2359935.359107 -239354.582528 -6785927.008386
5860.685376 4169.276113 -2186.267878
UTC=2024-01-04T19:56:02.000000
-1636068.749364 255243.799499 -6995352.498066
6188.041595 4062.560218 -1299.729478
UTC=2024-01-04T19:58:02.000000
-878690.354700 732980.334354 -7097071.889241
6418.323584 3888.892118 -393.445144
UTC=2024-01-04T20:00:02.000000
-99739.491930 1186074.677673 -7089540.218898
6546.947908 3652.675850 518.814298
UTC=2024-01-04T20:02:02.000000
688388.235956 1607334.827699 -6972871.819283
6570.904773 3359.296507 1423.192652
UTC=2024-01-04T20:04:02.000000
1473034.157469 1990269.043737 -6748839.987821
6488.830261 3015.022762 2305.930977
UTC=2024-01-04T20:06:02.000000
2241476.807092 2329185.093212 -6420853.095705
6301.045729 2626.890589 3153.567821
UTC=2024-01-04T20:08:02.000000
2981135.533420 2619274.849588 -5993907.636825
6009.577626 2202.576788 3953.128897
UTC=2024-01-04T20:10:02.000000
3679774.682214 2856682.997503 -5474518.429166
5618.146769 1750.262207 4692.311575
UTC=2024-01-04T20:12:02.000000
4325705.912164 3038559.386177 -4870627.425853
5132.148930 1278.495042 5359.664770
UTC=2024-01-04T20:14:02.000000
4907986.418320 3163094.237733 -4191490.134470
4558.602122 796.040603 5944.777475
UTC=2024-01-04T20:16:02.000000
5416608.593496 3229534.774330 -3447540.087942
3906.056927 311.724068 6438.454395
UTC=2024-01-04T20:18:02.000000
5842677.145286 3238183.108120 -2650233.601076
3184.481321 -165.723485 6832.869225
UTC=2024-01-04T20:20:02.000000
6178571.264538 3190375.577576 -1811876.408512
2405.121086 -627.823924 7121.715440
UTC=2024-01-04T20:22:02.000000
6418087.243113 3088442.558234 -945433.595792
1580.316795 -1066.513272 7300.327024
UTC=2024-01-04T20:24:02.000000
6556558.057703 2935649.862510 -64327.018283
723.303671 -1474.289641 7365.771427
UTC=2024-01-04T20:26:02.000000
6590947.142738 2736122.427930 817777.005814
-152.019907 -1844.358961 7316.912839
UTC=2024-01-04T20:28:02.000000
6519913.439918 2494751.981488 1687184.731792
-1031.333669 -2170.752608 7154.431895
UTC=2024-01-04T20:30:02.000000
6343847.289292 2217091.738699 2530393.348040
-1900.144962 -2448.432112 6880.827525
UTC=2024-01-04T20:32:02.000000
6064875.189678 1909238.954401 3334307.101134
-2744.054345 -2673.380678 6500.374033
UTC=2024-01-04T20:34:02.000000
5686833.077448 1577708.519924 4086445.884574
-3549.013227 -2842.663217 6019.042687
UTC=2024-01-04T20:36:02.000000
5215209.002402 1229300.492468 4775142.465526
-4301.574741 -2954.465602 5444.387520
UTC=2024-01-04T20:38:02.000000
4657057.380637 870964.860648 5389724.247046
-4989.115215 -3008.103500 4785.409814
UTC=2024-01-04T20:40:02.000000
4020887.127627 509666.118528 5920678.474407
-5600.052822 -3004.016150 4052.410674
UTC=2024-01-04T20:42:02.000000
3316524.446151 152250.304231 6359797.317801
-6124.043125 -2943.730070 3256.805192
UTC=2024-01-04T20:44:02.000000
2554954.906574 -194682.073571 6700300.172241
-6552.131341 -2829.800476 2410.935833
UTC=2024-01-04T20:46:02.000000
1748148.264833 -524895.533855 6936934.106571
-6876.891270 -2665.743370 1527.889685
UTC=2024-01-04T20:48:02.000000
908867.415304 -832630.124370 7066051.576179
-7092.549118 -2455.953218 621.301532
UTC=2024-01-04T20:50:02.000000
50464.163979 -1112700.996461 7085663.475836
-7195.075268 -2205.602676 -294.857107
UTC=2024-01-04T20:52:02.000000
-813334.002111 -1360585.256865 6995467.354580
-7182.246985 -1920.532736 -1206.481001
UTC=2024-01-04T20:54:02.000000
-1668643.389466 -1572495.085511 6796851.137052
-7053.687628 -1607.132487 -2099.536365
UTC=2024-01-04T20:56:02.000000
-2501646.548822 -1745435.706294 6492872.581419
-6810.878039 -1272.208148 -2960.257907
UTC=2024-01-04T20:58:02.000000
-3298815.135304 -1877247.643983 6088215.895935
-6457.155573 -922.854191 -3775.335217
UTC=2024-01-04T21:00:02.000000
-4047132.019342 -1966633.606085 5589124.945458
-5997.695403 -566.323198 -4532.121071
UTC=2024-01-04T21:02:02.000000
-4734308.059155 -2013169.144021 5003311.063204
-5439.441948 -209.886399 -5218.836769
UTC=2024-01-04T21:04:02.000000
-5348989.038752 -2017296.367143 4339837.365795
-4791.013902 139.308661 -5824.762567
UTC=2024-01-04T21:06:02.000000
-5880949.087741 -1980300.571308 3608980.924357
-4062.574647 474.379369 -6340.412873
UTC=2024-01-04T21:08:02.000000
-6321267.063398 -1904270.410778 2822075.182451
-3265.678890 788.840087 -6757.691596
UTC=2024-01-04T21:10:02.000000
-6662483.300518 -1792042.842978 1991334.562546
-2413.098697 1076.724921 -7070.035752
UTC=2024-01-04T21:12:02.000000
-6898733.317903 -1647133.514668 1129662.188587
-1518.607921 1332.707517 -7272.548611
UTC=2024-01-04T21:14:02.000000
-7025853.309446 -1473653.488108 250444.396101
-596.736637 1552.206796 -7362.084506
UTC=2024-01-04T21:16:02.000000
-7041455.855556 -1276214.327493 -632663.070094
337.483307 1731.475061 -7337.305996
UTC=2024-01-04T21:18:02.000000
-6944973.921005 -1059823.863795 -1505953.710883
1268.789612 1867.665285 -7198.704656
UTC=2024-01-04T21:20:02.000000
-6737672.127381 -829775.071142 -2355888.960794
2181.961573 1958.877549 -6948.581539
UTC=2024-01-04T21:22:02.000000
-6422625.903643 -591530.910231 -3169312.677639
3062.083637 2004.181064 -6590.999727
UTC=2024-01-04T21:24:02.000000
-6004669.018919 -350607.391686 -3933658.310933
3894.808787 2003.622341 -6131.705647
UTC=2024-01-04T21:26:02.000000
-5490310.394241 -112456.938842 -4637144.136327
4666.603520 1958.209649 -5578.011828
UTC=2024-01-04T21:28:02.000000
-4887623.060928 117644.816523 -5268953.069106
5364.967167 1869.873201 -4938.658602
UTC=2024-01-04T21:30:02.000000
-4206108.243574 334706.427463 -5819394.867124
5978.628370 1741.408051 -4223.658609
UTC=2024-01-04T21:32:02.000000
-3456537.285472 534120.051791 -6280048.413143
6497.715057 1576.398978 -3444.120975
UTC=2024-01-04T21:34:02.000000
-2650775.364777 711751.135602 -6643882.333514
6913.888221 1379.133951 -2612.068984
UTC=2024-01-04T21:36:02.000000
-1801590.759310 864017.061001 -6905354.088573
7220.453228 1154.507254 -1740.262978
UTC=2024-01-04T21:38:02.000000
-922451.704852 987953.768035 -7060486.986286
7412.450221 907.915833 -842.007266
UTC=2024-01-04T21:40:02.000000
-27314.641508 1081269.390516 -7106923.987640
7486.709708 645.146787 69.038532
UTC=2024-01-04T21:42:02.000000
869592.994814 1142384.138971 -7043959.771140
7441.891059 372.261583 979.033518
UTC=2024-01-04T21:44:02.000000
1753994.580484 1170456.228171 -6872551.673037
7278.518480 95.478929 1874.142131
UTC=2024-01-04T21:46:02.000000
2611788.197457 1165393.459845 -6595306.891484
6998.976666 -178.947123 2740.733293
UTC=2024-01-04T21:48:02.000000
3429268.650910 1127850.167131 -6216446.536630
6607.485907 -444.848957 3565.572339
UTC=2024-01-04T21:50:02.000000
4193344.591144 1059209.477120 -5741746.819236
6110.046813 -696.267557 4336.004641
UTC=2024-01-04T21:52:02.000000
4891748.359500 961551.190774 -5178458.686097
5514.373813 -927.569853 5040.137145
UTC=2024-01-04T21:54:02.000000
5513236.261300 837605.863675 -4535205.110395
4829.799352 -1133.561724 5667.027139
UTC=2024-01-04T21:56:02.000000
6047775.112911 690695.472416 -3821856.150761
4067.141975 -1309.597886 6206.860886
UTC=2024-01-04T21:58:02.000000
6486711.371563 524661.470242 -3049383.517757
3238.549015 -1451.681127 6651.117376
UTC=2024-01-04T22:00:02.000000
6822920.063917 343781.674881 -2229696.211886
2357.317013 -1556.549724 6992.721190
UTC=2024-01-04T22:02:02.000000
7050930.173642 152677.290237 -1375458.373768
1437.676010 -1621.753473 7226.182991
UTC=2024-01-04T22:04:02.000000
7167022.126426 -43788.053567 -499892.239528
494.545058 -1645.709813 7347.705085
UTC=2024-01-04T22:06:02.000000
7169295.376822 -240614.845028 383429.532111
-456.720516 -1627.741767 7355.255181
UTC=2024-01-04T22:08:02.000000
7057704.871282 -432777.903547 1260798.977778
-1400.597833 -1568.100254 7248.615457
UTC=2024-01-04T22:10:02.000000
6834064.536081 -615337.790446 2118591.538618
-2321.672311 -1467.960996 7029.393540
UTC=2024-01-04T22:12:02.000000
6502017.538577 -783550.603929 2943484.258730
-3204.918325 -1329.401965 6701.000363
UTC=2024-01-04T22:14:02.000000
6066973.194337 -932973.818582 3722668.369947
-4035.967768 -1155.358353 6268.580492
UTC=2024-01-04T22:16:02.000000
5536013.505646 -1059565.479937 4444051.869813
-4801.349550 -949.560549 5738.918928
UTC=2024-01-04T22:18:02.000000
4917771.403308 -1159775.297567 5096449.684505
-5488.723293 -716.457128 5120.322574
UTC=2024-01-04T22:20:02.000000
4222282.596117 -1230624.950959 5669757.411777
-6087.080106 -461.114811 4422.469669
UTC=2024-01-04T22:22:02.000000
3460815.363886 -1269775.939616 6155106.193869
-6586.912342 -189.113030 3656.245677
UTC=2024-01-04T22:24:02.000000
2645681.518080 -1275584.513967 6544996.836960
-6980.355855 93.568524 2833.561325
UTC=2024-01-04T22:26:02.000000
1790032.479339 -1247142.467882 6833411.632225
-7261.297971 380.670648 1967.166431
UTC=2024-01-04T22:28:02.000000
907643.457834 -1184303.193048 7015903.466108
-7425.466967 665.781191 1070.453100
UTC=2024-01-04T22:30:02.000000
12689.091528 -1087692.178598 7089660.406229
-7470.482844 942.465341 157.248262
UTC=2024-01-04T22:32:02.000000
-880485.057782 -958702.102096 7053545.737666
-7395.878404 1204.392411 -758.388137
UTC=2024-01-04T22:34:02.000000
-1757592.142490 -799472.748824 6908113.963670
-7203.097308 1445.462710 -1662.362381
UTC=2024-01-04T22:36:02.000000
-2604632.023712 -612855.686701 6655602.838038
-6895.467949 1659.933040 -2540.746848
UTC=2024-01-04T22:38:02.000000
-3408114.845924 -402364.318482 6299901.665494
-6478.157612 1842.535470 -3379.976608
UTC=2024-01-04T22:40:02.000000
-4155277.849498 -172110.060576 5846495.629297
-5958.103079 1988.588932 -4167.052626
UTC=2024-01-04T22:42:02.000000
-4834291.973689 73274.442760 5302385.678783
-5343.909602 2094.103954 -4889.744741
UTC=2024-01-04T22:44:02.000000
-5434454.428798 328723.950753 4675984.443656
-4645.719161 2155.874500 -5536.786526
UTC=2024-01-04T22:46:02.000000
-5946363.870839 588839.642559 3976989.369466
-3875.050891 2171.559047 -6098.060690
UTC=2024-01-04T22:48:02.000000
-6362074.581910 847996.845475 3216234.648059
-3044.614128 2139.744326 -6564.764798
UTC=2024-01-04T22:50:02.000000
-6675227.285043 1100459.444282 2405524.061384
-2168.103030 2059.992048 -6929.566300
UTC=2024-01-04T22:52:02.000000
-6881153.503484 1340498.505496 1557446.355048
-1259.963698 1932.862551 -7186.734581
UTC=2024-01-04T22:54:02.000000
-6976951.097220 1562512.600886 685176.292177
-335.145278 1759.919637 -7332.249362
UTC=2024-01-04T22:56:02.000000
-6961528.529982 1761147.367132 -197735.562981
591.170536 1543.711847 -7363.876835
UTC=2024-01-04T22:58:02.000000
-6835616.299009 1931411.233438 -1077579.758292
1503.843416 1287.728114 -7281.205380
UTC=2024-01-04T23:00:02.000000
-6601745.915901 2068784.704658 -1940706.896852
2388.040061 996.335943 -7085.645129
UTC=2024-01-04T23:02:02.000000
-6264197.483089 2169321.292684 -2773744.968418
3229.494321 674.702908 -6780.402243
UTC=2024-01-04T23:04:02.000000
-5828916.132782 2229737.596915 -3563811.414358
4014.762332 328.694072 -6370.413133
UTC=2024-01-04T23:06:02.000000
-5303399.464996 2247490.025497 -4298714.709809
4731.448353 -35.245658 -5862.238795
UTC=2024-01-04T23:08:02.000000
-4696559.789731 2220836.981154 -4967141.800585
5368.400000 -410.216069 -5263.936282
UTC=2024-01-04T23:10:02.000000
-4018564.618194 2148885.633136 -5558828.813026
5915.874268 -788.993584 -4584.908073
UTC=2024-01-04T23:12:02.000000
-3280659.398315 2031622.654135 -6064712.714412
6365.667615 -1164.166124 -3835.738171
UTC=2024-01-04T23:14:02.000000
-2494976.306967 1869928.582073 -6477063.094342
6711.220981 -1528.271140 -3028.023909
UTC=2024-01-04T23:16:02.000000
-1674331.571080 1665575.573912 -6789592.750862
6947.702941 -1873.933742 -2174.188163
UTC=2024-01-04T23:18:02.000000
-832015.469426 1421208.769480 -6997545.071443
7072.048012 -2194.001021 -1287.287874
UTC=2024-01-04T23:20:02.000000
18420.868399 1140311.859102 -7097759.175508
7082.975179 -2481.670746 -380.830120
UTC=2024-01-04T23:22:02.000000
863379.464686 827157.702917 -7088713.073914
6980.984169 -2730.612599 531.405398
UTC=2024-01-04T23:24:02.000000
1689428.969315 486744.297441 -6970545.501240
6768.348114 -2935.091650 1435.554291
UTC=2024-01-04T23:26:02.000000
2483514.863249 124716.323534 -6745053.902847
6449.063900 -3090.082280 2317.866494
UTC=2024-01-04T23:28:02.000000
3233162.602257 -252726.094333 -6415669.730715
6028.789568 -3191.369418 3164.890583
UTC=2024-01-04T23:30:02.000000
3926672.022364 -638930.538935 -5987410.967548
5514.755739 -3235.644469 3963.666794
UTC=2024-01-04T23:32:02.000000
4553299.689702 -1026905.991512 -5466812.390570
4915.659859 -3220.585711 4701.904378
UTC=2024-01-04T23:34:02.000000
5103428.134047 -1409445.836003 -4861834.235120
4241.547510 -3144.932263 5368.168781
UTC=2024-01-04T23:36:02.000000
5568718.671628 -1779258.459719 -4181748.156444
3503.658829 -3008.535228 5952.066870
UTC=2024-01-04T23:38:02.000000
5942244.564935 -2129102.834838 -3437001.864437
2714.255607 -2812.390495 6444.418988
UTC=2024-01-04T23:40:02.000000
6218602.145454 -2451926.862825 -2639063.617548
1886.425947 -2558.651185 6837.421508
UTC=2024-01-04T23:42:02.000000
6393997.071776 -2741005.780950 -1800248.204146
1033.865819 -2250.615405 7124.791169
UTC=2024-01-04T23:44:02.000000
6466303.403229 -2990077.504134 -933527.183465
170.646685 -1892.688263 7301.882666
UTC=2024-01-04T23:46:02.000000
6435094.220926 -3193472.097414 -52326.390886
-689.027837 -1490.321527 7365.783418
UTC=2024-01-04T23:48:02.000000
6301642.406822 -3346232.434719 829686.009586
-1531.072392 -1049.927498 7315.374707
UTC=2024-01-04T23:50:02.000000
6068891.567474 -3444223.255375 1698817.126478
-2341.770024 -578.771408 7151.366539
UTC=2024-01-04T23:52:02.000000
5741396.312163 -3484225.723544 2541568.761146
-3108.028107 -84.838439 6876.287034
UTC=2024-01-04T23:54:02.000000
5325233.540713 -3464015.266691 3344852.794875
-3817.603907 423.311262 6494.433550
UTC=2024-01-04T23:56:02.000000
4827887.599787 -3382420.906511 4096199.235564
-4459.315279 936.705355 6011.793480
UTC=2024-01-04T23:58:02.000000
4258112.094535 -3239365.067276 4783952.609694
-5023.218267 1446.119534 5435.936684
