UTC=2024-01-05T00:00:02.000000
3625771.157027 -3035883.797470 5397454.617632
-5500.773839 1942.247466 4775.887263
UTC=2024-01-05T00:02:02.000000
2941662.771271 -2774125.937114 5927208.882077
-5884.973655 2415.877543 4041.958371
UTC=2024-01-05T00:04:02.000000
2217329.430741 -2457331.724556 6365025.399965
-6170.431090 2858.058268 3245.579831
UTC=2024-01-05T00:06:02.000000
1464859.324990 -2089791.972664 6704143.474613
-6353.445684 3260.257668 2399.111846
UTC=2024-01-05T00:08:02.000000
696681.677040 -1676788.441730 6939331.838574
-6432.037597 3614.517077 1515.651595
UTC=2024-01-05T00:10:02.000000
-74640.313288 -1224516.262990 7066965.057754
-6405.951859 3913.595297 608.832520
UTC=2024-01-05T00:12:02.000000
-836615.365437 -739989.742898 7085075.859502
-6276.636462 4151.101590 -307.376461
UTC=2024-01-05T00:14:02.000000
-1577026.059115 -230933.008656 6993383.408697
-6047.199226 4321.615797 -1218.870188
UTC=2024-01-05T00:16:02.000000
-2284124.442077 294343.196166 6793297.539845
-5722.344097 4420.797968 -2111.609730
UTC=2024-01-05T00:18:02.000000
-2946818.656926 827076.906204 6487898.682624
-5308.286235 4445.481988 -2971.824697
UTC=2024-01-05T00:20:02.000000
-3554848.140154 1358200.578567 6081893.532763
-4812.646298 4393.752467 -3786.213983
UTC=2024-01-05T00:22:02.000000
-4098945.080706 1878494.981352 5581546.838382
-4244.327220 4265.005319 -4542.144323
UTC=2024-01-05T00:24:02.000000
-4570979.829011 2378749.315593 4994589.378973
-3613.369447 4059.990537 -5227.848021
UTC=2024-01-05T00:26:02.000000
-4964087.512969 2849925.025089 4330102.333096
-2930.781779 3780.829073 -5832.617483
UTC=2024-01-05T00:28:02.000000
-5272773.010823 3283319.898682 3598379.281537
-2208.352322 3431.002118 -6346.981164
UTC=2024-01-05T00:30:02.000000
-5492992.579130 3670729.540963 2810768.194522
-1458.447921 3015.317805 -6762.862648
UTC=2024-01-05T00:32:02.000000
-5622210.640124 4004603.367517 1979495.270974
-693.801343 2539.852709 -7073.724136
UTC=2024-01-05T00:34:02.000000
-5659430.234259 4278191.709751 1117472.512403
72.715324 2011.860807 -7274.691687
UTC=2024-01-05T00:36:02.000000
-5605195.568160 4485680.014557 238092.308690
828.327357 1439.650993 -7362.643420
UTC=2024-01-05T00:38:02.000000
-5461566.698449 4622307.186154 -644986.114821
1560.581882 832.447377 -7336.261487
UTC=2024-01-05T00:40:02.000000
-5232067.537415 4684466.051571 -1518055.257844
2257.571553 200.229476 -7196.060808
UTC=2024-01-05T00:42:02.000000
-4921607.159510 4669783.202025 -2367579.017844
2908.152297 -446.452436 -6944.376837
UTC=2024-01-05T00:44:02.000000
-4536376.388209 4577175.629291 -3180408.098255
3502.135605 -1096.674413 -6585.309032
UTC=2024-01-05T00:46:02.000000
-4083722.768120 4406883.749542 -3943986.814383
4030.457184 -1739.336944 -6124.633897
UTC=2024-01-05T00:48:02.000000
-3572007.066584 4160480.527648 -4646547.427776
4485.314606 -2363.362767 -5569.685948
UTC=2024-01-05T00:50:02.000000
-3010445.144244 3840857.145485 -5277288.903630
4860.272967 -2957.890186 -4929.216909
UTC=2024-01-05T00:52:02.000000
-2408939.333335 3452186.257849 -5826537.879107
5150.336920 -3512.452440 -4213.244589
UTC=2024-01-05T00:54:02.000000
-1777902.049560 2999863.887230 -6285891.081234
5352.007595 -4017.156379 -3432.889848
UTC=2024-01-05T00:56:02.000000
-1128074.360539 2490430.298828 -6648336.728142
5463.307571 -4462.850600 -2600.191462
UTC=2024-01-05T00:58:02.000000
-470343.563578 1931472.123048 -6908353.281822
5483.774069 -4841.269553 -1727.917544
UTC=2024-01-05T01:00:02.000000
184437.110816 1331507.974088 -7061985.959192
5414.430989 -5145.167172 -829.381362
UTC=2024-01-05T01:02:02.000000
825624.270364 699858.908482 -7106901.117284
5257.744244 -5368.433822 81.741328
UTC=2024-01-05T01:04:02.000000
1442954.335768 46505.410254 -7042418.531706
5017.566060 -5506.206366 991.602613
UTC=2024-01-05T01:06:02.000000
2026704.953519 -618067.950953 -6869520.191318
4699.048761 -5554.959213 1886.378066
UTC=2024-01-05T01:08:02.000000
2567845.283276 -1283037.384811 -6590836.507054
4308.549206 -5512.575656 2752.449214
UTC=2024-01-05T01:10:02.000000
3058174.275853 -1937412.578562 -6210610.223087
3853.519992 -5378.404156 3576.593136
UTC=2024-01-05T01:12:02.000000
3490444.856999 -2570215.043305 -5734638.309538
3342.388508 -5153.300739 4346.158921
UTC=2024-01-05T01:14:02.000000
3858473.345475 -3170661.200063 -5170191.771929
2784.425354 -4839.659426 5049.264652
UTC=2024-01-05T01:16:02.000000
4157231.014866 -3728346.590838 -4525911.538529
2189.581255 -4441.400000 5674.989287
UTC=2024-01-05T01:18:02.000000
4382915.816337 -4233426.950825 -3811683.085608
1568.323039 -3963.932456 6213.538533
UTC=2024-01-05T01:20:02.000000
4533004.308109 -4676794.134649 -3038491.321472
931.464372 -3414.103897 6656.410465
UTC=2024-01-05T01:22:02.000000
4606282.323088 -5050243.701605 -2218255.917961
289.981005 -2800.112243 6996.551759
UTC=2024-01-05T01:24:02.000000
4602852.721832 -5346630.460186 -1363649.157847
-345.185732 -2131.391485 7228.493147
UTC=2024-01-05T01:26:02.000000
4524119.373314 -5560008.039856 -487898.957309
-963.326125 -1418.460693 7348.458929
UTC=2024-01-05T01:28:02.000000
4372747.663857 -5685748.853087 395419.323276
-1554.156589 -672.749626 7354.443812
UTC=2024-01-05T01:30:02.000000
4152602.147693 -5720641.908146 1272598.282141
-2108.004470 93.595982 7246.258071
UTC=2024-01-05T01:32:02.000000
3868662.559179 -5662965.730556 2130017.595944
-2615.984907 867.934762 7025.540550
UTC=2024-01-05T01:34:02.000000
3526919.416537 -5512534.238312 2954361.709197
-3070.160207 1637.355271 6695.723479
UTC=2024-01-05T01:36:02.000000
3134252.259822 -5270715.563796 3732831.699191
-3463.671477 2388.904882 6261.972781
UTC=2024-01-05T01:38:02.000000
2698293.390645 -4940422.843071 4453347.988341
-3790.847005 3109.824053 5731.093304
UTC=2024-01-05T01:40:02.000000
2227280.255204 -4526077.515375 5104740.053439
-4047.284784 3787.771268 5111.408498
UTC=2024-01-05T01:42:02.000000
1729899.494662 -4033546.088695 5676919.987743
-4229.906698 4411.037850 4412.613230
UTC=2024-01-05T01:44:02.000000
1215125.999385 -3470051.893286 6161037.576395
-4336.990154 4968.751952 3645.610605
UTC=2024-01-05T01:46:02.000000
692059.816708 -2844063.429461 6549613.991015
-4368.169062 5451.060174 2822.322199
UTC=2024-01-05T01:48:02.000000
169764.782773 -2165162.494763 6836652.636665
-4324.406709 5849.286236 1955.498214
UTC=2024-01-05T01:50:02.000000
-342888.268047 -1443894.354542 7017727.006304
-4207.946952 6156.070123 1058.525216
UTC=2024-01-05T01:52:02.000000
-837371.501240 -691602.100160 7090045.577010
-4022.250518 6365.494783 145.232394
UTC=2024-01-05T01:54:02.000000
-1305641.411094 79753.039874 7052492.588671
-3771.914233 6473.189962 -770.314184
UTC=2024-01-05T01:56:02.000000
-1740269.506135 857782.326087 6905644.177264
-3462.573607 6476.412311 -1674.016371
UTC=2024-01-05T01:58:02.000000
-2134560.307102 1629868.434042 6651760.019166
-3100.790528 6374.103169 -2551.947054
UTC=2024-01-05T02:00:02.000000
-2482655.204580 2383369.984247 6294750.690775
-2693.929036 6166.924526 -3390.551587
UTC=2024-01-05T02:02:02.000000
-2779620.656329 3105829.124228 5840121.040741
-2250.019549 5857.273414 -4176.846638
UTC=2024-01-05T02:04:02.000000
-3021519.661098 3785179.199571 5294889.794695
-1777.616581 5449.268549 -4898.616458
UTC=2024-01-05T02:06:02.000000
-3205465.656263 4409949.369037 4667485.800722
-1285.646112 4948.712493 -5544.606821
UTC=2024-01-05T02:08:02.000000
-3329657.362149 4969462.795950 3967621.396465
-783.242882 4363.022012 -6104.710399
UTC=2024-01-05T02:10:02.000000
-3393393.843306 5454024.606608 3206144.189294
-279.582707 3701.126370 -6570.141200
UTC=2024-01-05T02:12:02.000000
-3397069.202120 5855095.477486 2394868.979478
216.287563 2973.329933 -6933.588908
UTC=2024-01-05T02:14:02.000000
-3342147.091246 6165446.918278 1546392.727358
695.616556 2191.146016 -7189.346612
UTC=2024-01-05T02:16:02.000000
-3231115.435066 6379295.410470 673895.881481
1150.110838 1367.111436 -7333.411774
UTC=2024-01-05T02:18:02.000000
-3067422.178166 6492412.731426 -209067.200226
1572.087911 514.572687 -7363.565548
UTC=2024-01-05T02:20:02.000000
-2855393.529060 6502209.007907 -1088785.292061
1954.614539 -352.551525 -7279.416980
UTC=2024-01-05T02:22:02.000000
-2600136.211832 6407786.297935 -1951610.714888
2291.636292 -1220.026204 -7082.414253
UTC=2024-01-05T02:24:02.000000
-2307425.087366 6209960.244440 -2784177.860938
2578.086759 -2073.569195 -6775.797459
UTC=2024-01-05T02:26:02.000000
-1983579.992646 5911251.050282 -3573613.466976
2809.959258 -2899.092798 -6364.519036
UTC=2024-01-05T02:28:02.000000
-1635335.376061 5515845.667832 -4307736.889328
2984.357033 -3682.946544 -5855.151857
UTC=2024-01-05T02:30:02.000000
-1269705.189441 5029531.062741 -4975247.102615
3099.520775 -4412.149854 -5255.759407
UTC=2024-01-05T02:32:02.000000
-893846.000154 4459601.419647 -5565892.931534
3154.831906 -5074.595968 -4575.751391
UTC=2024-01-05T02:34:02.000000
-514920.794244 3814741.526821 -6070625.465243
3150.797902 -5659.246337 -3825.727927
UTC=2024-01-05T02:36:02.000000
-139965.820767 3104887.743718 -6481730.408106
3089.015317 -6156.307092 -3017.301130
UTC=2024-01-05T02:38:02.000000
224236.659868 2341069.639662 -6792938.075746
2972.109025 -6557.372598 -2162.904254
UTC=2024-01-05T02:40:02.000000
571277.376689 1535236.372168 -6999510.953595
2803.657560 -6855.540684 -1275.610552
UTC=2024-01-05T02:42:02.000000
895229.523654 700069.808532 -7098309.399221
2588.108081 -7045.516695 -368.945530
UTC=2024-01-05T02:44:02.000000
1190747.227430 -151213.279569 -7087834.468160
2330.678452 -7123.692203 543.302626
UTC=2024-01-05T02:46:02.000000
1453151.588129 -1005067.365380 -6968247.889295
2037.247916 -7088.203122 1447.276627
UTC=2024-01-05T02:48:02.000000
1678503.118708 -1847829.476165 -6741369.063442
1714.241525 -6938.959991 2329.235940
UTC=2024-01-05T02:50:02.000000
1863660.246960 -2665933.230639 -6410650.188928
1368.512486 -6677.663413 3175.738050
UTC=2024-01-05T02:52:02.000000
2006323.190760 -3446123.938780 -5981129.634168
1007.216093 -6307.807423 3973.820262
UTC=2024-01-05T02:54:02.000000
2105062.448720 -4175673.057210 -5459362.679857
637.679344 -5834.659415 4711.197806
UTC=2024-01-05T02:56:02.000000
2159331.253099 -4842587.239062 -4853328.330450
267.264810 -5265.191620 5376.455753
UTC=2024-01-05T02:58:02.000000
2169461.752315 -5435807.965635 -4172314.730243
-96.763866 -4607.997635 5959.218451
UTC=2024-01-05T03:00:02.000000
2136644.990341 -5945400.198362 -3426784.078430
-447.378247 -3873.187734 6450.322698
UTC=2024-01-05T03:02:02.000000
2062894.575442 -6362726.137968 -2628217.180964
-777.919281 -3072.245970 6841.980440
UTC=2024-01-05T03:04:02.000000
1950994.518524 -6680599.923295 -1788939.456907
-1082.227068 -2217.854528 7127.925734
UTC=2024-01-05T03:06:02.000000
1804432.093617 -6893419.256724 -921930.898713
-1354.758653 -1323.689831 7303.532316
UTC=2024-01-05T03:08:02.000000
1627317.340692 -6997271.583940 -40623.016363
-1590.695180 -404.194388 7365.915671
UTC=2024-01-05T03:10:02.000000
1424290.254126 -6990010.348032 841313.812113
-1786.036546 525.681158 7313.984009
UTC=2024-01-05T03:12:02.000000
1200417.891595 -6871301.296617 1710187.490620
-1937.676488 1450.728079 7148.472002
UTC=2024-01-05T03:14:02.000000
961083.604385 -6642636.395175 2552503.776250
-2043.456687 2355.765156 6871.936338
UTC=2024-01-05T03:16:02.000000
711870.968893 -6307314.127393 3355182.083112
-2102.203176 3225.909277 6488.703798
UTC=2024-01-05T03:18:02.000000
458444.571726 -5870387.910065 4105763.256452
-2113.739282 4046.836668 6004.788201
UTC=2024-01-05T03:20:02.000000
206430.936543 -5338584.237171 4792605.689522
-2078.872433 4805.025985 5427.782009
UTC=2024-01-05T03:22:02.000000
-38697.922558 -4720192.340573 5405067.149073
-1999.363318 5487.989987 4766.724110
UTC=2024-01-05T03:24:02.000000
-271735.829195 -4024927.468130 5933669.047222
-1877.871181 6084.481037 4031.942849
UTC=2024-01-05T03:26:02.000000
-487846.236505 -3263770.862372 6370241.008442
-1717.884729 6584.675357 3234.881565
UTC=2024-01-05T03:28:02.000000
-682656.910104 -2448789.652708 6708042.930331
-1523.638577 6980.319064 2387.902443
UTC=2024-01-05T03:30:02.000000
-852343.707100 -1592941.550487 6941863.924791
-1300.015866 7264.840805 1504.099805
UTC=2024-01-05T03:32:02.000000
-993702.136235 -709866.719476 7068099.004038
-1052.443034 7433.453295 597.111422
UTC=2024-01-05T03:34:02.000000
-1104205.903423 186331.230383 7084802.091207
-786.777132 7483.229080 -319.086802
UTC=2024-01-05T03:36:02.000000
-1182051.252842 1081311.228708 6991714.245066
-509.182351 7413.143254 -1230.385604
UTC=2024-01-05T03:38:02.000000
-1226186.231990 1960724.423747 6790267.439822
-226.003463 7224.091741 -2122.746212
UTC=2024-01-05T03:40:02.000000
-1236324.755509 2810444.466162 6483563.933367
56.361029 6918.883572 -2982.403096
UTC=2024-01-05T03:42:02.000000
-1212945.470162 3616795.368562 6076331.382999
331.585200 6502.208339 -3796.065474
UTC=2024-01-05T03:44:02.000000
-1157275.323974 4366773.817782 5574853.802387
593.544796 5980.574874 -4551.117152
UTC=2024-01-05T03:46:02.000000
-1071257.899390 5048262.541788 4986879.109006
836.439666 5362.225728 -5235.808238
UTC=2024-01-05T03:48:02.000000
-957507.418802 5650231.834443 4321503.431691
1054.912903 4657.021126 -5839.450626
UTC=2024-01-05T03:50:02.000000
-819248.564580 6162924.390602 3589032.896355
1244.163646 3876.279662 -6352.590615
UTC=2024-01-05T03:52:02.000000
-660244.108125 6578020.714043 2800826.485571
1400.040400 3032.618679 -6767.163046
UTC=2024-01-05T03:54:02.000000
-484711.083405 6888783.209843 1969119.090519
1519.139286 2139.744405 -7076.657712
UTC=2024-01-05T03:56:02.000000
-297226.168538 7090172.049694 1106827.957623
1598.880317 1212.206887 -7276.227792
UTC=2024-01-05T03:58:02.000000
-102623.426614 7178931.670571 227347.751653
1637.561480 265.150786 -7362.775037
UTC=2024-01-05T04:00:02.000000
94113.490035 7153646.459792 -655663.085612
1634.396380 -685.948392 -7335.009563
UTC=2024-01-05T04:02:02.000000
287962.358276 7014763.462707 -1528501.344546
1589.528231 -1625.570279 -7193.474549
UTC=2024-01-05T04:04:02.000000
473973.359482 6764580.805809 -2377637.900917
1504.017233 -2538.428361 -6940.521280
UTC=2024-01-05T04:06:02.000000
647377.704745 6407203.886660 -3189931.715990
1379.814852 -3409.730630 -6580.255641
UTC=2024-01-05T04:08:02.000000
803692.192523 5948470.832106 -3952835.890866
1219.720427 -4225.431343 -6118.458167
UTC=2024-01-05T04:10:02.000000
938817.354093 5395848.560727 -4654592.250755
1027.318261 -4972.467071 -5562.472691
UTC=2024-01-05T04:12:02.000000
1049127.060786 4758302.007845 -5284410.863324
806.898730 -5638.966875 -4921.067687
UTC=2024-01-05T04:14:02.000000
1131547.804713 4046139.955000 -5832631.658637
563.365009 -6214.431447 -4204.278570
UTC=2024-01-05T04:16:02.000000
1183625.992728 3270841.121660 -6290866.530085
302.127772 -6689.884653 -3423.240178
UTC=2024-01-05T04:18:02.000000
1203582.229310 2444863.564387 -6652120.322280
28.993820 -7057.997561 -2590.001501
UTC=2024-01-05T04:20:02.000000
1190351.880186 1581441.611320 -6910889.209043
-249.950528 -7313.173048 -1717.339261
UTC=2024-01-05T04:22:02.000000
1143611.493263 694373.920206 -7063237.282667
-528.458800 -7451.612800 -818.577296
UTC=2024-01-05T04:24:02.000000
1063790.721855 -202195.302530 -7106850.728794
-800.246187 -7471.360874 92.605075
UTC=2024-01-05T04:26:02.000000
952069.467017 -1093998.699941 -7041068.958590
-1059.113920 -7372.320892 1002.365964
UTC=2024-01-05T04:28:02.000000
810360.367935 -1966868.375137 -6866892.666553
-1299.067640 -7156.242993 1896.889303
UTC=2024-01-05T04:30:02.000000
641277.370532 -2806955.909595 -6586970.158211
-1514.432676 -6826.697350 2762.559706
UTC=2024-01-05T04:32:02.000000
448090.237618 -3600949.043940 -6205562.302711
-1699.973188 -6389.041441 3586.150767
UTC=2024-01-05T04:34:02.000000
234665.203380 -4336282.051548 -5728483.682868
-1851.000334 -5850.344416 4355.024699
UTC=2024-01-05T04:36:02.000000
5393.385214 -5001335.413607 -5163021.096881
-1963.471614 -5219.290286 5057.312355
UTC=2024-01-05T04:38:02.000000
-234892.631573 -5585622.967259 -4517830.390223
-2034.086644 -4506.062640 5682.096051
UTC=2024-01-05T04:40:02.000000
-481012.910278 -6079963.417703 -3802811.361875
-2060.368977 -3722.198608 6219.590240
UTC=2024-01-05T04:42:02.000000
-727543.191345 -6476632.436888 -3028961.720745
-2040.732964 -2880.412494 6661.308070
UTC=2024-01-05T04:44:02.000000
-968925.045174 -6769492.317781 -2208212.123420
-1974.535116 -1994.399306 7000.211590
UTC=2024-01-05T04:46:02.000000
-1199581.032185 -6954096.606545 -1353243.814033
-1862.105493 -1078.611573 7230.849897
UTC=2024-01-05T04:48:02.000000
-1414032.340683 -7027766.234636 -477291.356125
-1704.757828 -148.010573 7349.467227
UTC=2024-01-05T04:50:02.000000
-1607016.401228 -6989634.992179 406065.658126
-1504.778942 782.194868 7354.078720
UTC=2024-01-05T04:52:02.000000
-1773601.991631 -6840663.221436 1283118.070755
-1265.397335 1696.816183 7244.514656
UTC=2024-01-05T04:54:02.000000
-1909299.176215 -6583619.088767 2140246.007531
-990.728180 2580.956720 7022.431624
UTC=2024-01-05T04:56:02.000000
-2010161.299814 -6223027.400085 2964136.837677
-685.696543 3420.279719 6691.286046
UTC=2024-01-05T04:58:02.000000
-2072876.615760 -5765086.975559 3741997.623657
-355.941771 4201.262196 6256.269359
UTC=2024-01-05T05:00:02.000000
-2094847.446211 -5217558.902347 4461757.758516
-7.706192 4911.425618 5724.210046
UTC=2024-01-05T05:02:02.000000
-2074255.430820 -4589628.775974 5112258.155465
352.284260 5539.537965 5103.449765
UTC=2024-01-05T05:04:02.000000
-2010111.993043 -3891746.155241 5683424.672557
716.948383 6075.794317 4403.703835
UTC=2024-01-05T05:06:02.000000
-1902292.577711 -3135443.530991 6166422.971228
1078.991210 6511.972410 3635.889225
UTC=2024-01-05T05:08:02.000000
-1751553.673639 -2333139.549040 6553791.541516
1431.047001 6841.540272 2811.938838
UTC=2024-01-05T05:10:02.000000
-1559533.006028 -1497931.164460 6839552.638366
1765.816888 7059.737164 1944.618380
UTC=2024-01-05T05:12:02.000000
-1328733.348829 -643376.960164 7019300.624224
2076.204760 7163.637803 1047.328863
UTC=2024-01-05T05:14:02.000000
-1062490.191894 216724.839561 7090265.709857
2355.450096 7152.173833 133.901073
UTC=2024-01-05T05:16:02.000000
-764923.504356 1068559.286036 7051354.050399
2597.260968 7026.134432 -781.596496
UTC=2024-01-05T05:18:02.000000
-440873.687794 1898516.777557 6903164.001702
2795.942524 6788.146726 -1685.063615
UTC=2024-01-05T05:20:02.000000
-95822.784119 2693410.886557 6647977.519105
2946.514338 6442.625763 -2562.574859
UTC=2024-01-05T05:22:02.000000
264197.714174 3440688.548433 6289727.019832
3044.815705 5995.698662 -3400.580778
UTC=2024-01-05T05:24:02.000000
632710.953336 4128630.142783 5833938.310725
3087.599610 5455.110945 -4186.108076
UTC=2024-01-05T05:26:02.000000
1002909.502733 4746536.612820 5287649.522745
3072.616205 4830.104570 -4906.956671
UTC=2024-01-05T05:28:02.000000
1367779.231923 5284900.742801 4659306.681272
2998.679499 4131.274886 -5551.894415
UTC=2024-01-05T05:30:02.000000
1720229.792650 5735559.187897 3958636.469056
2865.711401 3370.393772 -6110.835265
UTC=2024-01-05T05:32:02.000000
2053229.874660 6091822.951611 3196499.183874
2674.779027 2560.231155 -6575.002319
UTC=2024-01-05T05:34:02.000000
2359945.140678 6348584.689435 2384720.611423
2428.094003 1714.337412 -6937.105610
UTC=2024-01-05T05:36:02.000000
2633874.289766 6502397.886057 1535905.806041
2128.991187 846.801895 -7191.467138
UTC=2024-01-05T05:38:02.000000
2868981.353927 6551526.343360 663239.043836
1781.880139 -28.002601 -7334.124501
UTC=2024-01-05T05:40:02.000000
3059820.480776 6495962.927893 -219726.149870
1392.173667 -895.672863 -7362.894613
UTC=2024-01-05T05:42:02.000000
3201651.236017 6337418.033976 -1099283.132198
966.198994 -1742.029660 -7277.412217
UTC=2024-01-05T05:44:02.000000
3290541.744424 6079277.432989 -1961790.735537
511.084455 -2553.369694 -7079.131057
UTC=2024-01-05T05:46:02.000000
3323457.223964 5726530.828295 -2793890.050691
34.630471 -3316.703166 -6771.294236
UTC=2024-01-05T05:48:02.000000
3298332.030694 5285672.433897 -3582715.670853
-454.836978 -4019.980896 -6358.869528
UTC=2024-01-05T05:50:02.000000
3214123.263472 4764575.726911 -4316096.742192
-948.624600 -4652.294311 -5848.444923
UTC=2024-01-05T05:52:02.000000
3070845.293299 4172346.474936 -4982743.929641
-1437.831600 -5204.039165 -5248.102222
UTC=2024-01-05T05:54:02.000000
2869584.925437 3519157.565369 -5572420.127316
-1913.511149 -5667.055014 -4567.270452
UTC=2024-01-05T05:56:02.000000
2612497.494631 2816068.917140 -6076092.440711
-2366.827823 -6034.734188 -3816.562393
UTC=2024-01-05T05:58:02.000000
2302783.947309 2074836.157686 -6486063.721630
-2789.215979 -6302.099467 -3007.597075
UTC=2024-01-05T06:00:02.000000
1944649.506034 1307711.921745 -6796082.115330
-3172.526430 -6465.849434 -2152.812382
UTC=2024-01-05T06:02:02.000000
1543245.485579 527243.512909 -7001428.234858
-3509.162862 -6524.375306 -1265.281488
UTC=2024-01-05T06:04:02.000000
1104594.759958 -253930.205188 -7098980.552419
-3792.218111 -6477.758385 -358.531081
UTC=2024-01-05T06:06:02.000000
635501.290848 -1023280.600104 -7087258.178608
-4015.600333 -6327.747848 553.655016
UTC=2024-01-05T06:08:02.000000
143445.772081 -1768586.378272 -6966440.084897
-4174.139340 -6077.706130 1457.426254
UTC=2024-01-05T06:10:02.000000
-363531.019887 -2478123.276492 -6738362.547464
-4263.687539 -5732.544078 2339.040793
UTC=2024-01-05T06:12:02.000000
-876956.811073 -3140845.797016 -6406494.877509
-4281.214759 -5298.648617 3185.057333
UTC=2024-01-05T06:14:02.000000
-1388066.403493 -3746558.145958 -5975891.500047
-4224.879806 -4783.775004 3982.528490
UTC=2024-01-05T06:16:02.000000
-1887948.090951 -4286071.411064 -5453121.993151
-4094.091393 -4196.929223 4719.179485
UTC=2024-01-05T06:18:02.000000
-2367696.665556 -4751345.989240 -4846179.236311
-3889.555384 -3548.236244 5383.595167
UTC=2024-01-05T06:20:02.000000
-2818570.800791 -5135616.525718 -4164364.931288
-3613.298851 -2848.779673 5965.407125
UTC=2024-01-05T06:22:02.000000
-3232151.625602 -5433496.262709 -3418153.510242
-3268.666432 -2110.421558 6455.465473
UTC=2024-01-05T06:24:02.000000
-3600499.516457 -5641059.059149 -2619036.338665
-2860.294855 -1345.610072 6845.996615
UTC=2024-01-05T06:26:02.000000
-3916306.398031 -5755897.356743 -1779347.729416
-2394.062279 -567.170711 7130.747590
UTC=2024-01-05T06:28:02.000000
-4173040.149341 -5777154.241226 -912074.798341
-1877.006955 211.915858 7305.109698
UTC=2024-01-05T06:30:02.000000
-4365077.442374 -5705528.296824 -30654.177232
-1317.216661 978.743969 7366.212572
UTC=2024-01-05T06:32:02.000000
-4487821.885553 -5543250.745178 851240.569048
-723.695254 1720.713520 7312.985418
UTC=2024-01-05T06:34:02.000000
-4537804.836797 -5294035.038766 1719917.019278
-106.206628 2425.758637 7146.186437
UTC=2024-01-05T06:36:02.000000
-4512766.125712 -4962999.440544 2561883.070017
524.902506 3082.566277 6868.390487
UTC=2024-01-05T06:38:02.000000
-4411712.871714 -4556564.704858 3364062.309808
1158.888957 3680.772140 6483.940432
UTC=2024-01-05T06:40:02.000000
-4234955.501339 -4082329.552498 4114001.848652
1784.807268 4211.135085 5998.870252
UTC=2024-01-05T06:42:02.000000
-3984119.961288 -3548926.447328 4800069.098186
2391.711363 4665.690733 5420.796256
UTC=2024-01-05T06:44:02.000000
-3662135.838600 -2965860.743001 5411633.288919
2968.851731 5037.871734 4758.773650
UTC=2024-01-05T06:46:02.000000
-3273201.461071 -2343337.753666 5939228.865582
3505.863078 5322.591042 4023.140684
UTC=2024-01-05T06:48:02.000000
-2822726.852393 -1692081.390383 6374699.585926
3992.945265 5516.300687 3225.352228
UTC=2024-01-05T06:50:02.000000
-2317255.451084 -1023146.892386 6711321.758039
4421.036436 5617.030892 2377.797126
UTC=2024-01-05T06:52:02.000000
-1764365.517522 -347730.608748 6943904.253488
4781.976949 5624.396924 1493.593196
UTC=2024-01-05T06:54:02.000000
-1172553.511210 323018.398252 7068863.350330
5068.642940 5539.564147 586.381264
UTC=2024-01-05T06:56:02.000000
-551102.560407 978181.820836 7084274.323695
5275.067775 5365.205609 -329.862092
UTC=2024-01-05T06:58:02.000000
90063.504400 1607249.717634 6989899.662680
5396.557106 5105.442046 -1241.027474
UTC=2024-01-05T07:00:02.000000
740538.748811 2200289.403208 6787192.641397
5429.784681 4765.757610 -2133.079455
UTC=2024-01-05T07:02:02.000000
1389603.980978 2748102.759035 6479276.015551
5372.866048 4352.891510 -2992.261744
UTC=2024-01-05T07:04:02.000000
2026403.129466 3242369.765622 6070896.766564
5225.411845 3874.719004 -3805.292874
UTC=2024-01-05T07:06:02.000000
2640125.039610 3675777.103774 5568357.314676
4988.564895 3340.119686 -4559.563451
UTC=2024-01-05T07:08:02.000000
3220188.567573 4042129.787418 4979422.782289
4665.015310 2758.825245 -5243.338657
UTC=2024-01-05T07:10:02.000000
3756427.117571 4336443.024250 4313204.347179
4258.975228 2141.244382 -5845.946899
UTC=2024-01-05T07:12:02.000000
4239268.878389 4555013.218276 3580021.958061
3776.139957 1498.293784 -6357.941728
UTC=2024-01-05T07:14:02.000000
4659911.999126 4695467.873703 2791246.394349
3223.629855 841.205193 -6771.286444
UTC=2024-01-05T07:16:02.000000
5010488.221638 4756790.584930 1959120.968894
2609.863703 181.316530 -7079.492743
UTC=2024-01-05T07:18:02.000000
5284211.555477 4739322.078463 1096569.222914
1944.438399 -470.126197 -7277.730738
UTC=2024-01-05T07:20:02.000000
5475510.586466 4644736.648432 216989.653761
1237.969289 -1102.176995 -7362.927803
UTC=2024-01-05T07:22:02.000000
5580139.167987 4475993.955234 -665958.896984
501.895626 -1704.391825 -7333.821967
UTC=2024-01-05T07:24:02.000000
5595263.301198 4237267.458442 -1538575.530041
-251.720231 -2267.014218 -7190.974389
UTC=2024-01-05T07:26:02.000000
5519523.253415 3933851.496938 -2387335.481430
-1010.406426 -2781.146492 -6936.753793
UTC=2024-01-05T07:28:02.000000
5353069.269918 3572049.019530 -3199104.245182
-1761.506145 -3238.898549 -6575.284251
UTC=2024-01-05T07:30:02.000000
5097570.310859 3159043.137084 -3961343.542316
-2492.401307 -3633.509396 -6112.363182
UTC=2024-01-05T07:32:02.000000
4756196.037629 2702755.365420 -4662305.961147
-3190.735409 -3959.449057 -5555.353289
UTC=2024-01-05T07:34:02.000000
4333572.407868 2211692.922434 -5291214.435074
-3844.627079 -4212.494714 -4913.038279
UTC=2024-01-05T07:36:02.000000
3835712.800140 1694789.313891 -5838423.371887
-4442.865719 -4389.768763 -4195.465462
UTC=2024-01-05T07:38:02.000000
3269926.397604 1161241.823390 -6295560.336116
-4975.094544 -4489.752974 -3413.777839
UTC=2024-01-05T07:40:02.000000
2644705.522108 620348.637059 -6655646.716079
-5431.976854 -4512.280225 -2580.031034
UTC=2024-01-05T07:42:02.000000
1969594.600296 81348.567671 -6913195.928275
-5805.335649 -4458.499812 -1707.006094
UTC=2024-01-05T07:44:02.000000
1255043.545384 -446734.062753 -7064289.686191
-6088.277116 -4330.828295 -808.030649
UTC=2024-01-05T07:46:02.000000
512246.424490 -955237.834031 -7106632.327347
-6275.309875 -4132.884189 103.213441
UTC=2024-01-05T07:48:02.000000
-247032.200648 -1436003.255169 -7039581.389189
-6362.429036 -3869.398704 1012.884824
UTC=2024-01-05T07:50:02.000000
-1010639.975187 -1881500.592435 -6864156.070352
-6347.188091 -3546.120556 1907.160749
UTC=2024-01-05T07:52:02.000000
-1766227.585955 -2284945.942060 -6583023.678389
-6228.758306 -3169.712625 2772.428453
UTC=2024-01-05T07:54:02.000000
-2501444.974469 -2640403.708516 -6200462.815400
-6007.959197 -2747.629050 3595.476105
UTC=2024-01-05T07:56:02.000000
-3204140.089037 -2942873.902248 -5722304.542329
-5687.273234 -2287.988014 4363.671030
UTC=2024-01-05T07:58:02.000000
-3862558.785568 -3188364.003696 -5155851.805016
-5270.847594 -1799.438964 5065.147182
UTC=2024-01-05T08:00:02.000000
-4465542.903093 -3373943.831467 -4509775.777438
-4764.459097 -1291.011840 5688.997159
UTC=2024-01-05T08:02:02.000000
-5002722.185317 -3497781.756904 -3793990.258969
-4175.450425 -771.959591 6225.446304
UTC=2024-01-05T08:04:02.000000
-5464697.166222 -3559161.854507 -3019505.612053
-3512.641126 -251.596880 6666.020396
UTC=2024-01-05T08:06:02.000000
-5843209.381846 -3558481.323496 -2198263.247645
-2786.204968 260.867134 7003.700439
UTC=2024-01-05T08:08:02.000000
-6131294.812100 -3497227.694505 -1342952.845106
-2007.514334 756.496903 7233.053755
UTC=2024-01-05T08:10:02.000000
-6323417.191798 -3377936.167123 -466815.341772
-1188.960064 1226.794035 7350.341291
UTC=2024-01-05T08:12:02.000000
-6415577.988770 -3204127.577230 416565.254153
-343.744413 1663.854584 7353.594522
UTC=2024-01-05T08:14:02.000000
-6405400.383851 -2980228.288364 1293477.605891
514.346869 2060.513776 7242.665609
UTC=2024-01-05T08:16:02.000000
-6292184.276163 -2711473.336546 2150302.634856
1371.197333 2410.479240 7019.237483
UTC=2024-01-05T08:18:02.000000
-6076930.612805 -2403794.850763 2973731.375921
2212.613465 2708.440752 6686.786846
UTC=2024-01-05T08:20:02.000000
-5762335.986162 -2063698.991964 3750976.916965
3024.570619 2950.154413 6250.527217
UTC=2024-01-05T08:22:02.000000
-5352756.704023 -1698133.613581 4469977.809072
3793.474052 3132.511685 5717.315376
UTC=2024-01-05T08:24:02.000000
-4854142.723568 -1314349.533272 5119587.217754
4506.393978 3253.574649 5095.514281
UTC=2024-01-05T08:26:02.000000
-4273945.128813 -919759.449500 5689745.033937
5151.275376 3312.582909 4394.848572
UTC=2024-01-05T08:28:02.000000
-3620998.996286 -521797.000909 6171632.126442
5717.139901 3309.945064 3626.248288
UTC=2024-01-05T08:30:02.000000
-2905382.731146 -127778.064684 6557804.233220
6194.272503 3247.207484 2801.665711
UTC=2024-01-05T08:32:02.000000
-2138256.753685 255232.434801 6842302.865319
6574.377821 3126.994364 1933.878458
UTC=2024-01-05T08:34:02.000000
-1331685.329358 620545.419089 7020742.608401
6850.706380 2952.932902 1036.294152
UTC=2024-01-05T08:36:02.000000
-498444.593615 961963.159731 7090374.790931
7018.158602 2729.569513 122.750718
UTC=2024-01-05T08:38:02.000000
348180.595909 1273883.686066 7050127.079534
7073.367329 2462.269432 -792.684217
UTC=2024-01-05T08:40:02.000000
1194608.462130 1551392.526287 6900618.972962
7014.759621 2157.106466 -1695.915288
UTC=2024-01-05T08:42:02.000000
2027178.084589 1790340.489261 6644152.781509
6842.592888 1820.739992 -2573.024648
UTC=2024-01-05T08:44:02.000000
2832369.887313 1987406.146877 6284680.397815
6558.965902 1460.284873 -3410.469657
UTC=2024-01-05T08:46:02.000000
3597026.404789 2140142.508075 5827746.334333
6167.811189 1083.176942 -4195.284007
UTC=2024-01-05T08:48:02.000000
4308569.953998 2247007.061076 5280406.250814
5674.848258 697.031575 -4915.280055
UTC=2024-01-05T08:50:02.000000
4955212.866314 2307374.945272 4651122.430045
5087.511815 309.504293 -5559.231547
UTC=2024-01-05T08:52:02.000000
5526158.421319 2321535.224460 3949637.460214
4414.866251 -71.853263 -6117.058833
UTC=2024-01-05T08:54:02.000000
6011788.738658 2290669.351549 3186824.908066
3667.463879 -439.744038 -6580.019677
UTC=2024-01-05T08:56:02.000000
6403832.629952 2216812.267214 2374520.400176
2857.171416 -787.261995 -6940.842855
UTC=2024-01-05T08:58:02.000000
6695513.120191 2102797.557260 1525336.941685
1996.990182 -1108.024684 -7193.865491
UTC=2024-01-05T09:00:02.000000
6881670.107569 1952186.853381 652464.998616
1100.827060 -1396.299757 -7335.139850
UTC=2024-01-05T09:02:02.000000
6958854.624895 1769185.371597 -230537.741307
183.252453 -1647.109319 -7362.503400
UTC=2024-01-05T09:04:02.000000
6925392.857036 1558545.664953 -1109963.410673
-740.763468 -1856.323584 -7275.617310
UTC=2024-01-05T09:06:02.000000
6781418.263978 1325461.066826 -1972172.567081
-1656.111701 -2020.736583 -7075.958090
UTC=2024-01-05T09:08:02.000000
6528872.615740 1075451.500152 -2803810.818443
-2547.809132 -2138.117706 -6766.792955
UTC=2024-01-05T09:10:02.000000
6171474.421208 814244.574282 -3592020.000717
-3401.269475 -2207.238592 -6353.110231
UTC=2024-01-05T09:12:02.000000
5714656.176062 547654.800794 -4324638.986014
-4202.553584 -2227.878604 -5841.520177
UTC=2024-01-05T09:14:02.000000
5165472.324025 281463.346629 -4990390.828518
-4938.604946 -2200.809587 -5240.124447
UTC=2024-01-05T09:16:02.000000
4532480.790368 21301.022789 -5579052.682235
-5597.453652 -2127.757480 -4558.363875
UTC=2024-01-05T09:18:02.000000
3825601.599825 -227462.962358 -6081607.061723
-6168.396306 -2011.345951 -3806.859750
UTC=2024-01-05T09:20:02.000000
3055954.994102 -459824.732854 -6490373.400725
-6642.158294 -1855.027418 -2997.242211
UTC=2024-01-05T09:22:02.000000
2235681.592956 -671240.220664 -6799117.696551
-7011.026027 -1662.997469 -2141.958448
UTC=2024-01-05T09:24:02.000000
1377749.063216 -857708.692661 -7003139.431077
-7268.944282 -1440.099958 -1254.089867
UTC=2024-01-05T09:26:02.000000
495747.747553 -1015844.461962 -7099336.794533
-7411.603253 -1191.723028 -347.167939
UTC=2024-01-05T09:28:02.000000
-396322.604791 -1142935.330201 -7086248.971210
-7436.495634 -923.684467 565.020567
UTC=2024-01-05T09:30:02.000000
-1284271.190707 -1236987.373339 -6964075.716383
-7342.949659 -642.118396 1468.616662
UTC=2024-01-05T09:32:02.000000
-2153937.835903 -1296755.740036 -6734674.692333
-7132.148059 -353.354581 2349.880379
UTC=2024-01-05T09:34:02.000000
-2991414.975157 -1321760.687109 -6401535.492234
-6807.113020 -63.794542 3195.383448
UTC=2024-01-05T09:36:02.000000
-3783266.458723 -1312288.928153 -5969731.688101
-6372.674667 220.208727 3992.183488
UTC=2024-01-05T09:38:02.000000
-4516742.404134 -1269380.550353 -5445851.428234
-5835.430242 492.472830 4728.013179
UTC=2024-01-05T09:40:02.000000
-5179986.588881 -1194801.147684 -4837904.769317
-5203.660283 747.108122 5391.471622
UTC=2024-01-05T09:42:02.000000
-5762232.153049 -1090999.678267 -4155209.000222
-4487.220686 978.633863 5972.201715
UTC=2024-01-05T09:44:02.000000
-6253983.017414 -961052.637004 -3408252.898403
-3697.410277 1182.090099 6461.064515
UTC=2024-01-05T09:46:02.000000
-6647177.257355 -808595.173582 -2608540.531226
-2846.801818 1353.142323 6850.302898
UTC=2024-01-05T09:48:02.000000
-6935328.353786 -637740.415328 -1768416.740081
-1949.044793 1488.172665 7133.682774
UTC=2024-01-05T09:50:02.000000
-7113641.618785 -452988.652454 -900876.847210
-1018.648130 1584.358983 7306.616686
UTC=2024-01-05T09:52:02.000000
-7179102.344270 -259127.577328 -19362.627167
-70.723672 1639.742556 7366.263189
UTC=2024-01-05T09:54:02.000000
-7130532.046266 -61125.965253 862450.546923
879.279700 1653.268923 7311.576525
UTC=2024-01-05T09:56:02.000000
-6968613.117064 135976.275697 1730871.133189
1815.842544 1624.809083 7143.335483
UTC=2024-01-05T09:58:02.000000
-6695880.529129 327179.504740 2572410.360845
2723.654205 1555.161940 6864.136181
UTC=2024-01-05T10:00:02.000000
-6316680.258659 507634.850103 3373997.974905
3587.887208 1446.036627 6478.347404
UTC=2024-01-05T10:02:02.000000
-5837095.257436 672751.269251 4123190.417329
4394.461710 1300.012745 5992.028327
UTC=2024-01-05T10:04:02.000000
-5264841.109932 818296.589850 4808367.067693
5130.285043 1120.480435 5412.814653
UTC=2024-01-05T10:06:02.000000
-4609134.302177 940490.357416 5418911.370416
5783.468360 911.564282 4749.779696
UTC=2024-01-05T10:08:02.000000
-3880536.394059 1036086.714317 5945374.059972
6343.511427 678.033641 4013.278646
UTC=2024-01-05T10:10:02.000000
-3090777.330243 1102445.706477 6379617.114257
6801.466580 425.199265 3214.780443
UTC=2024-01-05T10:12:02.000000
-2252560.712757 1137591.637989 6714936.401672
7150.074373 158.802857 2366.682356
UTC=2024-01-05T10:14:02.000000
-1379354.459107 1140257.851534 6946161.142047
7383.869780 -115.100798 1482.108247
UTC=2024-01-05T10:16:02.000000
-485171.244741 1109916.786068 7069728.807401
7499.246770 -390.268910 574.705791
UTC=2024-01-05T10:18:02.000000
415657.257966 1046795.013236 7083736.262221
7494.500305 -660.396613 -341.549093
UTC=2024-01-05T10:20:02.000000
1308709.999883 951873.121950 6987967.187472
7369.847160 -919.242576 -1252.552400
UTC=2024-01-05T10:22:02.000000
2179707.106695 826870.563776 6783895.307470
7127.420239 -1160.754755 -2144.274299
UTC=2024-01-05T10:24:02.000000
3014738.222030 674215.477967 6474663.498762
6771.238917 -1379.193990 -3002.958640
UTC=2024-01-05T10:26:02.000000
3800486.082162 496999.910583 6065038.724406
6307.156739 -1569.253787 -3815.328359
UTC=2024-01-05T10:28:02.000000
4524441.591235 298921.048970 5561342.341148
5742.772986 -1726.173450 -4568.786028
UTC=2024-01-05T10:30:02.000000
5175106.912062 84209.183049 4971357.004575
5087.322304 -1845.845588 -5251.605975
UTC=2024-01-05T10:32:02.000000
5742183.860450 -142456.474285 4304210.667802
4351.539133 -1924.909780 -5853.123324
UTC=2024-01-05T10:34:02.000000
6216744.198785 -376042.239789 3570238.351173
3547.491358 -1960.830728 -6363.914031
UTC=2024-01-05T10:36:02.000000
6591378.204703 -611263.117602 2780823.149391
2688.384357 -1951.964817 -6775.960519
UTC=2024-01-05T10:38:02.000000
6860317.764536 -842692.876776 1948218.525521
1788.332845 -1897.608259 -7082.794983
UTC=2024-01-05T10:40:02.000000
7019531.107834 -1064878.710543 1085355.483501
862.120829 -1798.024466 -7279.609655
UTC=2024-01-05T10:42:02.000000
7066788.218126 -1272457.840971 205637.704611
-75.050113 -1654.450146 -7363.347909
UTC=2024-01-05T10:44:02.000000
7001694.550165 -1460273.723845 -677272.840395
-1007.838868 -1469.080914 -7332.767575
UTC=2024-01-05T10:46:02.000000
6825690.865070 -1623488.871316 -1549674.683772
-1921.041891 -1245.030741 -7188.452247
UTC=2024-01-05T10:48:02.000000
6542020.717862 -1757691.801614 -2398045.458262
-2799.861677 -986.274222 -6932.797540
UTC=2024-01-05T10:50:02.000000
6155665.834666 -1858995.795184 -3209256.340077
-3630.167463 -697.568454 -6569.954832
UTC=2024-01-05T10:52:02.000000
5673251.645131 -1924127.279838 -3970777.863454
-4398.732667 -384.358230 -6105.745349
UTC=2024-01-05T10:54:02.000000
5102925.728849 -1950501.911672 -4670873.804045
-5093.448208 -52.666986 -5547.547959
UTC=2024-01-05T10:56:02.000000
4454212.097646 -1936287.092039 -5298780.231620
-5703.512450 291.019601 -4904.164227
UTC=2024-01-05T10:58:02.000000
3737844.163021 -1880450.035848 -5844866.882648
-6219.594393 639.878641 -4185.658376
UTC=2024-01-05T11:00:02.000000
2965580.502842 -1782790.338881 -6300778.208032
-6633.955984 986.882290 -3403.182228
UTC=2024-01-05T11:02:02.000000
2150008.051390 -1643956.565533 -6659553.524794
-6940.543525 1324.931055 -2568.803170
UTC=2024-01-05T11:04:02.000000
1304335.136192 -1465446.872940 -6915726.047775
-7135.064101 1646.986394 -1695.318912
UTC=2024-01-05T11:06:02.000000
442177.544213 -1249593.997739 -7065398.779167
-7215.023582 1946.198227 -796.064276
UTC=2024-01-05T11:08:02.000000
-422658.503263 -999534.972573 -7106297.845676
-7179.742764 2216.032724 115.275515
UTC=2024-01-05T11:10:02.000000
-1276393.816241 -719165.842943 -7037803.244368
-7030.349033 2450.393492 1024.851530
UTC=2024-01-05T11:12:02.000000
-2105491.854350 -413081.890228 -6860957.210164
-6769.752617 2643.742636 1918.841672
UTC=2024-01-05T11:14:02.000000
-2896869.622488 -86503.910255 -6578449.328407
-6402.590876 2791.209996 2783.642822
UTC=2024-01-05T11:16:02.000000
-3638100.660650 254808.067739 -6194579.548387
-5935.156887 2888.695226 3606.048046
UTC=2024-01-05T11:18:02.000000
-4317609.186632 604652.952603 -5715199.558475
-5375.319234 2932.962164 4373.435180
UTC=2024-01-05T11:20:02.000000
-4924852.438789 956497.207603 -5147631.058594
-4732.405331 2921.718644 5073.955117
UTC=2024-01-05T11:22:02.000000
-5450488.179592 1303592.580841 -4500562.441803
-4017.073256 2853.689801 5696.710407
UTC=2024-01-05T11:24:02.000000
-5886525.009182 1639101.734240 -3783923.269852
-3241.148811 2728.672084 6231.941454
UTC=2024-01-05T11:26:02.000000
-6226451.481697 1956228.697738 -3008737.676346
-2417.440063 2547.561894 6671.191557
UTC=2024-01-05T11:28:02.000000
-6465341.937211 2248351.703480 -2186958.730252
-1559.532686 2312.366398 7007.458887
UTC=2024-01-05T11:30:02.000000
-6599936.492303 2509156.108977 -1331285.666056
-681.564798 2026.193321 7235.329943
UTC=2024-01-05T11:32:02.000000
-6628692.885946 2732764.481688 -454966.371057
202.016361 1693.213209 7351.089837
UTC=2024-01-05T11:34:02.000000
-6551808.301482 2913860.600969 428411.524913
1076.711158 1318.596758 7352.801263
UTC=2024-01-05T11:36:02.000000
-6371209.887143 3047804.656161 1305136.782483
1928.229446 908.431295 7240.345082
UTC=2024-01-05T11:38:02.000000
-6090514.249996 3130737.175772 2161593.526346
2742.746218 469.615232 7015.428337
UTC=2024-01-05T11:40:02.000000
-5714956.681362 3159668.850349 2984478.909646
3507.147121 9.730847 6681.552893
UTC=2024-01-05T11:42:02.000000
-5251292.201147 3132554.370180 3761015.155445
4209.254972 -463.095853 6243.955537
UTC=2024-01-05T11:44:02.000000
-4707670.141314 3048348.414069 4479152.277616
4838.040742 -940.350605 5709.509482
UTC=2024-01-05T11:46:02.000000
-4093485.513185 2907042.836105 5127756.890141
5383.798373 -1413.287770 5086.595519
UTC=2024-01-05T11:48:02.000000
-3419211.286103 2709684.856753 5696784.716517
5838.290577 -1873.090251 4384.959703
UTC=2024-01-05T11:50:02.000000
-2696214.379082 2458375.951210 6177434.892115
6194.873791 -2311.031839 3615.549670
UTC=2024-01-05T11:52:02.000000
-1936558.736981 2156251.093463 6562283.147605
6448.586289 -2718.640185 2790.329761
UTC=2024-01-05T11:54:02.000000
-1152799.784927 1807438.934403 6845392.183155
6596.204396 -3087.851350 1922.084345
UTC=2024-01-05T11:56:02.000000
-357774.587552 1417003.981225 7022398.086174
6636.258578 -3411.155314 1024.220744
UTC=2024-01-05T11:58:02.000000
435608.830132 990871.796637 7090573.628922
6569.034570 -3681.733176 110.576365
UTC=2024-01-05T12:00:02.000000
1214581.051041 535738.351881 7048867.731834
6396.550371 -3893.583944 -804.784144
UTC=2024-01-05T12:02:02.000000
1966716.414043 58964.781712 6897920.683881
6122.507487 -4041.641228 -1707.769141
UTC=2024-01-05T12:04:02.000000
2680131.113491 -431541.309765 6640055.418855
5752.222302 -4121.880544 -2584.459753
UTC=2024-01-05T12:06:02.000000
3343671.897312 -927456.559545 6279244.554669
5292.537687 -4131.410522 -3421.314361
UTC=2024-01-05T12:08:02.000000
3947092.768171 -1420182.479844 5821052.904609
4751.710869 -4068.548963 -4205.371868
UTC=2024-01-05T12:10:02.000000
4481216.615832 -1900994.306779 5272555.685281
4139.274253 -3932.880794 -4924.452206
UTC=2024-01-05T12:12:02.000000
4938079.035122 -2361195.317657 4642233.506183
3465.880646 -3725.292976 -5567.342735
UTC=2024-01-05T12:14:02.000000
5311052.794292 -2792274.344106 3939845.226368
2743.132856 -3447.991996 -6123.982826
UTC=2024-01-05T12:16:02.000000
5594950.234311 -3186063.756912 3176278.821987
1983.385661 -3104.492326 -6585.642633
UTC=2024-01-05T12:18:02.000000
5786100.445252 -3534894.200141 2363382.240354
1199.526041 -2699.575317 -6945.074912
UTC=2024-01-05T12:20:02.000000
5882399.688831 -3831743.078134 1513777.878495
404.749098 -2239.226738 -7196.638902
UTC=2024-01-05T12:22:02.000000
5883334.511432 -4070373.937948 640663.035983
-387.676250 -1730.544235 -7336.408907
UTC=2024-01-05T12:24:02.000000
5789976.183807 -4245462.769751 -242400.298686
-1164.645103 -1181.617206 -7362.241213
UTC=2024-01-05T12:26:02.000000
5604947.003997 -4352709.051762 -1121702.186043
-1913.451888 -601.387766 -7273.817623
UTC=2024-01-05T12:28:02.000000
5332358.480101 -4388928.257923 -1983604.120299
-2622.018125 0.513974 -7072.643636
UTC=2024-01-05T12:30:02.000000
4977723.244402 -4352124.135619 -2814756.063646
-3279.103858 613.943654 -6762.012288
UTC=2024-01-05T12:32:02.000000
4547842.918919 -4241539.479752 -3602307.091827
-3874.495432 1228.426314 -6346.935585
UTC=2024-01-05T12:34:02.000000
4050674.744965 -4057684.327020 -4334106.011444
-4399.171199 1833.347963 -5834.044004
UTC=2024-01-05T12:36:02.000000
3495180.200990 -3802341.289472 -4998888.149970
-4845.435633 2418.144544 -5231.459644
UTC=2024-01-05T12:38:02.000000
2891159.205194 -3478548.303646 -5586445.553931
-5207.024996 2972.488175 -4548.645023
UTC=2024-01-05T12:40:02.000000
2249073.770701 -3090559.765085 -6087777.771353
-5479.176653 3486.459881 -3796.234446
UTC=2024-01-05T12:42:02.000000
1579865.194439 -2643787.723596 -6495222.487615
-5658.671200 3950.711379 -2985.868270
UTC=2024-01-05T12:44:02.000000
894767.057857 -2144723.619675 -6802565.791951
-5743.858544 4356.627652 -2130.013900
UTC=2024-01-05T12:46:02.000000
205117.013106 -1600841.309591 -7005129.579028
-5734.650253 4696.471879 -1241.768066
UTC=2024-01-05T12:48:02.000000
-477828.761020 -1020484.107632 -7099835.544862
-5632.485145 4963.509820 -334.666207
UTC=2024-01-05T12:50:02.000000
-1143075.854602 -412737.598602 -7085246.752121
-5440.278183 5152.122387 577.501396
UTC=2024-01-05T12:52:02.000000
-1780065.219463 212710.455941 -6961586.984073
-5162.357874 5257.908206 1480.878792
UTC=2024-01-05T12:54:02.000000
-2378837.748604 845721.527001 -6730737.145297
-4804.378555 5277.768900 2361.733834
UTC=2024-01-05T12:56:02.000000
-2930187.365056 1475867.135747 -6396209.417556
-4373.218763 5209.980904 3206.641384
UTC=2024-01-05T12:58:02.000000
-3425801.395192 2092597.288493 -5963099.410508
-3876.870662 5054.250704 4002.666563
UTC=2024-01-05T13:00:02.000000
-3858386.933982 2685414.734068 -5438016.215753
-3324.316188 4811.756016 4737.551509
UTC=2024-01-05T13:02:02.000000
-4221781.262555 3244052.810764 -4828989.569237
-2725.384082 4485.162602 5399.908684
UTC=2024-01-05T13:04:02.000000
-4511043.754203 3758653.556410 -4145354.224764
-2090.584836 4078.612322 5979.404251
UTC=2024-01-05T13:06:02.000000
-4722527.135323 4219942.978743 -3397613.413836
-1430.934367 3597.688451 6466.924386
UTC=2024-01-05T13:08:02.000000
-4853927.368750 4619400.587183 -2597282.726415
-757.772229 3049.352438 6854.736480
UTC=2024-01-05T13:10:02.000000
-4904310.773157 4949419.309639 -1756715.600868
-82.565390 2441.849071 7136.630071
UTC=2024-01-05T13:12:02.000000
-4874117.515642 5203452.710774 -888913.258368
583.289237 1784.588513 7308.038264
UTC=2024-01-05T13:14:02.000000
-4765140.821281 5376146.176695 -7321.175291
1228.673590 1087.996143 7366.137340
UTC=2024-01-05T13:16:02.000000
-4580481.014118 5463448.054769 874383.848079
1842.951230 363.332145 7309.901691
UTC=2024-01-05T13:18:02.000000
-4324476.638130 5462698.535074 1742511.674360
2416.154644 -377.501739 7140.137933
UTC=2024-01-05T13:20:02.000000
-4002612.691186 5372693.491853 2583578.523545
2939.172278 -1122.182574 6859.472562
UTC=2024-01-05T13:22:02.000000
-3621408.086677 5193721.789076 3384522.522700
3403.908382 -1858.187465 6472.299179
UTC=2024-01-05T13:24:02.000000
-3188285.600982 4927575.859802 4132910.949676
3803.413395 -2573.016520 5984.694231
UTC=2024-01-05T13:26:02.000000
-2711427.763028 4577535.708222 4817136.087811
4131.990700 -3254.413988 5404.311153
UTC=2024-01-05T13:28:02.000000
-2199621.310078 4148326.365785 5426596.546498
4385.277448 -3890.587299 4740.243980
UTC=2024-01-05T13:30:02.000000
-1662093.748910 3646049.804338 5951860.847649
4560.296953 -4470.413129 4002.868762
UTC=2024-01-05T13:32:02.000000
-1108345.316524 3078093.068407 6384810.710047
4655.481536 -4983.627253 3203.665609
UTC=2024-01-05T13:34:02.000000
-547980.036016 2453014.633944 6718762.301088
4670.665466 -5420.996235 2355.029493
UTC=2024-01-05T13:36:02.000000
9460.833321 1780411.806808 6948564.655490
4607.054838 -5774.463545 1470.082760
UTC=2024-01-05T13:38:02.000000
554661.047164 1070770.929143 7070675.414088
4467.184301 -6037.289901 562.478073
UTC=2024-01-05T13:40:02.000000
1078684.824591 335302.336213 7083211.997569
4254.846939 -6204.164463 -353.807138
UTC=2024-01-05T13:42:02.000000
1573122.831887 -414236.802299 6985978.855627
3975.008457 -6271.299272 -1264.665890
UTC=2024-01-05T13:44:02.000000
2030227.061356 -1165730.344514 6780470.922353
3633.707087 -6236.510627 -2156.065441
UTC=2024-01-05T13:46:02.000000
2443032.725454 -1906899.054462 6469852.365446
3237.938366 -6099.271182 -3014.250654
UTC=2024-01-05T13:48:02.000000
2805465.729499 -2625501.707232 6058911.253106
2795.529193 -5860.745372 -3825.946505
UTC=2024-01-05T13:50:02.000000
3112434.008016 -3309538.705858 5553989.614951
2314.994803 -5523.794696 -4578.561404
UTC=2024-01-05T13:52:02.000000
3359900.981625 -3947454.795679 4962889.754800
1805.385595 -5092.957533 -5260.380765
UTC=2024-01-05T13:54:02.000000
3544940.406352 -4528337.735542 4294757.730240
1276.129607 -4574.402778 -5860.754541
UTC=2024-01-05T13:56:02.000000
3665771.517047 -5042109.646109 3559944.478525
736.860495 -3975.850849 -6370.279897
UTC=2024-01-05T13:58:02.000000
3721773.178888 -5479706.752390 2769846.417324
197.242793 -3306.462687 -6780.960570
UTC=2024-01-05T14:00:02.000000
3713476.970508 -5833244.154718 1936727.814262
-333.206072 -2576.698945 -7086.350131
UTC=2024-01-05T14:02:02.000000
3642538.899053 -6096161.765688 1073527.599352
-845.291883 -1798.147715 -7281.667753
UTC=2024-01-05T14:04:02.000000
3511690.484633 -6263347.803609 193654.195084
-1330.309914 -983.325884 -7363.879674
UTC=2024-01-05T14:06:02.000000
3324670.716701 -6331238.111475 -689227.759327
-1780.199887 -145.473143 -7331.759034
UTC=2024-01-05T14:08:02.000000
3086139.321748 -6297888.467777 -1561416.541474
-2187.700365 701.693995 -7185.912813
UTC=2024-01-05T14:10:02.000000
2801573.147535 -6163016.986409 -2409391.995564
-2546.472199 1544.225823 -6928.754643
UTC=2024-01-05T14:12:02.000000
2477149.164968 -5928017.508321 -3220029.994626
-2851.202132 2368.185590 -6564.461148
UTC=2024-01-05T14:14:02.000000
2119615.870777 -5595942.862157 -3980809.332287
-3097.690096 3159.901925 -6098.886109
UTC=2024-01-05T14:16:02.000000
1736156.226231 -5171458.373907 -4680005.801672
-3282.900635 3906.209181 -5539.436830
UTC=2024-01-05T14:18:02.000000
1334246.332705 -4660768.036231 -5306870.358690
-3404.985587 4594.662741 -4894.934370
UTC=2024-01-05T14:20:02.000000
921512.607961 -4071515.935098 -5851789.720716
-3463.286682 5213.737702 -4175.460053
UTC=2024-01-05T14:22:02.000000
505589.837972 -3412664.748010 -6306427.511049
-3458.317885 5753.010750 -3392.184569
UTC=2024-01-05T14:24:02.000000
93982.714778 -2694353.856564 -6663844.179295
-3391.724937 6203.317951 -2557.187324
UTC=2024-01-05T14:26:02.000000
-306066.551553 -1927739.809507 -6918595.016534
-3266.225363 6556.891309 -1683.271651
UTC=2024-01-05T14:28:02.000000
-687702.406581 -1124821.795330 -7066805.775794
-3085.531962 6807.471984 -783.777645
UTC=2024-01-05T14:30:02.000000
-1044570.194793 -298254.685882 -7106225.856043
-2854.264991 6950.404798 127.606145
UTC=2024-01-05T14:32:02.000000
-1370919.346999 538847.856926 -7036258.511080
-2577.855018 6982.707679 1037.035474
UTC=2024-01-05T14:34:02.000000
-1661694.148226 1373117.302292 -6857968.467272
-2262.433172 6903.122951 1930.694093
UTC=2024-01-05T14:36:02.000000
-1912610.731877 2191139.487066 -6574067.300916
-1914.712429 6712.150487 2794.981370
UTC=2024-01-05T14:38:02.000000
-2120219.736482 2979666.433645 -6188876.762227
-1541.867867 6412.062377 3616.692968
UTC=2024-01-05T14:40:02.000000
-2281954.063140 3725829.025366 -5708269.627091
-1151.406076 6006.896380 4383.214326
UTC=2024-01-05T14:42:02.000000
-2396160.606803 4417346.987733 -5139587.842030
-751.031640 5502.421886 5082.704966
UTC=2024-01-05T14:44:02.000000
-2462115.849490 5042733.489758 -4491538.248407
-348.509216 4906.080347 5704.288574
UTC=2024-01-05T14:46:02.000000
-2480024.404661 5591490.290497 -3774065.876501
48.481187 4226.887642 6238.233354
UTC=2024-01-05T14:48:02.000000
-2451000.200081 6054289.351151 -2998206.903885
432.487911 3475.309350 6676.110138
UTC=2024-01-05T14:50:02.000000
-2377030.735915 6423138.464178 -2175923.359348
796.425608 2663.116760 7010.942449
UTC=2024-01-05T14:52:02.000000
-2260925.041108 6691527.200677 -1319920.133290
1133.709517 1803.200084 7237.345682
UTC=2024-01-05T14:54:02.000000
-2106245.962418 6854548.458760 -443447.751351
1438.380333 909.355918 7351.623970
UTC=2024-01-05T14:56:02.000000
-1917228.259051 6908994.348947 439905.074719
1705.216781 -3.930783 7351.850219
UTC=2024-01-05T14:58:02.000000
-1698683.785381 6853423.644832 1316427.989139
1929.837890 -921.748490 7237.929922
UTC=2024-01-05T15:00:02.000000
-1455895.355973 6688195.804205 2172509.497013
2108.787066 -1829.043026 7011.600490
UTC=2024-01-05T15:02:02.000000
-1194502.141010 6415471.975166 2994854.533602
2239.588826 -2710.883867 6676.389385
UTC=2024-01-05T15:04:02.000000
-920379.764510 6039184.647219 3770695.564857
2320.781672 -3552.721416 6237.548160
UTC=2024-01-05T15:06:02.000000
-639517.719242 5564976.976269 4487994.316859
2351.929246 -4340.635046 5701.963834
UTC=2024-01-05T15:08:02.000000
-357896.460266 5000112.175293 5135631.682568
2333.617250 -5061.587289 5078.044047
UTC=2024-01-05T15:10:02.000000
-81366.029069 4353353.610052 5703580.090897
2267.425250 -5703.642405 4375.544567
UTC=2024-01-05T15:12:02.000000
184469.887466 3634822.145175 6183055.875945
2155.869570 -6256.142889 3605.416382
UTC=2024-01-05T15:14:02.000000
434362.521167 2855831.566708 6566652.441947
2002.336525 -6709.890259 2779.626150
UTC=2024-01-05T15:16:02.000000
663517.556262 2028705.081981 6848450.380510
1810.999174 -7057.279961 1910.962675
UTC=2024-01-05T15:18:02.000000
867683.943355 1166576.796504 7024104.663042
1586.721847 -7292.419141 1012.842694
UTC=2024-01-05T15:20:02.000000
1043230.514545 283180.893135 7090907.654851
1334.953141 -7411.210013 99.106175
UTC=2024-01-05T15:22:02.000000
1187209.320287 -607367.379218 7047828.286108
1061.611678 -7411.408970 -816.175920
UTC=2024-01-05T15:24:02.000000
1297404.798569 -1490797.336793 6895527.770215
772.964671 -7292.673602 -1718.905452
UTC=2024-01-05T15:26:02.000000
1372368.076370 -2352911.904870 6636350.385215
475.501742 -7056.573362 -2595.162622
UTC=2024-01-05T15:28:02.000000
1411435.948978 -3179816.743105 6274289.894252
175.805686 -6706.580283 -3431.410761
UTC=2024-01-05T15:30:02.000000
1414734.029849 -3958146.282873 5814931.048557
-119.581139 -6248.024411 -4214.704020
UTC=2024-01-05T15:32:02.000000
1383164.272798 -4675282.246378 5265366.856317
-404.282731 -5688.016066 -4932.881270
UTC=2024-01-05T15:34:02.000000
1318377.541185 -5319561.862156 4634093.537183
-672.213966 -5035.353473 -5574.747190
UTC=2024-01-05T15:36:02.000000
1222731.292978 -5880473.793185 3930883.442601
-917.703597 -4300.405725 -6130.259916
UTC=2024-01-05T15:38:02.000000
1099232.830052 -6348837.243283 3166635.664947
-1135.610714 -3494.948720 -6590.709352
UTC=2024-01-05T15:40:02.000000
951469.132399 -6716959.396303 2353207.145524
-1321.432115 -2631.973102 -6948.863813
UTC=2024-01-05T15:42:02.000000
783524.435991 -6978768.766969 1503227.488789
-1471.397598 -1725.472727 -7199.096824
UTC=2024-01-05T15:44:02.000000
599887.580853 -7129921.717771 629899.826446
-1582.545643 -790.211184 -7337.491956
UTC=2024-01-05T15:46:02.000000
405350.846508 -7167879.654989 -253209.722160
-1652.790145 158.537978 -7361.926907
UTC=2024-01-05T15:48:02.000000
204902.156609 -7091953.011724 -1132390.136840
-1680.960510 1105.278832 -7272.110420
UTC=2024-01-05T15:50:02.000000
3614.117352 -6903311.112439 -1994004.981226
-1666.817039 2034.570962 -7069.572491
UTC=2024-01-05T15:52:02.000000
-193467.691625 -6604959.463175 -2824708.906958
-1611.047868 2931.295520 -6757.626337
UTC=2024-01-05T15:54:02.000000
-381434.985171 -6201685.469454 -3611658.072603
-1515.248003 3780.915925 -6341.303715
UTC=2024-01-05T15:56:02.000000
-555623.336817 -5699973.345071 -4342710.846482
-1381.878132 4569.729297 -5827.256920
UTC=2024-01-05T15:58:02.000000
-711712.570184 -5107890.103460 -5006614.556516
-1214.203464 5285.092912 -5223.625482
UTC=2024-01-05T16:00:02.000000
-845818.866937 -4434946.530564 -5593175.135837
-1016.217581 5915.617025 -4539.887687
UTC=2024-01-05T16:02:02.000000
-954576.883508 -3691936.361793 -6093408.179851
-792.551996 6451.334770 -3786.697785
UTC=2024-01-05T16:04:02.000000
-1035210.332141 -2890756.814805 -6499669.625285
-548.375417 6883.842913 -2975.710605
UTC=2024-01-05T16:06:02.000000
-1085590.041727 -2044213.861716 -6805764.797554
-289.285847 7206.414794 -2119.396184
UTC=2024-01-05T16:08:02.000000
-1104278.709309 -1165815.910463 -7007034.937111
-21.197321 7414.081254 -1230.852248
UTC=2024-01-05T16:10:02.000000
-1090561.855571 -269559.125550 -7100421.386324
249.777268 7503.690460 -323.617687
UTC=2024-01-05T16:12:02.000000
-1044464.347438 630292.923450 -7084506.968355
517.448707 7473.939843 588.519788
UTC=2024-01-05T16:14:02.000000
-966752.333134 1519431.845136 -6959534.843459
775.671341 7325.386181 1491.706413
UTC=2024-01-05T16:16:02.000000
-858920.900505 2383727.339425 -6727405.126414
1018.461511 7060.436836 2372.210649
UTC=2024-01-05T16:18:02.000000
-723167.501840 3209447.720400 -6391649.367803
1240.116587 6683.322819 3216.604457
UTC=2024-01-05T16:20:02.000000
-562351.220376 3983476.242370 -5957382.643558
1435.331180 6200.050928 4011.956510
UTC=2024-01-05T16:22:02.000000
-379938.312355 4693519.522995 -5431232.477751
1599.308778 5618.321994 4746.020759
UTC=2024-01-05T16:24:02.000000
-179934.986655 5328305.161512 -4821245.672033
1727.863097 4947.433164 5407.419967
UTC=2024-01-05T16:26:02.000000
33191.599884 5877765.924527 -4136772.856392
1817.512999 4198.149091 5985.830947
UTC=2024-01-05T16:28:02.000000
254603.122149 6333206.491561 -3388331.476333
1865.566292 3382.541321 6472.157326
UTC=2024-01-05T16:30:02.000000
479189.067266 6687449.455907 -2587449.024272
1870.188957 2513.804487 6858.686635
UTC=2024-01-05T16:32:02.000000
701673.075339 6934957.841472 -1746488.159056
1830.458353 1606.047156 7139.234251
UTC=2024-01-05T16:34:02.000000
916724.600581 7071930.836721 -878455.823710
1746.398075 674.055613 7309.264590
UTC=2024-01-05T16:36:02.000000
1119073.524943 7096369.967266 3200.471409
1618.992444 -266.961443 7365.983426
UTC=2024-01-05T16:38:02.000000
1303625.201597 7008113.612040 884805.568439
1450.177817 -1201.644571 7308.397354
UTC=2024-01-05T16:40:02.000000
1465572.852453 6808838.666529 1752674.296391
1242.808444 -2114.755696 7137.333367
UTC=2024-01-05T16:42:02.000000
1600504.798652 6502030.033592 2593329.542931
1000.605096 -2991.443676 6855.427419
UTC=2024-01-05T16:44:02.000000
1704504.560814 6092918.523499 3393716.953959
728.087526 -3817.503223 6467.080164
UTC=2024-01-05T16:46:02.000000
1774241.605099 5588388.235525 4141412.702820
430.485496 -4579.625942 5978.383538
UTC=2024-01-05T16:48:02.000000
1807050.607045 4996854.871957 4824820.014261
113.637762 -5265.629343 5397.010820
UTC=2024-01-05T16:50:02.000000
1800997.335099 4328117.756453 5433351.230406
-216.131251 -5864.668531 4732.078308
UTC=2024-01-05T16:52:02.000000
1754929.368990 3593189.145260 5957590.163194
-552.135777 -6367.393966 3993.966777
UTC=2024-01-05T16:54:02.000000
1668512.026459 2804107.111909 6389434.304097
-887.455123 -6766.079838 3194.162234
UTC=2024-01-05T16:56:02.000000
1542248.342199 1973733.503899 6722216.751899
-1215.070608 -7054.738588 2345.073194
UTC=2024-01-05T16:58:02.000000
1377482.721050 1115540.183883 6950805.067106
-1528.000834 -7229.201117 1459.831290
UTC=2024-01-05T17:00:02.000000
1176388.333283 243388.033126 7071675.766240
-1819.436337 -7287.156183 552.088221
UTC=2024-01-05T17:02:02.000000
941938.636593 -628697.029715 7082965.399320
-2082.870432 -7228.167649 -364.171684
UTC=2024-01-05T17:04:02.000000
677863.164064 -1486749.823431 6984498.503322
-2312.229816 -7053.681412 -1274.835611
UTC=2024-01-05T17:06:02.000000
388587.990353 -2317090.072570 6777790.411332
-2501.998939 -6766.992904 -2165.869954
UTC=2024-01-05T17:08:02.000000
79161.734337 -3106541.481403 6466025.443453
-2647.335998 -6373.195327 -3023.528047
UTC=2024-01-05T17:10:02.000000
-244831.532608 -3842642.445930 6054009.582335
-2744.174080 -5879.088477 -3834.561389
UTC=2024-01-05T17:12:02.000000
-577370.742211 -4513844.147306 5548099.500006
-2789.311202 -5293.066798 -4586.403605
UTC=2024-01-05T17:14:02.000000
-912106.671064 -5109694.967182 4956109.904982
-2780.493754 -4625.002154 -5267.351608
UTC=2024-01-05T17:16:02.000000
-1242480.331600 -5621009.693885 4287198.234709
-2716.489147 -3886.101620 -5866.763434
UTC=2024-01-05T17:18:02.000000
-1561848.502488 -6040018.858997 3551725.694742
-2597.131988 -3088.719960 -6375.247002
UTC=2024-01-05T17:20:02.000000
-1863613.557602 -6360493.950172 2761097.505078
-2423.350318 -2246.148909 -6784.818424
UTC=2024-01-05T17:22:02.000000
-2141355.278479 -6577846.612362 1927585.458767
-2197.172196 -1372.393834 -7089.041132
UTC=2024-01-05T17:24:02.000000
-2388961.910611 -6689199.756297 1064134.614306
-1921.704182 -481.928022 -7283.148004
UTC=2024-01-05T17:26:02.000000
-2600756.881379 -6693428.359923 184157.465705
-1601.083307 410.563923 -7364.127161
UTC=2024-01-05T17:28:02.000000
-2771618.599245 -6591169.150924 -698680.211738
-1240.409025 1290.447877 -7330.775119
UTC=2024-01-05T17:30:02.000000
-2897090.817438 -6384798.848492 -1570677.833007
-845.654616 2143.401265 -7183.715369
UTC=2024-01-05T17:32:02.000000
-2973481.225206 -6078381.443828 -2418318.593656
-423.559576 2955.666681 -6925.381871
UTC=2024-01-05T17:34:02.000000
-2997946.010641 -5677585.798499 -3228484.072111
18.496436 3714.292700 -6559.969074
UTC=2024-01-05T17:36:02.000000
-2968558.309553 -5189575.335640 -3988660.612277
472.635056 4407.355991 -6093.344170
UTC=2024-01-05T17:38:02.000000
-2884359.158874 -4622872.933321 -4687133.097357
930.627995 5024.150964 -5532.927156
UTC=2024-01-05T17:40:02.000000
-2745390.446279 -3987205.060775 -5313163.127538
1384.047948 5555.347342 -4887.552159
UTC=2024-01-05T17:42:02.000000
-2552709.703900 -3293328.676584 -5857149.574380
1824.420088 5993.119801 -4167.312570
UTC=2024-01-05T17:44:02.000000
-2308386.671803 -2552844.288009 -6310769.705498
2243.374701 6331.248866 -3383.392457
UTC=2024-01-05T17:46:02.000000
-2015481.506010 -1777998.662596 -6667099.329973
2632.799374 6565.192484 -2547.885413
UTC=2024-01-05T17:48:02.000000
-1678005.270548 -981480.804352 -6920710.504190
2984.980575 6692.126136 -1673.603469
UTC=2024-01-05T17:50:02.000000
-1300864.100379 -176214.900117 -7067746.330310
3292.735390 6710.954306 -773.887209
UTC=2024-01-05T17:52:02.000000
-889787.893933 624846.525506 -7105973.247255
3549.538291 6622.296319 137.578270
UTC=2024-01-05T17:54:02.000000
-451244.061343 1408926.839727 -7034811.413892
3749.641865 6428.458372 1046.948202
UTC=2024-01-05T17:56:02.000000
7662.301297 2163624.874410 -6855342.428016
3888.182100 6133.381634 1940.406212
UTC=2024-01-05T17:58:02.000000
479300.581631 2877107.445554 -6570295.294029
3961.281985 5742.580060 2804.343444
UTC=2024-01-05T18:00:02.000000
955638.980721 3538293.352640 -6184009.773832
3966.145274 5263.055906 3625.556342
UTC=2024-01-05T18:02:02.000000
1428378.530190 4137025.366401 -5702376.083050
3901.126076 4703.186201 4391.437340
UTC=2024-01-05T18:04:02.000000
1889094.842483 4664227.841950 -5132752.641013
3765.788837 4072.598652 5090.154763
UTC=2024-01-05T18:06:02.000000
2329386.107296 5112048.505466 -4483861.729389
3560.950383 3382.028880 5710.840793
UTC=2024-01-05T18:08:02.000000
2741024.637832 5473981.333920 -3765662.796295
3288.696859 2643.148285 6243.771743
UTC=2024-01-05T18:10:02.000000
3116109.199905 5744967.790575 -2989205.379770
2952.380985 1868.378376 6680.529883
UTC=2024-01-05T18:12:02.000000
3447215.702649 5921474.792839 -2166462.928347
2556.595331 1070.685522 7014.158609
UTC=2024-01-05T18:14:02.000000
3727542.811602 6001546.846475 -1310149.314432
2107.114649 263.358962 7239.294248
UTC=2024-01-05T18:16:02.000000
3951048.957438 5984830.975318 -433520.928293
1610.810453 -540.221725 7352.273710
UTC=2024-01-05T18:18:02.000000
4112577.573000 5872573.229564 449832.148380
1075.541135 -1326.825467 7351.208167
UTC=2024-01-05T18:20:02.000000
4207967.805134 5667586.514454 1326201.797169
510.019629 -2083.608519 7236.022447
UTC=2024-01-05T18:22:02.000000
4234148.075188 5374190.373607 2181979.937211
-76.338894 -2798.338905 7008.457004
UTC=2024-01-05T18:24:02.000000
4189210.655280 4998125.112772 3003875.586788
-673.581496 -3459.606054 6672.052220
UTC=2024-01-05T18:26:02.000000
4072464.907689 4546440.011016 3779127.674040
-1271.408701 -4057.035926 6232.081990
UTC=2024-01-05T18:28:02.000000
3884467.797019 4027358.715962 4495706.699479
-1859.355887 -4581.454988 5695.448334
UTC=2024-01-05T18:30:02.000000
3627032.569197 3450126.463448 5142503.647280
-2426.983988 -5025.031968 5070.569814
UTC=2024-01-05T18:32:02.000000
3303213.414378 2824841.379790 5709503.415799
-2964.080983 -5381.402142 4367.229463
UTC=2024-01-05T18:34:02.000000
2917267.676889 2162273.070085 6187937.488288
-3460.833331 -5645.747817 3596.392401
UTC=2024-01-05T18:36:02.000000
2474598.030056 1473673.818002 6570415.762941
-3907.994859 -5814.850006 2770.036820
UTC=2024-01-05T18:38:02.000000
1981674.223343 770584.745090 6851036.587195
-4297.053024 -5887.114152 1900.958580
UTC=2024-01-05T18:40:02.000000
1445936.063508 64641.322651 7025473.112958
-4620.376048 -5862.558922 1002.577241
UTC=2024-01-05T18:42:02.000000
875679.553887 -632618.975014 7091036.823606
-4871.347642 -5742.795102 88.745643
UTC=2024-01-05T18:44:02.000000
279927.414680 -1309945.630496 7046717.120036
-5044.491311 -5530.983937 -826.458905
UTC=2024-01-05T18:46:02.000000
-331714.272180 -1956556.929000 6893195.863948
-5135.577412 -5231.764406 -1728.940341
UTC=2024-01-05T18:48:02.000000
-949211.198790 -2562312.092425 6632837.108367
-5141.710907 -4851.162390 -2604.793295
UTC=2024-01-05T18:50:02.000000
-1562264.851699 -3117870.931528 6269651.910021
-5061.391772 -4396.474504 -3440.504372
UTC=2024-01-05T18:52:02.000000
-2160483.015034 -3614838.956125 5809240.272093
-4894.567199 -3876.145069 -4223.135869
UTC=2024-01-05T18:54:02.000000
-2733556.255353 -4045897.216543 5258710.411289
-4642.674866 -3299.630907 -4940.522258
UTC=2024-01-05T18:56:02.000000
-3271437.917184 -4404914.427866 4626573.885853
-4308.655127 -2677.240474 -5581.473618
UTC=2024-01-05T18:58:02.000000
-3764523.100381 -4687038.386080 3922616.949666
-3896.923108 -2019.952433 -6135.964442
UTC=2024-01-05T19:00:02.000000
-4203822.528049 -4888765.047021 3157750.580651
-3413.312642 -1339.224817 -6595.300555
UTC=2024-01-05T19:02:02.000000
-4581128.394326 -5007984.264204 2343841.807717
-2865.000109 -646.797688 -6952.265834
UTC=2024-01-05T19:04:02.000000
-4889169.590748 -5044001.184544 1493528.064733
-2260.400280 45.516919 -7201.256287
UTC=2024-01-05T19:06:02.000000
-5121752.363466 -4997531.936910 620017.289350
-1609.029506 726.049997 -7338.381690
UTC=2024-01-05T19:08:02.000000
-5273883.149555 -4870673.823835 -263122.287698
-921.346073 1383.485698 -7361.536823
UTC=2024-01-05T19:10:02.000000
-5341870.858776 -4666850.613750 -1142179.108695
-208.567105 2007.065475 -7270.442185
UTC=2024-01-05T19:12:02.000000
-5323405.841092 -4390733.818413 -2003518.020338
517.535991 2586.783714 -7066.647588
UTC=2024-01-05T19:14:02.000000
-5217613.442125 -4048141.473984 -2833797.770524
1244.854517 3113.564102 -6753.491346
UTC=2024-01-05T19:16:02.000000
-5025081.427716 -3645917.573693 -3620181.411408
1961.159391 3579.405980 -6336.025697
UTC=2024-01-05T19:18:02.000000
-4747861.563669 -3191795.465744 -4350536.217226
2654.315150 3977.505496 -5820.916831
UTC=2024-01-05T19:20:02.000000
-4389445.630430 -2694248.185342 -5013620.138059
3312.491940 4302.352223 -5216.319881
UTC=2024-01-05T19:22:02.000000
-3954716.474936 -2162328.934169 -5599251.667538
3924.367520 4549.795699 -4531.729164
UTC=2024-01-05T19:24:02.000000
-3449875.755825 -1605505.283251 -6098460.814828
4479.313787 4717.084765 -3777.813701
UTC=2024-01-05T19:26:02.000000
-2882350.182713 -1033490.189512 -6503619.564095
4967.568882 4802.880641 -2966.240593
UTC=2024-01-05T19:28:02.000000
-2260677.942317 -456073.087443 -6808550.615940
5380.394876 4807.243072 -2109.489621
UTC=2024-01-05T19:30:02.000000
-1594377.381537 117045.867649 -7008613.350832
5710.213970 4731.591897 -1220.660075
UTC=2024-01-05T19:32:02.000000
-893800.967666 676415.645242 -7100766.950807
5950.719706 4578.649144 -313.286925
UTC=2024-01-05T19:34:02.000000
-169976.344704 1212986.807703 -7083611.861432
6096.981716 4352.373176 598.842944
UTC=2024-01-05T19:36:02.000000
565563.965393 1718254.660539 -6957408.676777
6145.528312 4057.869037 1501.875457
UTC=2024-01-05T19:38:02.000000
1300962.408820 2184391.420781 -6724075.709001
6094.426856 3701.297407 2382.069768
UTC=2024-01-05T19:40:02.000000
2024224.658645 2604366.422316 -6387163.200379
5943.336033 3289.762973 3225.999134
UTC=2024-01-05T19:42:02.000000
2723412.563719 2972052.107515 -5951804.385056
5693.537060 2831.190545 4020.739813
UTC=2024-01-05T19:44:02.000000
3386839.377969 3282314.153904 -5424643.750181
5347.937929 2334.186462 4754.056727
UTC=2024-01-05T19:46:02.000000
4003264.636706 3531085.065456 -4813743.819029
4911.065823 1807.900452 5414.582665
UTC=2024-01-05T19:48:02.000000
4562086.603030 3715420.160259 -4128469.714719
4389.030097 1261.869279 5992.004715
UTC=2024-01-05T19:50:02.000000
5053528.311919 3833534.094731 -3379351.997458
3789.452653 705.849904 6477.240346
UTC=2024-01-05T19:52:02.000000
5468813.034453 3884817.068863 -2577929.323925
3121.363051 149.649819 6862.594764
UTC=2024-01-05T19:54:02.000000
5800325.928903 3869830.625086 -1736573.316668
2395.072952 -397.046015 7141.902827
UTC=2024-01-05T19:56:02.000000
6041758.537265 3790282.161604 -868297.419509
1622.013917 -924.854159 7310.649558
UTC=2024-01-05T19:58:02.000000
6188232.142984 3648978.452699 13446.612846
814.550988 -1424.862985 7366.057345
UTC=2024-01-05T20:00:02.000000
6236397.582931 3449759.067508 894981.182900
-14.225285 -1888.797640 7307.147189
UTC=2024-01-05T20:02:02.000000
6184508.526516 3197410.694243 1762620.583567
-850.731829 -2309.171034 7134.763706
UTC=2024-01-05T20:04:02.000000
6032466.118187 2897564.643902 2602889.443343
-1681.133870 -2679.413356 6851.563837
UTC=2024-01-05T20:06:02.000000
5781834.454527 2556579.731915 3402738.114068
-2491.592868 -2993.987166 6461.975608
UTC=2024-01-05T20:08:02.000000
5435825.780467 2181412.628243 4149750.587858
-3268.519659 -3248.478039 5972.115014
UTC=2024-01-05T20:10:02.000000
4999255.890244 1779479.113214 4832340.367998
-3998.815810 -3439.656900 5389.668385
UTC=2024-01-05T20:12:02.000000
4478472.192966 1358509.472864 5439930.664011
-4670.087980 -3565.514532 4723.756561
UTC=2024-01-05T20:14:02.000000
3881255.903228 926401.160822 5963118.217633
-5270.869609 -3625.274647 3984.788196
UTC=2024-01-05T20:16:02.000000
3216698.568977 491071.280939 6393816.548959
-5790.816711 -3619.380910 3184.268037
UTC=2024-01-05T20:18:02.000000
2495057.875168 60312.584174 6725376.043410
-6220.861737 -3549.453719 2334.609595
UTC=2024-01-05T20:20:02.000000
1727595.825598 -358344.576903 6952682.237394
-6553.356727 -3418.235881 1448.953727
UTC=2024-01-05T20:22:02.000000
926400.363397 -757762.948117 7072231.502443
-6782.204362 -3229.523246 540.972382
UTC=2024-01-05T20:24:02.000000
104192.790044 -1131319.586273 7082182.103708
-6902.959482 -2988.075208 -375.342651
UTC=2024-01-05T20:26:02.000000
-725875.052889 -1473015.381345 6982380.373656
-6912.902530 -2699.511719 -1285.882991
UTC=2024-01-05T20:28:02.000000
-1550431.205591 -1777571.554052 6774362.279356
-6811.090282 -2370.197639 -2176.630658
UTC=2024-01-05T20:30:02.000000
-2356098.298840 -2040511.336852 6461330.578304
-6598.377807 -2007.112863 -3033.854908
UTC=2024-01-05T20:32:02.000000
-3129710.023305 -2258225.990311 6048109.308544
-6277.429627 -1617.723800 -3844.296612
UTC=2024-01-05T20:34:02.000000
-3858528.492129 -2428025.432561 5541075.069271
-5852.716800 -1209.851202 -4595.376044
UTC=2024-01-05T20:36:02.000000
-4530458.096700 -2548171.944771 4948062.669454
-5330.460823 -791.522090 -5275.401212
UTC=2024-01-05T20:38:02.000000
-5134250.851238 -2617895.842743 4278247.296147
-4718.550804 -370.817363 -5873.755085
UTC=2024-01-05T20:40:02.000000
-5659699.949715 -2637392.647488 3542004.975456
-4026.429627 44.282262 -6381.067642
UTC=2024-01-05T20:42:02.000000
-6097818.191852 -2607802.120065 2750753.470984
-3264.955997 446.044347 -6789.371606
UTC=2024-01-05T20:44:02.000000
-6440998.262608 -2531169.923811 1916775.217067
-2446.239504 827.126224 -7092.246070
UTC=2024-01-05T20:46:02.000000
-6683151.229700 -2410392.316381 1053023.786109
-1583.438944 1180.718113 -7284.944773
UTC=2024-01-05T20:48:02.000000
-6819818.404174 -2249143.986648 172917.549742
-690.527686 1500.675786 -7364.477177
UTC=2024-01-05T20:50:02.000000
-6848254.996696 -2051791.269089 -709874.462786
217.945315 1781.634267 -7329.664017
UTC=2024-01-05T20:52:02.000000
-6767483.292148 -1823292.519699 -1581651.668254
1127.122821 2019.105641 -7181.157689
UTC=2024-01-05T20:54:02.000000
-6578313.603651 -1569088.200092 -2428900.671359
2022.105612 2209.553452 -6921.419080
UTC=2024-01-05T20:56:02.000000
-6283333.539540 -1294983.310660 -3238509.329199
2888.214454 2350.445445 -6554.663402
UTC=2024-01-05T20:58:02.000000
-5886866.238464 -1007024.775089 -3997972.541888
3711.244619 2440.285357 -6086.776110
UTC=2024-01-05T21:00:02.000000
-5394898.801137 -711376.310820 -4695586.093303
4477.706963 2478.622658 -5525.198611
UTC=2024-01-05T21:02:02.000000
-4814982.802102 -414193.523913 -5320625.243138
5175.051548 2466.038502 -4878.789081
UTC=2024-01-05T21:04:02.000000
-4156109.288059 -121502.160654 -5863505.395721
5791.868613 2404.108550 -4157.663680
UTC=2024-01-05T21:06:02.000000
-3428561.231000 160918.177422 -6315922.581869
6318.061935 2295.348858 -3373.019621
UTC=2024-01-05T21:08:02.000000
-2643747.134864 427642.679748 -6670972.246053
6744.990092 2143.143103 -2536.953258
UTC=2024-01-05T21:10:02.000000
-1814019.093502 673700.338191 -6923246.400028
7065.587021 1951.655758 -1662.280355
UTC=2024-01-05T21:12:02.000000
-952477.561417 894662.097910 -7068908.586083
7274.459379 1725.738855 -762.345091
UTC=2024-01-05T21:14:02.000000
-72766.311271 1086717.284811 -7105745.837881
7367.954604 1470.828198 149.169373
UTC=2024-01-05T21:16:02.000000
811139.461354 1246736.895485 -7033198.650862
7344.209401 1192.830360 1058.416432
UTC=2024-01-05T21:18:02.000000
1685150.783988 1372323.354550 -6852369.920123
7203.196519 898.009981 1951.570326
UTC=2024-01-05T21:20:02.000000
2535286.163806 1461846.294244 -6566010.249653
6946.733579 592.868493 2815.026177
UTC=2024-01-05T21:22:02.000000
3347892.449702 1514463.486519 -6178480.037970
6578.470352 284.018841 3635.591860
UTC=2024-01-05T21:24:02.000000
4109862.229207 1530126.578543 -5695688.655402
6103.844613 -21.941384 4400.672202
UTC=2024-01-05T21:26:02.000000
4808845.322444 1509571.823426 -5125012.134608
5530.028268 -318.553602 5098.449333
UTC=2024-01-05T21:28:02.000000
5433452.178235 1454295.968492 -4475188.495732
4865.842071 -599.622326 5718.072627
UTC=2024-01-05T21:30:02.000000
5973444.678937 1366517.257077 -3756190.863737
4121.633463 -859.338044 6249.835567
UTC=2024-01-05T21:32:02.000000
6419910.811382 1249122.058105 -2979080.340229
3309.130437 -1092.393564 6685.337748
UTC=2024-01-05T21:34:02.000000
6765420.341007 1105598.084027 -2155840.016754
2441.269821 -1294.090614 7017.638007
UTC=2024-01-05T21:36:02.000000
7004157.738442 939955.365271 -1299191.375472
1531.989003 -1460.437814 7241.391190
UTC=2024-01-05T21:38:02.000000
7132028.278263 756636.115855 -422396.152726
595.989490 -1588.235888 7352.953204
UTC=2024-01-05T21:40:02.000000
7146734.551844 560415.706855 460952.458646
-351.518044 -1675.140305 7350.452457
UTC=2024-01-05T21:42:02.000000
7047822.086601 356297.048649 1337145.140648
-1295.072919 -1719.710821 7233.830327
UTC=2024-01-05T21:44:02.000000
6836692.958199 149399.944764 2192575.221479
-2219.240725 -1721.441853 7004.855399
UTC=2024-01-05T21:46:02.000000
6516585.580453 -55151.522628 3013956.606748
-3108.895858 -1680.767160 6667.092721
UTC=2024-01-05T21:48:02.000000
6092521.569506 -252341.198779 3788535.582856
-3949.488435 -1599.047502 6225.836812
UTC=2024-01-05T21:50:02.000000
5571221.199636 -437369.833233 4504292.571294
-4727.295244 -1478.528756 5688.010058
UTC=2024-01-05T21:52:02.000000
4960990.562672 -605758.397426 5150130.726280
-5429.648347 -1322.292902 5062.047081
UTC=2024-01-05T21:54:02.000000
4271581.428995 -753444.321874 5716048.577698
-6045.153854 -1134.184227 4357.741266
UTC=2024-01-05T21:56:02.000000
3514027.532579 -876867.553606 6193292.807266
-6563.865615 -918.718358 3586.073642
UTC=2024-01-05T21:58:02.000000
2700461.652385 -973045.428085 6574490.318843
-6977.435293 -680.985583 2759.035146
UTC=2024-01-05T22:00:02.000000
1843916.443787 -1039635.224358 6853758.090975
-7279.231354 -426.542885 1889.438808
UTC=2024-01-05T22:02:02.000000
958112.108628 -1074983.357491 7026790.337270
-7464.440780 -161.298696 990.723901
UTC=2024-01-05T22:04:02.000000
57233.924255 -1078160.157787 7090921.051743
-7530.132602 108.610842 76.746770
UTC=2024-01-05T22:06:02.000000
-844295.804882 -1048979.773391 7045161.906907
-7475.290996 376.945601 -838.421171
UTC=2024-01-05T22:08:02.000000
-1732048.393302 -988005.119765 6890216.035878
-7300.825136 637.487734 -1740.693708
UTC=2024-01-05T22:10:02.000000
-2591819.119533 -896537.491983 6628467.794357
-7009.553940 884.169616 -2616.169384
UTC=2024-01-05T22:12:02.000000
-3409854.466603 -776591.103114 6263948.933090
-6606.171811 1111.197266 -3451.325869
UTC=2024-01-05T22:14:02.000000
-4173074.142833 -630853.076612 5802280.988962
-6097.192228 1313.168609 -4233.223421
UTC=2024-01-05T22:16:02.000000
-4869284.232794 -462629.538712 5250593.161079
-5490.856966 1485.187863 -4949.707650
UTC=2024-01-05T22:18:02.000000
-5487377.481105 -275778.323772 4617416.151003
-4797.012064 1622.972451 -5589.605950
UTC=2024-01-05T22:20:02.000000
-6017516.944501 -74629.524834 3912553.244727
-4026.954961 1722.949115 -6142.910736
UTC=2024-01-05T22:22:02.000000
-6451299.468682 136104.762023 3146930.467761
-3193.253751 1782.337076 -6600.942706
UTC=2024-01-05T22:24:02.000000
-6781896.573508 351429.872861 2332428.005581
-2309.548801 1799.217955 -6956.503411
UTC=2024-01-05T22:26:02.000000
-7004169.474390 566175.246577 1481694.158217
-1390.320943 1772.584648 -7204.008913
UTC=2024-01-05T22:28:02.000000
-7114755.057083 775105.681076 607945.090380
-450.640277 1702.370453 -7339.593708
UTC=2024-01-05T22:30:02.000000
-7112120.582329 973035.040404 -275246.068944
494.103020 1589.459762 -7361.182996
UTC=2024-01-05T22:32:02.000000
-6996585.379285 1154939.857942 -1154166.582101
1428.477997 1435.675047 -7268.526889
UTC=2024-01-05T22:34:02.000000
-6770309.221002 1316069.948419 -2015183.034843
2337.285144 1243.741361 -7063.193381
UTC=2024-01-05T22:36:02.000000
-6437249.064324 1452053.956394 -2844957.867663
3205.814908 1017.238030 -6748.539603
UTC=2024-01-05T22:38:02.000000
-6003084.098270 1558997.740221 -3630660.915339
4020.116588 760.524285 -6329.649116
UTC=2024-01-05T22:40:02.000000
-5475110.009131 1633572.436658 -4360170.102850
4767.235227 478.646404 -5813.219437
UTC=2024-01-05T22:42:02.000000
-4862107.010033 1673090.953605 -5022257.499964
5435.415894 177.236192 -5207.432258
UTC=2024-01-05T22:44:02.000000
-4174184.814185 1675571.503410 -5606758.546911
6014.281883 -137.602723 -4521.801609
UTC=2024-01-05T22:46:02.000000
-3422608.370006 1639787.056428 -6104722.070548
6494.977350 -459.415279 -3767.008827
UTC=2024-01-05T22:48:02.000000
-2619608.115880 1565299.947452 -6508540.165512
6870.284092 -781.521646 -2954.730763
UTC=2024-01-05T22:50:02.000000
-1778177.613735 1452481.328255 -6812056.717829
7134.714784 -1097.142365 -2097.454712
UTC=2024-01-05T22:52:02.000000
-911862.096940 1302515.401333 -7010652.971990
7284.568015 -1399.527764 -1208.285025
UTC=2024-01-05T22:54:02.000000
-34542.310257 1117388.204114 -7101310.527098
7317.956359 -1682.083852 -300.758964
UTC=2024-01-05T22:56:02.000000
839783.776219 899861.680278 -7082652.509220
7234.814766 -1938.493218 611.329998
UTC=2024-01-05T22:58:02.000000
1697220.151091 653433.079570 -6954963.518734
7036.905783 -2162.838723 1514.118639
UTC=2024-01-05T23:00:02.000000
2524190.273711 382279.729124 -6720185.788649
6727.782740 -2349.721441 2393.873900
UTC=2024-01-05T23:02:02.000000
3307648.886902 91190.362860 -6381892.466216
6312.736955 -2494.367913 3237.179105
UTC=2024-01-05T23:04:02.000000
4035286.123362 -214516.321712 -5945238.088808
5798.717741 -2592.735523 4031.125127
UTC=2024-01-05T23:06:02.000000
4695720.640072 -529084.956753 -5416886.879611
5194.234579 -2641.603322 4763.489138
UTC=2024-01-05T23:08:02.000000
5278680.472656 -846427.221280 -4804919.425876
4509.246074 -2638.656152 5422.920282
UTC=2024-01-05T23:10:02.000000
5775168.308458 -1160234.789799 -4118716.669559
3755.010634 -2582.552134 5999.126011
UTC=2024-01-05T23:12:02.000000
6177607.377027 -1464099.356867 -3368822.618007
2943.915241 -2472.974037 6483.042254
UTC=2024-01-05T23:14:02.000000
6479965.453543 -1751637.789616 -2566787.192110
2089.281040 -2310.662469 6866.993151
UTC=2024-01-05T23:16:02.000000
6677854.123267 -2016619.989951 -1724990.862013
1205.145230 -2097.427177 7144.834143
UTC=2024-01-05T23:18:02.000000
6768600.529121 -2253096.604212 -856453.560839
306.022607 -1836.133315 7312.069182
UTC=2024-01-05T23:20:02.000000
6751289.846157 -2455523.796406 25368.801854
-593.343667 -1530.666904 7365.940972
UTC=2024-01-05T23:22:02.000000
6626777.145012 -2618882.496110 906797.020802
-1478.242324 -1185.875706 7305.492559
UTC=2024-01-05T23:24:02.000000
6397667.807849 -2738789.004495 1774146.579043
-2334.256784 -807.486505 7131.593997
UTC=2024-01-05T23:26:02.000000
6068266.349706 -2811594.659241 2613946.591515
-3147.526903 -402.004382 6846.929905
UTC=2024-01-05T23:28:02.000000
5644494.938150 -2834472.112027 3413154.971832
-3904.991995 23.409069 6455.952294
UTC=2024-01-05T23:30:02.000000
5133783.348029 -2805485.936509 4159365.817947
-4594.620860 461.073654 5964.793944
UTC=2024-01-05T23:32:02.000000
4544933.750709 -2723646.333114 4841004.382943
-5205.600810 902.933050 5381.155636
UTC=2024-01-05T23:34:02.000000
3887963.913883 -2588945.516003 5447508.003256
-5728.513601 1340.702420 4714.180729
UTC=2024-01-05T23:36:02.000000
3173930.259135 -2402375.597531 5969489.638114
-6155.487123 1766.028620 3974.289495
UTC=2024-01-05T23:38:02.000000
2414735.811810 -2165927.301070 6398880.353431
-6480.298330 2170.646416 3173.000565
UTC=2024-01-05T23:40:02.000000
1622927.338196 -1882570.408022 6729050.216354
-6698.452037 2546.528328 2322.746900
UTC=2024-01-05T23:42:02.000000
811484.697784 -1556216.297141 6954906.464939
-6807.231391 2886.033033 1436.681845
UTC=2024-01-05T23:44:02.000000
-6394.035101 -1191662.954709 7072967.842909
-6805.716566 3182.048041 528.476921
UTC=2024-01-05T23:46:02.000000
-817507.864030 -794523.431123 7081414.698699
-6694.775037 3428.122606 -387.879622
UTC=2024-01-05T23:48:02.000000
-1608865.611389 -371138.976662 6980115.028838
-6477.029559 3618.591062 -1298.281672
UTC=2024-01-05T23:50:02.000000
-2367893.616665 71522.235545 6770626.551652
-6156.804997 3748.688327 -2188.706846
UTC=2024-01-05T23:52:02.000000
-3082635.685951 525979.417556 6456174.613804
-5740.053432 3814.651864 -3045.417534
UTC=2024-01-05T23:54:02.000000
-3741942.775026 984364.878893 6041605.903662
-5234.257530 3813.809130 -3855.162197
UTC=2024-01-05T23:56:02.000000
-4335649.846584 1438559.323633 5533318.113149
-4648.312986 3744.650003 -4605.375696
UTC=2024-01-05T23:58:02.000000
-4854737.110629 1880334.900776 4939165.670253
-3992.385828 3606.883349 -5284.376814
