UTC=2024-01-02T00:00:02.000000
-4382327.525773 1568682.787124 5460890.312787
-4505.271836 3804.778609 -4697.759615
UTC=2024-01-02T00:02:02.000000
-4883876.721456 2016500.266769 4856240.796976
-3843.558661 3647.305471 -5366.716134
UTC=2024-01-02T00:04:02.000000
-5302537.620227 2441300.309793 4176204.347684
-3125.774697 3421.480233 -5952.567415
UTC=2024-01-02T00:06:02.000000
-5632308.641629 2835023.364720 3431317.944749
-2364.162504 3129.893105 -6446.133087
UTC=2024-01-02T00:08:02.000000
-5868698.950616 3189996.454653 2633136.040051
-1571.623233 2776.391513 -6839.660107
UTC=2024-01-02T00:10:02.000000
-6008794.499858 3499081.658147 1794050.784980
-761.497736 2366.036381 -7126.961883
UTC=2024-01-02T00:12:02.000000
-6051296.700393 3755817.714911 927096.523363
52.672184 1905.029001 -7303.539166
UTC=2024-01-02T00:14:02.000000
-5996531.584941 3954550.778746 45742.127673
857.391292 1400.606179 -7366.658573
UTC=2024-01-02T00:16:02.000000
-5846429.968189 4090551.533893 -836323.968051
1639.448117 860.917715 -7315.399797
UTC=2024-01-02T00:18:02.000000
-5604479.249526 4160116.466528 -1705412.714333
2386.149876 294.885292 -7150.673907
UTC=2024-01-02T00:20:02.000000
-5275647.139584 4160650.736232 -2548053.661537
3085.555044 -287.964477 -6875.205126
UTC=2024-01-02T00:22:02.000000
-4866278.789805 4090730.172604 -3351208.885345
3726.679561 -877.676657 -6493.465206
UTC=2024-01-02T00:24:02.000000
-4383970.807834 3950141.727300 -4102477.473230
4299.677818 -1464.051942 -6011.580317
UTC=2024-01-02T00:26:02.000000
-3837425.402044 3739901.826362 -4790286.797010
4795.991103 -2036.828409 -5437.207523
UTC=2024-01-02T00:28:02.000000
-3236288.380896 3462252.912836 -5404067.847220
5208.467926 -2585.864427 -4779.389979
UTC=2024-01-02T00:30:02.000000
-2590975.148946 3120638.616790 -5934412.092662
5531.445532 -3101.309527 -4048.400526
UTC=2024-01-02T00:32:02.000000
-1912487.774914 2719658.690526 -6373209.437879
5760.818236 -3573.773933 -3255.576869
UTC=2024-01-02T00:34:02.000000
-1212225.651327 2265003.783699 -6713764.803223
5894.071914 -3994.490955 -2413.132656
UTC=2024-01-02T00:36:02.000000
-501794.271932 1763372.093182 -6950891.903368
5930.284296 -4355.457349 -1533.970840
UTC=2024-01-02T00:38:02.000000
207184.924509 1222369.627641 -7080984.935907
5870.106357 -4649.567298 -631.498279
UTC=2024-01-02T00:40:02.000000
903261.137711 650395.363456 -7102068.092392
5715.725256 -4870.729475 280.554879
UTC=2024-01-02T00:42:02.000000
1575336.014789 56512.604838 -7013823.075780
5470.816687 -5013.981235 1188.327477
UTC=2024-01-02T00:44:02.000000
2212837.578786 -549692.398031 -6817592.926935
5140.462900 -5075.583049 2078.022310
UTC=2024-01-02T00:46:02.000000
2805883.666554 -1158261.983556 -6516363.459085
4731.063204 -5053.096831 2936.088535
UTC=2024-01-02T00:48:02.000000
3345433.786769 -1759027.271394 -6114722.176877
4250.225818 -4945.448687 3749.412448
UTC=2024-01-02T00:50:02.000000
3823427.035441 -2341774.889603 -5618795.250289
3706.649668 -4752.979632 4505.494067
UTC=2024-01-02T00:52:02.000000
4232905.294850 -2896419.305570 -5036162.182355
3109.989513 -4477.482166 5192.644425
UTC=2024-01-02T00:54:02.000000
4568118.153994 -3413177.328324 -4375747.063720
2470.690981 -4122.200347 5800.171611
UTC=2024-01-02T00:56:02.000000
4824607.741477 -3882741.040812 -3647688.790769
1799.822562 -3691.806127 6318.548221
UTC=2024-01-02T00:58:02.000000
4999272.966289 -4296446.815893 -2863191.412456
1108.897236 -3192.356034 6739.576317
UTC=2024-01-02T01:00:02.000000
5090411.142921 -4646437.219112 -2034355.228543
409.675073 -2631.214645 7056.539127
UTC=2024-01-02T01:02:02.000000
5097735.459726 -4925812.086326 -1173991.260626
-286.040984 -2016.952958 7264.328130
UTC=2024-01-02T01:04:02.000000
5022367.343686 -5128765.662270 -295421.619000
-966.618957 -1359.215086 7359.548184
UTC=2024-01-02T01:06:02.000000
4866803.234303 -5250705.902637 587730.646387
-1620.808122 -668.556572 7340.587626
UTC=2024-01-02T01:08:02.000000
4634856.744279 -5288353.083801 1461758.187401
-2237.939699 43.738397 7207.657321
UTC=2024-01-02T01:10:02.000000
4331576.884005 -5239815.169832 2313088.551967
-2808.123447 765.860637 6962.790178
UTC=2024-01-02T01:12:02.000000
3963144.184456 -5104638.345705 3128500.691509
-3322.417277 1485.684244 6609.801968
UTC=2024-01-02T01:14:02.000000
3536747.639360 -4883832.010007 3895335.373388
-3772.979575 2190.985547 6154.226329
UTC=2024-01-02T01:16:02.000000
3060444.688920 -4579867.141960 4601695.482766
-4153.195998 2869.665038 5603.212205
UTC=2024-01-02T01:18:02.000000
2543007.917476 -4196648.383117 5236632.433954
-4457.775883 3509.963065 4965.395823
UTC=2024-01-02T01:20:02.000000
1993761.784903 -3739460.890985 5790315.747525
-4682.821143 4100.663898 4250.750182
UTC=2024-01-02T01:22:02.000000
1422412.602946 -3214893.113498 6254183.652864
-4825.870674 4631.293662 3470.416484
UTC=2024-01-02T01:24:02.000000
838875.070618 -2630736.972164 6621071.922693
-4885.911891 5092.295390 2636.514577
UTC=2024-01-02T01:26:02.000000
253099.069806 -1995868.229709 6885319.922216
-4863.366432 5475.187321 1761.951637
UTC=2024-01-02T01:28:02.000000
-325100.232268 -1320108.863720 7042853.360519
-4760.049587 5772.703070 860.228047
UTC=2024-01-02T01:30:02.000000
-886206.394536 -614073.382535 7091243.847667
-4579.113924 5978.919905 -54.759171
UTC=2024-01-02T01:32:02.000000
-1421157.893885 110998.942595 7029744.201152
-4324.975201 6089.363678 -968.920753
UTC=2024-01-02T01:34:02.000000
-1921494.349761 843423.247495 6859299.270456
-4003.219518 6101.094478 -1868.179399
UTC=2024-01-02T01:36:02.000000
-2379490.561579 1571257.238858 6582532.309060
-3620.494603 6012.770613 -2738.672834
UTC=2024-01-02T01:38:02.000000
-2788276.644877 2282495.766576 6203707.077473
-3184.386188 5824.691666 -3566.954440
UTC=2024-01-02T01:40:02.000000
-3141942.579688 2965269.375329 5728666.141505
-2703.282997 5538.821514 -4340.190651
UTC=2024-01-02T01:42:02.000000
-3435625.967292 3608044.046296 5164745.349482
-2186.231417 5158.783721 -5046.359559
UTC=2024-01-02T01:44:02.000000
-3665581.527113 4199818.784049 4520664.896479
-1642.775929 4689.831299 -5674.441772
UTC=2024-01-02T01:46:02.000000
-3829230.728533 4730317.919743 3806397.959167
-1082.788836 4138.787403 -6214.603255
UTC=2024-01-02T01:48:02.000000
-3925190.515026 5190174.389662 3033018.093356
-516.292229 3513.954360 -6658.365630
UTC=2024-01-02T01:50:02.000000
-3953280.302935 5571099.972678 2212527.177370
46.725800 2824.986407 -6998.758111
UTC=2024-01-02T01:52:02.000000
-3914506.810218 5866038.373783 1357666.960153
596.494709 2082.733766 -7230.437695
UTC=2024-01-02T01:54:02.000000
-3811027.464792 6069298.463070 481717.879645
1123.635166 1299.068424 -7349.783615
UTC=2024-01-02T01:56:02.000000
-3646093.093853 6176665.237930 -401712.410746
1619.331898 486.683627 -7354.973289
UTC=2024-01-02T01:58:02.000000
-3423970.272982 6185484.548291 -1278907.458315
2075.496202 -341.139070 -7246.018041
UTC=2024-01-02T02:00:02.000000
-3149845.217758 6094719.310678 -2136262.276916
2484.913865 -1170.772462 -7024.760265
UTC=2024-01-02T02:02:02.000000
-2829710.719144 5904975.810289 -2960500.304506
2841.373550 -1988.494223 -6694.818714
UTC=2024-01-02T02:04:02.000000
-2470240.273348 5618500.921525 -3738881.961230
3139.754398 -2780.723090 -6261.510397
UTC=2024-01-02T02:06:02.000000
-2078652.763849 5239150.835288 -4459402.723358
3376.098017 -3534.258055 -5731.748678
UTC=2024-01-02T02:08:02.000000
-1662569.953613 4772331.700114 -5110976.589321
3547.652272 -4236.501863 -5113.904352
UTC=2024-01-02T02:10:02.000000
-1229870.618500 4224915.207210 -5683602.220150
3652.887286 -4875.658350 -4417.659850
UTC=2024-01-02T02:12:02.000000
-788543.696674 3605130.884081 -6168511.089849
3691.494956 -5440.924173 -3653.851202
UTC=2024-01-02T02:14:02.000000
-346542.882683 2922436.215135 -6558295.233168
3664.364500 -5922.663529 -2834.286523
UTC=2024-01-02T02:16:02.000000
88354.262926 2187367.650391 -6847012.353011
3573.531966 -6312.550194 -1971.554402
UTC=2024-01-02T02:18:02.000000
508680.002762 1411376.217799 -7030268.599956
3422.113243 -6603.686951 -1078.843665
UTC=2024-01-02T02:20:02.000000
907401.557531 606649.416997 -7105279.388050
3214.227764 -6790.711888 -169.754355
UTC=2024-01-02T02:22:02.000000
1278036.150737 -214078.244363 -7070907.331847
2954.906160 -6869.883236 741.891985
UTC=2024-01-02T02:24:02.000000
1614754.093379 -1037723.764151 -6927677.206905
2649.983955 -6839.142131 1642.246056
UTC=2024-01-02T02:26:02.000000
1912468.618105 -1851060.025247 -6677768.144894
2305.988844 -6698.150911 2517.614854
UTC=2024-01-02T02:28:02.000000
2166911.986057 -2640923.888041 -6324983.876870
1930.022784 -6448.315864 3354.644932
UTC=2024-01-02T02:30:02.000000
2374696.806644 -3394426.204178 -5874701.195389
1529.635225 -6092.798466 4140.503217
UTC=2024-01-02T02:32:02.000000
2533361.932886 -4099162.126277 -5333795.686324
1112.690515 -5636.502148 4863.077410
UTC=2024-01-02T02:34:02.000000
2641401.590085 -4743416.751003 -4710543.470739
687.223140 -5086.010102 5511.166151
UTC=2024-01-02T02:36:02.000000
2698277.202621 -5316362.159612 -4014501.843604
261.294633 -4449.508770 6074.645615
UTC=2024-01-02T02:38:02.000000
2704411.924439 -5808244.408881 -3256369.826206
-157.152201 -3736.691955 6544.639568
UTC=2024-01-02T02:40:02.000000
2661167.637943 -6210556.518633 -2447828.511565
-560.438564 -2958.622735 6913.680985
UTC=2024-01-02T02:42:02.000000
2570804.660088 -6516193.137079 -1601363.509410
-941.293439 -2127.568996 7175.850042
UTC=2024-01-02T02:44:02.000000
2436424.390989 -6719583.660857 -730071.808783
-1292.991544 -1256.805755 7326.895254
UTC=2024-01-02T02:46:02.000000
2261895.988655 -6816799.462645 152544.229677
-1609.483553 -360.384003 7364.322313
UTC=2024-01-02T02:48:02.000000
2051768.188452 -6805632.568231 1032790.636412
-1885.508697 547.109450 7287.437860
UTC=2024-01-02T02:50:02.000000
1811169.008098 -6685645.126611 1896999.952839
-2116.688626 1450.804772 7097.379888
UTC=2024-01-02T02:52:02.000000
1545694.596186 -6458186.628110 2731750.534608
-2299.610531 2335.828308 6797.098583
UTC=2024-01-02T02:54:02.000000
1261290.016471 -6126378.581884 3524080.545821
-2431.879131 3187.562812 6391.296183
UTC=2024-01-02T02:56:02.000000
964124.957722 -5695068.266629 4261693.440991
-2512.149147 3991.904599 5886.341032
UTC=2024-01-02T02:58:02.000000
660467.079496 -5170752.518467 4933151.179221
-2540.132715 4735.503228 5290.152888
UTC=2024-01-02T03:00:02.000000
356555.574653 -4561473.526918 5528052.579842
-2516.588090 5405.990756 4612.067640
UTC=2024-01-02T03:02:02.000000
58477.743008 -3876688.050052 6037193.636308
-2443.280016 5992.191397 3862.673711
UTC=2024-01-02T03:04:02.000000
-227948.513144 -3127113.216129 6452707.126663
-2322.923340 6484.302063 3053.630390
UTC=2024-01-02T03:06:02.000000
-497284.597210 -2324552.780770 6768179.530762
-2159.111406 6874.036669 2197.475174
UTC=2024-01-02T03:08:02.000000
-744571.455260 -1481707.753744 6978745.183486
-1956.227620 7154.746013 1307.437084
UTC=2024-01-02T03:10:02.000000
-965418.595624 -611973.412129 7081157.869745
-1719.347557 7321.524407 397.244713
UTC=2024-01-02T03:12:02.000000
-1156080.807348 270775.080979 7073838.507134
-1454.131365 7371.289690 -519.079825
UTC=2024-01-02T03:14:02.000000
-1313521.232113 1152404.663650 6956897.990956
-1166.704138 7302.831950 -1427.426231
UTC=2024-01-02T03:16:02.000000
-1435459.689439 2018750.753949 6732135.574400
-863.531131 7116.837640 -2313.799163
UTC=2024-01-02T03:18:02.000000
-1520405.876243 2855845.036813 6403012.952781
-551.290170 6815.889310 -3164.520318
UTC=2024-01-02T03:20:02.000000
-1567677.098747 3650141.721684 5974604.085682
-236.741503 6404.439780 -3966.430599
UTC=2024-01-02T03:22:02.000000
-1577400.102857 4388738.949766 5453521.021807
73.406594 5888.757546 -4707.085857
UTC=2024-01-02T03:24:02.000000
-1550497.044852 5059592.339662 4847816.565721
372.626972 5276.849784 -5374.950681
UTC=2024-01-02T03:26:02.000000
-1488655.917767 5651717.185903 4166863.559423
654.704896 4578.348393 -5959.590424
UTC=2024-01-02T03:28:02.000000
-1394285.450996 6155374.773855 3421212.300801
913.861363 3804.361431 -6451.841808
UTC=2024-01-02T03:30:02.000000
-1270456.318534 6562239.779985 2622428.540697
1144.861929 2967.307767 -6843.970507
UTC=2024-01-02T03:32:02.000000
-1120828.766238 6865545.840953 1782912.863406
1343.133253 2080.713236 -7129.818251
UTC=2024-01-02T03:34:02.000000
-949567.353126 7060204.352818 915704.717079
1504.856989 1158.974420 -7304.910847
UTC=2024-01-02T03:36:02.000000
-761245.707692 7142894.281704 34275.373304
1627.045039 217.112386 -7366.536323
UTC=2024-01-02T03:38:02.000000
-560743.141497 7112121.659826 -847687.118626
1707.599187 -729.488829 -7313.801216
UTC=2024-01-02T03:40:02.000000
-353135.338464 6968246.032475 -1716497.843972
1745.348841 -1665.370323 -7147.649278
UTC=2024-01-02T03:42:02.000000
-143582.086552 6713472.265279 -2558693.734983
1740.062923 -2575.280249 -6870.825000
UTC=2024-01-02T03:44:02.000000
62785.153958 6351810.067611 -3361245.991517
1692.442149 -3444.431638 -6487.809532
UTC=2024-01-02T03:46:02.000000
260973.855704 5889003.215702 -4111763.593914
1604.095936 -4258.751119 -6004.734576
UTC=2024-01-02T03:48:02.000000
446237.082446 5332429.606415 -4798684.702847
1477.499136 -5005.114159 -5429.266342
UTC=2024-01-02T03:50:02.000000
614173.803841 4690974.474155 -5411452.470267
1315.930457 -5671.555622 -4770.463120
UTC=2024-01-02T03:52:02.000000
760820.864182 3974880.029830 -5940672.697244
1123.394638 -6247.452818 -4038.616429
UTC=2024-01-02T03:54:02.000000
882734.627421 3195574.677921 -6378251.571079
904.529325 -6723.682238 -3245.077817
UTC=2024-01-02T03:56:02.000000
977060.965223 2365485.263385 -6717511.808610
664.504663 -7092.744554 -2402.072898
UTC=2024-01-02T03:58:02.000000
1041592.726858 1497836.419625 -6953286.287466
408.914724 -7348.855832 -1522.515466
UTC=2024-01-02T04:00:02.000000
1074813.766465 606440.142947 -7081989.769608
143.662884 -7488.021355 -619.824808
UTC=2024-01-02T04:02:02.000000
1075929.082940 -294522.142973 -7101668.107754
-125.155188 -7508.085016 292.265276
UTC=2024-01-02T04:04:02.000000
1044880.549070 -1190721.951099 -7012024.386407
-391.374256 -7408.752845 1199.900473
UTC=2024-01-02T04:06:02.000000
982348.096682 -2067907.029778 -6814422.043231
-648.878016 -7191.586918 2089.292396
UTC=2024-01-02T04:08:02.000000
889736.848154 -2912123.045337 -6511866.401102
-891.715954 -6859.987460 2946.893814
UTC=2024-01-02T04:10:02.000000
769149.940180 -3709932.826147 -6108964.659350
-1114.225583 -6419.166196 3759.588079
UTC=2024-01-02T04:12:02.000000
623346.928223 -4448629.998792 -5611862.084695
-1311.146745 -5876.076561 4514.888686
UTC=2024-01-02T04:14:02.000000
455689.128588 -5116442.484326 -5028155.507042
-1477.728327 -5239.320359 5201.118993
UTC=2024-01-02T04:16:02.000000
270072.138373 -5702723.936868 -4366785.323538
-1609.833393 -4519.037011 5807.593459
UTC=2024-01-02T04:18:02.000000
70846.407976 -6198129.960862 -3637905.668960
-1704.032505 -3726.759116 6324.797568
UTC=2024-01-02T04:20:02.000000
-137272.626377 -6594774.997778 -2852733.958304
-1757.684316 -2875.237316 6744.549736
UTC=2024-01-02T04:22:02.000000
-349303.259971 -6886367.063905 -2023381.992929
-1769.002216 -1978.245783 7060.149340
UTC=2024-01-02T04:24:02.000000
-560103.270232 -7068317.274805 -1162669.950525
-1737.104187 -1050.354705 7266.510301
UTC=2024-01-02T04:26:02.000000
-764480.468277 -7137820.439480 -283926.306071
-1662.042830 -106.679142 7360.261090
UTC=2024-01-02T04:28:02.000000
-957305.654321 -7093904.746250 599222.289706
-1544.815378 837.383974 7339.812084
UTC=2024-01-02T04:30:02.000000
-1133625.587213 -6937449.544347 1473067.361160
-1387.353784 1766.424428 7205.393193
UTC=2024-01-02T04:32:02.000000
-1288773.412087 -6671170.373409 2324037.652884
-1192.491744 2665.295565 6959.058950
UTC=2024-01-02T04:34:02.000000
-1418473.785948 -6299570.871072 3138916.369617
-963.909946 3519.386742 6604.653680
UTC=2024-01-02T04:36:02.000000
-1518940.180405 -5828862.727376 3905052.056255
-706.060461 4314.883153 6147.740082
UTC=2024-01-02T04:38:02.000000
-1586962.164959 -5266855.642547 4610558.569434
-424.076998 5039.002578 5595.490389
UTC=2024-01-02T04:40:02.000000
-1619981.213654 -4622820.931467 5244500.696885
-123.672954 5680.198892 4956.559180
UTC=2024-01-02T04:42:02.000000
-1616153.587615 -3907331.871868 5797063.729323
188.971940 6228.349249 4240.940637
UTC=2024-01-02T04:44:02.000000
-1574398.811806 -3132082.678069 6259703.937635
507.338413 6674.917174 3459.791670
UTC=2024-01-02T04:46:02.000000
-1494432.455821 -2309690.898106 6625276.629220
824.700133 7013.065795 2625.241523
UTC=2024-01-02T04:48:02.000000
-1376783.227508 -1453488.229738 6888141.790854
1134.252409 7237.742899 1750.208405
UTC=2024-01-02T04:50:02.000000
-1222794.668369 -577301.836604 7044247.271105
1429.240993 7345.752021 848.203699
UTC=2024-01-02T04:52:02.000000
-1034611.282238 304770.613741 7091187.539129
1703.092800 7335.783380 -66.872910
UTC=2024-01-02T04:54:02.000000
-815148.826673 1178587.986048 7028238.616485
1949.548705 7208.422722 -980.928910
UTC=2024-01-02T04:56:02.000000
-568048.861872 2030192.598657 6856368.871255
2162.791722 6966.136686 -1879.885464
UTC=2024-01-02T04:58:02.000000
-297618.437565 2846033.548736 6578225.029165
2337.566617 6613.228487 -2749.882769
UTC=2024-01-02T05:00:02.000000
-8755.975235 3613183.157730 6198093.830258
2469.289832 6155.769303 -3577.480254
UTC=2024-01-02T05:02:02.000000
293135.465559 4319543.998588 5721839.634602
2554.150582 5601.507445 -4349.858175
UTC=2024-01-02T05:04:02.000000
602246.584918 4954043.215672 5156818.225077
2589.203505 4959.749922 -5055.010867
UTC=2024-01-02T05:06:02.000000
912470.559320 5506811.511699 4511767.436707
2572.445928 4241.221723 -5681.942944
UTC=2024-01-02T05:08:02.000000
1217519.504344 5969342.628040 3796674.920312
2502.870906 3457.884214 -6220.843745
UTC=2024-01-02T05:10:02.000000
1511047.211172 6334631.388646 3022627.127824
2380.522531 2622.765853 -6663.241901
UTC=2024-01-02T05:12:02.000000
1786777.062502 6597289.027792 2201636.967091
2206.513544 1749.732538 -7002.191557
UTC=2024-01-02T05:14:02.000000
2038629.535266 6753628.358860 1346453.869336
1983.015992 853.239081 -7232.381280
UTC=2024-01-02T05:16:02.000000
2260848.377876 6801719.350203 470361.347680
1713.238240 -51.928506 -7350.233561
UTC=2024-01-02T05:18:02.000000
2448121.941694 6741413.003109 -413034.782363
1401.371710 -950.915338 -7353.961551
UTC=2024-01-02T05:20:02.000000
2595697.081176 6574334.042048 -1290023.352158
1052.520009 -1829.057872 -7243.598289
UTC=2024-01-02T05:22:02.000000
2699483.413267 6303842.379047 -2147006.259448
672.608841 -2672.142031 -7020.991560
UTC=2024-01-02T05:24:02.000000
2756145.567987 5934964.232860 -2970714.324248
268.276435 -3466.650365 -6689.766809
UTC=2024-01-02T05:26:02.000000
2763181.320227 5474294.267142 -3748416.723209
-153.252004 -4199.997542 -6255.256019
UTC=2024-01-02T05:28:02.000000
2718983.734955 4929870.749835 -4468119.507917
-584.304203 -4860.740485 -5724.387564
UTC=2024-01-02T05:30:02.000000
2622886.104199 4311027.718859 -5118749.338602
-1016.906466 -5438.753036 -5105.552723
UTC=2024-01-02T05:32:02.000000
2475189.317907 3628227.926643 -5690320.043856
-1442.930089 -5925.370644 -4408.453319
UTC=2024-01-02T05:34:02.000000
2277171.685570 2892880.245058 -6174080.234142
-1854.238437 -6313.506821 -3643.938596
UTC=2024-01-02T05:36:02.000000
2031080.899917 2117144.674194 -6562640.264301
-2242.836020 -6597.740613 -2823.823673
UTC=2024-01-02T05:38:02.000000
1740108.642525 1313729.093925 -6850076.871550
-2601.007410 -6774.367730 -1960.702579
UTC=2024-01-02T05:40:02.000000
1408348.931771 495681.434609 -7032015.714128
-2921.451956 -6841.427721 -1067.766030
UTC=2024-01-02T05:42:02.000000
1040740.173707 -323820.130619 -7105691.861176
-3197.419087 -6798.709872 -158.615099
UTC=2024-01-02T05:44:02.000000
642991.554874 -1131676.450343 -7069987.349030
-3422.832275 -6647.736045 752.934684
UTC=2024-01-02T05:46:02.000000
221495.505384 -1915072.630448 -6925445.462477
-3592.398151 -6391.712531 1653.041110
UTC=2024-01-02T05:48:02.000000
-216772.597361 -2661676.741442 -6674263.437621
-3701.712085 -6035.473351 2528.010164
UTC=2024-01-02T05:50:02.000000
-664367.247731 -3359831.448203 -6320263.270935
-3747.357926 -5585.412859 3364.490839
UTC=2024-01-02T05:52:02.000000
-1113496.274651 -3998735.157804 -5868838.779489
-3726.986138 -5049.380341 4149.666657
UTC=2024-01-02T05:54:02.000000
-1556153.087502 -4568609.847782 -5326880.774924
-3639.383375 -4436.566091 4871.434997
UTC=2024-01-02T05:56:02.000000
-1984256.544810 -5060854.269767 -4702680.159315
-3484.528146 -3757.367980 5518.595042
UTC=2024-01-02T05:58:02.000000
-2389796.284349 -5468179.396244 -4005808.594810
-3263.625282 -3023.229431 6081.031173
UTC=2024-01-02T06:00:02.000000
-2764980.707741 -5784723.057769 -3246977.951367
-2979.115715 -2246.456143 6549.882460
UTC=2024-01-02T06:02:02.000000
-3102384.784060 -6006141.662314 -2437880.332805
-2634.664095 -1440.017665 6917.697199
UTC=2024-01-02T06:04:02.000000
-3395095.006999 -6129677.149197 -1591010.418927
-2235.122994 -617.332725 7178.572771
UTC=2024-01-02T06:06:02.000000
-3636848.388463 -6154197.113161 -719472.131096
-1786.468441 207.963244 7328.275405
UTC=2024-01-02T06:08:02.000000
-3822161.888148 -6080206.228191 163227.234641
-1295.705844 1022.261747 7364.327299
UTC=2024-01-02T06:10:02.000000
-3946449.192373 -5909828.440768 1043391.172883
-770.754260 1812.223604 7286.059083
UTC=2024-01-02T06:12:02.000000
-4006122.333742 -5646760.188722 1907352.584469
-220.308873 2565.019673 7094.630503
UTC=2024-01-02T06:14:02.000000
-3998675.496232 -5296195.131511 2741692.476525
346.317127 3268.562131 6793.010018
UTC=2024-01-02T06:16:02.000000
-3922749.128641 -4864722.478625 3533453.949649
919.361468 3911.712536 6385.919292
UTC=2024-01-02T06:18:02.000000
-3778173.202917 -4360201.587103 4270347.863768
1488.791493 4484.469887 5879.749407
UTC=2024-01-02T06:20:02.000000
-3565988.602578 -3791615.248810 4940946.531005
2044.488969 4978.136563 5282.444487
UTC=2024-01-02T06:22:02.000000
-3288446.345281 -3168904.993468 5534861.538279
2576.433448 5385.449874 4603.356102
UTC=2024-01-02T06:24:02.000000
-2948984.984830 -2502792.789096 6042903.164609
3074.882728 5700.678750 3853.082836
UTC=2024-01-02T06:26:02.000000
-2552186.797854 -1804592.918007 6457219.785264
3530.544839 5919.691950 3043.298582
UTC=2024-01-02T06:28:02.000000
-2103713.778821 -1086016.898935 6771416.136135
3934.744155 6040.006450 2186.569860
UTC=2024-01-02T06:30:02.000000
-1610223.917286 -358974.189448 6980648.131940
4279.580716 6060.804864 1296.146452
UTC=2024-01-02T06:32:02.000000
-1079270.067265 364626.307603 7081692.286332
4558.060253 5982.907861 385.757995
UTC=2024-01-02T06:34:02.000000
-519183.792533 1073070.828256 7072992.239060
4764.219808 5808.740813 -530.572841
UTC=2024-01-02T06:36:02.000000
61055.669210 1755030.377166 6954681.697121
4893.245709 5542.279748 -1438.735297
UTC=2024-01-02T06:38:02.000000
651965.472950 2399742.254873 6728582.585729
4941.573310 5188.971266 -2324.738037
UTC=2024-01-02T06:40:02.000000
1243714.010979 2997180.413480 6398178.412836
4906.966007 4755.627790 -3174.911938
UTC=2024-01-02T06:42:02.000000
1826284.106169 3538212.558979 5968563.842456
4788.576373 4250.312411 -3976.106666
UTC=2024-01-02T06:44:02.000000
2389642.548122 4014742.460621 5446370.549265
4586.990794 3682.205962 -4715.888501
UTC=2024-01-02T06:46:02.000000
2923913.923737 4419835.064892 4839669.297042
4304.254123 3061.452357 -5382.739813
UTC=2024-01-02T06:48:02.000000
3419555.233211 4747821.460379 4157848.520497
3943.857083 2398.979740 -5966.245008
UTC=2024-01-02T06:50:02.000000
3867527.675104 4994382.267760 3411472.367854
3510.707739 1706.322933 -6457.251456
UTC=2024-01-02T06:52:02.000000
4259464.577197 5156609.227139 2612118.711562
3011.087131 995.428275 -6848.047288
UTC=2024-01-02T06:54:02.000000
4587829.800765 5233040.643151 1772196.863664
2452.535491 278.422677 -7132.502631
UTC=2024-01-02T06:56:02.000000
4846062.138012 5223670.741951 904752.253990
1843.743732 -432.589262 -7306.163268
UTC=2024-01-02T06:58:02.000000
5028705.586187 5129934.028719 23259.019258
1194.411847 -1125.746773 -7366.350920
UTC=2024-01-02T07:00:02.000000
5131519.679112 4954662.260614 -858596.114368
515.069039 -1789.657991 -7312.203026
UTC=2024-01-02T07:02:02.000000
5151568.145529 4702016.076599 -1727132.201524
-183.109007 -2413.598482 -7144.677562
UTC=2024-01-02T07:04:02.000000
5087284.749137 4377393.739530 -2568891.590604
-888.498343 -2987.695193 -6866.531783
UTC=2024-01-02T07:06:02.000000
4938514.525417 3987318.707514 -3370852.796748
-1589.237415 -3503.093655 -6482.265370
UTC=2024-01-02T07:08:02.000000
4706529.385197 3539308.730674 -4120634.476222
-2273.442295 -3952.097902 -5998.029990
UTC=2024-01-02T07:10:02.000000
4394018.177828 3041729.706465 -4806686.756657
-2929.415031 -4328.285239 -5421.510015
UTC=2024-01-02T07:12:02.000000
4005052.321071 2503637.330202 -5418466.831310
-3545.843464 -4626.593371 -4761.779909
UTC=2024-01-02T07:14:02.000000
3545027.929032 1934610.292639 -5946596.301427
-4111.992594 -4843.374684 -4029.144168
UTC=2024-01-02T07:16:02.000000
3020585.648014 1344578.652420 -6382998.463673
-4617.883642 -4976.422982 -3234.963214
UTC=2024-01-02T07:18:02.000000
2439510.089598 743650.549972 -6721014.006286
-5054.454085 -5024.974170 -2391.468372
UTC=2024-01-02T07:20:02.000000
1810611.396433 141940.472795 -6955494.285506
-5413.695553 -4989.680652 -1511.575932
UTC=2024-01-02T07:22:02.000000
1143591.147432 -450598.412768 -7082872.863048
-5688.780943 -4872.571299 -608.709508
UTC=2024-01-02T07:24:02.000000
448893.070138 -1024336.240771 -7101214.805822
-5874.185126 -4676.993053 303.396999
UTC=2024-01-02T07:26:02.000000
-262458.615599 -1570119.693116 -7010242.169452
-5965.771575 -4407.526550 1210.890649
UTC=2024-01-02T07:28:02.000000
-979030.601532 -2079414.676961 -6811337.672266
-5960.871587 -4069.896505 2099.977184
UTC=2024-01-02T07:30:02.000000
-1689160.809183 -2544437.849251 -6507526.216589
-5858.349296 -3670.871939 2957.114204
UTC=2024-01-02T07:32:02.000000
-2381144.791803 -2958274.744948 -6103433.114073
-5658.639198 -3218.143904 3769.200554
UTC=2024-01-02T07:34:02.000000
-3043425.728300 -3314982.819041 -5605220.450027
-5363.770588 -2720.198749 4523.754639
UTC=2024-01-02T07:36:02.000000
-3664786.619808 -3609678.929615 -5020501.523818
-4977.376765 -2186.182362 5209.104007
UTC=2024-01-02T07:38:02.000000
-4234541.505191 -3838609.217985 -4358232.184567
-4504.667649 -1625.743032 5814.574949
UTC=2024-01-02T07:40:02.000000
-4742721.626231 -3999199.583566 -3628580.587190
-3952.376073 -1048.867408 6330.664185
UTC=2024-01-02T07:42:02.000000
-5180253.732906 -4090086.113957 -2842776.721890
-3328.678226 -465.709304 6749.204476
UTC=2024-01-02T07:44:02.000000
-5539126.809045 -4111124.423709 -2012942.851980
-2643.080213 113.590230 7063.515037
UTC=2024-01-02T07:46:02.000000
-5812543.311986 -4063377.129723 -1151907.346646
-1906.274389 679.085537 7268.527005
UTC=2024-01-02T07:48:02.000000
-5995051.589064 -3949079.622824 -273004.933493
-1129.969235 1221.205965 7360.884385
UTC=2024-01-02T07:50:02.000000
-6082656.349693 -3771584.532102 610133.410154
-326.694772 1730.929404 7339.015486
UTC=2024-01-02T07:52:02.000000
-6072904.341153 -3535285.923583 1483797.536205
490.417480 2199.947957 7203.176382
UTC=2024-01-02T07:54:02.000000
-5964942.192056 -3245524.120580 2334417.830375
1307.874819 2620.822394 6955.448936
UTC=2024-01-02T07:56:02.000000
-5759545.259997 -2908473.509420 3148782.049785
2112.064195 2987.109428 6599.698159
UTC=2024-01-02T07:58:02.000000
-5459117.700626 -2531016.700028 3914245.643101
2889.493045 3293.465194 6141.507719
UTC=2024-01-02T08:00:02.000000
-5067663.156670 -2120607.006608 4618932.324382
3627.036145 3535.733707 5588.077013
UTC=2024-01-02T08:02:02.000000
-4590726.721683 -1685122.481644 5251919.764405
4312.163581 3710.997492 4948.081508
UTC=2024-01-02T08:04:02.000000
-4035311.010114 -1232715.750604 5803407.846534
4933.146524 3817.600010 4231.524110
UTC=2024-01-02T08:06:02.000000
-3409768.112053 -771662.178132 6264868.587642
5479.255085 3855.151732 3449.575429
UTC=2024-01-02T08:08:02.000000
-2723668.387322 -310208.567174 6629175.360516
5940.943528 3824.512704 2614.387914
UTC=2024-01-02T08:10:02.000000
-1987648.637265 143574.163724 6890708.662550
6310.006575 3727.743664 1738.894332
UTC=2024-01-02T08:12:02.000000
-1213243.503477 581931.034116 7045437.949362
6579.704776 3568.037911 836.612393
UTC=2024-01-02T08:14:02.000000
-412702.942159 997554.509921 7090980.069004
6744.872188 3349.645411 -78.552575
UTC=2024-01-02T08:16:02.000000
401202.117380 1383705.836948 7026633.685598
6802.004794 3077.779077 -992.509173
UTC=2024-01-02T08:18:02.000000
1215383.487285 1734324.323912 6853389.456539
6749.328468 2758.507992 -1891.183489
UTC=2024-01-02T08:20:02.000000
2016646.100000 2044122.871309 6573915.549991
6586.840575 2398.634863 -2760.724224
UTC=2024-01-02T08:22:02.000000
2791901.853414 2308668.248888 6192519.107202
6316.328265 2005.566280 -3587.698934
UTC=2024-01-02T08:24:02.000000
3528384.643610 2524445.508895 5715084.065511
5941.368440 1587.176619 -4359.294585
UTC=2024-01-02T08:26:02.000000
4213863.277069 2688905.424841 5148984.579417
5467.289770 1151.662405 -5063.519346
UTC=2024-01-02T08:28:02.000000
4836847.875202 2800494.306071 4502975.332423
4901.106902 707.394306 -5689.385596
UTC=2024-01-02T08:30:02.000000
5386787.718958 2858665.773791 3787060.393698
4251.443287 262.764216 -6227.089575
UTC=2024-01-02T08:32:02.000000
5854257.276853 2863873.577261 3012339.534312
3528.398816 -173.979054 -6668.200492
UTC=2024-01-02T08:34:02.000000
6231123.053003 2817545.045544 2190835.338517
2743.382766 -594.881062 -7005.789441
UTC=2024-01-02T08:36:02.000000
6510690.868304 2722037.062755 1335305.087260
1908.940647 -992.429221 -7234.560806
UTC=2024-01-02T08:38:02.000000
6687829.424193 2580574.168718 459038.303173
1038.536603 -1359.697909 -7350.953244
UTC=2024-01-02T08:40:02.000000
6759066.311115 2397170.226152 -424355.627483
146.312838 -1690.477969 -7353.205083
UTC=2024-01-02T08:42:02.000000
6722653.980448 2176535.350261 -1301165.307326
-753.167962 -1979.391286 -7241.376842
UTC=2024-01-02T08:44:02.000000
6578605.376334 1923970.682386 -2157795.262497
-1645.167295 -2221.978754 -7017.338183
UTC=2024-01-02T08:46:02.000000
6328699.608668 1645253.453515 -2980981.857041
-2515.033872 -2414.776081 -6684.740801
UTC=2024-01-02T08:48:02.000000
5976455.351557 1346514.147744 -3758002.711197
-3348.467890 -2555.366109 -6248.938194
UTC=2024-01-02T08:50:02.000000
5527073.743384 1034109.121437 -4476874.879625
-4131.769038 -2642.403544 -5716.880623
UTC=2024-01-02T08:52:02.000000
4987352.278198 714491.758562 -5126538.490525
-4852.067129 -2675.614475 -5096.977366
UTC=2024-01-02T08:54:02.000000
4365572.974366 394085.032938 -5697022.703074
-5497.522150 -2655.774355 -4398.943548
UTC=2024-01-02T08:56:02.000000
3671367.644129 79157.912312 -6179592.748861
-6057.506091 -2584.665889 -3633.637325
UTC=2024-01-02T08:58:02.000000
2915562.493644 -224292.138588 -6566876.766289
-6522.765741 -2465.020555 -2812.884487
UTC=2024-01-02T09:00:02.000000
2110004.887527 -510648.757004 -6852970.455939
-6885.553434 -2300.444822 -1949.287244
UTC=2024-01-02T09:02:02.000000
1267376.374208 -774776.533376 -7033519.289516
-7139.730498 -2095.333015 -1056.043262
UTC=2024-01-02T09:04:02.000000
400993.770895 -1012109.812461 -7105778.900303
-7280.861261 -1854.768743 -146.757817
UTC=2024-01-02T09:06:02.000000
-475399.148202 -1218728.831163 -7068652.198110
-7306.272659 -1584.415051 764.750579
UTC=2024-01-02T09:08:02.000000
-1347845.691293 -1391422.654804 -6922704.069161
-7215.095671 -1290.403678 1664.631661
UTC=2024-01-02T09:10:02.000000
-2202394.548819 -1527738.358798 -6670153.743116
-7008.290434 -979.215764 2539.196091
UTC=2024-01-02T09:12:02.000000
-3025319.105514 -1626015.440640 -6314843.871150
-6688.637921 -657.556285 3375.106253
UTC=2024-01-02T09:14:02.000000
-3803334.594345 -1685405.301989 -5862187.827640
-6260.718022 -332.231776 4159.550675
UTC=2024-01-02T09:16:02.000000
-4523812.229335 -1705875.935040 -5319095.333577
-5730.874297 -10.023734 4880.434769
UTC=2024-01-02T09:18:02.000000
-5174986.530052 -1688201.102679 -4693874.839168
-5107.136072 302.441143 5526.571016
UTC=2024-01-02T09:20:02.000000
-5746151.690691 -1633934.154769 -3996114.060600
-4399.116617 598.817203 6087.854888
UTC=2024-01-02T09:22:02.000000
-6227844.282129 -1545366.885150 -3236539.577329
-3617.884315 873.163017 6555.438206
UTC=2024-01-02T09:24:02.000000
-6612008.266408 -1425473.818663 -2426856.288386
-2775.797149 1120.060309 6921.888398
UTC=2024-01-02T09:26:02.000000
-6892138.404770 -1277842.773203 -1579569.109976
-1886.309559 1334.722861 7181.325568
UTC=2024-01-02T09:28:02.000000
-7063399.021402 -1106593.117141 -707789.447120
-963.754616 1513.093151 7329.539135
UTC=2024-01-02T09:30:02.000000
-7122714.916884 -916282.937335 174970.823780
-23.097080 1651.929830 7364.076477
UTC=2024-01-02T09:32:02.000000
-7068831.409466 -711807.006280 1055013.597159
920.329943 1748.871129 7284.292131
UTC=2024-01-02T09:34:02.000000
-6902342.421110 -498288.523055 1918672.921424
1851.095642 1802.477690 7091.367808
UTC=2024-01-02T09:36:02.000000
-6625685.611689 -280966.680383 2752533.567795
2753.947468 1812.258088 6788.294604
UTC=2024-01-02T09:38:02.000000
-6243104.606115 -65082.444213 3543645.395398
3614.083784 1778.673121 6379.821332
UTC=2024-01-02T09:40:02.000000
-5760578.874004 144234.819424 4279729.329082
4417.417780 1703.116647 5872.365745
UTC=2024-01-02T09:42:02.000000
-5185723.239307 342076.991419 4949370.638905
5150.818430 1587.874071 5273.893571
UTC=2024-01-02T09:44:02.000000
-4527660.018167 523860.963222 5542196.228285
5802.325181 1436.066065 4593.774096
UTC=2024-01-02T09:46:02.000000
-3796867.049543 685424.594575 6049033.746817
6361.336707 1251.574072 3842.623488
UTC=2024-01-02T09:48:02.000000
-3005004.160407 823112.657067 6462050.963570
6818.779855 1038.948911 3032.129884
UTC=2024-01-02T09:50:02.000000
-2164721.361652 933851.204900 6774873.205662
7167.245482 803.310935 2174.866240
UTC=2024-01-02T09:52:02.000000
-1289452.160651 1015209.594624 6982677.701200
7401.099705 550.242166 1284.089559
UTC=2024-01-02T09:54:02.000000
-393195.932982 1065448.797928 7082263.294763
7516.554686 285.667509 373.537211
UTC=2024-01-02T09:56:02.000000
509706.722692 1083555.263701 7072096.351190
7511.717812 15.732752 -542.769313
UTC=2024-01-02T09:58:02.000000
1404803.303233 1069260.030875 6952332.853012
7386.619145 -253.318743 -1450.724967
UTC=2024-01-02T10:00:02.000000
2277760.457076 1023042.885153 6724816.257597
7143.212307 -515.272462 -2336.343714
UTC=2024-01-02T10:02:02.000000
3114593.627508 946121.314135 6393051.251403
6785.351780 -764.068734 -3185.957746
UTC=2024-01-02T10:04:02.000000
3901892.716549 840424.450632 5962153.275147
6318.745978 -993.926762 -3986.423951
UTC=2024-01-02T10:06:02.000000
4627039.712223 708552.417672 5438773.424487
5750.871989 -1199.463937 -4725.322390
UTC=2024-01-02T10:08:02.000000
5278414.941290 553721.475329 4831000.491817
5090.873110 -1375.812582 -5391.142852
UTC=2024-01-02T10:10:02.000000
5845589.639361 379695.856731 4148240.316843
4349.429403 -1518.723548 -5973.476616
UTC=2024-01-02T10:12:02.000000
6319500.569917 190707.940817 3401072.585404
3538.589081 -1624.658025 -6463.196519
UTC=2024-01-02T10:14:02.000000
6692602.589908 -8631.981541 2601087.250756
2671.569653 -1690.869270 -6852.616252
UTC=2024-01-02T10:16:02.000000
6958995.815409 -213435.157172 1760703.531821
1762.537147 -1715.472544 -7135.621226
UTC=2024-01-02T10:18:02.000000
7114525.369784 -418640.613911 892974.263597
826.366273 -1697.487513 -7307.782360
UTC=2024-01-02T10:20:02.000000
7156850.900539 -619125.404027 11378.428772
-121.619437 -1636.865013 -7366.437948
UTC=2024-01-02T10:22:02.000000
7085484.049630 -809817.097131 -870394.522333
-1065.924961 -1534.495375 -7310.746272
UTC=2024-01-02T10:24:02.000000
6901792.167195 -985805.757290 -1738663.731184
-1991.161858 -1392.191928 -7141.691195
UTC=2024-01-02T10:26:02.000000
6608969.140061 -1142452.677366 -2579974.995842
-2882.321736 -1212.654181 -6862.058847
UTC=2024-01-02T10:28:02.000000
6211973.900827 -1275493.580068 -3381313.605430
-3725.037429 -999.412159 -6476.375313
UTC=2024-01-02T10:30:02.000000
5717438.708842 -1381133.955467 -4130307.987275
-4505.826248 -756.751266 -5990.815697
UTC=2024-01-02T10:32:02.000000
5133549.555446 -1456134.345950 -4815420.625795
-5212.309377 -489.620735 -5413.083727
UTC=2024-01-02T10:34:02.000000
4469902.010559 -1497884.058225 -5426123.222135
-5833.402567 -203.533537 -4752.271249
UTC=2024-01-02T10:36:02.000000
3737335.554764 -1504462.386988 -5953053.893675
-6359.483575 95.542756 -4018.697950
UTC=2024-01-02T10:38:02.000000
2947749.853046 -1474686.016143 -6388153.939164
-6782.523397 401.306689 -3223.733987
UTC=2024-01-02T10:40:02.000000
2113907.454637 -1408141.536912 -6724783.259913
-7096.184547 707.248988 -2379.623143
UTC=2024-01-02T10:42:02.000000
1249225.811211 -1305202.917078 -6957814.199508
-7295.899950 1006.776108 -1499.296511
UTC=2024-01-02T10:44:02.000000
367561.778043 -1167034.306810 -7083702.538237
-7378.919118 1293.333004 -596.182987
UTC=2024-01-02T10:46:02.000000
-517008.077259 -995577.774277 -7100535.984281
-7344.332045 1560.529938 315.979566
UTC=2024-01-02T10:48:02.000000
-1390408.425188 -793526.238103 -7008060.017180
-7193.068599 1802.262716 1223.330101
UTC=2024-01-02T10:50:02.000000
-2238785.217761 -564281.835594 -6807681.267538
-6927.881160 2012.835037 2112.076768
UTC=2024-01-02T10:52:02.000000
-3048721.634874 -311900.137565 -6502447.591459
-6553.293891 2187.070646 2968.687815
UTC=2024-01-02T10:54:02.000000
-3807446.881924 -41021.284853 -6097006.307084
-6075.539574 2320.420535 3780.066928
UTC=2024-01-02T10:56:02.000000
-4503037.058383 243211.437966 -5597540.641450
-5502.483830 2409.063876 4533.745379
UTC=2024-01-02T10:58:02.000000
-5124604.401433 535244.392761 -5011682.943186
-4843.509671 2449.995912 5218.068585
UTC=2024-01-02T11:00:02.000000
-5662471.986335 829216.410530 -4348406.489866
-4109.391748 2441.109050 5822.373351
UTC=2024-01-02T11:02:02.000000
-6108331.505467 1119070.709826 -3617895.417696
-3312.135863 2381.259601 6337.170742
UTC=2024-01-02T11:04:02.000000
-6455379.944668 1398673.434326 -2831393.802192
-2464.791555 2270.312689 6754.310486
UTC=2024-01-02T11:06:02.000000
-6698432.466945 1661936.427041 -2001035.893419
-1581.242257 2109.167448 7067.129242
UTC=2024-01-02T11:08:02.000000
-6834008.988610 1902941.947202 -1139659.857266
-675.977290 1899.764483 7270.578764
UTC=2024-01-02T11:10:02.000000
-6860391.977905 2116066.755288 -260607.186206
236.160707 1645.065500 7361.333082
UTC=2024-01-02T11:12:02.000000
-6777652.949294 2296102.168582 622488.336005
1140.241326 1349.009750 7337.854414
UTC=2024-01-02T11:14:02.000000
-6587647.124359 2438367.972245 1495917.410939
2021.510004 1016.453767 7200.425187
UTC=2024-01-02T11:16:02.000000
-6293976.553999 2538817.661529 2346114.217732
2865.651774 653.086785 6951.151405
UTC=2024-01-02T11:18:02.000000
-5901921.824183 2594132.176040 3159873.333833
3659.046534 265.324325 6593.924686
UTC=2024-01-02T11:20:02.000000
-5418344.303041 2601799.787664 3924560.216276
4389.006827 -139.815287 6134.353455
UTC=2024-01-02T11:22:02.000000
-4851560.842384 2560180.471614 4628311.107630
5043.995200 -554.844891 5579.655076
UTC=2024-01-02T11:24:02.000000
-4211194.539489 2468553.764513 5260218.345319
5613.806146 -971.949683 4938.523806
UTC=2024-01-02T11:26:02.000000
-3508005.391997 2327149.361874 5810498.894495
6089.720587 -1383.132997 4220.983415
UTC=2024-01-02T11:28:02.000000
-2753703.741918 2137160.021213 6270644.212903
6464.638687 -1780.366030 3438.221721
UTC=2024-01-02T11:30:02.000000
-1960749.625611 1900736.175516 6633548.751872
6733.178379 -2155.741563 2602.402047
UTC=2024-01-02T11:32:02.000000
-1142142.532640 1620962.423305 6893615.241746
6891.738178 -2501.621415 1726.465041
UTC=2024-01-02T11:34:02.000000
-311205.901565 1301816.706896 7046835.918239
6938.522532 -2810.777733 823.929876
UTC=2024-01-02T11:36:02.000000
518630.174716 948112.913401 7090850.418074
6873.549336 -3076.527872 -91.299074
UTC=2024-01-02T11:38:02.000000
1334045.913219 565427.740125 7024979.903900
6698.634048 -3292.861409 -1005.134508
UTC=2024-01-02T11:40:02.000000
2122045.245527 160012.815824 6850236.948418
6417.347652 -3454.559069 -1903.506791
UTC=2024-01-02T11:42:02.000000
2870162.918711 -261306.961159 6569311.474447
6034.954230 -3557.303243 -2772.563209
UTC=2024-01-02T11:44:02.000000
3566662.922040 -691247.623123 6186532.447627
5558.327331 -3597.775097 -3598.873645
UTC=2024-01-02T11:46:02.000000
4200725.186406 -1122191.086303 5707804.930860
4995.838439 -3573.737939 -4369.633232
UTC=2024-01-02T11:48:02.000000
4762617.364981 -1546319.292162 5140523.179775
4357.220279 -3484.104813 -5072.858796
UTC=2024-01-02T11:50:02.000000
5243849.113933 -1955755.086239 4493460.723619
3653.413165 -3328.983750 -5697.576509
UTC=2024-01-02T11:52:02.000000
5637306.777200 -2342707.477823 3776638.193512
2896.390009 -3109.705885 -6234.005436
UTC=2024-01-02T11:54:02.000000
5937365.289955 -2699618.947873 3001169.590197
2098.951280 -2828.829430 -6673.730458
UTC=2024-01-02T11:56:02.000000
6139974.120311 -3019311.469598 2179089.396888
1274.500902 -2490.114747 -7009.846956
UTC=2024-01-02T11:58:02.000000
6242716.018629 -3295128.121445 1323163.941180
436.817657 -2098.477213 -7237.081174
UTC=2024-01-02T12:00:02.000000
6244837.490592 -3521067.654590 446689.139845
-400.191328 -1659.913704 -7351.894344
UTC=2024-01-02T12:02:02.000000
6147249.004977 -3691908.269081 -436721.600751
-1222.739992 -1181.400480 -7352.541394
UTC=2024-01-02T12:04:02.000000
5952495.834438 -3803318.230791 -1313355.165306
-2017.410566 -670.772464 -7239.108270
UTC=2024-01-02T12:06:02.000000
5664698.949693 -3851950.174460 -2169618.161768
-2771.396860 -136.576056 -7013.498739
UTC=2024-01-02T12:08:02.000000
5289468.407633 -3835517.458901 -2992252.621155
-3472.722120 412.082938 -6679.390005
UTC=2024-01-02T12:10:02.000000
4833791.502222 -3752851.362052 -3768544.755345
-4110.441188 965.707258 -6242.159125
UTC=2024-01-02T12:12:02.000000
4305898.064285 -3603937.697332 -4486522.745095
-4674.817037 1514.580794 -5708.775423
UTC=2024-01-02T12:14:02.000000
3715106.365401 -3389932.452628 -5135140.230372
-5157.468193 2048.946807 -5087.669544
UTC=2024-01-02T12:16:02.000000
3071653.218795 -3113156.087956 -5704442.403622
-5551.482974 2559.182053 -4388.575645
UTC=2024-01-02T12:18:02.000000
2386512.597855 -2777067.736169 -6185712.352749
-5851.497469 3035.957936 -3622.363312
UTC=2024-01-02T12:20:02.000000
1671206.503709 -2386220.429781 -6571597.360756
-6053.749772 3470.398166 -2800.871268
UTC=2024-01-02T12:22:02.000000
937610.284594 -1946197.205515 -6856214.429398
-6156.115811 3854.237714 -1936.722965
UTC=2024-01-02T12:24:02.000000
197755.787988 -1463529.186199 -7035232.508927
-6158.108714 4179.961353 -1043.128836
UTC=2024-01-02T12:26:02.000000
-536363.786634 -945598.058458 -7105931.570639
-6060.853297 4440.928517 -133.697466
UTC=2024-01-02T12:28:02.000000
-1252984.768790 -400524.099425 -7067239.294057
-5867.042469 4631.488478 777.748324
UTC=2024-01-02T12:30:02.000000
-1940758.023652 162959.150392 -6919745.481491
-5580.880304 4747.087383 1677.361927
UTC=2024-01-02T12:32:02.000000
-2588925.469943 735642.043201 -6665693.426342
-5207.998168 4784.357812 2551.462187
UTC=2024-01-02T12:34:02.000000
-3187485.624045 1307985.991229 -6308949.148461
-4755.357799 4741.196682 3386.715292
UTC=2024-01-02T12:36:02.000000
-3727346.960186 1870279.105008 -5854948.715570
-4231.144583 4616.827954 4170.318364
UTC=2024-01-02T12:38:02.000000
-4200467.552607 2412798.507210 -5310623.298509
-3644.643900 4411.851365 4890.187945
UTC=2024-01-02T12:40:02.000000
-4599978.477676 2925977.353044 -4684301.255217
-3006.093822 4128.269508 5535.152792
UTC=2024-01-02T12:42:02.000000
-4920288.160430 3400573.216828 -3985587.692664
-2326.516262 3769.484403 6095.132722
UTC=2024-01-02T12:44:02.000000
-5157165.876831 3827834.899374 -3225223.726082
-1617.539876 3340.275950 6561.301929
UTC=2024-01-02T12:46:02.000000
-5307803.154488 4199665.145209 -2414926.103531
-891.205908 2846.751610 6926.250914
UTC=2024-01-02T12:48:02.000000
-5370850.916304 4508775.263601 -1567208.870891
-159.762272 2296.264841 7184.121653
UTC=2024-01-02T12:50:02.000000
-5346431.718149 4748828.579543 -695189.933503
564.548392 1697.308565 7330.725336
UTC=2024-01-02T12:52:02.000000
-5236125.884013 4914569.347758 187614.832377
1269.709409 1059.381165 7363.630132
UTC=2024-01-02T12:54:02.000000
-5042931.219248 5001933.939424 1067506.140782
1944.148223 392.822755 7282.217124
UTC=2024-01-02T12:56:02.000000
-4771197.115707 5008140.823759 1930820.287953
2576.945430 -291.369932 7087.698141
UTC=2024-01-02T12:58:02.000000
-4426534.046375 4931757.724030 2764147.945209
3158.033676 -981.739924 6783.093910
UTC=2024-01-02T13:00:02.000000
-4015700.614758 4772744.520004 3554548.080901
3678.371613 -1666.576576 6373.176566
UTC=2024-01-02T13:02:02.000000
-3546471.332634 4532471.001647 4289753.133952
4130.090861 -2334.127325 5864.381296
UTC=2024-01-02T13:04:02.000000
-3027488.374334 4213709.314744 4958361.985374
4506.617451 -2972.806879 5264.692816
UTC=2024-01-02T13:06:02.000000
-2468100.075399 3820601.354576 5550017.746089
4802.769443 -3571.405503 4583.504248
UTC=2024-01-02T13:08:02.000000
-1878189.671020 3358601.722308 6055567.061643
5014.822182 -4119.286172 3831.452607
UTC=2024-01-02T13:10:02.000000
-1267997.997487 2834397.844957 6467198.742971
5140.543793 -4606.568631 3020.239158
UTC=2024-01-02T13:12:02.000000
-647943.812872 2255808.824527 6778559.933767
5179.198119 -5024.297257 2162.435582
UTC=2024-01-02T13:14:02.000000
-28445.566816 1631665.727691 6984849.279668
5131.522584 -5364.585781 1271.298026
UTC=2024-01-02T13:16:02.000000
580253.665320 971674.690316 7082887.378856
4999.694372 -5620.757110 360.567780
UTC=2024-01-02T13:18:02.000000
1168255.395245 286264.791594 7071162.621811
4787.267214 -5787.456635 -555.732732
UTC=2024-01-02T13:20:02.000000
1726166.257830 -413576.706814 6949853.155572
4499.091652 -5860.751756 -1463.496372
UTC=2024-01-02T13:22:02.000000
2245248.058109 -1116480.366347 6720824.902145
4141.218991 -5838.217432 -2348.735415
UTC=2024-01-02T13:24:02.000000
2717555.254370 -1810879.204009 6387604.987935
3720.789444 -5718.994798 -3197.783680
UTC=2024-01-02T13:26:02.000000
3136058.303949 -2485199.425488 5955331.052404
3245.906585 -5503.833948 -3997.500322
UTC=2024-01-02T13:28:02.000000
3494750.675958 -3128054.546586 5430675.985353
2725.491828 -5195.106919 -4735.470713
UTC=2024-01-02T13:30:02.000000
3788737.753998 -3728439.724497 4821749.258642
2169.128946 -4796.798459 -5400.198464
UTC=2024-01-02T13:32:02.000000
4014306.499936 -4275923.300757 4137975.380484
1586.898382 -4314.468422 -5981.293440
UTC=2024-01-02T13:34:02.000000
4168974.327678 -4760832.063467 3389950.353913
989.196250 -3755.183438 -6469.648430
UTC=2024-01-02T13:36:02.000000
4251515.878778 -5174426.388888 2589278.143249
386.548977 -3127.417678 -6857.596456
UTC=2024-01-02T13:38:02.000000
4261967.226502 -5509061.605988 1748389.288786
-210.578146 -2440.921822 -7139.048762
UTC=2024-01-02T13:40:02.000000
4201606.995469 -5758331.880080 880344.625964
-791.973288 -1706.563215 -7309.605285
UTC=2024-01-02T13:42:02.000000
4072914.654599 -5917193.156183 -1372.255067
-1347.863232 -936.138794 -7366.629268
UTC=2024-01-02T13:44:02.000000
3879507.592381 -5982063.061905 -883069.744395
-1869.085178 -142.177858 -7309.298137
UTC=2024-01-02T13:46:02.000000
3626057.368289 -5950895.304496 -1751067.531316
-2347.259032 662.287482 -7138.620020
UTC=2024-01-02T13:48:02.000000
3318186.998015 -5823225.914824 -2591914.620615
-2774.928590 1463.955457 -6857.402103
UTC=2024-01-02T13:50:02.000000
2962352.562177 -5600191.567386 -3392602.369221
-3145.685187 2249.491050 -6470.197650
UTC=2024-01-02T13:52:02.000000
2565711.042740 -5284519.070764 -4140768.776610
-3454.270423 3005.766005 -5983.212162
UTC=2024-01-02T13:54:02.000000
2135977.647710 -4880486.756034 -4824889.524318
-3696.648086 3720.086945 -5404.178643
UTC=2024-01-02T13:56:02.000000
1681276.532642 -4393859.286651 -5434452.666692
-3870.042521 4380.408900 -4742.211316
UTC=2024-01-02T13:58:02.000000
1209988.486023 -3831798.085634 -5960114.939798
-3972.953301 4975.528184 -4007.646504
UTC=2024-01-02T14:00:02.000000
730597.915484 -3202749.667428 -6393838.243129
-4005.151173 5495.258107 -3211.871100
UTC=2024-01-02T14:02:02.000000
251541.785451 -2516313.911908 -6729004.943604
-3967.649218 5930.587649 -2367.141935
UTC=2024-01-02T14:04:02.000000
-218936.551092 -1783094.422683 -6960511.072456
-3862.650967 6273.820107 -1486.398373
UTC=2024-01-02T14:06:02.000000
-672926.191509 -1014533.696825 -7084836.931651
-3693.481004 6518.688267 -583.074496
UTC=2024-01-02T14:08:02.000000
-1102978.469613 -222735.581074 -7100095.200109
-3464.504632 6660.451338 329.089431
UTC=2024-01-02T14:10:02.000000
-1502226.495570 579722.620527 -7006056.156475
-3181.036106 6695.969695 1236.238337
UTC=2024-01-02T14:12:02.000000
-1864492.718126 1379985.900072 -6804150.365891
-2849.231192 6623.763620 2124.586789
UTC=2024-01-02T14:14:02.000000
-2184382.928811 2165123.387565 -6497449.082000
-2475.970207 6444.052530 2980.605740
UTC=2024-01-02T14:16:02.000000
-2457366.133574 2922333.659396 -6090622.635359
-2068.738947 6158.777657 3791.204643
UTC=2024-01-02T14:18:02.000000
-2679839.335195 3639151.737792 -5589876.268931
-1635.495402 5771.602344 4543.923128
UTC=2024-01-02T14:20:02.000000
-2849176.052307 4303654.432885 -5002863.429133
-1184.533695 5287.887221 5227.116558
UTC=2024-01-02T14:22:02.000000
-2963757.999109 4904661.160588 -4338576.433982
-724.337511 4714.636250 5830.146026
UTC=2024-01-02T14:24:02.000000
-3022988.556492 5431926.036980 -3607214.970158
-263.424804 4060.405730 6343.555160
UTC=2024-01-02T14:26:02.000000
-3027287.622144 5876317.337506 -2820034.863571
189.805119 3335.188873 6759.222125
UTC=2024-01-02T14:28:02.000000
-2978068.442445 6229982.253953 -1989179.035570
627.221450 2550.281804 7070.508895
UTC=2024-01-02T14:30:02.000000
-2877696.044765 6486492.884229 -1127490.985016
1041.117390 1718.102978 7272.396224
UTC=2024-01-02T14:32:02.000000
-2729427.705067 6640968.483170 -248314.735618
1424.350431 851.986013 7361.573131
UTC=2024-01-02T14:34:02.000000
-2537337.572500 6690173.009941 634714.618039
1770.470267 -34.028938 7336.512880
UTC=2024-01-02T14:36:02.000000
-2306225.729322 6632584.917288 1507888.909023
2073.848961 -925.453673 7197.527358
UTC=2024-01-02T14:38:02.000000
-2041512.803882 6468434.383008 2357647.321859
2329.786664 -1807.624851 6946.754750
UTC=2024-01-02T14:40:02.000000
-1749123.814438 6199708.708570 3170793.009198
2534.587555 -2665.963391 6588.113044
UTC=2024-01-02T14:42:02.000000
-1435364.267280 5830126.918051 3934702.518315
2685.612846 -3486.227778 6127.226701
UTC=2024-01-02T14:44:02.000000
-1106791.277064 5365084.400828 4637525.030418
2781.311465 -4254.760829 5571.330529
UTC=2024-01-02T14:46:02.000000
-770081.890341 4811568.153171 5268368.441423
2821.237121 -4958.732769 4929.142837
UTC=2024-01-02T14:48:02.000000
-431900.941429 4178044.226932 5817467.505583
2806.033341 -5586.353316 4210.698889
UTC=2024-01-02T14:50:02.000000
-98772.752621 3474321.839017 6276332.379335
2737.391153 -6127.058807 3427.192282
UTC=2024-01-02T14:52:02.000000
223041.578873 2711395.254963 6637876.679738
2617.995771 -6571.686976 2590.787455
UTC=2024-01-02T14:54:02.000000
527659.261745 1901267.260896 6896522.464711
2451.453963 -6912.613283 1714.429511
UTC=2024-01-02T14:56:02.000000
809681.356619 1056757.045313 7048282.262130
2242.207234 -7143.873390 811.646609
UTC=2024-01-02T14:58:02.000000
1064286.978480 191295.424297 7090816.693914
1995.430809 -7261.249490 -103.653886
UTC=2024-01-02T15:00:02.000000
1287314.863066 -681288.804417 7023468.425115
1716.924027 -7262.337360 -1017.377690
UTC=2024-01-02T15:02:02.000000
1475331.222958 -1546989.946301 6847272.413560
1412.991790 -7146.598068 -1915.449605
UTC=2024-01-02T15:04:02.000000
1625682.938865 -2391850.494334 6564941.268308
1090.318997 -6915.375379 -2784.017135
UTC=2024-01-02T15:06:02.000000
1736535.373260 -3202187.186074 6180826.311043
755.839627 -6571.893034 -3609.655520
UTC=2024-01-02T15:08:02.000000
1806894.071633 -3964814.756577 5700853.892465
416.599986 -6121.218206 -4379.572838
UTC=2024-01-02T15:10:02.000000
1836610.128597 -4667263.239800 5132437.594383
79.624140 -5570.191816 -5081.804547
UTC=2024-01-02T15:12:02.000000
1826369.610039 -5297985.749063 4484368.083848
-248.217688 -4927.342114 -5705.394020
UTC=2024-01-02T15:14:02.000000
1777667.126526 -5846554.648141 3766681.007662
-560.342641 -4202.772030 -6240.579795
UTC=2024-01-02T15:16:02.000000
1692763.222166 -6303841.198478 2990502.800003
-850.589585 -3407.996926 -6678.969200
UTC=2024-01-02T15:18:02.000000
1574626.395825 -6662173.994909 2167877.804992
-1113.339059 -2555.758130 -7013.677792
UTC=2024-01-02T15:20:02.000000
1426861.471127 -6915474.080481 1311579.888834
-1343.623047 -1659.818926 -7239.450247
UTC=2024-01-02T15:22:02.000000
1253625.302554 -7059363.885378 434910.625337
-1537.224067 -734.731719 -7352.760720
UTC=2024-01-02T15:24:02.000000
1059531.446595 -7091247.061642 -448512.780323
-1690.761560 204.412997 -7351.885048
UTC=2024-01-02T15:26:02.000000
849545.420947 -7010356.269359 -1324976.441084
-1801.758220 1142.271099 -7236.936349
UTC=2024-01-02T15:28:02.000000
628873.833550 -6817766.544213 -2180889.425633
-1868.677871 2063.525229 -7009.844824
UTC=2024-01-02T15:30:02.000000
402850.223676 -6516376.180338 -3002999.271779
-1890.942157 2953.148498 -6674.311816
UTC=2024-01-02T15:32:02.000000
176820.080751 -6110856.352745 -3778600.464594
-1868.928597 3796.662263 -6235.737151
UTC=2024-01-02T15:34:02.000000
-43972.862787 -5607570.206689 -4495732.312197
-1803.950447 4580.386015 -5701.114073
UTC=2024-01-02T15:36:02.000000
-254496.591008 -5014463.254827 -5143362.108184
-1698.214210 5291.661714 -5078.891234
UTC=2024-01-02T15:38:02.000000
-450034.506640 -4340928.827045 -5711550.839657
-1554.759030 5919.048096 -4378.822128
UTC=2024-01-02T15:40:02.000000
-626280.923992 -3597651.375765 -6191599.945230
-1377.380216 6452.494017 -3611.798200
UTC=2024-01-02T15:42:02.000000
-779426.545483 -2796430.813793 -6576177.230816
-1170.540031 6883.481271 -2789.670618
UTC=2024-01-02T15:44:02.000000
-906232.696856 -1949991.300773 -6859420.965471
-939.269355 7205.140642 -1925.064390
UTC=2024-01-02T15:46:02.000000
-1004093.229383 -1071777.939907 -7037021.491713
-689.061275 7412.338191 -1031.191764
UTC=2024-01-02T15:48:02.000000
-1071083.304143 -175744.324847 -7106280.550904
-425.758351 7501.742378 -121.664891
UTC=2024-01-02T15:50:02.000000
-1105994.232158 723866.337527 -7066147.613676
-155.434101 7471.861248 789.697220
UTC=2024-01-02T15:52:02.000000
-1108354.082133 1612743.126370 -6917233.779244
115.725597 7323.060665 1689.050935
UTC=2024-01-02T15:54:02.000000
-1078433.979889 2476730.508540 -6661803.381870
381.542411 7057.561700 2562.716196
UTC=2024-01-02T15:56:02.000000
-1017239.949421 3302049.902618 -6303743.562242
635.966368 6679.421847 3397.357787
UTC=2024-01-02T15:58:02.000000
-926490.332343 4075517.836312 -5848511.250185
873.195617 6194.491385 4180.180005
UTC=2024-01-02T16:00:02.000000
-808578.868259 4784756.797458 -5303057.187699
1087.794110 5610.339316 4899.111943
UTC=2024-01-02T16:02:02.000000
-666524.178726 5418396.194757 -4675727.847855
1274.801240 4936.160349 5542.993794
UTC=2024-01-02T16:04:02.000000
-503906.317362 5966260.123672 -3976144.975410
1429.837396 4182.647154 6101.760342
UTC=2024-01-02T16:06:02.000000
-324791.140264 6419537.888521 -3215063.959020
1549.200657 3361.832161 6566.609259
UTC=2024-01-02T16:08:02.000000
-133643.775939 6770934.157839 -2404212.955611
1629.951304 2486.906707 6930.155076
UTC=2024-01-02T16:10:02.000000
64767.145604 7014795.725492 -1556114.257461
1669.980934 1572.010795 7186.568754
UTC=2024-01-02T16:12:02.000000
265472.670896 7147211.442618 -683890.435642
1668.066930 631.997544 7331.691498
UTC=2024-01-02T16:14:02.000000
463412.154624 7166082.632319 198941.530470
1623.907890 -317.822043 7363.120470
UTC=2024-01-02T16:16:02.000000
653544.883181 7071161.928611 1078684.603141
1538.137696 -1261.950359 7280.263532
UTC=2024-01-02T16:18:02.000000
830961.847919 6864058.872465 1941680.269849
1412.313380 -2184.982863 7084.354099
UTC=2024-01-02T16:20:02.000000
990994.674971 6548212.234950 2774526.535930
1248.881788 -3071.880968 6778.426700
UTC=2024-01-02T16:22:02.000000
1129319.754098 6128830.671520 3564291.110098
1051.133018 -3908.228177 6367.265564
UTC=2024-01-02T16:24:02.000000
1242055.779126 5612802.535031 4298716.755950
823.137326 -4680.485168 5857.319280
UTC=2024-01-02T16:26:02.000000
1325852.721249 5008576.907423 4966414.920671
569.661093 -5376.220146 5256.598824
UTC=2024-01-02T16:28:02.000000
1377968.660274 4326016.567455 5557044.320912
296.056626 -5984.332918 4574.515445
UTC=2024-01-02T16:30:02.000000
1396334.224157 3576228.756048 6061468.273917
8.162109 -6495.206254 3821.709008
UTC=2024-01-02T16:32:02.000000
1379603.754671 2771378.677946 6471892.649475
-287.819780 -6900.847428 3009.885987
UTC=2024-01-02T16:34:02.000000
1327191.500562 1924487.118942 6781982.739970
-585.447359 -7195.006105 2151.631440
UTC=2024-01-02T16:36:02.000000
1239292.733801 1049215.887747 6986956.898080
-878.166943 -7373.260430 1260.210229
UTC=2024-01-02T16:38:02.000000
1116889.392659 159645.207784 7083655.792526
-1159.442472 -7433.063199 349.363750
UTC=2024-01-02T16:40:02.000000
961740.254872 -729952.803413 7070588.287905
-1422.884413 -7373.768097 -566.877903
UTC=2024-01-02T16:42:02.000000
776355.565150 -1605343.383724 6947953.946992
-1662.379066 -7196.642162 -1474.402293
UTC=2024-01-02T16:44:02.000000
563956.365528 -2452557.405658 6717640.419581
-1872.213976 -6904.839904 -2359.220486
UTC=2024-01-02T16:46:02.000000
328419.104644 -3258115.453662 6383196.274833
-2047.197576 -6503.358266 -3207.675931
UTC=2024-01-02T16:48:02.000000
74206.470719 -4009244.053225 5949778.251289
-2182.767463 -5998.948287 -4006.654169
UTC=2024-01-02T16:50:02.000000
-193714.015269 -4694079.833857 5424075.157760
-2275.087850 -5400.009249 -4743.765348
UTC=2024-01-02T16:52:02.000000
-469962.698371 -5301860.576045 4814210.047664
-2321.140569 -4716.474425 -5407.526409
UTC=2024-01-02T16:54:02.000000
-748851.073403 -5823101.265778 4129619.710309
-2318.808526 -3959.668847 -5987.558179
UTC=2024-01-02T16:56:02.000000
-1024493.843291 -6249749.983427 3380910.885551
-2266.937551 -3142.118513 -6474.768010
UTC=2024-01-02T16:58:02.000000
-1290927.120172 -6575319.597940 2579696.447744
-2165.376571 -2277.340961 -6861.503717
UTC=2024-01-02T17:00:02.000000
-1542230.170171 -6794993.412468 1738414.399850
-2014.998994 -1379.620806 -7141.685964
UTC=2024-01-02T17:02:02.000000
-1772649.011117 -6905702.700813 870131.795163
-1817.708045 -463.761721 -7310.927881
UTC=2024-01-02T17:04:02.000000
-1976718.358151 -6906172.830041 -11663.714975
-1576.405286 455.182896 -7366.616043
UTC=2024-01-02T17:06:02.000000
-2149378.680676 -6796937.170728 -893279.576550
-1294.942044 1362.177905 -7307.953165
UTC=2024-01-02T17:08:02.000000
-2286086.305926 -6580318.867418 -1761037.129598
-978.051853 2242.472702 -7135.966799
UTC=2024-01-02T17:10:02.000000
-2382914.310578 -6260381.075848 -2601489.486811
-631.264397 3081.860134 -6853.485680
UTC=2024-01-02T17:12:02.000000
-2436641.936233 -5842846.685158 -3401634.617392
-260.800335 3866.925508 -6465.082744
UTC=2024-01-02T17:14:02.000000
-2444830.348566 -5334989.175068 -4149119.330728
126.550183 4585.276116 -5976.980274
UTC=2024-01-02T17:16:02.000000
-2405883.163782 -4745497.799930 -4832429.908323
523.558843 5225.738385 -5396.924497
UTC=2024-01-02T17:18:02.000000
-2319090.902218 -4084321.114435 -5441066.509789
922.695184 5778.522593 -4734.042024
UTC=2024-01-02T17:20:02.000000
-2184658.917300 -3362492.459679 -5965699.511878
1316.265913 6235.359165 -3998.682629
UTC=2024-01-02T17:22:02.000000
-2003718.416844 -2591940.684074 -6398306.198965
1696.557504 6589.608623 -3202.248593
UTC=2024-01-02T17:24:02.000000
-1778320.243400 -1785289.408532 -6732286.048931
2055.979539 6836.341148 -2357.008979
UTC=2024-01-02T17:26:02.000000
-1511411.933684 -955648.841559 -6962553.320170
2387.199381 6972.382112 -1475.909761
UTC=2024-01-02T17:28:02.000000
-1206798.978321 -116403.696206 -7085606.981803
2683.271834 6996.332194 -572.385381
UTC=2024-01-02T17:30:02.000000
-869090.639854 718999.709476 -7099578.153065
2937.766888 6908.561284 339.826397
UTC=2024-01-02T17:32:02.000000
-503630.799794 1537264.624743 -7004255.460680
3144.889861 6711.187257 1246.870251
UTC=2024-01-02T17:34:02.000000
-116415.140696 2325451.149888 -6801087.783265
3299.589638 6408.030725 2134.960127
UTC=2024-01-02T17:36:02.000000
286004.520888 3071177.298773 -6493165.222513
3397.666438 6004.559079 2990.560088
UTC=2024-01-02T17:38:02.000000
696628.515840 3762812.133796 -6085177.336034
3435.870281 5507.805915 3800.581900
UTC=2024-01-02T17:40:02.000000
1108128.099729 4389657.231520 -5583347.854583
3411.978540 4926.260143 4552.573718
UTC=2024-01-02T17:42:02.000000
1512972.926712 4942114.235929 -4995347.589368
3324.864259 4269.745901 5234.900444
UTC=2024-01-02T17:44:02.000000
1903565.898976 5411836.741934 -4330185.115430
3174.548765 3549.277782 5836.932420
UTC=2024-01-02T17:46:02.000000
2272382.949689 5791862.817652 -3598075.308062
2962.230956 2776.885135 6349.221616
UTC=2024-01-02T17:48:02.000000
2612115.109075 6076725.581935 -2810287.898029
2690.296982 1965.423251 6763.661329
UTC=2024-01-02T17:50:02.000000
2915810.506208 6262539.960924 -1978977.341805
2362.307970 1128.363366 7073.636315
UTC=2024-01-02T17:52:02.000000
3177013.207032 6347062.972038 -1116995.850078
1982.959222 279.562699 7274.152106
UTC=2024-01-02T17:54:02.000000
3389895.464690 6329725.444534 -237692.520662
1558.011631 -566.980720 7361.935436
UTC=2024-01-02T17:56:02.000000
3549380.252921 6211633.929288 645297.428675
1094.199214 -1397.377745 7335.498708
UTC=2024-01-02T17:58:02.000000
3651251.530534 5995542.830229 1518269.073825
599.117539 -2198.093439 7195.170284
UTC=2024-01-02T18:00:02.000000
3692249.884741 5685797.591279 2367666.030402
81.090709 -2956.184134 6943.094845
UTC=2024-01-02T18:02:02.000000
3670151.000288 5288250.014121 3180296.902894
-450.979803 -3659.525445 6583.203268
UTC=2024-01-02T18:04:02.000000
3583825.298451 4810146.479949 3943545.727071
-987.777790 -4297.032128 6121.138085
UTC=2024-01-02T18:06:02.000000
3433277.614828 4259992.391934 4645571.195686
-1519.742031 -4858.832833 5564.151591
UTC=2024-01-02T18:08:02.000000
3219665.379532 3647396.562459 5275493.063733
-2037.255956 -5336.434661 4920.982834
UTC=2024-01-02T18:10:02.000000
2945294.502211 2982897.642819 5823560.501734
-2530.821230 -5722.850287 4201.687816
UTC=2024-01-02T18:12:02.000000
2613595.642788 2277777.984595 6281299.954292
-2991.217493 -6012.684130 3417.470860
UTC=2024-01-02T18:14:02.000000
2229080.860461 1543868.432725 6641642.745968
-3409.670135 -6202.200013 2580.510574
UTC=2024-01-02T18:16:02.000000
1797280.285169 793346.636558 6899030.089688
-3778.011024 -6289.355884 1703.759405
UTC=2024-01-02T18:18:02.000000
1324660.589792 38533.706070 7049494.056970
-4088.821973 -6273.800498 800.747788
UTC=2024-01-02T18:20:02.000000
818526.964499 -708307.882843 7090715.686981
-4335.567849 -6156.859981 -114.604850
UTC=2024-01-02T18:22:02.000000
286909.448108 -1435173.945578 7022059.259940
-4512.722651 -5941.503501 -1028.199114
UTC=2024-01-02T18:24:02.000000
-261564.961727 -2130511.915708 6844581.475242
-4615.880299 -5632.276604 -1925.961786
UTC=2024-01-02T18:26:02.000000
-817812.478860 -2783405.115673 6561015.777495
-4641.847006 -5235.215115 -2794.055534
UTC=2024-01-02T18:28:02.000000
-1372442.241853 -3383744.965537 6175731.726367
-4588.708410 -4757.731043 -3619.080343
UTC=2024-01-02T18:30:02.000000
-1915913.435960 -3922388.801163 5694671.509625
-4455.889766 -4208.490155 -4388.256880
UTC=2024-01-02T18:32:02.000000
-2438699.323357 -4391302.418753 5125263.953605
-4244.206881 -3597.276673 -5089.620332
UTC=2024-01-02T18:34:02.000000
-2931455.801556 -4783684.936418 4476314.763122
-3955.888635 -2934.832305 -5712.220520
UTC=2024-01-02T18:36:02.000000
-3385190.520871 -5094072.732778 3757873.283689
-3594.563779 -2232.670850 -6246.310155
UTC=2024-01-02T18:38:02.000000
-3791428.484601 -5318420.127886 2981077.876593
-3165.216509 -1502.876240 -6683.511370
UTC=2024-01-02T18:40:02.000000
-4142370.975816 -5454155.360968 2157982.971250
-2674.121759 -757.894640 -7016.956816
UTC=2024-01-02T18:42:02.000000
-4431045.420395 -5500211.017347 1301370.025507
-2128.755975 -10.314558 -7241.415465
UTC=2024-01-02T18:44:02.000000
-4651442.616092 -5457027.480579 424545.102574
-1537.676740 727.360177 -7353.387978
UTC=2024-01-02T18:46:02.000000
-4798638.090629 -5326529.323234 -458873.057884
-910.379600 1442.933848 -7351.170853
UTC=2024-01-02T18:48:02.000000
-4868894.871761 -5112075.084319 -1335170.934642
-257.130699 2124.739101 -7234.890452
UTC=2024-01-02T18:50:02.000000
-4859744.817873 -4818381.015468 -2190759.849479
411.221420 2761.848621 -7006.496455
UTC=2024-01-02T18:52:02.000000
-4770046.633295 -4451420.554114 -3012392.290415
1083.444963 3344.266174 -6669.714205
UTC=2024-01-02T18:54:02.000000
-4600019.675961 -4018302.570413 -3787370.412322
1748.128046 3863.088818 -6229.963752
UTC=2024-01-02T18:56:02.000000
-4351253.410658 -3527131.806225 -4503743.230910
2393.880819 4310.642003 -5694.252987
UTC=2024-01-02T18:58:02.000000
-4026692.795636 -2986854.595956 -5150489.594658
3009.534562 4680.589904 -5071.047330
UTC=2024-01-02T19:00:02.000000
-3630600.064427 -2407093.094475 -5717684.027844
3584.334377 4968.015156 -4370.115515
UTC=2024-01-02T19:02:02.000000
-3168494.230985 -1797971.829195 -6196643.194416
4108.117442 5169.468487 -3602.362652
UTC=2024-01-02T19:04:02.000000
-2647069.877854 -1169939.777788 -6580051.787714
4571.481155 5282.993517 -2779.653564
UTC=2024-01-02T19:06:02.000000
-2074096.401003 -533591.140647 -6862066.443831
4965.938789 5308.123351 -1914.623502
UTC=2024-01-02T19:08:02.000000
-1458299.877446 100511.828741 -7038396.544119
5284.052402 5245.850079 -1020.484553
UTC=2024-01-02T19:10:02.000000
-809230.289136 722010.977255 -7106362.421069
5519.547009 5098.574425 -110.844751
UTC=2024-01-02T19:12:02.000000
-137115.287297 1320917.917163 -7064931.948687
5667.419519 4870.046372 800.477654
UTC=2024-01-02T19:14:02.000000
547297.787951 1887771.047187 -6914734.475925
5724.025290 4565.281379 1699.637760
UTC=2024-01-02T19:16:02.000000
1232910.122872 2413782.343444 -6658053.403114
5687.164605 4190.474269 2572.946917
UTC=2024-01-02T19:18:02.000000
1908448.690658 2890972.502649 -6298795.289420
5556.140489 3752.889549 3407.072446
UTC=2024-01-02T19:20:02.000000
2562648.986501 3312292.066694 -5842435.838167
5331.796891 3260.737419 4189.226665
UTC=2024-01-02T19:22:02.000000
3184441.070642 3671726.587639 -5295943.320014
5016.533481 2723.035191 4907.350433
UTC=2024-01-02T19:24:02.000000
3763136.387113 3964385.149583 -4667680.369409
4614.305196 2149.465625 5550.294771
UTC=2024-01-02T19:26:02.000000
4288613.035690 4186570.646526 -3967283.673770
4130.594075 1550.214764 6108.003885
UTC=2024-01-02T19:28:02.000000
4751495.866817 4335829.861235 -3205522.318815
3572.351397 935.797923 6571.688514
UTC=2024-01-02T19:30:02.000000
5143327.472893 4410981.987604 -2394136.120951
2947.903443 316.875753 6933.982721
UTC=2024-01-02T19:32:02.000000
5456726.403012 4412124.926182 -1545656.653346
2266.835199 -295.932202 7189.078216
UTC=2024-01-02T19:34:02.000000
5685529.583330 4340618.840610 -673213.015940
1539.839644 -892.239620 7332.840554
UTC=2024-01-02T19:36:02.000000
5824914.804913 4199046.939870 209674.078244
778.541054 -1462.078969 7362.888121
UTC=2024-01-02T19:38:02.000000
5871501.128856 3991154.382703 1089306.062782
-4.697870 -1996.081835 7278.644900
UTC=2024-01-02T19:40:02.000000
5823424.649681 3721765.832004 1952024.773907
-796.993814 -2485.652213 7081.360061
UTC=2024-01-02T19:42:02.000000
5680387.124520 3396683.484723 2784430.730019
-1585.175326 -2923.116955 6774.090165
UTC=2024-01-02T19:44:02.000000
5443676.229532 3022568.319820 3573597.245574
-2356.021743 -3301.856680 6361.646702
UTC=2024-01-02T19:46:02.000000
5116157.080595 2606806.741227 4307276.027044
-3096.503266 -3616.416653 5850.506688
UTC=2024-01-02T19:48:02.000000
4702235.239912 2157365.674559 4974089.680383
-3794.010505 -3862.585727 5248.684937
UTC=2024-01-02T19:50:02.000000
4207793.832840 1682640.431423 5563708.459854
-4436.564467 -4037.442312 4565.605784
UTC=2024-01-02T19:52:02.000000
3640104.385753 1191297.766653 6067010.138524
-5013.037599 -4139.386917 3811.938485
UTC=2024-01-02T19:54:02.000000
3007713.378575 692116.876649 6476217.916336
-5513.336152 -4168.141738 2999.405538
UTC=2024-01-02T19:56:02.000000
2320308.652328 193832.591310 6785015.523733
-5928.555671 -4124.717036 2140.596874
UTC=2024-01-02T19:58:02.000000
1588567.977464 -295016.598852 6988640.483190
-6251.125226 -4011.366484 1248.787534
UTC=2024-01-02T20:00:02.000000
823990.850394 -766234.353488 7083954.587740
-6474.940842 -3831.527261 337.738549
UTC=2024-01-02T20:02:02.000000
38715.883431 -1212103.759823 7069489.495343
-6595.468965 -3589.736961 -578.514028
UTC=2024-01-02T20:04:02.000000
-754672.588633 -1625513.593517 6945467.567831
-6609.826344 -3291.535555 -1485.862486
UTC=2024-01-02T20:06:02.000000
-1543346.218710 -2000071.988068 6713797.955992
-6516.836000 -2943.351743 -2370.335586
UTC=2024-01-02T20:08:02.000000
-2314439.268347 -2330205.407423 6378048.343800
-6317.055158 -2552.373872 -3218.292799
UTC=2024-01-02T20:10:02.000000
-3055257.974764 -2611242.138351 5943394.312031
-6012.796334 -2126.423167 -4016.608503
UTC=2024-01-02T20:12:02.000000
-3753491.865850 -2839480.308656 5416545.217567
-5608.131399 -1673.817271 -4752.882432
UTC=2024-01-02T20:14:02.000000
-4397422.353151 -3012238.162217 4805644.422962
-5108.842154 -1203.214273 -5415.646224
UTC=2024-01-02T20:16:02.000000
-4976123.608332 -3127885.347409 4120146.399259
-4522.344671 -723.452127 -5994.545923
UTC=2024-01-02T20:18:02.000000
-5479652.745795 -3185854.694145 3370672.749371
-3857.585909 -243.385705 -6480.509752
UTC=2024-01-02T20:20:02.000000
-5899226.132720 -3186634.622344 2568849.045827
-3124.916376 228.273180 -6865.901643
UTC=2024-01-02T20:22:02.000000
-6227378.601966 -3131742.444282 1727123.790963
-2335.930082 683.114729 -7144.664329
UTC=2024-01-02T20:24:02.000000
-6458101.240755 -3023678.452327 858571.636905
-1503.268585 1113.192737 -7312.435180
UTC=2024-01-02T20:26:02.000000
-6586954.048526 -2865861.018170 -23314.786000
-640.401775 1511.174873 -7366.620203
UTC=2024-01-02T20:28:02.000000
-6611151.629570 -2662544.921975 -904840.356053
238.604812 1870.475117 -7306.445104
UTC=2024-01-02T20:30:02.000000
-6529619.248899 -2418724.270977 -1772327.136383
1119.350027 2185.375499 -7132.968164
UTC=2024-01-02T20:32:02.000000
-6343017.385741 -2140022.376210 -2612332.609169
1987.357067 2451.121182 -6849.046580
UTC=2024-01-02T20:34:02.000000
-6053735.656945 -1832571.559415 -3411862.115568
2828.325806 2663.993872 -6459.274991
UTC=2024-01-02T20:36:02.000000
-5665856.564902 -1502885.523067 -4158572.193662
3628.382268 2821.361792 -5969.893998
UTC=2024-01-02T20:38:02.000000
-5185090.131190 -1157727.178658 -4840961.113059
4374.312662 2921.705775 -5388.670225
UTC=2024-01-02T20:40:02.000000
-4618681.367325 -803974.665468 -5448543.762593
5053.783144 2964.623064 -4724.754990
UTC=2024-01-02T20:42:02.000000
-3975292.421107 -448488.425212 -5972008.097955
5655.539265 2950.805968 -3988.519227
UTC=2024-01-02T20:44:02.000000
-3264862.571128 -97982.105252 -6403350.943243
6169.576225 2882.000120 -3191.376230
UTC=2024-01-02T20:46:02.000000
-2498449.359872 241100.311306 -6735992.133127
6587.283169 2760.942364 -2345.599378
UTC=2024-01-02T20:48:02.000000
-1688053.654927 562698.867425 -6964866.776767
6901.567845 2591.282277 -1464.138325
UTC=2024-01-02T20:50:02.000000
-846431.285849 861242.048057 -7086495.023446
7106.953832 2377.496262 -560.429454
UTC=2024-01-02T20:52:02.000000
13105.579384 1131740.338833 -7099029.164614
7199.655772 2124.789972 351.792337
UTC=2024-01-02T20:54:02.000000
876894.778025 1369867.139658 -7002278.746133
7177.635105 1838.988229 1258.669012
UTC=2024-01-02T20:56:02.000000
1731137.148422 1572026.582867 -6797714.509432
7040.653294 1526.426051 2146.406726
UTC=2024-01-02T20:58:02.000000
2562113.741699 1735407.573868 -6488448.548373
6790.286433 1193.827099 3001.474372
UTC=2024-01-02T21:00:02.000000
3356403.530636 1858022.831448 -6079191.358513
6429.919563 848.176063 3810.795647
UTC=2024-01-02T21:02:02.000000
4101098.437380 1938732.365332 -5576186.115712
5964.710388 496.588456 4561.931111
UTC=2024-01-02T21:04:02.000000
4784013.510577 1977251.493658 -4987121.493187
5401.543403 146.182233 5243.260319
UTC=2024-01-02T21:06:02.000000
5393889.697987 1974143.197121 -4321021.939720
4748.948642 -196.055448 5844.171414
UTC=2024-01-02T21:08:02.000000
5920584.578251 1930794.374394 -3588116.064272
4016.985119 -523.401594 6355.234289
UTC=2024-01-02T21:10:02.000000
6355247.716720 1849376.377357 -2799685.247847
3217.102237 -829.525838 6768.358663
UTC=2024-01-02T21:12:02.000000
6690477.847491 1732790.545474 -1967893.577840
2361.971588 -1108.611890 7076.947402
UTC=2024-01-02T21:14:02.000000
6920457.415413 1584599.470690 -1105600.627681
1465.280393 -1355.473863 7276.024579
UTC=2024-01-02T21:16:02.000000
7041061.027703 1408944.912819 -226160.738266
541.503794 -1565.660951 7362.335103
UTC=2024-01-02T21:18:02.000000
7049934.736687 1210454.233273 656787.989017
-394.353083 -1735.542877 7334.410846
UTC=2024-01-02T21:20:02.000000
6946544.378536 994137.780212 1529539.866596
-1327.007411 -1862.377384 7192.597820
UTC=2024-01-02T21:22:02.000000
6732192.972945 765278.848844 2378540.435839
-2241.170830 -1944.364672 6939.068452
UTC=2024-01-02T21:24:02.000000
6410004.192631 529318.614572 3190603.554139
-3121.831587 -1980.675669 6577.777928
UTC=2024-01-02T21:26:02.000000
5984873.528266 291739.098787 3953121.294281
-3954.515932 -1971.458384 6114.394458
UTC=2024-01-02T21:28:02.000000
5463387.932865 57946.727889 4654263.326400
-4725.544898 -1917.818829 5556.188262
UTC=2024-01-02T21:30:02.000000
4853717.128595 -166840.517758 5283161.794894
-5422.255946 -1821.785828 4911.909275
UTC=2024-01-02T21:32:02.000000
4165478.095648 -377701.088655 5830080.103135
-6033.224379 -1686.259559 4191.632213
UTC=2024-01-02T21:34:02.000000
3409575.484767 -570109.817911 6286561.186802
-6548.439978 -1514.932070 3406.578969
UTC=2024-01-02T21:36:02.000000
2598022.705444 -740027.877650 6645554.538802
-6959.456696 -1312.202118 2568.938854
UTC=2024-01-02T21:38:02.000000
1743746.534669 -883981.876547 6901521.028615
-7259.517045 -1083.077728 1691.681112
UTC=2024-01-02T21:40:02.000000
860377.838206 -999130.668439 7050514.841327
-7443.658957 -833.069445 788.356561
UTC=2024-01-02T21:42:02.000000
-37968.401337 -1083318.636210 7090240.624663
-7508.784157 -568.072223 -127.111828
UTC=2024-01-02T21:44:02.000000
-936919.347833 -1135114.613901 7020086.013665
-7453.698208 -294.244881 -1040.630931
UTC=2024-01-02T21:46:02.000000
-1822074.000961 -1153836.068348 6841129.954656
-7279.126730 -17.884260 -1938.138881
UTC=2024-01-02T21:48:02.000000
-2679233.268199 -1139557.888985 6556126.974242
-6987.705700 254.704045 -2805.803432
UTC=2024-01-02T21:50:02.000000
-3494627.754573 -1093105.843781 6169468.123587
-6583.955647 517.331732 -3630.214221
UTC=2024-01-02T21:52:02.000000
-4255141.344806 -1016035.137643 5687118.128869
-6074.232053 764.049910 -4398.588383
UTC=2024-01-02T21:54:02.000000
-4948526.463989 -910594.398338 5116527.867985
-5466.638147 989.270863 -5098.972802
UTC=2024-01-02T21:56:02.000000
-5563606.964865 -779675.144615 4466523.018471
-4770.905208 1187.886158 -5720.438488
UTC=2024-01-02T21:58:02.000000
-6090464.735774 -626747.693538 3747170.181659
-3998.241183 1355.375020 -6253.260800
UTC=2024-01-02T22:00:02.000000
-6520606.446563 -455784.662683 2969622.672629
-3161.154177 1487.901638 -6689.077304
UTC=2024-01-02T22:02:02.000000
-6847108.220439 -271173.506496 2145948.135083
-2273.258353 1582.401177 -7021.036068
UTC=2024-01-02T22:04:02.000000
-7064734.780396 -77619.684190 1288939.019862
-1349.041421 1636.647815 -7243.927795
UTC=2024-01-02T22:06:02.000000
-7170029.086253 119957.106818 411909.404676
-403.609326 1649.303665 -7354.281145
UTC=2024-01-02T22:08:02.000000
-7161370.555896 316531.611354 -471517.648843
547.581983 1619.951037 -7350.425450
UTC=2024-01-02T22:10:02.000000
-7039000.379165 507084.291642 -1347628.204026
1489.006017 1549.102423 -7232.517695
UTC=2024-01-02T22:12:02.000000
-6805013.332705 686712.338353 -2202836.180737
2405.339669 1438.187092 -7002.526398
UTC=2024-01-02T22:14:02.000000
-6463317.913084 850738.060476 -3023898.737983
3281.721764 1289.521421 -6664.197242
UTC=2024-01-02T22:16:02.000000
-6019564.502601 994812.574910 -3798125.982073
4104.026444 1106.258673 -6222.982502
UTC=2024-01-02T22:18:02.000000
-5481042.355477 1115012.105297 -4513578.717050
4859.100896 892.317714 -5685.920791
UTC=2024-01-02T22:20:02.000000
-4856550.180876 1207924.884121 -5159251.057997
5534.973605 652.297610 -5061.504480
UTC=2024-01-02T22:22:02.000000
-4156243.109616 1270726.975965 -5725235.679874
6121.036272 391.379380 -4359.523095
UTC=2024-01-02T22:24:02.000000
-3391459.912990 1301245.705915 -6202869.513769
6608.192615 115.217202 -3590.896205
UTC=2024-01-02T22:26:02.000000
-2574533.964534 1298009.465367 -6584858.790973
6988.979631 -170.177813 -2767.495763
UTC=2024-01-02T22:28:02.000000
-1718591.323133 1260283.701705 -6865382.458271
7257.663379 -458.552218 -1901.963365
UTC=2024-01-02T22:30:02.000000
-837338.965935 1188092.628955 -7040172.892793
7410.302875 -743.534433 -1007.516355
UTC=2024-01-02T22:32:02.000000
55152.562320 1082225.987354 -7106573.850942
7444.783509 -1018.757088 -97.763340
UTC=2024-01-02T22:34:02.000000
944669.399089 944231.366730 -7063576.835476
7360.834488 -1277.977079 813.470214
UTC=2024-01-02T22:36:02.000000
1817076.641987 776391.926437 -6911836.089347
7160.041226 -1515.198462 1712.332235
UTC=2024-01-02T22:38:02.000000
2658539.574844 581689.503949 -6653659.679933
6845.814560 -1724.791557 2585.141743
UTC=2024-01-02T22:40:02.000000
3455740.124849 363753.949343 -6292977.731589
6423.344304 -1901.604533 3418.577902
UTC=2024-01-02T22:42:02.000000
4196086.028886 126799.046917 -5835287.828763
5899.523265 -2041.074672 4199.867226
UTC=2024-01-02T22:44:02.000000
4867909.871895 -124454.184195 -5287578.533751
5282.856710 -2139.326226 4916.963656
UTC=2024-01-02T22:46:02.000000
5460656.329006 -384865.475227 -4658230.979863
4583.352500 -2193.262176 5558.735983
UTC=2024-01-02T22:48:02.000000
5965053.825958 -648973.686382 -3956897.874143
3812.371632 -2200.643465 6115.151078
UTC=2024-01-02T22:50:02.000000
6373266.868507 -911103.759682 -3194361.658079
2982.457492 -2160.153593 6577.440137
UTC=2024-01-02T22:52:02.000000
6679026.531607 -1165480.556489 -2382373.289727
2107.141664 -2071.447273 6938.255126
UTC=2024-01-02T22:54:02.000000
6877736.034689 -1406347.193214 -1533473.124356
1200.722497 -1935.176722 7191.808548
UTC=2024-01-02T22:56:02.000000
6966548.302810 -1628085.295198 -660796.662151
278.021647 -1752.997328 7333.984883
UTC=2024-01-02T22:58:02.000000
6944413.597379 -1825334.660200 222131.308368
-645.869920 -1527.552439 7362.423331
UTC=2024-01-02T23:00:02.000000
6812095.967211 -1993109.806782 1101610.992873
-1555.859398 -1262.435401 7276.573980
UTC=2024-01-02T23:02:02.000000
6572157.086076 -2126910.500747 1963986.144392
-2437.123137 -962.129044 7077.712210
UTC=2024-01-02T23:04:02.000000
6228908.116858 -2222823.919989 2795862.453826
-3275.370601 -631.924818 6768.922251
UTC=2024-01-02T23:06:02.000000
5788330.235176 -2277615.661176 3584321.582164
-4057.099923 -277.820514 6355.040062
UTC=2024-01-02T23:08:02.000000
5257965.677310 -2288807.837901 4317126.097829
-4769.831591 93.593503 5842.559904
UTC=2024-01-02T23:10:02.000000
4646782.702784 -2254742.547776 4982911.510607
-5402.308701 475.263321 5239.515680
UTC=2024-01-02T23:12:02.000000
3965018.089296 -2174629.515385 5571363.296275
-5944.675598 859.805003 4555.348756
UTC=2024-01-02T23:14:02.000000
3223998.955959 -2048577.302920 6073376.184288
-6388.638382 1239.646482 3800.741287
UTC=2024-01-02T23:16:02.000000
2435948.198805 -1877607.068241 6481191.967087
-6727.576931 1607.173549 2987.432011
UTC=2024-01-02T23:18:02.000000
1613778.334930 -1663649.165429 6788515.332440
-6956.630122 1954.870897 2128.032067
UTC=2024-01-02T23:20:02.000000
770876.548253 -1409522.673594 6990606.918326
-7072.755316 2275.465525 1235.829205
UTC=2024-01-02T23:22:02.000000
-79115.419640 -1118897.899682 7084352.287827
-7074.753976 2562.065843 324.583964
UTC=2024-01-02T23:24:02.000000
-922522.623161 -796242.675065 7068306.536606
-6963.268678 2808.292357 -591.672048
UTC=2024-01-02T23:26:02.000000
-1745856.530091 -446753.402597 6942714.904744
-6740.758008 3008.402394 -1498.834680
UTC=2024-01-02T23:28:02.000000
-2536030.336868 -76271.428910 6709509.411880
-6411.448899 3157.408079 -2382.928270
UTC=2024-01-02T23:30:02.000000
-3280567.251462 308814.029521 6372281.474196
-5981.268061 3251.183013 -3230.305616
UTC=2024-01-02T23:32:02.000000
-3967799.218122 701675.037531 5936230.369136
-5457.750686 3286.556168 -4027.849858
UTC=2024-01-02T23:34:02.000000
-4587053.230146 1095164.555750 5408087.444820
-4849.923700 3261.392383 -4763.176530
UTC=2024-01-02T23:36:02.000000
-5128821.975405 1481944.890058 4796016.502613
-4168.162860 3174.659020 -5424.828018
UTC=2024-01-02T23:38:02.000000
-5584915.870953 1854622.997151 4109491.086881
-3424.023757 3026.471785 -6002.463287
UTC=2024-01-02T23:40:02.000000
-5948593.163841 2205889.896954 3359150.030919
-2630.047808 2818.118236 -6487.028722
UTC=2024-01-02T23:42:02.000000
-6214665.892898 2528661.610239 2556633.577120
-1799.553967 2552.059090 -6870.912210
UTC=2024-01-02T23:44:02.000000
-6379579.831311 2816218.860974 1714401.995971
-946.413347 2231.906488 -7148.080042
UTC=2024-01-02T23:46:02.000000
-6441466.297253 3062342.697960 845538.881106
-84.804241 1862.376447 -7314.194147
UTC=2024-01-02T23:48:02.000000
-6400163.471488 3261442.595494 -36457.395058
771.046093 1449.212217 -7366.688996
UTC=2024-01-02T23:50:02.000000
-6257207.130091 3408674.083342 -917889.331680
1607.113959 999.086403 -7304.816121
UTC=2024-01-02T23:52:02.000000
-6015791.260236 3500043.307375 -1785079.337368
2409.826721 519.482647 -7129.655611
UTC=2024-01-02T23:54:02.000000
-5680699.156204 3532496.457486 -2624588.386366
3166.309237 18.559666 -6844.095724
UTC=2024-01-02T23:56:02.000000
-5258205.922497 3503991.521585 -3423429.283940
3864.607311 -495.003965 -6452.765231
UTC=2024-01-02T23:58:02.000000
-4755955.876677 3413551.136354 -4169270.163336
4493.886378 -1012.170413 -5961.938408
