UTC=2024-01-27T00:00:02.000000
3825989.524124 -1157675.565016 -5974998.664042
5031.613248 -3924.279903 3984.088772
UTC=2024-01-27T00:02:02.000000
4394865.738428 -1623600.056268 -5452054.448553
4437.743702 -3829.446111 4720.527277
UTC=2024-01-27T00:04:02.000000
4888398.675016 -2073948.211395 -4844963.617392
3777.675075 -3664.793788 5384.713041
UTC=2024-01-27T00:06:02.000000
5299306.030420 -2500410.127468 -4163029.503697
3062.591888 -3431.672801 5966.284610
UTC=2024-01-27T00:08:02.000000
5621700.980491 -2894913.963358 -3416727.526363
2304.537156 -3132.700638 6456.096704
UTC=2024-01-27T00:10:02.000000
5851183.787591 -3249777.438819 -2617549.339517
1516.218285 -2771.747875 6846.383464
UTC=2024-01-27T00:12:02.000000
5984908.731297 -3557855.964654 -1777828.413013
710.791040 -2353.896158 7130.901755
UTC=2024-01-27T00:14:02.000000
6021624.540904 -3812684.229658 -910550.109539
-98.364103 -1885.372397 7305.048130
UTC=2024-01-27T00:16:02.000000
5961687.344033 -4008608.365794 -29148.866280
-897.877504 -1373.455557 7365.954205
UTC=2024-01-27T00:18:02.000000
5807045.131843 -4140905.343811 852703.966189
-1674.627311 -826.359896 7312.547846
UTC=2024-01-27T00:20:02.000000
5561193.733469 -4205887.121258 1721317.957081
-2415.977562 -253.094553 7145.585579
UTC=2024-01-27T00:22:02.000000
5229104.506087 -4200986.042599 2563202.852279
-3110.008815 336.705363 6867.640747
UTC=2024-01-27T00:24:02.000000
4817125.753567 -4124819.620471 3365283.736800
-3745.723555 932.951638 6483.052132
UTC=2024-01-27T00:26:02.000000
4332860.916149 -3977234.024252 4115108.603643
-4313.229022 1525.285526 5997.847373
UTC=2024-01-27T00:28:02.000000
3785025.966655 -3759325.482609 4801045.035656
-4803.902133 2103.263488 5419.638891
UTC=2024-01-27T00:30:02.000000
3183288.326189 -3473438.715390 5412462.357329
-5210.527132 2656.552944 4757.483801
UTC=2024-01-27T00:32:02.000000
2538092.015468 -3123142.437169 5939895.595427
-5527.390865 3175.116695 4021.726923
UTC=2024-01-27T00:34:02.000000
1860472.499507 -2713183.108180 6375189.855575
-5750.358961 3649.391724 3223.826652
UTC=2024-01-27T00:36:02.000000
1161864.522115 -2249417.959351 6711622.590387
-5876.915053 4070.454874 2376.165756
UTC=2024-01-27T00:38:02.000000
453906.923945 -1738728.745952 6944003.089084
-5906.173938 4430.179001 1491.858818
UTC=2024-01-27T00:40:02.000000
-251752.429552 -1188917.513503 7068748.305475
-5838.865548 4721.375966 584.552795
UTC=2024-01-27T00:42:02.000000
-943648.358427 -608585.931296 7083934.781937
-5677.296566 4937.926869 -331.773167
UTC=2024-01-27T00:44:02.000000
-1610684.309970 -7000.067143 6989326.474097
-5425.293120 5074.895381 -1243.008332
UTC=2024-01-27T00:46:02.000000
-2242310.225682 606057.676302 6786378.320668
-5088.122408 5128.627189 -2135.114219
UTC=2024-01-27T00:48:02.000000
-2828689.795875 1220447.425165 6478215.383060
-4672.395183 5096.830617 -2994.327854
UTC=2024-01-27T00:50:02.000000
-3360854.858491 1825839.248326 6069587.727033
-4185.949210 4978.638569 -3807.361541
UTC=2024-01-27T00:52:02.000000
-3830844.974229 2411886.949592 5566801.566282
-3637.718914 4774.653000 -4561.600472
UTC=2024-01-27T00:54:02.000000
-4231830.193996 2968405.986276 4977626.492027
-3037.584371 4486.967297 -5245.302780
UTC=2024-01-27T00:56:02.000000
-4558214.560887 3485552.222160 4311179.170467
-2396.202957 4119.157953 -5847.789604
UTC=2024-01-27T00:58:02.000000
-4805718.550148 3953998.154025 3577785.032718
-1724.825868 3676.251495 -6359.622079
UTC=2024-01-27T01:00:02.000000
-4971438.577233 4365103.641996 2788819.576365
-1035.100337 3164.665194 -6772.763293
UTC=2024-01-27T01:02:02.000000
-5053882.203911 4711077.866186 1956531.395205
-338.863183 2592.119901 -7080.721251
UTC=2024-01-27T01:04:02.000000
-5052978.058936 4985128.693074 1093849.141617
352.073961 1967.515691 -7278.670856
UTC=2024-01-27T01:06:02.000000
-4970060.060571 5181595.225722 214176.114653
1026.135630 1300.780246 -7363.537511
UTC=2024-01-27T01:08:02.000000
-4807826.783718 5296061.459663 -668823.415911
1672.187020 602.705075 -7334.054545
UTC=2024-01-27T01:10:02.000000
-4570276.104948 5325448.711986 -1541443.506264
2279.743352 -115.248353 -7190.794754
UTC=2024-01-27T01:12:02.000000
-4262615.349234 5268083.110277 -2390156.109758
2839.158739 -841.162244 -6936.142804
UTC=2024-01-27T01:14:02.000000
-3891151.129251 5123737.774160 -3201825.807436
3341.784296 -1562.875475 -6574.247270
UTC=2024-01-27T01:16:02.000000
-3463160.660730 4893648.485502 -3963916.511264
3780.112952 -2268.207858 -6110.929835
UTC=2024-01-27T01:18:02.000000
-2986747.978862 4580503.113702 -4664685.204102
4147.887074 -2945.172880 -5553.565184
UTC=2024-01-27T01:20:02.000000
-2470688.960375 4188406.114671 -5293360.038720
4440.177155 -3582.179183 -4910.939744
UTC=2024-01-27T01:22:02.000000
-1924268.769290 3722819.815933 -5840300.818674
4653.431532 -4168.218448 -4193.102744
UTC=2024-01-27T01:24:02.000000
-1357114.424940 3190483.179631 -6297140.909891
4785.507182 -4693.051653 -3411.201439
UTC=2024-01-27T01:26:02.000000
-779025.306317 2599309.162495 -6656908.047902
4835.672460 -5147.377124 -2577.296166
UTC=2024-01-27T01:28:02.000000
-199805.072360 1958263.494631 -6914122.480180
4804.581385 -5522.972268 -1704.171124
UTC=2024-01-27T01:30:02.000000
370901.989120 1277227.400799 -7064872.868070
4694.227142 -5812.821675 -805.151736
UTC=2024-01-27T01:32:02.000000
923768.328576 566845.895425 -7106870.168050
4507.885312 -6011.228309 106.080361
UTC=2024-01-27T01:34:02.000000
1449932.813696 -161636.562819 -7039478.951731
4250.039173 -6113.913963 1015.679264
UTC=2024-01-27T01:36:02.000000
1941139.978512 -896551.244905 -6863725.439179
3926.282743 -6118.096078 1909.827646
UTC=2024-01-27T01:38:02.000000
2389867.127330 -1625988.204082 -6582283.117166
3543.217303 -6022.545759 2774.919454
UTC=2024-01-27T01:40:02.000000
2789438.457397 -2337985.371826 -6199436.124410
3108.335568 -5827.628187 3597.746282
UTC=2024-01-27T01:42:02.000000
3134124.590193 -3020721.706720 -5721020.966975
2629.898082 -5535.333659 4365.675101
UTC=2024-01-27T01:44:02.000000
3419226.812713 -3662713.218685 -5154345.537285
2116.796528 -5149.286448 5066.850196
UTC=2024-01-27T01:46:02.000000
3641143.283931 -4253007.105553 -4508084.183743
1578.393562 -4674.706914 5690.381104
UTC=2024-01-27T01:48:02.000000
3797416.072628 -4781370.117796 -3792152.044442
1024.365844 -4118.357313 6226.505712
UTC=2024-01-27T01:50:02.000000
3886759.361750 -5238469.474351 -3017559.751671
464.544263 -3488.468634 6666.755300
UTC=2024-01-27T01:52:02.000000
3909067.603222 -5616043.112194 -2196248.480606
-91.261381 -2794.633286 7004.115031
UTC=2024-01-27T01:54:02.000000
3865402.180921 -5907054.380477 -1340907.108967
-633.440667 -2047.655894 7233.157139
UTC=2024-01-27T01:56:02.000000
3757957.150090 -6105827.658631 -464775.136509
-1152.755636 -1259.384846 7350.149126
UTC=2024-01-27T01:58:02.000000
3590003.972137 -6208161.758293 418565.896738
-1640.515484 -442.510044 7353.131750
UTC=2024-01-27T02:00:02.000000
3365816.308120 -6211417.983366 1295407.820568
-2088.731763 389.653858 7241.959071
UTC=2024-01-27T02:02:02.000000
3090577.040095 -6114581.118382 2152134.886112
-2490.263391 1223.406109 7018.316250
UTC=2024-01-27T02:04:02.000000
2770268.472063 -5918290.552869 2975441.825294
-2838.946757 2044.911208 6685.683577
UTC=2024-01-27T02:06:02.000000
2411548.687818 -5624841.845051 3752545.498224
-3129.696794 2840.442383 6249.269326
UTC=2024-01-27T02:08:02.000000
2021617.480127 -5238159.258960 4471386.975745
-3358.581201 3596.621227 5715.918287
UTC=2024-01-27T02:10:02.000000
1608074.541986 -4763739.621808 5120820.942218
-3522.872947 4300.654802 5093.989370
UTC=2024-01-27T02:12:02.000000
1178773.221214 -4208568.865373 5690788.956836
-3621.074878 4940.553373 4393.213755
UTC=2024-01-27T02:14:02.000000
741672.168640 -3581012.815912 6172474.382765
-3652.927201 5505.341529 3624.525217
UTC=2024-01-27T02:16:02.000000
304688.224140 -2890684.473356 6558435.217986
-3619.380022 5985.235035 2799.869370
UTC=2024-01-27T02:18:02.000000
-124446.078987 -2148291.816008 6842714.285484
-3522.545397 6371.792297 1932.015906
UTC=2024-01-27T02:20:02.000000
-538318.170733 -1365468.596217 7020926.686796
-3365.632192 6658.045861 1034.368359
UTC=2024-01-27T02:22:02.000000
-929962.496428 -554590.188189 7090324.304512
-3152.867093 6838.621073 120.768867
UTC=2024-01-27T02:24:02.000000
-1292977.138164 271423.413311 7049836.060998
-2889.400737 6909.828379 -794.708567
UTC=2024-01-27T02:26:02.000000
-1621628.332828 1099313.965903 6900083.379831
-2581.199026 6869.728908 -1697.963574
UTC=2024-01-27T02:28:02.000000
-1910941.215826 1915697.816843 6643371.162629
-2234.923976 6718.176430 -2575.072212
UTC=2024-01-27T02:30:02.000000
-2156775.783025 2707282.419443 6283654.509706
-1857.805689 6456.837030 -3412.488636
UTC=2024-01-27T02:32:02.000000
-2355886.916509 3461083.785086 5826481.266228
-1457.505416 6089.183692 -4197.246121
UTC=2024-01-27T02:34:02.000000
-2505967.688867 4164641.555941 5278910.873356
-1041.975063 5620.463846 -4917.150074
UTC=2024-01-27T02:36:02.000000
-2605675.602676 4806228.868789 4649410.000531
-619.311165 5057.642184 -5560.973575
UTC=2024-01-27T02:38:02.000000
-2654640.791249 5375053.191682 3947725.148137
-197.602457 4409.308356 -6118.643013
UTC=2024-01-27T02:40:02.000000
-2653455.962418 5861444.159721 3184733.648309
215.222419 3685.551300 -6581.412366
UTC=2024-01-27T02:42:02.000000
-2603648.112138 6257024.201359 2372275.038361
611.544956 2897.800379 -6942.013826
UTC=2024-01-27T02:44:02.000000
-2507632.619642 6554858.726390 1522965.742579
984.201167 2058.642912 -7194.786899
UTC=2024-01-27T02:46:02.000000
-2368650.315480 6749582.640405 649999.709808
1326.619196 1181.612773 -7335.781249
UTC=2024-01-27T02:48:02.000000
-2190688.933777 6837500.165343 -233061.499587
1632.941590 280.957588 -7362.829932
UTC=2024-01-27T02:50:02.000000
-1978390.845530 6816655.713303 -1112505.608532
1898.131863 -628.609792 -7275.593578
UTC=2024-01-27T02:52:02.000000
-1736948.676016 6686873.573736 -1974690.241819
2118.070276 -1532.186466 -7075.573642
UTC=2024-01-27T02:54:02.000000
-1471990.809690 6449763.487749 -2806261.245773
2289.622170 -2414.961320 -6766.059553
UTC=2024-01-27T02:56:02.000000
-1189460.630499 6108694.572799 -3594362.509540
2410.676983 -3262.462606 -6352.048747
UTC=2024-01-27T02:58:02.000000
-895492.342954 5668740.093803 -4326835.617787
2480.166294 -4060.800411 -5840.154293
UTC=2024-01-27T03:00:02.000000
-596285.832990 5136593.328543 -4992406.495941
2498.061761 -4796.900814 -5238.478464
UTC=2024-01-27T03:02:02.000000
-297982.992845 4520457.107873 -5580855.458880
2465.353041 -5458.711401 -4556.467347
UTC=2024-01-27T03:04:02.000000
-6547.828999 3829909.609643 -6083169.138216
2384.006719 -6035.392574 -3804.751610
UTC=2024-01-27T03:06:02.000000
272347.266769 3075748.463041 -6491671.973559
2256.904386 -6517.484817 -2994.966145
UTC=2024-01-27T03:08:02.000000
533426.676645 2269816.861122 -6800135.423258
2087.763372 -6897.040616 -2139.562038
UTC=2024-01-27T03:10:02.000000
771906.688237 1424815.650006 -7003864.932959
1881.049212 -7167.730065 -1251.624434
UTC=2024-01-27T03:12:02.000000
983579.378634 554103.526411 -7099764.852147
1641.875416 -7324.931487 -344.684663
UTC=2024-01-27T03:14:02.000000
1164884.023072 -328512.032275 -7086380.635197
1375.896589 -7365.796481 567.468585
UTC=2024-01-27T03:16:02.000000
1312965.130756 -1208990.381205 -6963918.078635
1089.192228 -7289.291166 1470.983681
UTC=2024-01-27T03:18:02.000000
1425716.342700 -2073276.449977 -6734239.690242
788.148795 -7096.210134 2352.130222
UTC=2024-01-27T03:20:02.000000
1501810.194235 -2907520.324895 -6400839.432534
479.341215 -6789.177496 3197.477566
UTC=2024-01-27T03:22:02.000000
1540713.250815 -3698296.369370 -5968795.773154
169.406827 -6372.637054 3994.080398
UTC=2024-01-27T03:24:02.000000
1542685.912365 -4432819.383914 -5444701.457835
-135.081861 -5852.806957 4729.679127
UTC=2024-01-27T03:26:02.000000
1508767.228155 -5099152.674230 -4836569.962133
-427.740382 -5237.596043 5392.882886
UTC=2024-01-27T03:28:02.000000
1440744.885568 -5686405.487894 -4153720.959375
-702.496890 -4536.510466 5973.342484
UTC=2024-01-27T03:30:02.000000
1341110.236371 -6184917.475747 -3406644.526907
-953.715139 -3760.525660 6461.928938
UTC=2024-01-27T03:32:02.000000
1212999.212879 -6586425.450049 -2606844.942428
-1176.306051 -2921.923282 6850.892932
UTC=2024-01-27T03:34:02.000000
1060120.464490 -6884209.150765 -1766666.352579
-1365.829848 -2034.103148 7134.008448
UTC=2024-01-27T03:36:02.000000
886671.658983 -7073212.612979 -899102.400997
-1518.590850 -1111.365000 7306.694784
UTC=2024-01-27T03:38:02.000000
697245.335474 -7150137.682022 -17592.863800
-1631.714359 -168.663412 7366.109348
UTC=2024-01-27T03:40:02.000000
496726.769556 -7113507.188305 864188.632295
-1703.204671 778.649977 7311.204477
UTC=2024-01-27T03:42:02.000000
290185.854518 -6963696.634512 1732552.096593
-1731.985364 1715.094637 7142.757486
UTC=2024-01-27T03:44:02.000000
82765.438860 -6702933.040917 2574010.293073
-1717.918397 2625.339513 6863.366314
UTC=2024-01-27T03:46:02.000000
-120431.364612 -6335260.074479 3375494.912160
-1661.802179 3494.484713 6477.403661
UTC=2024-01-27T03:48:02.000000
-314452.471976 -5866470.097257 4124564.457504
-1565.349682 4308.325931 5990.925705
UTC=2024-01-27T03:50:02.000000
-494604.069635 -5304006.577111 4809599.809644
-1431.143692 5053.587668 5411.563902
UTC=2024-01-27T03:52:02.000000
-656551.435173 -4656838.877714 5419985.654878
-1262.573943 5718.148660 4748.391600
UTC=2024-01-27T03:54:02.000000
-796411.118220 -3935311.873743 5946274.363611
-1063.758015 6291.236285 4011.770569
UTC=2024-01-27T03:56:02.000000
-910832.963153 -3150973.179787 6380330.345141
-839.449907 6763.603891 3213.173641
UTC=2024-01-27T03:58:02.000000
-997070.251355 -2316381.666840 6715451.477795
-594.934686 7127.661654 2364.987025
UTC=2024-01-27T04:00:02.000000
-1053036.784813 -1444902.613394 6946467.538715
-335.917086 7377.575133 1480.326069
UTC=2024-01-27T04:02:02.000000
-1077350.395740 -550491.544718 7069816.448812
-68.406696 7509.354165 572.843868
UTC=2024-01-27T04:04:02.000000
-1069362.287871 352530.840094 7083596.412559
201.404523 7520.908761 -343.475275
UTC=2024-01-27T04:06:02.000000
-1029171.183821 1249708.504106 6987593.561382
467.271416 7412.076197 -1254.517499
UTC=2024-01-27T04:08:02.000000
-957622.006525 2126681.763183 6783285.186055
723.023521 7184.622965 -2146.244749
UTC=2024-01-27T04:10:02.000000
-856289.395267 2969417.523967 6473818.402645
962.689861 6842.219229 -3004.898298
UTC=2024-01-27T04:12:02.000000
-727446.483924 3764434.977540 6063964.595707
1180.619798 6390.389549 -3817.199604
UTC=2024-01-27T04:14:02.000000
-574019.282159 4499023.758044 5560049.609933
1371.602103 5836.434102 -4570.551991
UTC=2024-01-27T04:16:02.000000
-399527.225705 5161451.015839 4969860.514024
1530.975071 5189.326682 -5253.230150
UTC=2024-01-27T04:18:02.000000
-208010.970069 5741154.944436 4302529.224843
1654.730299 4459.583750 -5854.578383
UTC=2024-01-27T04:20:02.000000
-3948.369512 6228919.273188 3568393.511995
1739.602226 3659.085459 -6365.177125
UTC=2024-01-27T04:22:02.000000
207839.056016 6617027.419018 2778840.013822
1783.141312 2800.918771 -6776.996374
UTC=2024-01-27T04:24:02.000000
422288.509509 6899394.592959 1946126.279489
1783.785261 1899.146634 -7083.573277
UTC=2024-01-27T04:26:02.000000
634204.977929 7071669.026950 1083186.281927
1740.897466 968.550234 -7280.112184
UTC=2024-01-27T04:28:02.000000
838373.858531 7131303.272324 203424.997770
1654.790322 24.375946 -7363.570421
UTC=2024-01-27T04:30:02.000000
1029675.076023 7077593.849202 -679495.608007
1526.724491 -917.936309 -7332.714090
UTC=2024-01-27T04:32:02.000000
1203195.536370 6911687.763267 -1551875.008130
1358.883053 -1843.030119 -7188.133529
UTC=2024-01-27T04:34:02.000000
1354337.390245 6636556.418510 -2400192.193276
1154.328540 -2735.899376 -6932.224965
UTC=2024-01-27T04:36:02.000000
1478920.147578 6256937.834791 -3211319.770052
916.942868 -3582.149239 -6569.141435
UTC=2024-01-27T04:38:02.000000
1573274.510124 5779248.275909 -3972730.154362
651.349669 -4368.243428 -6104.710319
UTC=2024-01-27T04:40:02.000000
1634325.920779 5211465.410108 -4672689.969832
362.820850 -5081.730470 -5546.319473
UTC=2024-01-27T04:42:02.000000
1659666.019692 4562985.955933 -5300438.999157
57.168862 -5711.440763 -4902.774785
UTC=2024-01-27T04:44:02.000000
1647610.592265 3844461.892896 -5846350.963356
-259.369385 -6247.647104 -4184.142791
UTC=2024-01-27T04:46:02.000000
1597243.230956 3067618.940295 -6302074.995143
-580.255260 -6682.202383 -3401.584056
UTC=2024-01-27T04:48:02.000000
1508443.842473 2245060.153649 -6660655.823042
-898.776657 -7008.645194 -2567.166427
UTC=2024-01-27T04:50:02.000000
1381901.955031 1390059.311788 -6916631.520478
-1208.172587 -7222.267835 -1693.681487
UTC=2024-01-27T04:52:02.000000
1219115.026675 516347.203213 -7066109.531518
-1501.760203 -7320.168088 -794.462008
UTC=2024-01-27T04:54:02.000000
1022371.345957 -362106.843846 -7106820.117508
-1773.062894 -7301.274742 116.809483
UTC=2024-01-27T04:56:02.000000
794717.767609 -1231314.972302 -7038146.782917
-2015.934489 -7166.347297 1026.293801
UTC=2024-01-27T04:58:02.000000
539913.090111 -2077488.918537 -6861133.748809
-2224.674045 -6917.946438 1920.181117
UTC=2024-01-27T05:00:02.000000
262367.888879 -2887253.837115 -6578471.996308
-2394.138767 -6560.395832 2784.864739
UTC=2024-01-27T05:02:02.000000
-32929.311421 -3647857.223860 -6194463.473561
-2519.856354 -6099.731659 3607.136482
UTC=2024-01-27T05:04:02.000000
-340498.319599 -4347369.107063 -5714961.418578
-2598.119492 -5543.609780 4374.379355
UTC=2024-01-27T05:06:02.000000
-654464.413624 -4974870.251105 -5147288.693250
-2626.074349 -4901.201107 5074.747409
UTC=2024-01-27T05:08:02.000000
-968665.653140 -5520626.574252 -4500134.131930
-2601.799641 -4183.063473 5697.350994
UTC=2024-01-27T05:10:02.000000
-1276768.686395 -5976246.435867 -3783426.915120
-2524.368523 -3400.984479 6232.436401
UTC=2024-01-27T05:12:02.000000
-1572390.842296 -6334817.430030 -3008190.127604
-2393.891451 -2567.798133 6671.551795
UTC=2024-01-27T05:14:02.000000
-1849226.260407 -6591019.983817 -2186375.388192
-2211.540531 -1697.182327 7007.697526
UTC=2024-01-27T05:16:02.000000
-2101173.637474 -6741215.389451 -1330680.237496
-1979.551105 -803.434013 7235.461894
UTC=2024-01-27T05:18:02.000000
-2322462.725000 -6783505.494766 -454350.733596
-1701.199988 98.776864 7351.130386
UTC=2024-01-27T05:20:02.000000
-2507776.876880 -6717761.956585 429027.197200
-1380.760944 994.667418 7352.762959
UTC=2024-01-27T05:22:02.000000
-2652368.791807 -6545623.967170 1305743.587298
-1023.435913 1869.605418 7240.236662
UTC=2024-01-27T05:24:02.000000
-2752166.663698 -6270464.436801 2162183.369787
-635.264370 2709.371201 7015.254589
UTC=2024-01-27T05:26:02.000000
-2803868.218004 -5897325.078425 2985044.158091
-223.012275 3500.412172 6681.316974
UTC=2024-01-27T05:28:02.000000
-2805020.352277 -5432821.952029 3761548.332193
205.955875 4230.079493 6243.656031
UTC=2024-01-27T05:30:02.000000
-2754082.714542 -4885023.959705 4479645.354379
643.815808 4886.841328 5709.139153
UTC=2024-01-27T05:32:02.000000
-2650474.242510 -4263307.316089 5128200.877230
1082.428144 5460.470048 5086.146673
UTC=2024-01-27T05:34:02.000000
-2494601.896874 -3578188.986032 5697169.891972
1513.492010 5942.206076 4384.427224
UTC=2024-01-27T05:36:02.000000
-2287870.397655 -2841142.353808 6177750.733580
1928.704980 6324.885859 3614.924671
UTC=2024-01-27T05:38:02.000000
-2032673.157916 -2064400.116368 6562517.811556
2319.916524 6603.030620 2789.599878
UTC=2024-01-27T05:40:02.000000
-1732365.037929 -1260747.787865 6845532.708051
2679.277817 6772.915874 1921.245925
UTC=2024-01-27T05:42:02.000000
-1391217.365182 -443310.151794 7022431.834924
2999.386165 6832.614554 1023.280954
UTC=2024-01-27T05:44:02.000000
-1014356.411765 374664.548836 7090489.062378
3273.416829 6781.993760 109.546997
UTC=2024-01-27T05:46:02.000000
-607686.131137 1180019.178307 7048655.341374
3495.255166 6622.701719 -805.880438
UTC=2024-01-27T05:48:02.000000
-177795.339529 1959899.573359 6897574.329332
3659.620803 6358.130971 -1708.899614
UTC=2024-01-27T05:50:02.000000
268149.124804 2701960.191941 6639573.095152
3762.177560 5993.352515 -2585.589891
UTC=2024-01-27T05:52:02.000000
722521.505501 3394560.256892 6278628.250610
3799.627381 5535.025490 -3422.412149
UTC=2024-01-27T05:54:02.000000
1177366.677101 4026948.242339 5820308.247019
3769.791196 4991.291729 -4206.408618
UTC=2024-01-27T05:56:02.000000
1624538.532439 4589432.131320 5271691.666825
3671.674662 4371.644553 -4925.400332
UTC=2024-01-27T05:58:02.000000
2055845.239681 5073532.768932 4641262.135339
3505.516042 3686.776899 -5568.181291
UTC=2024-01-27T06:00:02.000000
2463198.796829 5472117.038474 3938780.430082
3272.809825 2948.398121 -6124.699155
UTC=2024-01-27T06:02:02.000000
2838766.199043 5779508.655864 3175136.279473
2976.310015 2169.048913 -6586.218150
UTC=2024-01-27T06:04:02.000000
3175119.534585 5991576.094028 2362180.169557
2620.008034 1361.894864 -6945.488783
UTC=2024-01-27T06:06:02.000000
3465381.491763 6105792.674594 1512536.371427
2209.076790 540.476776 -7196.881414
UTC=2024-01-27T06:08:02.000000
3703362.298622 6121267.270340 639402.808906
1749.787360 -281.526076 -7336.479087
UTC=2024-01-27T06:10:02.000000
3883685.793752 6038746.452274 -243659.119819
1249.410419 -1090.539926 -7362.150160
UTC=2024-01-27T06:12:02.000000
4001902.053952 5860586.881457 -1122941.244968
716.089251 -1873.343282 -7273.582183
UTC=2024-01-27T06:14:02.000000
4054583.555147 5590699.138387 -1984807.160111
158.695536 -2617.296720 -7072.281689
UTC=2024-01-27T06:16:02.000000
4039403.092428 5234464.420431 -2815909.044950
-413.332340 -3310.564957 -6761.543413
UTC=2024-01-27T06:18:02.000000
3955191.312404 4798625.699383 -3603398.503657
-990.165267 -3942.318948 -6346.382006
UTC=2024-01-27T06:20:02.000000
3801972.750428 4291156.112206 -4335127.002421
-1561.763897 -4502.910982 -5833.427113
UTC=2024-01-27T06:22:02.000000
3580980.467775 3721108.488082 -4999832.268622
-2118.055146 -4984.015564 -5230.798473
UTC=2024-01-27T06:24:02.000000
3294649.298528 3098449.268662 -5587308.713365
-2649.112451 -5378.748830 -4547.960897
UTC=2024-01-27T06:26:02.000000
2946587.760256 2433879.988993 -6088558.852082
-3145.328764 -5681.754305 -3795.555960
UTC=2024-01-27T06:28:02.000000
2541529.830142 1738650.470792 -6495924.077061
-3597.580373 -5889.257444 -2985.226251
UTC=2024-01-27T06:30:02.000000
2085267.600405 1024367.123718 -6803193.525407
-3997.379394 -5999.090984 -2129.426711
UTC=2024-01-27T06:32:02.000000
1584566.727634 302800.071338 -7005690.458370
-4337.009713 -6010.691367 -1241.241624
UTC=2024-01-27T06:34:02.000000
1047065.792328 -414308.287430 -7100337.139953
-4609.661253 -5925.080381 -334.205297
UTC=2024-01-27T06:36:02.000000
481159.953315 -1115431.496713 -7085696.991417
-4809.552064 -5744.825430 577.897417
UTC=2024-01-27T06:38:02.000000
-104128.401998 -1789440.511693 -6961993.162095
-4932.025875 -5473.970067 1481.218658
UTC=2024-01-27T06:40:02.000000
-699290.355892 -2425776.331303 -6731105.567459
-4973.645531 -5117.959043 2362.023882
UTC=2024-01-27T06:42:02.000000
-1294481.880409 -3014613.214450 -6396545.788309
-4932.274086 -4683.551055 3206.886690
UTC=2024-01-27T06:44:02.000000
-1879683.420797 -3547009.506234 -5963408.537305
-4807.131458 -4178.701858 4002.877552
UTC=2024-01-27T06:46:02.000000
-2444865.577531 -4015043.961334 -5438301.358541
-4598.840373 -3612.441498 4737.742548
UTC=2024-01-27T06:48:02.000000
-2980159.510360 -4411936.678097 -4829252.346856
-4309.457072 -2994.737141 5400.092065
UTC=2024-01-27T06:50:02.000000
-3476029.291060 -4732151.931527 -4145595.019785
-3942.471039 -2336.329037 5979.588257
UTC=2024-01-27T06:52:02.000000
-3923442.464715 -4971480.427916 -3397831.815414
-3502.777953 -1648.554090 6467.114187
UTC=2024-01-27T06:54:02.000000
-4314036.114897 -5127099.778058 -2597477.887139
-2996.630336 -943.157591 6854.934050
UTC=2024-01-27T06:56:02.000000
-4640275.153313 -5197611.445401 -1756886.519517
-2431.556843 -232.090840 7136.836835
UTC=2024-01-27T06:58:02.000000
-4895599.128776 -5183052.985762 -889058.674311
-1816.251971 472.697954 7308.256801
UTC=2024-01-27T07:00:02.000000
-5074554.113269 -5084884.958909 -7439.721880
-1160.438242 1159.475408 7366.365925
UTC=2024-01-27T07:02:02.000000
-5172906.587185 -4905952.490069 874293.213468
-474.704221 1816.933990 7310.137739
UTC=2024-01-27T07:04:02.000000
-5187736.375923 -4650421.612637 1742449.574053
229.682683 2434.399910 7140.375982
UTC=2024-01-27T07:06:02.000000
-5117505.984678 -4323691.459221 2583544.541580
940.979707 3002.025472 6859.700467
UTC=2024-01-27T07:08:02.000000
-4962105.056534 -3932284.676669 3384514.383953
1647.179740 3510.959719 6472.498653
UTC=2024-01-27T07:10:02.000000
-4722869.186662 -3483718.770291 4132924.136236
2336.227037 3953.495335 5984.847496
UTC=2024-01-27T07:12:02.000000
-4402572.517240 -2986361.061827 4817164.159689
2996.238334 4323.194702 5404.403392
UTC=2024-01-27T07:14:02.000000
-4005394.230424 -2449270.482480 5426631.144090
3615.712712 4614.980347 4740.256726
UTC=2024-01-27T07:16:02.000000
-3536860.934981 -1882030.659015 5951890.994941
4183.725767 4825.192473 4002.777834
UTC=2024-01-27T07:18:02.000000
-3003766.127554 -1294577.370421 6384822.734799
4690.118236 4951.626628 3203.452531
UTC=2024-01-27T07:20:02.000000
-2414067.438871 -697022.655200 6718741.306332
5125.675559 4993.549608 2354.693776
UTC=2024-01-27T07:22:02.000000
-1776763.469692 -99479.049852 6948496.581778
5482.286899 4951.679427 1469.635832
UTC=2024-01-27T07:24:02.000000
-1101753.366623 488111.604184 7070547.754437
5753.073565 4828.134024 561.935129
UTC=2024-01-27T07:26:02.000000
-399681.929607 1056142.898729 7083014.593941
5932.505694 4626.375411 -354.421867
UTC=2024-01-27T07:28:02.000000
318228.664549 1595500.798124 6985704.884584
6016.505655 4351.133283 -1265.322022
UTC=2024-01-27T07:30:02.000000
1040358.347286 2097710.182939 6780117.288786
6002.531655 4008.308583 -2156.732141
UTC=2024-01-27T07:32:02.000000
1754877.225699 2555068.513858 6469419.362862
5889.636056 3604.856156 -3014.903390
UTC=2024-01-27T07:34:02.000000
2449939.302559 2960764.824217 6058401.707934
5678.503101 3148.659227 -3826.566336
UTC=2024-01-27T07:36:02.000000
3113879.770351 3308983.117435 5553408.604951
5371.470036 2648.393330 -4579.129631
UTC=2024-01-27T07:38:02.000000
3735413.181311 3594988.402608 4962244.338276
4972.516581 2113.372395 -5260.884959
UTC=2024-01-27T07:40:02.000000
4303827.777818 3815193.235891 4294055.932408
4487.215552 1553.380497 -5861.187776
UTC=2024-01-27T07:42:02.000000
4809173.811834 3967204.417439 3559195.790987
3922.684874 978.509710 -6370.625557
UTC=2024-01-27T07:44:02.000000
5242443.560361 4049848.941614 2769062.167282
3287.483145 398.971043 -6781.205312
UTC=2024-01-27T07:46:02.000000
5595735.890965 4063176.767486 1935920.928758
2591.472838 -175.093572 -7086.480367
UTC=2024-01-27T07:48:02.000000
5862403.880494 4008441.644099 1072712.573839
1845.665646 -733.793746 -7281.671629
UTC=2024-01-27T07:50:02.000000
6037181.682956 3888059.880507 192846.351174
1062.034250 -1267.674057 -7363.757880
UTC=2024-01-27T07:52:02.000000
6116287.249813 3705547.530806 -690014.215911
253.299170 -1767.888492 -7331.527462
UTC=2024-01-27T07:54:02.000000
6097498.692818 3465437.619013 -1562169.712618
-567.296207 -2226.358877 -7185.593945
UTC=2024-01-27T07:56:02.000000
5980202.791663 3173179.368426 -2410103.070976
-1386.224277 -2635.914222 -6928.376574
UTC=2024-01-27T07:58:02.000000
5765414.730617 2835022.220758 -3220693.431645
-2189.912090 -2990.406588 -6564.048362
UTC=2024-01-27T08:00:02.000000
5455769.377809 2457887.054500 -3981421.932001
-2964.976811 -3284.807050 -6098.453792
UTC=2024-01-27T08:02:02.000000
5055484.322540 2049227.365906 -4680566.123699
-3698.462694 -3515.277840 -5539.000588
UTC=2024-01-27T08:04:02.000000
4570294.795749 1616883.361529 -5307378.895855
-4378.065059 -3679.215426 -4894.509871
UTC=2024-01-27T08:06:02.000000
4007363.827560 1168932.994161 -5852248.659350
-4992.323540 -3775.260961 -4175.059614
UTC=2024-01-27T08:08:02.000000
3375169.827804 713542.945582 -6306840.370812
-5530.804813 -3803.291353 -3391.818612
UTC=2024-01-27T08:10:02.000000
2683373.213813 258821.940898 -6664215.575495
-5984.266647 -3764.388388 -2556.862864
UTC=2024-01-27T08:12:02.000000
1942665.250475 -187320.858026 -6918930.031360
-6344.790779 -3660.786407 -1682.989470
UTC=2024-01-27T08:14:02.000000
1164602.103446 -617310.368642 -7067109.401464
-6605.899789 -3495.807274 -783.536381
UTC=2024-01-27T08:16:02.000000
361425.217661 -1024031.407530 -7106502.793425
-6762.664713 -3273.778409 127.810813
UTC=2024-01-27T08:18:02.000000
-454129.049512 -1400943.484567 -7036512.723112
-6811.776085 -2999.933770 1037.210714
UTC=2024-01-27T08:20:02.000000
-1269027.421989 -1742183.481511 -6858203.109865
-6751.604290 -2680.311409 1930.845658
UTC=2024-01-27T08:22:02.000000
-2070144.166165 -2042655.549608 -6574284.938170
-6582.242423 -2321.640914 2795.114889
UTC=2024-01-27T08:24:02.000000
-2844468.835464 -2298106.570961 -6189078.749091
-6305.519090 -1931.216821 3616.823066
UTC=2024-01-27T08:26:02.000000
-3579314.531064 -2505186.382481 -5708455.391548
-5924.997725 -1516.772829 4383.357164
UTC=2024-01-27T08:28:02.000000
-4262525.435856 -2661492.625010 -5139754.903047
-5445.960344 -1086.348514 5082.876496
UTC=2024-01-27T08:30:02.000000
-4882680.024941 -2765598.817500 -4491682.288408
-4875.350912 -648.144449 5704.502190
UTC=2024-01-27T08:32:02.000000
-5429285.745735 -2817064.887683 -3774181.572045
-4221.692792 -210.375731 6238.491458
UTC=2024-01-27T08:34:02.000000
-5892962.294597 -2816430.001674 -2998289.256618
-3494.978833 218.877342 6676.406383
UTC=2024-01-27T08:36:02.000000
-6265609.561104 -2765187.334569 -2175968.307074
-2706.525622 631.819537 7011.267471
UTC=2024-01-27T08:38:02.000000
-6540556.253240 -2665741.127762 -1319925.119320
-1868.799265 1021.085448 7237.683774
UTC=2024-01-27T08:40:02.000000
-6712686.023058 -2521346.638349 -443412.115404
-995.212947 1379.879398 7351.961230
UTC=2024-01-27T08:42:02.000000
-6778537.673541 -2336033.945951 439980.742127
-99.900353 1702.103703 7352.178514
UTC=2024-01-27T08:44:02.000000
-6736377.115366 -2114517.139453 1316541.823126
802.530039 1982.473656 7238.234174
UTC=2024-01-27T08:46:02.000000
-6586238.547311 -1862090.785896 2172657.180253
1697.260301 2216.613562 7011.855499
UTC=2024-01-27T08:48:02.000000
-6329933.512289 -1584516.135337 2995028.337581
2569.529117 2401.131885 6676.564479
UTC=2024-01-27T08:50:02.000000
-5971028.685759 -1287899.563882 3770884.258244
3404.889238 2533.675226 6237.618358
UTC=2024-01-27T08:52:02.000000
-5514792.214050 -978565.867736 4488184.465702
4189.473655 2612.959712 5701.915158
UTC=2024-01-27T08:54:02.000000
-4968109.376817 -662929.444083 5135807.817592
4910.232976 2638.774115 5077.855254
UTC=2024-01-27T08:56:02.000000
-4339371.904232 -347366.532453 5703724.251496
5555.143112 2611.961248 4375.198602
UTC=2024-01-27T08:58:02.000000
-3638342.749249 -38090.674164 6183148.678193
6113.407022 2534.382195 3604.905651
UTC=2024-01-27T09:00:02.000000
-2875997.826369 258966.211011 6566674.087926
6575.632261 2408.857868 2778.952029
UTC=2024-01-27T09:02:02.000000
-2064348.532357 538264.403343 6848381.881414
6933.975055 2239.089817 1910.137198
UTC=2024-01-27T09:04:02.000000
-1216248.441934 794756.913360 7023929.045007
7182.260602 2029.573554 1011.887135
UTC=2024-01-27T09:06:02.000000
-345187.366715 1023978.931541 7090611.049155
7316.072503 1785.498577 98.050857
UTC=2024-01-27T09:08:02.000000
534923.895831 1222124.483124 7047400.700220
7332.820234 1512.636937 -817.298380
UTC=2024-01-27T09:10:02.000000
1409975.665204 1386109.376006 6894962.986791
7231.785329 1217.226050 -1720.064955
UTC=2024-01-27T09:12:02.000000
2265885.470625 1513619.539911 6635645.481727
7014.140572 905.842238 -2596.334871
UTC=2024-01-27T09:14:02.000000
3088824.912877 1603143.910226 6273444.635001
6682.945731 585.270872 -3432.573866
UTC=2024-01-27T09:16:02.000000
3865444.839893 1653991.575147 5813947.986066
6243.120259 262.373162 -4215.833167
UTC=2024-01-27T09:18:02.000000
4583094.673042 1666292.787321 5264251.767120
5701.374069 -56.047865 -4933.947113
UTC=2024-01-27T09:20:02.000000
5230032.342248 1640984.185821 4632856.114994
5066.124592 -363.377206 -5575.713707
UTC=2024-01-27T09:22:02.000000
5795623.210157 1579778.315101 3929537.889376
4347.388538 -653.319886 -6131.089806
UTC=2024-01-27T09:24:02.000000
6270522.420268 1485117.629425 3165200.345688
3556.615041 -920.026211 -6591.370320
UTC=2024-01-27T09:26:02.000000
6646835.960420 1360113.718818 2351704.116287
2706.505074 -1158.212473 -6949.327000
UTC=2024-01-27T09:28:02.000000
6918259.028048 1208473.043120 1501681.715071
1810.806572 -1363.264110 -7199.344688
UTC=2024-01-27T09:30:02.000000
7080187.379074 1034410.918458 628337.289689
884.072839 -1531.329053 -7337.524279
UTC=2024-01-27T09:32:02.000000
7129799.092854 842555.307344 -254763.595652
-58.587084 -1659.393100 -7361.751935
UTC=2024-01-27T09:34:02.000000
7066105.025387 637842.572701 -1133911.184278
-1001.783223 -1745.338392 -7271.740477
UTC=2024-01-27T09:36:02.000000
6889965.794938 425407.480509 -1995470.684779
-1930.121234 -1787.980783 -7069.022878
UTC=2024-01-27T09:38:02.000000
6604076.157945 210469.944324 -2826098.856511
-2828.471142 -1787.085644 -6756.917003
UTC=2024-01-27T09:40:02.000000
6212917.362818 -1778.630604 -3612954.489356
-3682.230998 -1743.360018 -6340.458189
UTC=2024-01-27T09:42:02.000000
5722678.564103 -206286.955815 -4343898.883427
-4477.578512 -1658.425747 -5826.300407
UTC=2024-01-27T09:44:02.000000
5141149.082974 -398250.908346 -5007682.454804
-5201.702047 -1534.770657 -5222.583695
UTC=2024-01-27T09:46:02.000000
4477585.131971 -573213.648551 -5594114.058328
-5842.995016 -1375.683156 -4538.783390
UTC=2024-01-27T09:48:02.000000
3742554.700649 -727157.243245 -6094211.905665
-6391.228490 -1185.176355 -3785.552372
UTC=2024-01-27T09:50:02.000000
2947762.840935 -856584.392588 -6500334.469098
-6837.703117 -967.897609 -2974.544326
UTC=2024-01-27T09:52:02.000000
2105860.768972 -958588.258434 -6806289.257181
-7175.364959 -729.022743 -2118.225024
UTC=2024-01-27T09:54:02.000000
1230243.045305 -1030909.547930 -7007419.221004
-7398.891951 -474.150670 -1229.689168
UTC=2024-01-27T09:56:02.000000
334835.365784 -1071980.601707 -7100667.198177
-7504.763731 -209.189423 -322.475008
UTC=2024-01-27T09:58:02.000000
-566124.459512 -1080955.217635 -7084617.560021
-7491.302696 59.764152 589.628306
UTC=2024-01-27T10:00:02.000000
-1458308.853878 -1057724.326881 -6959515.261363
-7358.693003 326.541449 1492.764415
UTC=2024-01-27T10:02:02.000000
-2327524.284252 -1002917.238497 -6727262.434260
-7108.981794 585.025242 2373.202923
UTC=2024-01-27T10:04:02.000000
-3159933.114968 -917888.234814 -6391391.688857
-6746.045791 829.269427 3217.529236
UTC=2024-01-27T10:06:02.000000
-3942270.496576 -804689.064961 -5957017.837645
-6275.548025 1053.614848 4012.817854
UTC=2024-01-27T10:08:02.000000
-4662055.591570 -666027.564848 -5430767.779927
-5704.878078 1252.805007 4746.825984
UTC=2024-01-27T10:10:02.000000
-5307792.918210 -505212.687105 -4820687.127093
-5043.050352 1422.094966 5408.180711
UTC=2024-01-27T10:12:02.000000
-5869160.374947 -326087.055050 -4136125.273165
-4300.585545 1557.351553 5986.554642
UTC=2024-01-27T10:14:02.000000
-6337181.598093 -132947.728780 -3387599.247813
-3489.363546 1655.149001 6472.843741
UTC=2024-01-27T10:16:02.000000
-6704378.253247 69543.633200 -2586637.014296
-2622.439715 1712.848283 6859.327678
UTC=2024-01-27T10:18:02.000000
-6964899.169637 276459.355426 -1745602.813047
-1713.841687 1728.665105 7139.811354
UTC=2024-01-27T10:20:02.000000
-7114623.414195 482711.453935 -877506.370917
-778.338402 1701.717981 7309.751523
UTC=2024-01-27T10:22:02.000000
-7151233.744408 683161.848888 4201.661116
168.823972 1632.056716 7366.354042
UTC=2024-01-27T10:24:02.000000
-7074257.564501 872734.835981 885842.712861
1112.190593 1520.670696 7308.620214
UTC=2024-01-27T10:26:02.000000
-6885076.209362 1046529.275656 1753727.620338
2036.363121 1369.476040 7137.374686
UTC=2024-01-27T10:28:02.000000
-6586901.589522 1199927.972372 2594375.502307
2926.276473 1181.281573 6855.259787
UTC=2024-01-27T10:30:02.000000
-6184719.777514 1328701.693062 3394729.504167
3767.470621 959.733603 6466.689498
UTC=2024-01-27T10:32:02.000000
-5685202.818159 1429105.361019 4142364.727902
4546.346658 709.241275 5977.765258
UTC=2024-01-27T10:34:02.000000
-5096591.385229 1497964.346219 4825684.053327
5250.395677 434.886622 5396.160940
UTC=2024-01-27T10:36:02.000000
-4428551.566027 1532749.063164 5434098.773327
5868.400692 142.320042 4730.984732
UTC=2024-01-27T10:38:02.000000
-3692009.239906 1531636.450141 5958191.560744
6390.608936 -162.353106 3992.624817
UTC=2024-01-27T10:40:02.000000
-2898965.178910 1493557.304378 6389860.160776
6808.881303 -472.694623 3192.581357
UTC=2024-01-27T10:42:02.000000
-2062293.657393 1418228.656580 6722439.673735
7116.816129 -782.060831 2343.276497
UTC=2024-01-27T10:44:02.000000
-1195528.538472 1306170.411881 6950801.014147
7309.832344 -1083.736266 1457.851193
UTC=2024-01-27T10:46:02.000000
-312641.709261 1158706.097178 7071425.125813
7385.216305 -1371.064433 549.965857
UTC=2024-01-27T10:48:02.000000
572182.764082 977947.918334 7082453.641549
7342.148231 -1637.578841 -366.394866
UTC=2024-01-27T10:50:02.000000
1444776.401530 766766.301258 6983715.742959
7181.705983 -1877.129792 -1277.123593
UTC=2024-01-27T10:52:02.000000
2291212.892235 528744.408351 6776730.764327
6906.841911 -2084.008337 -2168.191870
UTC=2024-01-27T10:54:02.000000
3098030.520803 268118.087320 6464686.765774
6522.338097 -2253.064589 -3025.849608
UTC=2024-01-27T10:56:02.000000
3852447.931714 -10298.003088 6052394.789848
6034.736932 -2379.819375 -3836.831769
UTC=2024-01-27T10:58:02.000000
4542569.471054 -301197.093292 5546218.527801
5452.238983 -2460.566138 -4588.558482
UTC=2024-01-27T11:00:02.000000
5157576.967236 -598878.507772 4953980.439585
4784.579194 -2492.459990 -5269.328749
UTC=2024-01-27T11:02:02.000000
5687905.146677 -897355.714000 4284844.853432
4042.876598 -2473.592660 -5868.509600
UTC=2024-01-27T11:04:02.000000
6125397.439674 -1190472.399097 3549179.108782
3239.459460 -2403.051138 -6376.713150
UTC=2024-01-27T11:06:02.000000
6463439.066174 -1472024.453931 2758393.914628
2387.659411 -2280.956309 -6785.963084
UTC=2024-01-27T11:08:02.000000
6697063.977189 -1735885.197204 1924765.321897
1501.584085 -2108.478521 -7089.834663
UTC=2024-01-27T11:10:02.000000
6823033.458149 -1976131.239219 1061241.446364
595.873334 -1887.833447 -7283.568453
UTC=2024-01-27T11:12:02.000000
6839884.787609 -2187166.706699 181236.952836
-314.557162 -1622.257539 -7364.161241
UTC=2024-01-27T11:14:02.000000
6747948.099068 -2363842.632561 -701581.546423
-1214.787291 -1315.951124 -7330.422297
UTC=2024-01-27T11:16:02.000000
6549330.904759 -2501568.356694 -1573514.211073
-2090.158351 -974.005875 -7182.989001
UTC=2024-01-27T11:18:02.000000
6247870.847542 -2596413.135308 -2421046.695887
-2926.536268 -602.310806 -6924.308842
UTC=2024-01-27T11:20:02.000000
5849057.846045 -2645195.109606 -3231064.268391
-3710.556169 -207.438440 -6558.582517
UTC=2024-01-27T11:22:02.000000
5359928.234450 -2645555.985560 -3991057.250996
-4429.843977 203.479018 -6091.676818
UTC=2024-01-27T11:24:02.000000
4788933.844996 -2596020.303564 -4689314.545335
-5073.213549 622.882971 -5531.014422
UTC=2024-01-27T11:26:02.000000
4145788.560603 -2496038.123912 -5315102.422750
-5630.843971 1042.931070 -4885.436461
UTC=2024-01-27T11:28:02.000000
3441295.606521 -2346010.234535 -5858825.003839
-6094.419931 1455.644679 -4165.037132
UTC=2024-01-27T11:30:02.000000
2687160.679055 -2147295.806773 -6312164.327266
-6457.229315 1853.053027 -3380.993166
UTC=2024-01-27T11:32:02.000000
1895794.764935 -1902202.922381 -6668200.261249
-6714.241983 2227.335902 -2545.395671
UTC=2024-01-27T11:34:02.000000
1080108.388782 -1613961.788030 -6921509.033082
-6862.168470 2570.967886 -1671.059354
UTC=2024-01-27T11:36:02.000000
253301.352262 -1286681.407993 -7068238.318534
-6899.478123 2876.848893 -771.329693
UTC=2024-01-27T11:38:02.000000
-571348.423243 -925290.887306 -7106159.769732
-6826.396958 3138.431317 140.104283
UTC=2024-01-27T11:40:02.000000
-1380694.375047 -535465.911212 -7034699.069053
-6644.883638 3349.839590 1049.394975
UTC=2024-01-27T11:42:02.000000
-2161927.088530 -123541.026564 -6854943.576142
-6358.589101 3505.986390 1942.728126
UTC=2024-01-27T11:44:02.000000
-2902773.374211 303591.108304 -6569626.824190
-5972.786149 3602.673041 2806.511893
UTC=2024-01-27T11:46:02.000000
-3591685.986940 738591.993716 -6183091.120322
-5494.287027 3636.682358 3627.555262
UTC=2024-01-27T11:48:02.000000
-4218022.961894 1173800.065485 -5701228.278757
-4931.349281 3605.858996 4393.256469
UTC=2024-01-27T11:50:02.000000
-4772213.863233 1601362.201417 -5131397.612281
-4293.552342 3509.176551 5091.788545
UTC=2024-01-27T11:52:02.000000
-5245910.276691 2013372.836515 -4482321.945915
-3591.657737 3346.794398 5712.285741
UTC=2024-01-27T11:54:02.000000
-5632117.564605 2402018.047715 -3763961.081436
-2837.436783 3120.082642 6245.025125
UTC=2024-01-27T11:56:02.000000
-5925305.100750 2759721.360029 -2987364.932222
-2043.486487 2831.628259 6681.587649
UTC=2024-01-27T11:58:02.000000
-6121493.385843 3079289.132785 -2164507.711812
-1223.026102 2485.220262 7015.011489
UTC=2024-01-27T12:00:02.000000
-6218315.466832 3354052.631971 -1308104.814597
-389.673493 2085.808981 7239.925965
UTC=2024-01-27T12:02:02.000000
-6215050.585243 3578003.540934 -431415.107044
442.792734 1639.437379 7352.659075
UTC=2024-01-27T12:04:02.000000
-6112629.021418 3745919.637621 451967.907215
1260.674866 1153.146022 7351.316740
UTC=2024-01-27T12:06:02.000000
-5913607.324346 3853477.520826 1328332.626013
2050.608313 634.852831 7235.828014
UTC=2024-01-27T12:08:02.000000
-5622113.654609 3897349.711529 2184068.546150
2799.802909 93.213845 7007.946666
UTC=2024-01-27T12:10:02.000000
-5243765.197740 3875283.951897 3005883.644107
3496.266787 -462.533551 6671.218767
UTC=2024-01-27T12:12:02.000000
-4785559.956197 3786163.039191 3781016.176475
4129.012203 -1022.738595 6230.923513
UTC=2024-01-27T12:14:02.000000
-4255744.608319 3630043.633739 4497437.113380
4688.243869 -1577.518235 5693.973885
UTC=2024-01-27T12:16:02.000000
-3663662.033478 3408173.286722 5144038.703035
5165.509727 -2116.936370 5068.789625
UTC=2024-01-27T12:18:02.000000
-3019582.146574 3122986.225504 5710806.986608
5553.831147 -2631.181626 4365.154216
UTC=2024-01-27T12:20:02.000000
-2334518.839212 2778077.511308 6188975.412901
5847.800045 -3110.747223 3594.045008
UTC=2024-01-27T12:22:02.000000
-1620037.351570 2378156.204598 6571157.337347
6043.644341 -3546.601257 2767.451327
UTC=2024-01-27T12:24:02.000000
-888055.552730 1928978.568811 6851455.573874
6139.260076 -3930.347215 1898.174599
UTC=2024-01-27T12:26:02.000000
-150643.838269 1437263.065590 7025548.329809
6134.208342 -4254.368927 999.639185
UTC=2024-01-27T12:28:02.000000
580174.154551 910588.306682 7090752.328853
6029.702861 -4511.968229 85.694869
UTC=2024-01-27T12:30:02.000000
1292617.586151 357275.463511 7046061.574299
5828.567355 -4697.486464 -829.586775
UTC=2024-01-27T12:32:02.000000
1975337.977602 -213743.162117 6892162.025492
5535.172070 -4806.414264 -1732.111266
UTC=2024-01-27T12:34:02.000000
2617600.045835 -793068.104437 6631422.275926
5155.351261 -4835.489689 -2607.963353
UTC=2024-01-27T12:36:02.000000
3209451.498070 -1370987.217905 6267859.795312
4696.302327 -4782.774670 -3443.610530
UTC=2024-01-27T12:38:02.000000
3741879.604242 -1937638.434111 5807082.832512
4166.464820 -4647.717206 -4226.106858
UTC=2024-01-27T12:40:02.000000
4206951.690993 -2483178.525685 5256207.837660
3575.374444 -4431.187176 -4943.293298
UTC=2024-01-27T12:42:02.000000
4597937.268925 -2997954.893679 4623753.811855
2933.504419 -4135.493394 -5583.984092
UTC=2024-01-27T12:44:02.000000
4909410.237226 -3472678.182081 3919514.316069
2252.090515 -3764.377172 -6138.152769
UTC=2024-01-27T12:46:02.000000
5137328.982726 -3898592.129623 3154407.731013
1542.938332 -3322.973016 -6597.106500
UTC=2024-01-27T12:48:02.000000
5279092.332323 -4267636.887818 2340307.675036
818.213128 -2817.739440 -6953.640958
UTC=2024-01-27T12:50:02.000000
5333569.537293 -4572602.437734 1489856.570311
90.220362 -2256.363850 -7202.165889
UTC=2024-01-27T12:52:02.000000
5301103.995710 -4807268.991535 616265.634104
-628.813017 -1647.639887 -7338.805991
UTC=2024-01-27T12:54:02.000000
5183490.584528 -4966531.125712 -266895.439544
-1326.959205 -1001.320012 -7361.471114
UTC=2024-01-27T12:56:02.000000
4983926.859482 -5046502.692161 -1145915.322705
-1992.802659 -327.942534 -7269.894330
UTC=2024-01-27T12:58:02.000000
4706939.188590 -5044599.888530 -2007160.306388
-2615.645142 361.357828 -7065.632761
UTC=2024-01-27T13:00:02.000000
4358285.337658 -4959600.833609 -2837291.245991
-3185.690474 1055.051406 -6752.029912
UTC=2024-01-27T13:02:02.000000
3944836.173557 -4791680.513366 -3623474.086901
-3694.208405 1741.421629 -6334.145910
UTC=2024-01-27T13:04:02.000000
3474439.325197 -4542420.656803 -4353580.078278
-4133.670053 2408.774088 -5818.656904
UTC=2024-01-27T13:06:02.000000
2955768.136008 -4214794.622294 -5016372.387204
-4497.858859 3045.643548 -5213.728346
UTC=2024-01-27T13:08:02.000000
2398158.992762 -3813127.845095 -5601675.700924
-4781.950603 3640.992151 -4528.858973
UTC=2024-01-27T13:10:02.000000
1811441.406067 -3343035.662394 -6100526.191920
-4982.555646 4184.387532 -3774.714181
UTC=2024-01-27T13:12:02.000000
1205764.317237 -2811340.614651 -6505301.625973
-5097.742453 4666.169657 -2962.959736
UTC=2024-01-27T13:14:02.000000
591420.712570 -2225969.921463 -6809830.675955
-5127.039572 5077.613225 -2106.079648
UTC=2024-01-27T13:16:02.000000
-21326.143837 -1595834.523758 -7009479.436882
-5071.406754 5411.069546 -1217.181353
UTC=2024-01-27T13:18:02.000000
-622411.536240 -930692.551356 -7101214.808486
-4933.183467 5660.086094 -309.806607
UTC=2024-01-27T13:20:02.000000
-1202131.144794 -240999.375937 -7083645.544338
-4716.025742 5819.511158 602.253207
UTC=2024-01-27T13:22:02.000000
-1751294.641718 462254.110573 -6957040.824648
-4424.829201 5885.584597 1505.147553
UTC=2024-01-27T13:24:02.000000
-2261368.699293 1167713.048328 -6723326.104104
-4065.630609 5856.011815 2385.153007
UTC=2024-01-27T13:26:02.000000
-2724607.421215 1863838.155132 -6386056.780641
-3645.498386 5730.021344 3228.857887
UTC=2024-01-27T13:28:02.000000
-3134169.267206 2539091.045915 -5950369.812295
-3172.416099 5508.405641 4023.345418
UTC=2024-01-27T13:30:02.000000
-3484219.147358 3182123.585150 -5422913.099687
-2655.151804 5193.544683 4756.381529
UTC=2024-01-27T13:32:02.000000
-3770014.193658 3781968.457735 -4811752.145205
-2103.115846 4789.402708 5416.605393
UTC=2024-01-27T13:34:02.000000
-3987971.319640 4328227.669546 -4126254.017758
-1526.199264 4301.496295 5993.714878
UTC=2024-01-27T13:36:02.000000
-4135714.531870 4811255.399892 -3376949.953222
-934.600064 3736.832521 6478.635786
UTC=2024-01-27T13:38:02.000000
-4212101.409413 5222331.854397 -2575378.712203
-338.651231 3103.821102 6863.675327
UTC=2024-01-27T13:40:02.000000
-4217228.761456 5553824.878157 -1733912.112968
251.356788 2412.158358 7142.663730
UTC=2024-01-27T13:42:02.000000
-4152416.523076 5799336.184594 -865564.711136
825.360308 1672.685794 7311.078146
UTC=2024-01-27T13:44:02.000000
-4020169.206089 5953828.150063 16210.108446
1373.710133 897.205957 7366.138910
UTC=2024-01-27T13:46:02.000000
-3824115.845047 6013727.193897 897732.781158
1887.341338 98.283789 7306.864573
UTC=2024-01-27T13:48:02.000000
-3568929.718653 5977002.565710 1765315.832705
2357.942141 -710.970548 7134.106787
UTC=2024-01-27T13:50:02.000000
-3260228.458519 5843217.435846 2605483.691312
2778.109426 -1517.143687 6850.539780
UTC=2024-01-27T13:52:02.000000
-2904456.964156 5613550.337572 3405188.322726
3141.476863 -2306.766245 6460.602256
UTC=2024-01-27T13:54:02.000000
-2508756.879536 5290787.737521 4152016.070995
3442.813113 -3066.547617 5970.413048
UTC=2024-01-27T13:56:02.000000
-2080825.539175 4879288.502818 4834383.098833
3678.098356 -3783.610258 5387.662888
UTC=2024-01-27T13:58:02.000000
-1628767.358303 4384920.800287 5441716.175249
3844.574611 -4445.713170 4721.480453
UTC=2024-01-27T14:00:02.000000
-1160940.496817 3814972.788810 5964615.867368
3940.771974 -5041.464462 3982.271201
UTC=2024-01-27T14:02:02.000000
-685802.439207 3178039.125030 6394999.220074
3966.502382 -5560.511176 3181.541147
UTC=2024-01-27T14:04:02.000000
-211757.533420 2483885.922354 6726220.692550
3922.832827 -5993.707318 2331.709038
UTC=2024-01-27T14:06:02.000000
252990.907199 1743297.187093 6953170.342317
3812.038175 -6333.257564 1445.918127
UTC=2024-01-27T14:08:02.000000
700581.989904 967904.526081 7072348.941066
3637.537828 -6572.849959 537.835255
UTC=2024-01-27T14:10:02.000000
1123629.621256 170002.922768 7081918.430626
3403.810428 -6707.754636 -378.552684
UTC=2024-01-27T14:12:02.000000
1515343.905383 -637644.208830 6981728.716797
3116.296779 -6734.907780 -1289.132873
UTC=2024-01-27T14:14:02.000000
1869640.147073 -1442009.297365 6773320.500119
2781.289914 -6652.978558 -2179.873324
UTC=2024-01-27T14:16:02.000000
2181233.904589 -2230010.923093 6459903.325395
2405.813496 -6462.405406 -3037.024920
UTC=2024-01-27T14:18:02.000000
2445720.931655 -2988727.476975 6046309.470534
1997.490946 -6165.413472 -3847.325695
UTC=2024-01-27T14:20:02.000000
2659640.694948 -3705611.017429 5538923.230097
1564.402657 -5766.000634 -4598.204087
UTC=2024-01-27T14:22:02.000000
2820522.242369 -4368697.651996 4945586.329925
1114.936458 -5269.893905 -5277.971972
UTC=2024-01-27T14:24:02.000000
2926912.165899 -4966811.325469 4275480.771255
657.638196 -4684.483389 -5876.011328
UTC=2024-01-27T14:26:02.000000
2978384.149113 -5489757.619852 3538989.271978
201.053034 -4018.719549 -6382.956046
UTC=2024-01-27T14:28:02.000000
2975529.205889 -5928503.415261 2747535.395901
-246.435106 -3282.982751 -6790.850773
UTC=2024-01-27T14:30:02.000000
2919926.775276 -6275338.858873 1913405.298288
-676.762788 -2488.915877 -7093.295688
UTC=2024-01-27T14:32:02.000000
2814097.090379 -6524017.251221 1049554.181816
-1082.336905 -1649.228402 -7285.555128
UTC=2024-01-27T14:34:02.000000
2661436.492833 -6669870.759455 169401.403528
-1456.171368 -777.489090 -7364.641674
UTC=2024-01-27T14:36:02.000000
2466136.581316 -6709899.825572 -713383.494847
-1792.018974 112.108387 -7329.381355
UTC=2024-01-27T14:38:02.000000
2233088.300555 -6642832.491453 -1585100.273586
-2084.489370 1005.008839 -7180.434822
UTC=2024-01-27T14:40:02.000000
1967773.207325 -6469152.174351 -2432236.733247
-2329.142150 1886.552441 -6920.269652
UTC=2024-01-27T14:42:02.000000
1676144.970314 -6191094.802716 -3241683.324286
-2522.560757 2742.237844 -6553.117803
UTC=2024-01-27T14:44:02.000000
1364503.447196 -5812613.409452 -4000939.300006
-2662.395044 3557.987082 -6084.875105
UTC=2024-01-27T14:46:02.000000
1039365.656968 -5339313.499284 -4698305.714270
-2747.378109 4320.375566 -5522.988466
UTC=2024-01-27T14:48:02.000000
707335.491055 -4778361.145264 -5323063.423214
-2777.326798 5016.852943 -4876.315953
UTC=2024-01-27T14:50:02.000000
374974.884529 -4138366.028587 -5865633.222402
-2753.117962 5635.941145 -4154.971467
UTC=2024-01-27T14:52:02.000000
48679.008076 -3429241.809537 -6317716.405833
-2676.645272 6167.412489 -3370.152771
UTC=2024-01-27T14:54:02.000000
-265442.191671 -2662046.848027 -6672413.985106
-2550.757169 6602.439279 -2533.960374
UTC=2024-01-27T14:56:02.000000
-561674.112827 -1848808.396509 -6924323.959148
-2379.180336 6933.719831 -1659.212222
UTC=2024-01-27T14:58:02.000000
-834797.596851 -1002333.203168 -7069616.211306
-2166.429553 7155.579537 -759.257810
UTC=2024-01-27T15:00:02.000000
-1080177.607061 -136007.070198 -7106085.070808
-1917.708182 7264.053880 152.210851
UTC=2024-01-27T15:02:02.000000
-1293839.500818 736413.871916 -7033178.756113
-1638.800861 7256.941848 1061.351663
UTC=2024-01-27T15:04:02.000000
-1472531.947238 1601017.114439 -6852006.476503
-1335.958336 7133.843715 1954.354860
UTC=2024-01-27T15:06:02.000000
-1613775.637558 2443951.178308 -6565323.224628
-1015.776688 6896.176620 2817.630304
UTC=2024-01-27T15:08:02.000000
-1715897.469018 3251643.772124 -6177492.682259
-685.076064 6547.175869 3637.988767
UTC=2024-01-27T15:10:02.000000
-1778049.803044 4011018.793505 -5694427.386641
-350.772104 6091.868318 4402.836355
UTC=2024-01-27T15:12:02.000000
-1800214.174729 4709708.354682 -5123506.294686
-19.747762 5537.020875 5100.357727
UTC=2024-01-27T15:14:02.000000
-1783189.710199 5336257.311856 -4473470.003833
301.275244 4891.062710 5719.705513
UTC=2024-01-27T15:16:02.000000
-1728565.927868 5880316.162314 -3754293.666758
605.866983 4163.970281 6251.179497
UTC=2024-01-27T15:18:02.000000
-1638680.068867 6332818.394250 -2977039.490114
888.015688 3367.124667 6686.387754
UTC=2024-01-27T15:20:02.000000
-1516559.830543 6686139.422325 -2153690.756088
1142.244306 2513.147220 7018.395479
UTC=2024-01-27T15:22:02.000000
-1365852.517476 6934233.766306 -1296968.518438
1363.720621 1615.697870 7241.860780
UTC=2024-01-27T15:24:02.000000
-1190741.708933 7072746.223278 -420134.252675
1548.353873 689.250555 7353.133135
UTC=2024-01-27T15:26:02.000000
-995853.113421 7099095.535241 463218.204753
1692.878743 -251.145579 7350.335755
UTC=2024-01-27T15:28:02.000000
-786151.405554 7012527.476203 1339379.117217
1794.919973 -1190.136426 7233.419182
UTC=2024-01-27T15:30:02.000000
-566830.599944 6814134.187562 2194742.916954
1853.036135 -2112.351012 7004.164772
UTC=2024-01-27T15:32:02.000000
-343200.456226 6506839.549112 3016025.601201
1866.741136 -3002.674830 6666.141319
UTC=2024-01-27T15:34:02.000000
-120571.676466 6095352.856521 3790475.528532
1836.503551 -3846.507862 6224.639326
UTC=2024-01-27T15:36:02.000000
95857.588800 5586092.380709 4506074.901669
1763.725839 -4630.007250 5686.585228
UTC=2024-01-27T15:38:02.000000
301111.822248 4987079.017076 5151730.142022
1650.708520 -5340.350229 5060.428901
UTC=2024-01-27T15:40:02.000000
490542.563159 4307800.191331 5717443.685024
1500.590008 -5965.942742 4355.958847
UTC=2024-01-27T15:42:02.000000
659924.524319 3559052.956452 6194465.587406
1317.271310 -6496.582587 3584.155375
UTC=2024-01-27T15:44:02.000000
805541.764857 2752766.296884 6575426.220101
1105.323816 -6923.630378 2757.010270
UTC=2024-01-27T15:46:02.000000
924262.095817 1901805.833193 6854445.985091
869.888066 -7240.133755 1887.334249
UTC=2024-01-27T15:48:02.000000
1013598.931482 1019764.918598 7027221.965190
616.564511 -7440.930847 988.560171
UTC=2024-01-27T15:50:02.000000
1071759.501372 120745.436896 7091090.247496
351.296407 -7522.715982 74.539363
UTC=2024-01-27T15:52:02.000000
1097678.722016 -780867.727282 7045064.692827
80.247798 -7484.085913 -840.648916
UTC=2024-01-27T15:54:02.000000
1091038.158728 -1670637.167839 6889852.047579
-190.322295 -7325.569610 -1742.904661
UTC=2024-01-27T15:56:02.000000
1052269.799671 -2534304.644879 6627842.047366
-454.186923 -7049.621927 -2618.311492
UTC=2024-01-27T15:58:02.000000
982544.597583 -3358020.909974 6263073.041087
-705.278659 -6660.597100 -3453.344706
UTC=2024-01-27T16:00:02.000000
883745.677987 -4128569.943524 5801172.302188
-937.814755 -6164.680137 -4235.079454
UTC=2024-01-27T16:02:02.000000
758427.340471 -4833583.260305 5249272.740694
-1146.410765 -5569.795523 -4951.377122
UTC=2024-01-27T16:04:02.000000
609760.487931 -5461742.516814 4615907.585495
-1326.192616 -4885.502245 -5591.068675
UTC=2024-01-27T16:06:02.000000
441464.878748 -6002968.054306 3910882.652718
-1472.904141 -4122.859384 -6144.144744
UTC=2024-01-27T16:08:02.000000
257729.088181 -6448588.554103 3145126.489418
-1583.002393 -3294.248488 -6601.929326
UTC=2024-01-27T16:10:02.000000
63119.910076 -6791487.758202 2330521.009424
-1653.739194 -2413.168770 -6957.232523
UTC=2024-01-27T16:12:02.000000
-137517.052959 -7026225.012870 1479715.486281
-1683.224615 -1494.009944 -7204.472880
UTC=2024-01-27T16:14:02.000000
-339163.310806 -7149128.189167 605927.002000
-1670.474070 -551.814660 -7339.786092
UTC=2024-01-27T16:16:02.000000
-536738.071618 -7158355.697034 -277270.975543
-1615.435763 397.998384 -7361.105186
UTC=2024-01-27T16:18:02.000000
-725210.419279 -7053924.604917 -1156166.452027
-1518.991121 1339.916858 -7268.190109
UTC=2024-01-27T16:20:02.000000
-899710.336302 -6837705.266772 -2017128.027487
-1382.935733 2258.609729 -7062.620094
UTC=2024-01-27T16:22:02.000000
-1055636.405769 -6513383.671639 -2846821.291384
-1209.943095 3139.191081 -6747.757749
UTC=2024-01-27T16:24:02.000000
-1188758.022715 -6086392.406367 -3632419.250946
-1003.509047 3967.479086 -6328.683419
UTC=2024-01-27T16:26:02.000000
-1295309.775409 -5563811.345343 -4361802.724629
-767.876879 4730.239505 -5812.093688
UTC=2024-01-27T16:28:02.000000
-1372075.800224 -4954240.733353 -5023746.499774
-507.946440 5415.399474 -5206.167443
UTC=2024-01-27T16:30:02.000000
-1416462.604407 -4267650.722870 -5608088.379167
-229.172911 6012.228057 -4520.416890
UTC=2024-01-27T16:32:02.000000
-1426559.094965 -3515210.801440 -6105879.584271
62.544823 6511.490684 -3765.525306
UTC=2024-01-27T16:34:02.000000
-1401182.785922 -2709102.326993 -6509514.920913
360.982291 6905.576504 -2953.172266
UTC=2024-01-27T16:36:02.000000
-1339911.569892 -1862317.491596 -6812841.180382
659.711428 7188.595477 -2095.846205
UTC=2024-01-27T16:38:02.000000
-1243100.796703 -988448.724909 -7011242.904752
952.223084 7356.442517 -1206.656967
UTC=2024-01-27T16:40:02.000000
-1111885.615941 -101471.726888 -7101705.755296
1232.050768 7406.839857 -299.148287
UTC=2024-01-27T16:42:02.000000
-948168.265637 784474.930955 -7082857.169947
1492.896727 7339.350741 612.891266
UTC=2024-01-27T16:44:02.000000
-754590.576203 1655310.616503 -6954984.771549
1728.751709 7155.375863 1515.612090
UTC=2024-01-27T16:46:02.000000
-534492.410746 2497231.822644 -6720032.378594
1934.010145 6858.127139 2395.290386
UTC=2024-01-27T16:48:02.000000
-291856.314237 3296927.221966 -6381574.082893
2103.585251 6452.587708 3238.510279
UTC=2024-01-27T16:50:02.000000
-31238.574104 4041786.683842 -5944765.692615
2233.018973 5945.446963 4032.358581
UTC=2024-01-27T16:52:02.000000
242312.240664 4720100.375453 -5416272.966406
2318.579915 5345.003292 4764.612325
UTC=2024-01-27T16:54:02.000000
523347.830021 5321245.453633 -4804177.944231
2357.351276 4661.054442 5423.921049
UTC=2024-01-27T16:56:02.000000
806122.717318 5835857.922723 -4117863.060683
2347.308740 3904.757190 5999.992088
UTC=2024-01-27T16:58:02.000000
1084705.220731 6255985.713222 -3367873.705768
2287.381865 3088.456579 6483.762711
UTC=2024-01-27T17:00:02.000000
1353094.720003 6575220.022916 -2565761.084111
2177.498030 2225.495089 6867.557494
UTC=2024-01-27T17:02:02.000000
1605343.102018 6788802.359895 -1723906.897926
2018.607333 1329.997365 7145.232570
UTC=2024-01-27T17:04:02.000000
1835677.912073 6893704.263631 -855332.020162
1812.686029 416.630911 7312.296991
UTC=2024-01-27T17:06:02.000000
2038624.483745 6888677.074692 26507.688936
1562.715120 -499.652513 7366.004072
UTC=2024-01-27T17:08:02.000000
2209123.952247 6774270.162211 907934.303971
1272.634383 -1403.881470 7305.405449
UTC=2024-01-27T17:10:02.000000
2342644.611029 6552817.507192 1775265.212018
947.277551 -2281.327644 7131.372479
UTC=2024-01-27T17:12:02.000000
2435284.266338 6228392.835920 2615031.166676
592.286867 -3117.766123 6846.584941
UTC=2024-01-27T17:14:02.000000
2483861.259042 5806734.233443 3414190.917337
214.010795 -3899.722725 6455.486761
UTC=2024-01-27T17:16:02.000000
2485992.198629 5295139.773159 4160338.767810
-180.616569 -4614.709279 5964.210796
UTC=2024-01-27T17:18:02.000000
2440154.232652 4702336.192703 4841901.122981
-584.210233 -5251.438263 5380.472818
UTC=2024-01-27T17:20:02.000000
2345730.395890 4038322.572751 5448318.022694
-989.082112 -5800.018512 4713.421410
UTC=2024-01-27T17:22:02.000000
2203037.355907 3314194.364426 5970204.774597
-1387.382538 -6252.088174 3973.469544
UTC=2024-01-27T17:24:02.000000
2013336.336676 2541952.852585 6399494.069390
-1771.243665 -6600.929860 3172.132243
UTC=2024-01-27T17:26:02.000000
1778826.211376 1734301.799377 6729557.498776
-2132.930677 -6841.566538 2321.843378
UTC=2024-01-27T17:28:02.000000
1502618.747022 904434.605515 6955303.725566
-2464.987236 -6970.820698 1435.752685
UTC=2024-01-27T17:30:02.000000
1188696.826126 65816.944487 7073252.279381
-2760.373241 -6987.332644 527.526617
UTC=2024-01-27T17:32:02.000000
841856.547312 -768031.653818 7081584.397680
-3012.597408 -6891.565605 -388.838562
UTC=2024-01-27T17:34:02.000000
467633.503231 -1583756.224383 6980170.258118
-3215.846833 -6685.792845 -1299.225696
UTC=2024-01-27T17:36:02.000000
72214.111752 -2368380.814402 6770571.005313
-3365.106360 -6374.048518 -2189.603175
UTC=2024-01-27T17:38:02.000000
-337666.651271 -3109515.937611 6456015.976893
-3456.264517 -5962.058545 -3046.235438
UTC=2024-01-27T17:40:02.000000
-754839.039089 -3795555.558477 6041354.591312
-3486.199867 -5457.134736 -3855.888209
UTC=2024-01-27T17:42:02.000000
-1171822.016964 -4415860.297715 5532985.176155
-3452.858219 -4868.056266 -4606.010533
UTC=2024-01-27T17:44:02.000000
-1580955.736624 -4960926.097120 4938761.959340
-3355.324352 -4204.943197 -5284.921049
UTC=2024-01-27T17:46:02.000000
-1974541.465776 -5422536.180832 4267878.795405
-3193.871023 -3479.101245 -5882.006654
UTC=2024-01-27T17:48:02.000000
-2344985.708371 -5793892.232999 3530729.550687
-2969.981113 -2702.831085 -6387.909753
UTC=2024-01-27T17:50:02.000000
-2684945.472000 -6069720.939574 2738747.460262
-2686.344054 -1889.211877 -6794.689458
UTC=2024-01-27T17:52:02.000000
-2987471.605612 -6246354.031572 1904226.728073
-2346.827680 -1051.876940 -7095.958583
UTC=2024-01-27T17:54:02.000000
-3246147.268421 -6321780.703343 1040128.874130
-1956.425115 -204.776694 -7286.999387
UTC=2024-01-27T17:56:02.000000
-3455218.537692 -6295670.847905 159876.913268
-1521.176791 638.069290 -7364.849531
UTC=2024-01-27T17:58:02.000000
-3609714.229582 -6169368.394045 -722858.825275
-1048.069255 1462.821639 -7328.355957
UTC=2024-01-27T18:00:02.000000
-3705552.266526 -5945854.687405 -1594379.411512
-544.912183 2256.070539 -7178.195120
UTC=2024-01-27T18:02:02.000000
-3739630.116163 -5629682.428372 -2441176.122478
-20.196720 3005.075103 -6916.854615
UTC=2024-01-27T18:04:02.000000
-3709897.277758 -5226881.882985 -3250144.917743
517.061942 3697.985559 -6548.579619
UTC=2024-01-27T18:06:02.000000
-3615408.071825 -4744841.753577 -4008792.292884
1057.493917 4324.041441 -6079.282715
UTC=2024-01-27T18:08:02.000000
-3456353.931409 -4192168.187098 -4705428.467063
1591.545576 4873.737542 -5516.425301
UTC=2024-01-27T18:10:02.000000
-3234075.232928 -3578525.624563 -5329345.184847
2109.649877 5338.961744 -4868.880087
UTC=2024-01-27T18:12:02.000000
-2951052.771364 -2914462.731577 -5870975.779862
2602.394494 5713.104517 -4146.773198
UTC=2024-01-27T18:14:02.000000
-2610879.349896 -2211227.186000 -6322035.477287
3060.685129 5991.135548 -3361.314651
UTC=2024-01-27T18:16:02.000000
-2218212.020084 -1480572.869555 -6675640.876064
3475.904536 6169.654845 -2524.619246
UTC=2024-01-27T18:18:02.000000
-1778705.860655 -734562.626284 -6926407.003906
3840.059121 6246.913824 -1649.513775
UTC=2024-01-27T18:20:02.000000
-1298931.146412 14629.657189 -7070521.237970
4145.909975 6222.806617 -749.346067
UTC=2024-01-27T18:22:02.000000
-786275.411283 754914.458626 -7105794.900628
4387.095367 6098.839261 162.195479
UTC=2024-01-27T18:24:02.000000
-248831.072121 1474477.714724 -7031693.089943
4558.246582 5878.087544 1071.268936
UTC=2024-01-27T18:26:02.000000
304729.665134 2161965.318839 -6849341.812820
4655.084914 5565.129833 1964.062957
UTC=2024-01-27T18:28:02.000000
865291.483731 2806659.178939 -6561513.653748
4674.519829 5165.974037 2826.978902
UTC=2024-01-27T18:30:02.000000
1423443.513148 3398643.090011 -6172590.248986
4614.725975 4687.958513 3646.830461
UTC=2024-01-27T18:32:02.000000
1969634.562209 3928955.321607 -5688501.432108
4475.198691 4139.631363 4411.030755
UTC=2024-01-27T18:34:02.000000
2494334.358270 4389725.932350 -5116642.415899
4256.796579 3530.618117 5107.774491
UTC=2024-01-27T18:36:02.000000
2988198.612441 4774297.452751 -4465768.864463
3961.762241 2871.474715 5726.223671
UTC=2024-01-27T18:38:02.000000
3442235.091336 5077326.516690 -3745869.940430
3593.717990 2173.516838 6256.686210
UTC=2024-01-27T18:40:02.000000
3847967.871840 5294864.049470 -2968020.851036
3157.640570 1448.635076 6690.780845
UTC=2024-01-27T18:42:02.000000
4197596.826560 5424412.210091 -2144215.967836
2659.803529 709.090610 7021.592680
UTC=2024-01-27T18:44:02.000000
4484148.186077 5464956.259445 -1287185.075693
2107.689900 -32.694109 7243.799566
UTC=2024-01-27T18:46:02.000000
4701613.322921 5416971.025016 -410195.435673
1509.881207 -764.353402 7353.781552
UTC=2024-01-27T18:48:02.000000
4845072.310444 5282400.371754 473157.337069
875.914658 -1473.806208 7349.694924
UTC=2024-01-27T18:50:02.000000
4910798.739480 5064610.028339 1349164.869721
216.116225 -2149.469815 7231.506803
UTC=2024-01-27T18:52:02.000000
4896344.065285 4768315.838842 2204223.869221
-458.571477 -2780.457797 7001.001446
UTC=2024-01-27T18:54:02.000000
4800600.289785 4399488.252114 3025053.666865
-1136.784855 -3356.779183 6661.764846
UTC=2024-01-27T18:56:02.000000
4623837.409459 3965233.897083 3798908.679238
-1806.955596 -3869.514767 6219.113843
UTC=2024-01-27T18:58:02.000000
4367715.563246 3473657.972329 4513780.242348
-2457.517438 -4310.963032 5679.994145
UTC=2024-01-27T19:00:02.000000
4035272.700547 2933710.989605 5158584.810309
-3077.106617 -4674.753665 5052.858705
UTC=2024-01-27T19:02:02.000000
3630887.510711 2355023.104597 5723336.795023
-3654.777332 -4955.943126 4347.524055
UTC=2024-01-27T19:04:02.000000
3160217.542068 1747729.192347 6199301.209462
-4180.188929 -5151.069365 3574.988557
UTC=2024-01-27T19:06:02.000000
2630116.316284 1122288.911599 6579125.074718
-4643.778160 -5258.184610 2747.255587
UTC=2024-01-27T19:08:02.000000
2048530.033060 489304.758539 6856946.414738
-5036.922325 -5276.852444 1877.140089
UTC=2024-01-27T19:10:02.000000
1424375.850540 -140657.772244 7028480.417610
-5352.084842 -5208.121048 978.082001
UTC=2024-01-27T19:12:02.000000
767403.349097 -757246.394388 7091082.798746
-5582.949845 -5054.488299 63.948522
UTC=2024-01-27T19:14:02.000000
88040.914161 -1350492.536574 7043788.385545
-5724.536937 -4819.838273 -851.176483
UTC=2024-01-27T19:16:02.000000
-602770.417950 -1910972.706465 6887324.882580
-5773.296792 -4509.356329 -1753.197089
UTC=2024-01-27T19:18:02.000000
-1293753.338906 -2429958.655237 6624101.710214
-5727.183677 -4129.424995 -2628.215179
UTC=2024-01-27T19:20:02.000000
-1973477.583754 -2899553.706297 6258174.336276
-5585.700646 -3687.500299 -3462.724945
UTC=2024-01-27T19:22:02.000000
-2630548.253112 -3312814.113149 5795186.230532
-5349.940556 -3191.987247 -4243.797988
UTC=2024-01-27T19:24:02.000000
-3253798.432276 -3663854.795560 5242287.453587
-5022.611627 -2652.099250 -4959.288207
UTC=2024-01-27T19:26:02.000000
-3832482.440810 -3947936.518478 4608028.243149
-4608.019095 -2077.691413 -5598.037719
UTC=2024-01-27T19:28:02.000000
-4356464.456499 -4161532.443737 3902229.367480
-4112.011457 -1479.085716 -6150.057471
UTC=2024-01-27T19:30:02.000000
-4816399.370855 -4302373.340005 3135831.895516
-3541.904080 -866.889658 -6606.690371
UTC=2024-01-27T19:32:02.000000
-5203903.137290 -4369470.801231 2320728.322206
-2906.380427 -251.811353 -6960.761174
UTC=2024-01-27T19:34:02.000000
-5511709.272799 -4363117.673703 1469576.274824
-2215.357426 355.536508 -7206.712611
UTC=2024-01-27T19:36:02.000000
-5733807.195475 -4284864.749079 595598.049283
-1479.820751 944.832662 -7340.704823
UTC=2024-01-27T19:38:02.000000
-5865559.499334 -4137474.479946 -287629.997523
-711.637786 1506.234591 -7360.685787
UTC=2024-01-27T19:40:02.000000
-5903795.441624 -3924852.752945 -1166394.659350
76.650966 2030.556502 -7266.430832
UTC=2024-01-27T19:42:02.000000
-5846878.071812 -3651959.835416 -2027065.781380
872.062807 2509.437874 -7059.544813
UTC=2024-01-27T19:44:02.000000
-5694743.010664 -3324702.435797 -2856313.434110
1661.409441 2935.486130 -6743.416462
UTC=2024-01-27T19:46:02.000000
-5448909.223589 -2949810.397845 -3641317.937997
2431.529104 3302.392861 -6323.146849
UTC=2024-01-27T19:48:02.000000
-5112461.974175 -2534700.689448 -4369969.504001
3169.516004 3605.027593 -5805.447329
UTC=2024-01-27T19:50:02.000000
-4690008.734428 -2087331.855163 -5031054.141243
3862.941936 3839.503113 -5198.513438
UTC=2024-01-27T19:52:02.000000
-4187609.209122 -1616052.208269 -5614423.065658
4500.064658 4003.215340 -4511.876822
UTC=2024-01-27T19:54:02.000000
-3612681.327103 -1129444.638185 -6111143.148482
5070.019499 4094.858823 -3756.237412
UTC=2024-01-27T19:56:02.000000
-2973885.522175 -636171.278197 -6513626.458611
5562.989458 4114.414303 -2943.285152
UTC=2024-01-27T19:58:02.000000
-2280989.731315 -144821.060161 -6815738.094775
5970.357000 4063.113234 -2085.516039
UTC=2024-01-27T20:00:02.000000
-1544717.351955 336237.157957 -7012881.491201
6284.834350 3943.380996 -1196.040922
UTC=2024-01-27T20:02:02.000000
-776581.329635 798993.709045 -7102061.037501
6500.566584 3758.766869 -288.401881
UTC=2024-01-27T20:04:02.000000
11293.539169 1235928.388232 -7081922.753037
6613.224552 3513.863498 623.614710
UTC=2024-01-27T20:06:02.000000
806358.068269 1640129.682056 -6952772.660318
6620.075992 3214.206745 1526.156363
UTC=2024-01-27T20:08:02.000000
1595834.624007 2005402.104021 -6716573.897242
6520.054893 2866.176426 2405.491816
UTC=2024-01-27T20:10:02.000000
2366919.382276 2326360.481464 -6376920.058772
6313.794657 2476.877437 3248.208532
UTC=2024-01-27T20:12:02.000000
3106987.433974 2598509.407419 -5938985.634027
6003.643192 2054.011676 4041.403499
UTC=2024-01-27T20:14:02.000000
3803797.760988 2818306.682784 -5409453.737886
5593.648063 1605.741694 4772.864493
UTC=2024-01-27T20:16:02.000000
4445696.008320 2983210.454180 -4796422.490844
5089.532814 1140.553421 5431.252325
UTC=2024-01-27T20:18:02.000000
5021812.396299 3091709.097084 -4109288.893931
4498.637161 667.105501 6006.288467
UTC=2024-01-27T20:20:02.000000
5522250.222178 3143332.610811 -3358610.973342
3829.820560 194.073958 6488.927675
UTC=2024-01-27T20:22:02.000000
5938261.263302 3138645.568743 -2555950.600316
3093.344298 -269.999361 6871.509587
UTC=2024-01-27T20:24:02.000000
6262405.661863 3079221.671989 -1713698.146527
2300.723759 -716.864989 7147.909551
UTC=2024-01-27T20:26:02.000000
6488691.282022 2967599.112589 -844880.849229
1464.540018 -1138.721829 7313.654038
UTC=2024-01-27T20:28:02.000000
6612689.589503 2807218.102204 37040.980052
598.235032 -1528.361597 7366.012578
UTC=2024-01-27T20:30:02.000000
6631624.911418 2602341.145634 918387.113000
-284.126581 -1879.308999 7304.055028
UTC=2024-01-27T20:32:02.000000
6544434.632620 2357958.198344 1785474.581422
-1168.098324 -2185.931573 7128.668048
UTC=2024-01-27T20:34:02.000000
6351800.064998 2079679.464937 2624836.054357
-2039.106053 -2443.541127 6842.555165
UTC=2024-01-27T20:36:02.000000
6056145.645394 1773616.727075 3423435.370673
-2882.715263 -2648.476775 6450.187376
UTC=2024-01-27T20:38:02.000000
5661606.704456 1446256.671529 4168875.050039
-3684.888623 -2798.158829 5957.722417
UTC=2024-01-27T20:40:02.000000
5173966.587356 1104328.927144 4849591.970248
-4432.235277 -2891.120027 5372.885657
UTC=2024-01-27T20:42:02.000000
4600565.749355 754672.228626 5455037.366411
-5112.230412 -2927.008998 4704.835518
UTC=2024-01-27T20:44:02.000000
3950184.663195 404100.985691 5975840.058634
-5713.433834 -2906.577955 3964.010769
UTC=2024-01-27T20:46:02.000000
3232901.844283 59275.136751 6403949.006824
-6225.679101 -2831.639715 3161.942694
UTC=2024-01-27T20:48:02.000000
2459931.835999 -273423.478283 6732753.189242
-6640.222409 -2705.005660 2311.070738
UTC=2024-01-27T20:50:02.000000
1643446.151697 -588006.802187 6957179.642387
-6949.879618 -2530.414225 1424.557864
UTC=2024-01-27T20:52:02.000000
796378.691050 -878986.795875 7073768.506684
-7149.146412 -2312.444837 516.091010
UTC=2024-01-27T20:54:02.000000
-67781.365307 -1141470.280376 7080723.194373
-7234.283502 -2056.414223 -400.329498
UTC=2024-01-27T20:56:02.000000
-935205.066970 -1371240.785347 6977935.832318
-7203.375489 -1768.264789 -1310.593032
UTC=2024-01-27T20:58:02.000000
-1791944.891117 -1564826.411145 6766988.179080
-7056.364759 -1454.442188 -2200.683439
UTC=2024-01-27T21:00:02.000000
-2624158.314378 -1719552.353843 6451128.403888
-6795.058554 -1121.763745 -3056.874584
UTC=2024-01-27T21:02:02.000000
-3418331.423374 -1833577.756782 6035225.110275
-6423.125692 -777.290195 -3865.918012
UTC=2024-01-27T21:04:02.000000
-4161501.203538 -1905917.162902 5525697.551437
-5946.069494 -428.194772 -4615.254210
UTC=2024-01-27T21:06:02.000000
-4841471.494564 -1936445.723770 4930420.573893
-5371.153447 -81.624277 -5293.214634
UTC=2024-01-27T21:08:02.000000
-5447018.503475 -1925887.575964 4258606.235367
-4707.299988 255.441846 -5889.211891
UTC=2024-01-27T21:10:02.000000
-5968082.013191 -1875787.383736 3520663.458982
-3964.955046 576.329950 -6393.912532
UTC=2024-01-27T21:12:02.000000
-6395938.916369 -1788465.830916 2728038.205517
-3155.929854 874.800437 -6799.390214
UTC=2024-01-27T21:14:02.000000
-6723356.592050 -1666960.321716 1893036.007022
-2293.222084 1145.167274 -7099.269120
UTC=2024-01-27T21:16:02.000000
-6944722.362511 -1514951.550260 1028627.765810
-1390.791853 1382.413161 -7288.852784
UTC=2024-01-27T21:18:02.000000
-7056144.128535 -1336677.092809 148243.041991
-463.314101 1582.289239 -7365.204346
UTC=2024-01-27T21:20:02.000000
-7055520.834692 -1136834.112057 -734444.601318
474.080299 1741.396262 -7327.199998
UTC=2024-01-27T21:22:02.000000
-6942580.876633 -920473.572438 -1605736.522009
1406.077248 1857.245482 -7175.544812
UTC=2024-01-27T21:24:02.000000
-6718887.677154 -692888.370695 -2452127.366679
2317.451250 1928.297522 -6912.748391
UTC=2024-01-27T21:26:02.000000
-6387813.289975 -459498.323742 -3260518.857842
3193.328065 1953.978025 -6543.075771
UTC=2024-01-27T21:28:02.000000
-5954480.329180 -225734.047944 -4018425.905438
4019.448751 1934.679969 -6072.463627
UTC=2024-01-27T21:30:02.000000
-5425673.349768 3078.001995 -4714170.148508
4782.411182 1871.740235 -5508.398898
UTC=2024-01-27T21:32:02.000000
-4809722.870998 221826.249044 -5337057.742636
5469.885154 1767.394458 -4859.778463
UTC=2024-01-27T21:34:02.000000
-4116364.977896 425718.295218 -5877539.270975
6070.805113 1624.714473 -4136.751060
UTC=2024-01-27T21:36:02.000000
-3356579.345420 610376.591884 -6327349.481793
6575.534460 1447.528465 -3350.540310
UTC=2024-01-27T21:38:02.000000
-2542409.719833 771923.919375 -6679625.307183
6975.993983 1240.331176 -2513.262659
UTC=2024-01-27T21:40:02.000000
-1686770.447808 907057.497947 -6929002.425133
7265.770311 1008.184871 -1637.749790
UTC=2024-01-27T21:42:02.000000
-803241.117695 1013110.804490 -7071689.495011
7440.199827 756.612997 -737.353947
UTC=2024-01-27T21:44:02.000000
94146.670706 1088102.108951 -7105519.295269
7496.419267 491.486066 174.238378
UTC=2024-01-27T21:46:02.000000
991127.547728 1130769.160796 -7029978.385483
7433.402301 218.905432 1083.179136
UTC=2024-01-27T21:48:02.000000
1873424.971242 1140589.845054 -6846215.402247
7251.990649 -54.914786 1975.649817
UTC=2024-01-27T21:50:02.000000
2726975.048786 1117788.401016 -6557025.493639
6954.883682 -323.769634 2838.058015
UTC=2024-01-27T21:52:02.000000
3538147.968263 1063327.068629 -6166811.722696
6546.608354 -581.584505 3657.229858
UTC=2024-01-27T21:54:02.000000
4293963.895204 978883.143615 -5681523.789394
6033.460558 -822.536091 4420.591221
UTC=2024-01-27T21:56:02.000000
4982301.226742 866811.840382 -5108575.200310
5423.434211 -1041.167790 5116.350729
UTC=2024-01-27T21:58:02.000000
5592094.633112 730095.607318 -4456738.027326
4726.119713 -1232.500720 5733.688051
UTC=2024-01-27T22:00:02.000000
6113518.701237 572280.296880 -3736015.599285
3952.567008 -1392.140639 6262.930676
UTC=2024-01-27T22:02:02.000000
6538153.623129 397399.181801 -2957494.904573
3115.124278 -1516.372851 6695.715944
UTC=2024-01-27T22:04:02.000000
6859130.242786 209886.299759 -2133180.222831
2227.254185 -1602.245795 7025.143333
UTC=2024-01-27T22:06:02.000000
7071250.883169 14480.470156 -1275809.126268
1303.312053 -1647.641277 7245.911824
UTC=2024-01-27T22:08:02.000000
7171081.808688 -183877.874371 -398654.116188
358.299880 -1651.324010 7354.420954
UTC=2024-01-27T22:10:02.000000
7157015.682887 -380154.752921 484685.970149
-592.387648 -1612.974436 7348.842524
UTC=2024-01-27T22:12:02.000000
7029302.565447 -569333.660646 1360501.729291
-1533.235244 -1533.203663 7229.165780
UTC=2024-01-27T22:14:02.000000
6790047.867005 -746526.857473 2215191.991645
-2448.881423 -1413.543328 6997.204849
UTC=2024-01-27T22:16:02.000000
6443177.057289 -907084.277083 3035481.705565
-3324.400160 -1256.416439 6656.571614
UTC=2024-01-27T22:18:02.000000
5994367.254599 -1046697.579363 3808633.545295
-4145.564279 -1065.084839 6212.601779
UTC=2024-01-27T22:20:02.000000
5450948.999453 -1161496.937524 4522649.281800
-4899.083354 -843.583633 5672.260771
UTC=2024-01-27T22:22:02.000000
4821779.799190 -1248139.008978 5166458.311621
-5572.834089 -596.635887 5044.019445
UTC=2024-01-27T22:24:02.000000
4117092.082408 -1303883.329673 5730089.357532
-6156.054083 -329.548562 4337.702972
UTC=2024-01-27T22:26:02.000000
3348319.664533 -1326655.922457 6204823.234958
-6639.508468 -48.104671 3564.325066
UTC=2024-01-27T22:28:02.000000
2527905.875998 -1315099.569193 6583324.536960
-7015.625981 241.553303 2735.903591
UTC=2024-01-27T22:30:02.000000
1669097.521719 -1268609.597065 6859750.977319
-7278.602923 533.046042 1865.274709
UTC=2024-01-27T22:32:02.000000
785727.412952 -1187354.635202 7029839.822606
-7424.486987 819.886664 965.893335
UTC=2024-01-27T22:34:02.000000
-108010.826447 -1072281.636777 7090969.674556
-7451.221559 1095.611342 51.626294
UTC=2024-01-27T22:36:02.000000
-997791.460453 -925105.475020 7042197.778238
-7358.662126 1353.906220 -863.449173
UTC=2024-01-27T22:38:02.000000
-1869385.929291 -748283.340663 6884273.320947
-7148.569882 1588.734581 -1765.244748
UTC=2024-01-27T22:40:02.000000
-2708889.931909 -544973.948218 6619626.731898
-6824.580934 1794.460984 -2639.860750
UTC=2024-01-27T22:42:02.000000
-3502945.603728 -318982.289494 6252335.248836
-6392.156513 1965.968677 -3473.783678
UTC=2024-01-27T22:44:02.000000
-4238956.337243 -74690.737688 5788064.370779
-5858.507922 2098.769035 -4254.089996
UTC=2024-01-27T22:46:02.000000
-4905290.714095 183022.551047 5233984.859641
-5232.489763 2189.103472 -4968.648835
UTC=2024-01-27T22:48:02.000000
-5491471.784197 448876.651433 4598665.911272
-4524.463982 2234.031758 -5606.315246
UTC=2024-01-27T22:50:02.000000
-5988348.398083 717290.849612 3891945.650634
-3746.134786 2231.508821 -6157.114665
UTC=2024-01-27T22:52:02.000000
-6388245.007006 982495.742834 3124780.681557
-2910.358892 2180.443508 -6612.406470
UTC=2024-01-27T22:54:02.000000
-6685087.686664 1238650.369295 2309076.671728
-2030.935411 2080.738932 -6965.037654
UTC=2024-01-27T22:56:02.000000
-6874503.264640 1479962.763240 1457501.848730
-1122.371134 1933.310067 -7209.471186
UTC=2024-01-27T22:58:02.000000
-6953889.382041 1700811.514868 583286.485323
-199.628535 1740.082367 -7341.892042
UTC=2024-01-27T23:00:02.000000
-6922452.949104 1895865.696960 -299988.422291
722.146102 1503.964967 -7360.278204
UTC=2024-01-27T23:02:02.000000
-6781215.828754 2060200.029526 -1178608.555410
1627.894714 1228.799504 -7264.431690
UTC=2024-01-27T23:04:02.000000
-6532988.322200 2189402.870164 -2038945.233624
2502.911101 919.292432 -7055.975086
UTC=2024-01-27T23:06:02.000000
-6182311.396057 2279675.070766 -2867672.431489
3333.100550 580.929193 -6738.322127
UTC=2024-01-27T23:08:02.000000
-5735368.017318 2327917.111924 -3651977.850552
4105.230453 219.865129 -6316.605433
UTC=2024-01-27T23:10:02.000000
-5199866.209800 2331802.230402 -4379762.927451
4807.149707 -157.196683 -5797.567841
UTC=2024-01-27T23:12:02.000000
-4584897.606404 2289834.507973 -5039828.417507
5427.978760 -543.134002 -5189.431490
UTC=2024-01-27T23:14:02.000000
-3900774.921573 2201391.108365 -5622042.915698
5958.269264 -930.540414 -4501.744506
UTC=2024-01-27T23:16:02.000000
-3158852.466249 2066748.171924 -6117492.141092
6390.127802 -1311.862489 -3745.216675
UTC=2024-01-27T23:18:02.000000
-2371333.345100 1887090.087619 -6518608.307915
6717.316871 -1679.539562 -2931.550240
UTC=2024-01-27T23:20:02.000000
-1551065.754864 1664501.967826 -6819277.992390
6935.331010 -2026.143175 -2073.249032
UTC=2024-01-27T23:22:02.000000
-711332.942080 1401945.686776 -7014926.788484
7041.428559 -2344.510964 -1183.429747
UTC=2024-01-27T23:24:02.000000
134359.545243 1103220.182999 -7102581.858854
7034.645977 -2627.874673 -275.637233
UTC=2024-01-27T23:26:02.000000
972496.864907 772906.911846 -7080912.614056
6915.791543 -2869.981033 636.331086
UTC=2024-01-27T23:28:02.000000
1789767.071067 416300.639763 -6950249.853797
6687.432565 -3065.214786 1538.617568
UTC=2024-01-27T23:30:02.000000
2573269.145270 39326.047644 -6712580.971466
6353.839881 -3208.709650 2417.500176
UTC=2024-01-27T23:32:02.000000
3310713.615917 -351558.156257 -6371522.712450
5920.922806 -3296.447984 3259.577447
UTC=2024-01-27T23:34:02.000000
3990613.880775 -749466.792251 -5932271.064624
5396.135105 -3325.353299 4051.960445
UTC=2024-01-27T23:36:02.000000
4602465.127967 -1147205.875708 -5401529.151118
4788.368399 -3293.368252 4782.449102
UTC=2024-01-27T23:38:02.000000
5136909.814069 -1537399.323616 -4787413.346068
4107.828119 -3199.524863 5439.721378
UTC=2024-01-27T23:40:02.000000
5585886.112625 -1912622.651360 -4099336.764772
3365.876444 -3043.990538 6013.516023
UTC=2024-01-27T23:42:02.000000
5942756.410713 -2265541.076162 -3347871.631494
2574.857125 -2828.095884 6494.803770
UTC=2024-01-27T23:44:02.000000
6202413.455332 -2589049.726220 -2544591.626550
1747.897371 -2554.341266 6875.948501
UTC=2024-01-27T23:46:02.000000
6361361.331687 -2876413.146500 -1701895.966902
898.687436 -2226.377769 7150.848677
UTC=2024-01-27T23:48:02.000000
6417769.165538 -3121400.954829 -832818.139726
41.248503 -1848.963153 7315.052046
UTC=2024-01-27T23:50:02.000000
6371496.351753 -3318416.883651 49177.819082
-810.311381 -1427.894668 7365.847612
UTC=2024-01-27T23:52:02.000000
6224088.010035 -3462618.178446 930410.030137
-1642.045468 -969.916701 7302.322876
UTC=2024-01-27T23:54:02.000000
5978740.790878 -3550022.672411 1797196.810292
-2440.418131 -482.606312 7125.396073
UTC=2024-01-27T23:56:02.000000
5640238.195303 -3577600.460660 2636075.924916
-3192.556666 25.766589 6837.798946
UTC=2024-01-27T23:58:02.000000
5214857.598606 -3543348.205777 3434019.269273
-3886.471510 546.389178 6444.025456
