UTC=2024-01-16T00:00:02.000000
6247345.366203 -3513849.615503 -492549.352184
-372.016461 -1674.999809 7348.188271
UTC=2024-01-16T00:02:02.000000
6153113.387191 -3686592.354552 390773.250312
-1195.163610 -1197.907779 7354.785946
UTC=2024-01-16T00:04:02.000000
5961577.530329 -3800034.462310 1268029.571023
-1991.543367 -688.015477 7247.202360
UTC=2024-01-16T00:06:02.000000
5676730.936172 -3850743.474759 2125597.235205
-2748.250407 -153.828235 7027.063925
UTC=2024-01-16T00:08:02.000000
5304070.600977 -3836344.972409 2950157.239382
-3453.161207 395.551189 6697.791706
UTC=2024-01-16T00:10:02.000000
4850491.124012 -3755584.540237 3728905.911072
-4095.139079 950.588287 6264.540670
UTC=2024-01-16T00:12:02.000000
4324154.989040 -3608369.040135 4449757.577589
-4664.217383 1501.491149 5734.105148
UTC=2024-01-16T00:14:02.000000
3734342.138565 -3395787.113158 5101534.697863
-5151.765123 2038.386396 5114.803954
UTC=2024-01-16T00:16:02.000000
3091281.150546 -3120107.722419 5674141.869528
-5550.620185 2551.505613 4416.326687
UTC=2024-01-16T00:18:02.000000
2405967.153374 -2784756.915565 6158720.534434
-5855.183317 3031.361079 3649.569343
UTC=2024-01-16T00:20:02.000000
1689969.677938 -2394273.998394 6547783.009168
-6061.488999 3468.913440 2826.452258
UTC=2024-01-16T00:22:02.000000
955234.145390 -1954248.095707 6835324.028366
-6167.241989 3855.731066 1959.730127
UTC=2024-01-16T00:24:02.000000
213880.514881 -1471236.065198 7016909.107222
-6171.827489 4184.140575 1062.794357
UTC=2024-01-16T00:26:02.000000
-521997.463001 -952663.127262 7089738.947310
-6076.292182 4447.364863 149.473216
UTC=2024-01-16T00:28:02.000000
-1240529.391575 -406707.692215 7052689.795558
-5883.303553 4639.647211 -766.168863
UTC=2024-01-16T00:30:02.000000
-1930259.366981 157827.909117 6906329.788173
-5597.090476 4756.363255 -1670.032259
UTC=2024-01-16T00:32:02.000000
-2580328.627609 731659.257419 6652910.961639
-5223.361360 4794.117187 -2548.185346
UTC=2024-01-16T00:34:02.000000
-3180647.243921 1305172.179492 6296336.913230
-4769.202961 4750.820494 -3387.067117
UTC=2024-01-16T00:36:02.000000
-3722052.508168 1868583.462031 5842106.422804
-4242.961221 4625.753148 -4173.685186
UTC=2024-01-16T00:38:02.000000
-4196452.059642 2412107.890412 5297233.307091
-3654.104642 4419.607616 -4895.814464
UTC=2024-01-16T00:40:02.000000
-4596949.269529 2926129.260775 4670142.460016
-3013.065436 4134.508855 -5542.194458
UTC=2024-01-16T00:42:02.000000
-4917948.369706 3401371.898533 3970542.758991
-2331.061113 3774.003650 -6102.715284
UTC=2024-01-16T00:44:02.000000
-5155237.195366 3829069.538875 3209278.786359
-1619.901021 3343.027917 -6568.585230
UTC=2024-01-16T00:46:02.000000
-5306046.004222 4201128.743180 2398163.347369
-891.781433 2847.847345 -6932.482748
UTC=2024-01-16T00:48:02.000000
-5369081.193151 4510283.492271 1549792.750504
-159.071351 2295.969045 -7188.691939
UTC=2024-01-16T00:50:02.000000
-5344532.481795 4750237.106174 677347.277391
565.914118 1696.017865 -7333.210432
UTC=2024-01-16T00:52:02.000000
-5234053.091041 4915787.570313 -205618.798847
1271.133690 1057.588479 -7363.816063
UTC=2024-01-16T00:54:02.000000
-5040714.150186 5002934.520507 -1085393.736764
1945.033069 391.084416 -7280.112071
UTC=2024-01-16T00:56:02.000000
-4768933.178719 5008965.227539 -1948328.369791
2576.761383 -292.470834 -7083.534679
UTC=2024-01-16T00:58:02.000000
-4424378.099952 4932516.716571 -2781054.039346
3156.358136 -981.639324 -6777.314366
UTC=2024-01-16T01:00:02.000000
-4013850.143964 4773613.003432 -3570694.199740
3674.922086 -1664.777695 -6366.407587
UTC=2024-01-16T01:02:02.000000
-3545147.900662 4533677.126477 -4305065.437613
4124.752211 -2330.246565 -5857.390042
UTC=2024-01-16T01:04:02.000000
-3026916.531170 4215518.439443 -4972864.192678
4499.455432 -2966.613314 -5258.326627
UTC=2024-01-16T01:06:02.000000
-2468486.009227 3823296.242146 -5563836.658130
4794.021325 -3562.841686 -4578.623655
UTC=2024-01-16T01:08:02.000000
-1879701.808892 3362461.225282 -6068930.706295
5004.876263 -4108.475661 -3828.875349
UTC=2024-01-16T01:10:02.000000
-1270750.380096 2839674.991542 -6480428.072915
5129.913225 -4593.817574 -3020.687672
UTC=2024-01-16T01:12:02.000000
-651982.956124 2262709.416759 -6792054.451153
5168.490070 -5010.084201 -2166.488911
UTC=2024-01-16T01:14:02.000000
-33741.196305 1640328.692117 -6999066.983482
5121.402297 -5349.542328 -1279.344447
UTC=2024-01-16T01:16:02.000000
573812.712841 982155.676370 -7098319.671850
4990.837108 -5605.632773 -372.772803
UTC=2024-01-16T01:18:02.000000
1160859.906388 298524.438337 -7088306.724982
4780.318697 -5773.079143 539.439789
UTC=2024-01-16T01:20:02.000000
1718080.783884 -399679.795262 -6969182.952362
4494.628382 -5847.985859 1443.435523
UTC=2024-01-16T01:22:02.000000
2236800.053810 -1101190.838254 -6742760.967099
4139.706766 -5827.909943 2325.472061
UTC=2024-01-16T01:24:02.000000
2709119.782835 -1794539.554159 -6412486.312660
3722.550472 -5711.919935 3172.108279
UTC=2024-01-16T01:26:02.000000
3128038.964386 -2468237.701010 -5983390.203374
3251.091239 -5500.634962 3970.386000
UTC=2024-01-16T01:28:02.000000
3487558.413967 -3110966.192529 -5462020.783388
2734.072311 -5196.259086 4708.015142
UTC=2024-01-16T01:30:02.000000
3782769.435618 -3711765.630149 -4856350.675600
2180.897728 -4802.578389 5373.576416
UTC=2024-01-16T01:32:02.000000
4009923.237825 -4260223.994918 -4175661.752386
1601.468578 -4324.922336 5956.695179
UTC=2024-01-16T01:34:02.000000
4166480.995904 -4746658.942127 -3430410.015402
1006.022461 -3770.112259 6448.205089
UTC=2024-01-16T01:36:02.000000
4251144.094735 -5162292.388328 -2632070.705168
404.962226 -3146.382065 6840.311413
UTC=2024-01-16T01:38:02.000000
4263862.894388 -5499413.657084 -1792964.556903
-191.330956 -2463.265684 7126.740384
UTC=2024-01-16T01:40:02.000000
4205822.763346 -5751526.770196 -926067.713711
-772.684883 -1731.447510 7302.859925
UTC=2024-01-16T01:42:02.000000
4079408.019880 -5913478.441885 -44808.753786
-1329.320630 -962.589936 7365.774848
UTC=2024-01-16T01:44:02.000000
3888143.732444 -5981563.695827 837143.640574
-1852.032939 -169.134771 7314.385530
UTC=2024-01-16T01:46:02.000000
3636616.983857 -5953606.635416 1706098.269511
-2332.353567 635.913474 7149.419453
UTC=2024-01-16T01:48:02.000000
3330378.859764 -5829013.744600 2548560.706779
-2762.708771 1439.226593 6873.422196
UTC=2024-01-16T01:50:02.000000
2975828.958347 -5608798.514884 3351448.542054
-3136.549723 2227.388260 6490.704944
UTC=2024-01-16T01:52:02.000000
2580085.917742 -5295577.760473 4102298.977454
-3448.456193 2987.132685 6007.267673
UTC=2024-01-16T01:54:02.000000
2150847.008026 -4893539.422568 4789465.367807
-3694.216482 3705.578892 5430.693113
UTC=2024-01-16T01:56:02.000000
1696239.486981 -4408382.629403 5402299.268006
-3870.881721 4370.457366 4770.010625
UTC=2024-01-16T01:58:02.000000
1224667.219163 -3847231.623515 5931315.114099
-3976.794668 4970.320762 4035.545049
UTC=2024-01-16T02:00:02.000000
744654.938497 -3218524.928159 6368335.033229
-4011.595621 5494.741624 3238.734052
UTC=2024-01-16T02:02:02.000000
264693.970750 -2531882.810700 6706610.924341
-3976.194797 5934.477627 2391.938333
UTC=2024-01-16T02:04:02.000000
-206907.491904 -1797956.065747 6940923.840444
-3872.724558 6281.618025 1508.251044
UTC=2024-01-16T02:06:02.000000
-662167.339900 -1028258.463125 7067660.483448
-3704.475575 6529.711526 601.307730
UTC=2024-01-16T02:08:02.000000
-1093563.937247 -234984.513593 7084866.308938
-3475.817095 6673.880038 -314.915816
UTC=2024-01-16T02:10:02.000000
-1494160.035689 569184.639793 6992273.965280
-3192.102457 6710.903354 -1226.309749
UTC=2024-01-16T02:12:02.000000
-1857714.340220 1371284.121539 6791307.105858
-2859.558222 6639.281145 -2118.834298
UTC=2024-01-16T02:14:02.000000
-2178779.177282 2158274.261474 6485059.834931
-2485.163790 6459.271864 -2978.722010
UTC=2024-01-16T02:16:02.000000
-2452783.012458 2917252.908983 6078251.979856
-2076.519290 6172.910051 -3792.678321
UTC=2024-01-16T02:18:02.000000
-2676096.590065 3635668.295693 5577160.379350
-1641.705632 5783.996793 -4548.079825
UTC=2024-01-16T02:20:02.000000
-2846082.075362 4301529.213249 4989526.776673
-1189.140703 5298.066103 -5233.167666
UTC=2024-01-16T02:22:02.000000
-2961124.260795 4903609.468529 4324442.414978
-727.424013 4722.320696 -5837.239834
UTC=2024-01-16T02:24:02.000000
-3020642.844642 5431642.675191 3592210.313267
-265.177715 4065.535785 -6350.831417
UTC=2024-01-16T02:26:02.000000
-3025085.448340 5876503.389506 2804186.648170
189.115142 3337.926925 -6765.880077
UTC=2024-01-16T02:28:02.000000
-2975901.417419 6230370.492014 1972603.830115
627.267979 2550.988421 -7075.865709
UTC=2024-01-16T02:30:02.000000
-2875496.965633 6486869.706813 1110378.191655
1041.544968 1717.306823 -7275.926850
UTC=2024-01-16T02:32:02.000000
-2727172.231399 6641192.242278 230905.291022
1424.806135 850.349591 -7362.950708
UTC=2024-01-16T02:34:02.000000
-2535041.807238 6690186.599613 -652153.856329
1770.637588 -35.769539 -7335.632967
UTC=2024-01-16T02:36:02.000000
-2303940.515828 6632421.254391 -1525091.921351
2073.468239 -926.542353 -7194.508948
UTC=2024-01-16T02:38:02.000000
-2039315.736152 6468215.444793 -2374375.815287
2328.675281 -1807.344725 -6941.938489
UTC=2024-01-16T02:40:02.000000
-1747108.928005 6199637.000975 -3186861.522858
2532.655820 -2663.697844 -6582.032766
UTC=2024-01-16T02:42:02.000000
-1433630.434131 5830470.497289 -3949999.366204
2682.870319 -3481.508680 -6120.571348
UTC=2024-01-16T02:44:02.000000
-1105430.226591 5366156.314387 -4652028.102988
2777.866768 -4247.312875 -5564.893586
UTC=2024-01-16T02:46:02.000000
-769167.080500 4813701.758772 -5282153.837490
2817.282171 -4948.493180 -4923.758538
UTC=2024-01-16T02:48:02.000000
-431478.821392 4181567.413454 -5830711.599117
2801.824146 -5573.478070 -4207.196462
UTC=2024-01-16T02:50:02.000000
-98855.905438 3479530.308953 -6289307.990082
2733.233031 -6111.927195 -3426.339943
UTC=2024-01-16T02:52:02.000000
222479.084389 2718526.428314 -6650942.356594
2614.221144 -6554.888079 -2593.236905
UTC=2024-01-16T02:54:02.000000
526683.562053 1910476.592401 -6910105.324114
2448.396040 -6894.917315 -1720.664171
UTC=2024-01-16T02:56:02.000000
808397.332111 1068098.941587 -7062855.452923
2240.174474 -7126.186436 -821.945553
UTC=2024-01-16T02:58:02.000000
1062833.867742 204709.780989 -7106873.386869
1994.683771 -7244.566182 89.239226
UTC=2024-01-16T03:00:02.000000
1285859.246012 -665984.294033 -7041493.247757
1717.654408 -7247.689575 999.044709
UTC=2024-01-16T03:02:02.000000
1474057.582646 -1530100.222757 -6867710.867831
1415.303687 -7134.986027 1893.651815
UTC=2024-01-16T03:04:02.000000
1624782.433125 -2373795.068869 -6588169.742340
1094.218715 -6907.696170 2759.448561
UTC=2024-01-16T03:06:02.000000
1736193.952973 -3183483.607805 -6207125.366962
761.234610 -6568.874194 3583.210544
UTC=2024-01-16T03:08:02.000000
1807280.975527 -3946055.467625 -5730387.490373
423.305945 -6123.375207 4352.291638
UTC=2024-01-16T03:10:02.000000
1837867.546881 -4649088.317375 -5165238.606982
87.376686 -5577.797993 5054.823572
UTC=2024-01-16T03:12:02.000000
1828603.889181 -5281052.064916 -4520329.920763
-239.748916 -4940.400015 5679.890783
UTC=2024-01-16T03:14:02.000000
1780941.877770 -5831502.352376 -3805556.719171
-551.536184 -4221.000420 6217.703804
UTC=2024-01-16T03:16:02.000000
1697094.870788 -6291260.205660 -3031912.773309
-841.849183 -3430.843860 6659.771046
UTC=2024-01-16T03:18:02.000000
1579982.616165 -6652573.249261 -2211325.219868
-1105.069637 -2582.431848 6999.052427
UTC=2024-01-16T03:20:02.000000
1433162.455475 -6909254.899472 -1356472.106224
-1336.207208 -1689.324350 7230.092301
UTC=2024-01-16T03:22:02.000000
1260747.664385 -7056798.452028 -480585.614308
-1531.002470 -765.920148 7349.127745
UTC=2024-01-16T03:24:02.000000
1067314.594888 -7092462.780208 402756.305575
-1686.008992 172.796696 7354.167387
UTC=2024-01-16T03:26:02.000000
857800.876829 -7015327.191426 1279845.102599
-1798.662280 1111.513005 7245.031680
UTC=2024-01-16T03:28:02.000000
637396.485761 -6826314.758979 2137060.471502
-1867.326544 2034.859295 7023.370203
UTC=2024-01-16T03:30:02.000000
411430.569475 -6528182.241610 2961088.702557
-1891.321452 2927.690337 6692.635384
UTC=2024-01-16T03:32:02.000000
185256.021977 -6125476.569095 3739135.309932
-1870.930905 3775.359081 6258.013613
UTC=2024-01-16T03:34:02.000000
-35865.443478 -5624459.864858 4459127.250251
-1807.385588 4563.965493 5726.324632
UTC=2024-01-16T03:36:02.000000
-246874.755443 -5033005.672570 5109902.172499
-1702.824549 5280.591422 5105.904908
UTC=2024-01-16T03:38:02.000000
-443021.266249 -4360467.803167 5681381.787211
-1560.237722 5913.516668 4406.459638
UTC=2024-01-16T03:40:02.000000
-619960.544094 -3617525.067235 6164726.620168
-1383.392267 6452.408974 3638.901585
UTC=2024-01-16T03:42:02.000000
-773842.565452 -2816004.389253 6552469.752675
-1176.745320 6888.488464 2815.160494
UTC=2024-01-16T03:44:02.000000
-901388.598174 -1968687.091624 6838627.094062
-945.343782 7214.645619 1947.989718
UTC=2024-01-16T03:46:02.000000
-999955.545491 -1089102.359476 7018785.253151
-694.716317 7425.541813 1050.782904
UTC=2024-01-16T03:48:02.000000
-1067587.052711 -191309.364580 7090166.627886
-430.760413 7517.693741 137.374792
UTC=2024-01-16T03:50:02.000000
-1103050.482802 710328.614479 7051669.894716
-159.619301 7489.521973 -778.164985
UTC=2024-01-16T03:52:02.000000
-1105858.739974 1601374.321925 6903886.046417
112.445823 7341.374734 -1681.735058
UTC=2024-01-16T03:54:02.000000
-1076276.802104 2467547.907931 6649089.925516
379.182629 7075.524584 -2559.406509
UTC=2024-01-16T03:56:02.000000
-1015313.126420 3294956.358575 6291207.378798
634.472673 6696.139440 -3397.624833
UTC=2024-01-16T03:58:02.000000
-924696.166312 4070318.018573 5835758.239594
872.455411 6209.228992 -4183.411973
UTC=2024-01-16T04:00:02.000000
-806836.000564 4781178.774131 5289775.281774
1087.650269 5622.560233 -4904.561709
UTC=2024-01-16T04:02:02.000000
-664771.967173 5416116.937596 4661700.156180
1275.068796 4945.553328 -5549.832119
UTC=2024-01-16T04:04:02.000000
-502106.911103 5964933.227301 3961255.925235
1430.324975 4189.132052 -6109.136830
UTC=2024-01-16T04:06:02.000000
-322929.239410 6418820.854404 3199299.167329
1549.725432 3365.555720 -6573.694720
UTC=2024-01-16T04:08:02.000000
-131724.880065 6770515.996101 2387653.325946
1630.352752 2488.244091 -6936.203263
UTC=2024-01-16T04:10:02.000000
66720.676908 7014422.272329 1538922.021034
1670.141495 1571.525605 -7190.978055
UTC=2024-01-16T04:12:02.000000
267427.599451 7146704.963873 666289.318264
1667.924315 630.391193 -7334.044108
UTC=2024-01-16T04:14:02.000000
465331.456950 7165355.102798 -216690.082887
1623.462116 -319.765537 -7363.209180
UTC=2024-01-16T04:16:02.000000
655395.334021 7070221.245249 -1096307.733947
1537.451157 -1263.427223 -7278.106235
UTC=2024-01-16T04:18:02.000000
832721.071444 6863007.423964 -1958920.651421
1411.503068 -2185.231594 -7080.189703
UTC=2024-01-16T04:20:02.000000
992657.178901 6547238.513948 -2791168.033001
1248.110451 -3070.237351 -6772.699839
UTC=2024-01-16T04:22:02.000000
1130901.696969 6128194.153842 -3580181.926305
1050.596168 -3904.181511 -6360.597024
UTC=2024-01-16T04:24:02.000000
1243597.823227 5612812.647215 -4313788.157525
823.043511 -4673.721349 -5850.465150
UTC=2024-01-16T04:26:02.000000
1327420.149972 5009567.101892 -4980693.831981
570.210288 -5366.653796 -5250.384864
UTC=2024-01-16T04:28:02.000000
1379649.756862 4328317.008657 -5570658.052043
297.429142 -5972.103853 -4569.782228
UTC=2024-01-16T04:30:02.000000
1398236.654377 3580139.305795 -6074643.730612
10.497327 -6480.679819 -3819.267335
UTC=2024-01-16T04:32:02.000000
1381848.579732 2777142.085182 -6484949.344714
-284.440436 -6884.607078 -3010.457978
UTC=2024-01-16T04:34:02.000000
1329905.391543 1932264.453333 -6795318.458459
-581.013678 -7177.822307 -2155.790308
UTC=2024-01-16T04:36:02.000000
1242598.914852 1059067.095199 -7001027.082289
-872.747271 -7356.039479 -1268.339101
UTC=2024-01-16T04:38:02.000000
1120898.020004 171515.728048 -7098949.156413
-1153.186451 -7416.799636 -361.629483
UTC=2024-01-16T04:40:02.000000
966538.669313 -716239.669607 -7087599.089546
-1416.022094 -7359.492458 550.554734
UTC=2024-01-16T04:42:02.000000
781999.049419 -1590086.606831 -6967151.181767
-1655.212253 -7185.349261 1454.363797
UTC=2024-01-16T04:44:02.000000
570460.640097 -2436169.402344 -6739436.604064
-1865.096259 -6897.413207 2336.061601
UTC=2024-01-16T04:46:02.000000
335755.543704 -3241104.660995 -6407919.302017
-2040.510824 -6500.506567 3182.203447
UTC=2024-01-16T04:48:02.000000
82299.964375 -3992191.558008 -5977648.969054
-2176.900855 -6001.168414 3979.837993
UTC=2024-01-16T04:50:02.000000
-184984.552769 -4677612.196747 -5455190.559149
-2270.414857 -5407.558658 4716.691795
UTC=2024-01-16T04:52:02.000000
-460761.175662 -5286619.819935 -4848532.104385
-2317.997587 -4729.349438 5381.351192
UTC=2024-01-16T04:54:02.000000
-739378.319097 -5809712.382345 -4166970.497185
-2317.470443 -3977.588583 5963.445605
UTC=2024-01-16T04:56:02.000000
-1014978.836443 -6238787.938084 -3420975.713098
-2267.595201 -3164.533134 6453.822033
UTC=2024-01-16T04:58:02.000000
-1281615.840059 -6567278.484777 -2622035.062427
-2168.120795 -2303.458517 6844.702819
UTC=2024-01-16T05:00:02.000000
-1533373.066015 -6790259.792444 -1782479.362208
-2019.811490 -1408.448156 7129.830343
UTC=2024-01-16T05:02:02.000000
-1764487.240343 -6904534.335429 -915292.754285
-1824.451847 -494.155646 7304.591545
UTC=2024-01-16T05:04:02.000000
-1969469.740913 -6908684.549100 -33909.464994
-1584.830331 424.450117 7366.110918
UTC=2024-01-16T05:06:02.000000
-2143225.007657 -6803094.854937 847998.653250
-1304.701261 1332.349443 7313.310907
UTC=2024-01-16T05:08:02.000000
-2281162.987457 -6589941.691576 1716739.862769
-988.723248 2214.739666 7146.939339
UTC=2024-01-16T05:10:02.000000
-2379302.842493 -6273151.492349 2558821.472967
-642.375576 3057.300630 6869.561355
UTC=2024-01-16T05:12:02.000000
-2434365.386882 -5858327.303702 3361165.520028
-271.854413 3846.450029 6485.513050
UTC=2024-01-16T05:14:02.000000
-2443852.101462 -5352645.911783 4111316.696301
116.046151 4569.578253 6000.819699
UTC=2024-01-16T05:16:02.000000
-2406109.190326 -4764728.312905 4797638.657859
514.063581 5215.257193 5423.084880
UTC=2024-01-16T05:18:02.000000
-2320375.739702 -4104486.753784 5409495.707653
914.602403 5773.423064 4761.359218
UTC=2024-01-16T05:20:02.000000
-2186814.954167 -3382950.975602 5937417.381362
1309.881608 6235.538806 4025.983282
UTC=2024-01-16T05:22:02.000000
-2006527.300541 -2612077.444441 6373242.427399
1692.085940 6594.712094 3228.406530
UTC=2024-01-16T05:24:02.000000
-1781545.809792 -1804546.684280 6710241.008284
2053.511768 6845.780116 2381.006010
UTC=2024-01-16T05:26:02.000000
-1514814.133927 -973551.485536 6943214.782338
2386.709276 6985.377572 1496.895732
UTC=2024-01-16T05:28:02.000000
-1210147.777637 -132578.736223 7068572.806492
2684.619383 7011.969035 589.717325
UTC=2024-01-16T05:30:02.000000
-872179.316783 704810.072148 7084383.095162
2940.705561 6925.845811 -326.552707
UTC=2024-01-16T05:32:02.000000
-506287.726686 1525197.512951 6990401.070625
3149.085548 6729.112971 -1237.802244
UTC=2024-01-16T05:34:02.000000
-118512.527386 2315525.543886 6788073.350496
3304.651547 6425.645695 -2129.991286
UTC=2024-01-16T05:36:02.000000
284545.749501 3063303.897736 6480516.717926
3403.177777 6021.017547 -2989.357163
UTC=2024-01-16T05:38:02.000000
695837.109101 3756808.589912 6072472.946885
3441.413643 5522.410106 -3802.612742
UTC=2024-01-16T05:40:02.000000
1107984.172317 4385268.389121 5570239.656298
3417.165839 4938.499623 -4557.147333
UTC=2024-01-16T05:42:02.000000
1513413.224052 4939036.164971 4981577.443693
3329.365024 4279.320672 -5241.221105
UTC=2024-01-16T05:44:02.000000
1904492.072580 5409742.413277 4315593.769159
3178.111634 3556.101850 -5844.156113
UTC=2024-01-16T05:46:02.000000
2273672.273733 5790427.446828 3582605.415797
2964.704971 2781.081508 -6356.501999
UTC=2024-01-16T05:48:02.000000
2613633.623976 6075651.432175 2793980.880019
2691.646717 1967.317045 -6770.209953
UTC=2024-01-16T05:50:02.000000
2917427.099355 6261579.041977 1961962.556239
2362.616496 1128.451342 -7078.785427
UTC=2024-01-16T05:52:02.000000
3178613.567983 6346034.769488 1099473.052785
1982.420937 278.464006 -7277.402422
UTC=2024-01-16T05:54:02.000000
3391394.429783 6328528.541504 219909.747096
1556.915027 -568.575164 -7362.985359
UTC=2024-01-16T05:56:02.000000
3550732.048441 6210251.610157 -663068.807981
1092.908801 -1398.756163 -7334.263507
UTC=2024-01-16T05:58:02.000000
3652457.370264 5994042.266903 -1535760.982383
598.046682 -2198.578464 -7191.789265
UTC=2024-01-16T06:00:02.000000
3693361.983650 5684322.563605 -2384640.228361
80.671020 -2955.185219 -6937.923725
UTC=2024-01-16T06:02:02.000000
3671272.817424 5287007.372735 -3196569.681846
-450.332047 -3656.588884 -6576.789322
UTC=2024-01-16T06:04:02.000000
3585107.401842 4809387.619010 -3959008.752388
-985.700468 -4291.874327 -6114.183912
UTC=2024-01-16T06:06:02.000000
3434908.808940 4259991.053212 -4660207.278560
-1515.965110 -4851.367935 -5557.462599
UTC=2024-01-16T06:08:02.000000
3221860.338781 3648424.641795 -5289384.647460
-2031.620070 -5326.778407 -4915.405283
UTC=2024-01-16T06:10:02.000000
2948279.737334 2985201.375038 -5836891.512486
-2523.291323 -5711.313104 -4198.058577
UTC=2024-01-16T06:12:02.000000
2617593.508129 2281555.229642 -6294351.579972
-2981.900655 -5999.759022 -3416.564191
UTC=2024-01-16T06:14:02.000000
2234291.856058 1549248.226713 -6654782.217595
-3398.822961 -6188.534569 -2582.976415
UTC=2024-01-16T06:16:02.000000
1803865.656184 800373.146295 -6912692.608609
-3766.028151 -6275.709665 -1710.074004
UTC=2024-01-16T06:18:02.000000
1332726.938077 47155.387321 -7064159.861035
-4076.216370 -6261.002229 -811.180678
UTC=2024-01-16T06:20:02.000000
828113.160548 -698243.912866 -7106883.345553
-4322.951349 -6145.760600 100.023123
UTC=2024-01-16T06:22:02.000000
297976.604441 -1423921.002811 -7040215.473812
-4500.772418 -5932.915490 1009.698633
UTC=2024-01-16T06:24:02.000000
-249138.618877 -2118415.334300 -6865169.768784
-4605.292632 -5626.911143 1904.028284
UTC=2024-01-16T06:26:02.000000
-804231.230984 -2770886.984496 -6584407.659821
-4633.294555 -5233.634339 2769.397127
UTC=2024-01-16T06:28:02.000000
-1357987.951816 -3371284.336771 -6202202.211832
-4582.806006 -4760.317409 3592.591439
UTC=2024-01-16T06:30:02.000000
-1900936.489657 -3910498.451987 -5724378.962175
-4453.158012 -4215.419443 4360.979953
UTC=2024-01-16T06:32:02.000000
-2423604.926172 -4380502.931494 -5158235.189953
-4245.032448 -3608.501526 5062.696185
UTC=2024-01-16T06:34:02.000000
-2916685.747427 -4774477.580128 -4512436.734643
-3960.489614 -2950.078655 5686.828863
UTC=2024-01-16T06:36:02.000000
-3371201.371117 -5086912.655764 -3796892.385669
-3602.965327 -2251.446885 6223.601716
UTC=2024-01-16T06:38:02.000000
-3778667.839371 -5313691.687785 -3022607.763598
-3177.244847 -1524.499767 6664.536999
UTC=2024-01-16T06:40:02.000000
-4131254.037570 -5452151.431677 -2201520.168801
-2689.412713 -781.529684 7002.608627
UTC=2024-01-16T06:42:02.000000
-4421933.055634 -5501117.118129 -1346316.118270
-2146.771771 -35.016157 7232.376162
UTC=2024-01-16T06:44:02.000000
-4644622.037311 -5460911.808407 -470234.272576
-1557.732658 702.593405 7350.093280
UTC=2024-01-16T06:46:02.000000
-4794307.153504 -5333339.237469 413142.858097
-931.677253 1419.105376 7353.785897
UTC=2024-01-16T06:48:02.000000
-4867150.845376 -5121640.122675 1290104.738129
-278.799547 2102.800316 7243.299484
UTC=2024-01-16T06:50:02.000000
-4860578.491691 -4830422.243466 2147032.121960
390.077478 2742.647710 7020.307710
UTC=2024-01-16T06:52:02.000000
-4773342.235275 -4465565.864357 2970614.860445
1063.697153 3328.500637 6688.280548
UTC=2024-01-16T06:54:02.000000
-4605560.968660 -4034107.091696 3748063.968085
1730.571194 3851.268819 6252.421118
UTC=2024-01-16T06:56:02.000000
-4358735.668221 -3544101.839285 4467314.410051
2379.188632 4303.069338 5719.574224
UTC=2024-01-16T06:58:02.000000
-4035739.383086 -3004473.040281 5117214.777936
2998.226720 4677.352443 5098.097603
UTC=2024-01-16T07:00:02.000000
-3640782.719819 -2424845.141417 5687699.798309
3576.747327 4968.987605 4397.710122
UTC=2024-01-16T07:02:02.000000
-3179356.358906 -1815370.074661 6169944.248794
4104.384832 5174.321947 3629.333078
UTC=2024-01-16T07:04:02.000000
-2658151.371201 -1186547.372097 6556497.027379
4571.527932 5291.219937 2804.916168
UTC=2024-01-16T07:06:02.000000
-2084958.319278 -549040.957733 6841392.990930
4969.490424 5319.076352 1937.241357
UTC=2024-01-16T07:08:02.000000
-1468546.994069 86503.251745 7020240.246871
5290.659563 5258.788650 1039.713404
UTC=2024-01-16T07:10:02.000000
-818530.239575 709634.764777 7090283.207881
5528.617179 5112.708765 126.168274
UTC=2024-01-16T07:12:02.000000
-145213.464613 1310269.941875 7050442.724193
5678.257055 4884.587475 -789.323532
UTC=2024-01-16T07:14:02.000000
540568.963776 1878855.270510 6901331.934221
5735.884552 4579.494547 -1692.662064
UTC=2024-01-16T07:16:02.000000
1227628.117716 2406519.774473 6645247.315729
5699.295930 4203.716701 -2569.925965
UTC=2024-01-16T07:18:02.000000
1904602.904925 2885213.964450 6286135.203340
5567.833121 3764.638360 -3407.571373
UTC=2024-01-16T07:20:02.000000
2560147.969876 3307834.070683 5829534.792306
5342.421477 3270.614860 -4192.627340
UTC=2024-01-16T07:22:02.000000
3183125.101822 3668330.179858 5282497.404925
5025.588916 2730.829693 -4912.896970
UTC=2024-01-16T07:24:02.000000
3762794.907708 3961795.940459 4653481.357130
4621.447461 2155.129347 -5557.158532
UTC=2024-01-16T07:26:02.000000
4289004.128621 4184537.768257 3952224.670653
4135.647246 1553.853692 -6115.331151
UTC=2024-01-16T07:28:02.000000
4752367.674251 4334124.112078 3189597.788287
3575.327894 937.663657 -6578.655856
UTC=2024-01-16T07:30:02.000000
5144440.760074 4409411.652830 2377434.230791
2948.998807 317.336492 -6939.859907
UTC=2024-01-16T07:32:02.000000
5457875.653448 4410547.944590 1528345.292609
2266.412587 -296.422945 -7193.274134
UTC=2024-01-16T07:34:02.000000
5686561.787590 4338950.853009 655520.600887
1538.406497 -893.180117 -7334.944104
UTC=2024-01-16T07:36:02.000000
5825744.773333 4197264.589279 -227482.471807
776.712214 -1462.962021 -7362.704227
UTC=2024-01-16T07:38:02.000000
5872121.220851 3989293.257192 -1106955.788410
-6.253951 -1996.438776 -7276.209609
UTC=2024-01-16T07:40:02.000000
5823907.904409 3719913.624434 -1969259.252871
-797.610368 -2485.088888 -7076.936484
UTC=2024-01-16T07:42:02.000000
5680883.700202 3394969.131389 -2801037.565523
-1584.242478 -2921.344642 -6768.146186
UTC=2024-01-16T07:44:02.000000
5444403.662293 3021148.014606 -3589430.617409
-2353.033232 -3298.711833 -6354.817023
UTC=2024-01-16T07:46:02.000000
5117385.644562 2605848.437106 -4322274.199390
-3091.091478 -3611.867264 -5843.551654
UTC=2024-01-16T07:48:02.000000
4704269.261607 2157033.023875 -4988287.757470
-3785.982818 -3856.736808 -5242.449511
UTC=2024-01-16T07:50:02.000000
4210948.506962 1683076.192007 -5577244.626667
-4425.934180 -4030.535077 -4560.950292
UTC=2024-01-16T07:52:02.000000
3644680.916062 1192608.534039 -6080123.394845
-5000.023421 -4131.778317 -3809.673970
UTC=2024-01-16T07:54:02.000000
3013974.757420 694360.863248 -6489239.244834
-5498.355175 -4160.276904 -3000.246425
UTC=2024-01-16T07:56:02.000000
2328456.398171 197010.589128 -6798353.380668
-5912.212397 -4117.103014 -2145.111024
UTC=2024-01-16T07:58:02.000000
1598721.171122 -290966.734447 -7002760.093278
-6234.182437 -4004.539280 -1257.346063
UTC=2024-01-16T08:00:02.000000
836169.687618 -761439.019510 -7099352.158991
-6458.276405 -3826.015374 -350.482411
UTC=2024-01-16T08:02:02.000000
52830.717373 -1206750.371179 -7086663.185530
-6580.026257 -3586.022177 561.696052
UTC=2024-01-16T08:04:02.000000
-738825.485504 -1619842.597417 -6964886.839603
-6596.553144 -3290.014107 1465.334888
UTC=2024-01-16T08:06:02.000000
-1526081.771002 -1994364.820311 -6735874.438521
-6506.629764 -2944.307451 2346.693385
UTC=2024-01-16T08:08:02.000000
-2296174.773921 -2324770.061671 -6403109.579790
-6310.716659 -2555.963132 3192.339363
UTC=2024-01-16T08:10:02.000000
-3036498.322325 -2606396.926963 -5971660.053044
-6010.974235 -2132.658963 3989.331044
UTC=2024-01-16T08:12:02.000000
-3734807.690963 -2835536.035691 -5448108.285121
-5611.265469 -1682.561959 4725.397735
UTC=2024-01-16T08:14:02.000000
-4379422.863279 -3009480.434479 -4840459.220786
-5117.131318 -1214.187351 5389.133688
UTC=2024-01-16T08:16:02.000000
-4959426.415801 -3126558.308789 -4158025.407136
-4535.728562 -736.246859 5970.180059
UTC=2024-01-16T08:18:02.000000
-5464852.601197 -3186147.397001 -3411291.073102
-3875.745202 -257.495404 6459.395798
UTC=2024-01-16T08:20:02.000000
-5886864.476385 -3188670.747229 -2611756.102211
-3147.284360 213.426724 6849.020285
UTC=2024-01-16T08:22:02.000000
-6217914.968738 -3135573.401789 -1771761.506914
-2361.712962 668.152675 7132.816965
UTC=2024-01-16T08:24:02.000000
-6451888.137848 -3029280.298936 -904299.203937
-1531.484655 1098.743132 7306.192316
UTC=2024-01-16T08:26:02.000000
-6584217.492253 -2873135.924814 -22808.876635
-669.933482 1497.835550 7366.289550
UTC=2024-01-16T08:28:02.000000
-6611978.268361 -2671326.787247 859034.391759
208.951739 1858.780414 7312.050548
UTC=2024-01-16T08:30:02.000000
-6533951.291570 -2428788.320210 1727538.288980
1090.776922 2175.764408 7144.248127
UTC=2024-01-16T08:32:02.000000
-6350655.757674 -2151098.009090 2569212.650713
1961.007019 2443.915537 6865.472223
UTC=2024-01-16T08:34:02.000000
-6064350.827705 -1844357.356137 3370984.679844
2805.218950 2659.383670 6480.079643
UTC=2024-01-16T08:36:02.000000
-5679006.854168 -1515065.470437 4120407.172965
3609.360894 2819.400669 5994.124825
UTC=2024-01-16T08:38:02.000000
-5200245.109766 -1169986.723449 4805855.486325
4360.008656 2922.316925 5415.238999
UTC=2024-01-16T08:40:02.000000
-4635249.046267 -816015.968364 5416708.181990
5044.584685 2967.606165 4752.487357
UTC=2024-01-16T08:42:02.000000
-3992650.364411 -460044.436135 5943510.419980
5651.563040 2955.851600 4016.222078
UTC=2024-01-16T08:44:02.000000
-3282390.841292 -108828.262078 6378118.396235
6170.665599 2888.714133 3217.910513
UTC=2024-01-16T08:46:02.000000
-2515562.267035 231137.595878 6713821.758636
6593.028698 2768.873948 2369.943698
UTC=2024-01-16T08:48:02.000000
-1704228.280632 553737.110211 6945442.793034
6911.339145 2599.953013 1485.442223
UTC=2024-01-16T08:50:02.000000
-861231.370280 853341.269909 7069412.080352
7119.945444 2386.431052 578.056485
UTC=2024-01-16T08:52:02.000000
11.871478 1124905.152759 7083819.982387
7214.943296 2133.545351 -338.234111
UTC=2024-01-16T08:54:02.000000
865724.519783 1364052.287927 6988444.133924
7194.240573 1847.180588 -1249.321270
UTC=2024-01-16T08:56:02.000000
1721989.585261 1567145.323482 6784752.698496
7057.599627 1533.749802 -2141.172133
UTC=2024-01-16T08:58:02.000000
2554973.656483 1731341.747829 6475883.139843
6806.651522 1200.065600 -3000.030715
UTC=2024-01-16T09:00:02.000000
3351151.015183 1854633.993350 6066597.170332
6444.891099 853.208790 -3812.616098
UTC=2024-01-16T09:02:02.000000
4097525.571398 1935873.424476 5563211.329677
5977.640469 500.390906 -4566.329130
UTC=2024-01-16T09:04:02.000000
4781845.984078 1974777.801691 4973503.626412
5411.977112 148.818085 -5249.440925
UTC=2024-01-16T09:06:02.000000
5392811.502564 1971922.564779 4306598.278349
4756.651552 -194.444292 -5851.275228
UTC=2024-01-16T09:08:02.000000
5920266.103670 1928715.479952 3572827.596625
4021.965005 -522.612812 -6362.405712
UTC=2024-01-16T09:10:02.000000
6355374.047264 1847354.723641 2783571.916288
3219.592348 -829.318554 -6774.812446
UTC=2024-01-16T09:12:02.000000
6690774.508556 1730771.618535 1951082.944591
2362.408505 -1108.731421 -7082.016673
UTC=2024-01-16T09:14:02.000000
6920712.840868 1582558.942752 1088290.726074
1464.268052 -1355.675520 -7279.208911
UTC=2024-01-16T09:16:02.000000
7041143.612983 1406886.253298 208598.037717
539.763227 -1565.728596 -7363.330957
UTC=2024-01-16T09:18:02.000000
7049804.199328 1208404.349587 -674333.578319
-396.030219 -1735.305211 -7333.135785
UTC=2024-01-16T09:20:02.000000
6946256.202598 992140.527274 -1546802.625319
-1327.829453 -1861.725562 -7189.202698
UTC=2024-01-16T09:22:02.000000
6731894.318884 763386.889647 -2395285.785950
-2240.410100 -1943.261496 -6933.917416
UTC=2024-01-16T09:24:02.000000
6409923.119463 527584.706359 -3206652.275285
-3118.876748 -1979.156402 -6571.424780
UTC=2024-01-16T09:26:02.000000
5985301.903681 290207.690971 -3968370.135517
-3948.921192 -1969.624629 -6107.544334
UTC=2024-01-16T09:28:02.000000
5464659.321466 56646.466185 -4668700.725190
-4717.068627 -1915.831419 -5549.656267
UTC=2024-01-16T09:30:02.000000
4856179.902920 -167903.205346 -5296877.459709
-5410.895567 -1819.850360 -4906.555792
UTC=2024-01-16T09:32:02.000000
4169466.542560 -378545.929337 -5843266.402628
-6019.215406 -1684.602910 -4188.299110
UTC=2024-01-16T09:34:02.000000
3415381.845684 -570784.231745 -6299507.907223
-6532.246119 -1513.786590 -3406.039367
UTC=2024-01-16T09:36:02.000000
2605870.551057 -740606.589804 -6658637.384627
-6941.755057 -1311.786776 -2571.842017
UTC=2024-01-16T09:38:02.000000
1753766.961658 -884564.008158 -6915183.309166
-7241.163763 -1083.576924 -1698.495788
UTC=2024-01-16T09:40:02.000000
872591.226458 -999834.512851 -7065243.211238
-7425.633376 -834.615792 -799.332236
UTC=2024-01-16T09:42:02.000000
-23663.737836 -1084274.538685 -7106537.464136
-7492.131479 -570.731577 111.965522
UTC=2024-01-16T09:44:02.000000
-920751.296880 -1136456.262846 -7038439.969583
-7439.466037 -298.006125 1021.551881
UTC=2024-01-16T09:46:02.000000
-1804393.348859 -1155691.027081 -6861986.668966
-7268.306635 -22.656454 1915.604064
UTC=2024-01-16T09:48:02.000000
-2660503.701757 -1142038.143954 -6579861.069060
-6981.177985 249.088641 2780.517721
UTC=2024-01-16T09:50:02.000000
-3475408.672017 -1096299.057093 -6196356.912475
-6582.424080 511.108713 3603.088066
UTC=2024-01-16T09:52:02.000000
-4236063.210645 -1019997.288585 -5717319.762397
-6078.170447 757.509546 4370.688610
UTC=2024-01-16T09:54:02.000000
-4930260.833279 -915344.095352 -5150065.797586
-5476.251693 982.742469 5071.467174
UTC=2024-01-16T09:56:02.000000
-5546832.578601 -785190.229963 -4503277.901214
-4786.106415 1181.715862 5694.526850
UTC=2024-01-16T09:58:02.000000
-6075832.281360 -632964.707582 -3786880.480099
-4018.652998 1349.901033 6230.101878
UTC=2024-01-16T10:00:02.000000
-6508705.057143 -462601.130438 -3011893.283737
-3186.131276 1483.432508 6669.729580
UTC=2024-01-16T10:02:02.000000
-6838434.649833 -278452.863991 -2190265.727525
-2301.911962 1579.192477 7006.401428
UTC=2024-01-16T10:04:02.000000
-7059666.823949 -85198.855032 -1334694.344777
-1380.287786 1634.883854 7234.695231
UTC=2024-01-16T10:06:02.000000
-7168805.810223 112258.544797 -458425.062944
-436.229289 1649.087921 7350.893500
UTC=2024-01-16T10:08:02.000000
-7164079.383454 308901.318379 424956.151583
514.885958 1621.299866 7353.053612
UTC=2024-01-16T10:10:02.000000
-7045571.996665 499706.550948 1301738.599101
1457.535126 1551.943603 7241.044576
UTC=2024-01-16T10:12:02.000000
-6815225.890319 679757.719472 2158305.472792
2376.324468 1442.365754 7016.561243
UTC=2024-01-16T10:14:02.000000
-6476808.904275 844354.084611 2981351.796793
3256.266865 1294.810141 6683.098425
UTC=2024-01-16T10:16:02.000000
-6035849.409783 989115.761590 3758096.973639
4083.050991 1112.370898 6245.887073
UTC=2024-01-16T10:18:02.000000
-5499540.012415 1110081.937512 4476487.387857
4843.289815 898.926001 5711.793518
UTC=2024-01-16T10:20:02.000000
-4876613.054411 1203800.125266 5125385.367107
5524.743429 659.054313 5089.194018
UTC=2024-01-16T10:22:02.000000
-4177190.945254 1267404.545732 5694741.592949
6116.513494 397.938557 4387.825678
UTC=2024-01-16T10:24:02.000000
-3412614.934725 1298682.299976 6175748.928541
6609.210678 121.258404 3618.626470
UTC=2024-01-16T10:26:02.000000
-2595255.107497 1296126.036105 6560976.080340
6995.098872 -164.926288 2793.558169
UTC=2024-01-16T10:28:02.000000
-1738304.721808 1258972.379464 6844478.856847
7268.210676 -454.297034 1925.409764
UTC=2024-01-16T10:30:02.000000
-855563.106414 1187225.227000 7021887.121266
7424.421313 -740.405764 1027.593051
UTC=2024-01-16T10:32:02.000000
38788.246320 1081663.643384 7090467.679185
7461.492011 -1016.802631 113.946225
UTC=2024-01-16T10:34:02.000000
930413.710094 943834.336571 7049163.649097
7379.094786 -1277.164432 -801.463884
UTC=2024-01-16T10:36:02.000000
1805053.051076 776028.934185 6898609.781316
7178.811776 -1515.419994 -1704.543965
UTC=2024-01-16T10:38:02.000000
2648749.272305 581246.264718 6641123.560544
6864.108507 -1725.873956 -2581.374845
UTC=2024-01-16T10:40:02.000000
3448072.031823 363140.093835 6280672.306659
6440.287272 -1903.325496 -3418.413030
UTC=2024-01-16T10:42:02.000000
4190333.689547 125952.959174 5822815.652501
5914.408004 -2043.180547 -4202.696648
UTC=2024-01-16T10:44:02.000000
4863794.051580 -125562.970656 5274623.970419
5295.182018 -2141.555772 -4922.041009
UTC=2024-01-16T10:46:02.000000
5457851.008689 -386236.819123 4644573.542820
4592.842311 -2195.370264 -5565.230526
UTC=2024-01-16T10:48:02.000000
5963213.970684 -650580.075602 3942419.133074
3818.986274 -2202.422323 -6122.202211
UTC=2024-01-16T10:50:02.000000
6372056.867156 -912895.939082 3179045.166957
2986.391439 -2161.451373 -6584.219388
UTC=2024-01-16T10:52:02.000000
6678147.077722 -1167395.061216 2366296.980854
2108.799731 -2072.180375 -6944.027657
UTC=2024-01-16T10:54:02.000000
6876947.005687 -1408314.957093 1516794.968161
1200.679073 -1935.336262 -7195.981988
UTC=2024-01-16T10:56:02.000000
6965686.517337 -1630040.882629 643735.299191
276.977387 -1752.653254 -7336.146280
UTC=2024-01-16T10:58:02.000000
6943404.970330 -1827225.786537 -239320.252944
-647.141933 -1526.852632 -7362.374188
UTC=2024-01-16T11:00:02.000000
6810960.138477 -1994905.963911 -1118661.712589
-1556.580025 -1261.592545 -7274.343302
UTC=2024-01-16T11:02:02.000000
6571004.595213 -2128609.820477 -1980649.979490
-2436.567259 -961.404273 -7073.555453
UTC=2024-01-16T11:04:02.000000
6227930.177008 -2224457.633847 -2811934.056377
-3272.927923 -631.604931 -6763.300778
UTC=2024-01-16T11:06:02.000000
5787781.954447 -2279249.794983 -3599661.562725
-4052.322201 -278.194288 -6348.584917
UTC=2024-01-16T11:08:02.000000
5258144.649613 -2290541.877746 -4331678.863892
-4762.463124 92.261267 -5836.029618
UTC=2024-01-16T11:10:02.000000
4648004.395369 -2256705.189729 -4996717.931246
-5392.311753 472.754079 -5233.750718
UTC=2024-01-16T11:12:02.000000
3967588.370961 -2176971.808843 -5584566.931120
-5932.248661 855.968537 -4551.208234
UTC=2024-01-16T11:14:02.000000
3228186.122779 -2051463.224843 -6086221.339091
-6374.205247 1234.419946 -3799.034890
UTC=2024-01-16T11:16:02.000000
2441957.593814 -1881202.299695 -6494014.345319
-6711.757383 1600.593002 -2988.865353
UTC=2024-01-16T11:18:02.000000
1621730.887149 -1668108.669202 -6801726.796053
-6940.205292 1947.080142 -2133.160984
UTC=2024-01-16T11:20:02.000000
780791.958003 -1414977.581028 -7004674.646572
-7056.621965 2266.716748 -1245.013205
UTC=2024-01-16T11:22:02.000000
-67329.235991 -1125443.099157 -7099773.290161
-7059.869317 2552.708711 -337.956849
UTC=2024-01-16T11:24:02.000000
-909073.376010 -803926.052041 -7085579.429206
-6950.592966 2798.757214 574.218591
UTC=2024-01-16T11:26:02.000000
-1731064.589097 -455567.427217 -6962310.583747
-6731.199811 2999.178631 1477.654373
UTC=2024-01-16T11:28:02.000000
-2520319.297775 -86147.579631 -6731841.704207
-6405.810435 3149.017751 2358.617341
UTC=2024-01-16T11:30:02.000000
-3264447.610275 298007.235705 -6397678.968722
-5980.186064 3244.147823 3203.682774
UTC=2024-01-16T11:32:02.000000
-3951845.516854 690130.032888 -5964912.097392
-5461.649466 3281.364783 3999.914655
UTC=2024-01-16T11:34:02.000000
-4571876.428911 1083128.753845 -5440144.101139
-4858.980873 3258.466812 4735.058694
UTC=2024-01-16T11:36:02.000000
-5115038.483967 1469710.784115 -4831398.686006
-4182.290677 3174.324579 5397.721035
UTC=2024-01-16T11:38:02.000000
-5573115.645245 1842515.292003 -4148005.705636
-3442.870172 3028.936870 5977.557732
UTC=2024-01-16T11:40:02.000000
-5939308.723953 2194250.370516 -3400464.580795
-2653.011670 2823.456491 6465.446704
UTC=2024-01-16T11:42:02.000000
-6208344.173286 2517832.223641 -2600288.121112
-1825.816121 2560.198919 6853.645904
UTC=2024-01-16T11:44:02.000000
-6376558.386968 2806524.137758 -1759828.071527
-974.977456 2242.629177 7135.937417
UTC=2024-01-16T11:46:02.000000
-6441955.038923 3054072.369761 -892084.627860
-114.549567 1875.323013 7307.749804
UTC=2024-01-16T11:48:02.000000
-6404233.644827 3254835.762071 -10502.909173
741.299061 1463.901205 7366.252686
UTC=2024-01-16T11:50:02.000000
-6264788.061045 3403905.863877 871240.156128
1578.541129 1014.937716 7310.420008
UTC=2024-01-16T11:52:02.000000
-6026674.154006 3497214.836240 1739454.064353
2383.545064 535.848429 7141.052385
UTC=2024-01-16T11:54:02.000000
-5694547.642550 3531628.668495 2580653.582139
3143.317810 34.757487 6860.765017
UTC=2024-01-16T11:56:02.000000
-5274573.725868 3505023.420450 3381773.919036
3845.730349 -479.650489 6473.940383
UTC=2024-01-16T11:58:02.000000
-4774310.651154 3416342.861861 4130378.614602
4479.727715 -998.293131 5986.651823
UTC=2024-01-16T12:00:02.000000
-4202569.438855 3265636.015946 4814855.786226
5035.512714 -1511.860113 5406.547046
UTC=2024-01-16T12:02:02.000000
-3569253.833546 3054074.409636 5424599.024259
5504.693153 -2010.981309 4742.713197
UTC=2024-01-16T12:04:02.000000
-2885183.775266 2783949.125313 5950171.258138
5880.410559 -2486.396391 4005.523872
UTC=2024-01-16T12:06:02.000000
-2161905.334620 2458647.277632 6383448.593333
6157.433538 -2929.126292 3206.461373
UTC=2024-01-16T12:08:02.000000
-1411491.462200 2082608.420109 6717742.174031
6332.220184 -3330.635932 2357.927290
UTC=2024-01-16T12:10:02.000000
-646337.403519 1661262.040831 6947896.387412
6402.941099 -3682.985599 1473.042119
UTC=2024-01-16T12:12:02.000000
121044.819466 1200947.522576 7070363.816365
6369.479042 -3978.973153 565.456210
UTC=2024-01-16T12:14:02.000000
878231.173834 708817.622699 7083256.817070
6233.412140 -4212.265233 -350.851994
UTC=2024-01-16T12:16:02.000000
1613086.529277 192726.980920 6986374.744116
5997.967958 -4377.516059 -1261.777457
UTC=2024-01-16T12:18:02.000000
2313958.852357 -338893.004407 6781207.197243
5667.957956 -4470.476102 -2153.287859
UTC=2024-01-16T12:20:02.000000
2969864.353236 -877171.627074 6470913.159988
5249.692304 -4488.086990 -3011.626656
UTC=2024-01-16T12:22:02.000000
3570661.253455 -1412946.467002 6060275.675141
4750.875084 -4428.556970 -3823.516440
UTC=2024-01-16T12:24:02.000000
4107209.558608 -1936919.267300 5555632.101359
4180.474536 -4291.421625 -4576.363238
UTC=2024-01-16T12:26:02.000000
4571513.758255 -2439817.496257 4964780.339080
3548.571102 -4077.578426 -5258.449282
UTC=2024-01-16T12:28:02.000000
4956846.685066 -2912559.041237 4296862.656158
2866.194734 -3789.304879 -5859.117269
UTC=2024-01-16T12:30:02.000000
5257852.641510 -3346417.624792 3562227.330363
2145.140699 -3430.249711 -6368.954040
UTC=2024-01-16T12:32:02.000000
5470627.067937 -3733185.154081 2772269.072102
1397.763228 -3005.391321 -6779.957919
UTC=2024-01-16T12:34:02.000000
5592770.395981 -4065327.491689 1939251.050862
636.754123 -2520.970992 -7085.676802
UTC=2024-01-16T12:36:02.000000
5623415.189162 -4336130.828227 1076111.859993
-125.080660 -1984.401423 -7281.323687
UTC=2024-01-16T12:38:02.000000
5563226.094301 -4539835.049008 196260.042293
-875.050440 -1404.142717 -7363.864112
UTC=2024-01-16T12:40:02.000000
5414372.365016 -4671751.163237 -686639.782650
-1600.807101 -789.560559 -7332.071956
UTC=2024-01-16T12:42:02.000000
5180473.262652 -4728359.951496 -1558885.613479
-2290.567862 -150.756150 -7186.550003
UTC=2024-01-16T12:44:02.000000
4866517.565796 -4707389.451929 -2406956.788448
-2933.323574 501.615901 -6929.711806
UTC=2024-01-16T12:46:02.000000
4478759.211459 -4607869.797434 -3217728.375668
-3519.026751 1156.540986 -6565.727759
UTC=2024-01-16T12:48:02.000000
4024591.793895 -4430164.571219 -3978677.274261
-4038.755865 1802.843498 -6100.441246
UTC=2024-01-16T12:50:02.000000
3512404.951282 -4175978.011738 -4678076.334909
-4484.852180 2429.387568 -5541.253628
UTC=2024-01-16T12:52:02.000000
2951425.969667 -3848338.485827 -5305173.227925
-4851.029411 3025.272483 -4896.984937
UTC=2024-01-16T12:54:02.000000
2351550.195612 -3451558.959999 -5850351.028972
-5132.448630 3580.018443 -4177.710251
UTC=2024-01-16T12:56:02.000000
1723164.649575 -2991176.229648 -6305268.750472
-5325.759617 4083.735257 -3394.592828
UTC=2024-01-16T12:58:02.000000
1076967.664448 -2473870.352275 -6662981.885089
-5429.126729 4527.286228 -2559.714040
UTC=2024-01-16T13:00:02.000000
423786.855679 -1907364.619688 -6918041.281322
-5442.227709 4902.444833 -1685.881994
UTC=2024-01-16T13:02:02.000000
-225600.794121 -1300308.230510 -7066568.577406
-5366.221476 5202.026152 -786.436774
UTC=2024-01-16T13:04:02.000000
-860643.717217 -662144.236708 -7106308.797523
-5203.696370 5420.002230 124.935737
UTC=2024-01-16T13:06:02.000000
-1471183.704073 -2964.413292 -7036660.800305
-4958.608654 5551.605371 1034.389364
UTC=2024-01-16T13:08:02.000000
-2047615.402925 666647.470672 -6858684.993723
-4636.200635 5593.416487 1928.109049
UTC=2024-01-16T13:10:02.000000
-2581034.711279 1335781.993417 -6575088.498664
-4242.899815 5543.438138 2792.495318
UTC=2024-01-16T13:12:02.000000
-3063374.502190 1993378.208631 -6190188.229969
-3786.209434 5401.150210 3614.348178
UTC=2024-01-16T13:14:02.000000
-3487526.651372 2628403.562859 -5709851.961051
-3274.588358 5167.551716 4381.051163
UTC=2024-01-16T13:16:02.000000
-3847448.797113 3230037.697715 -5141416.932788
-2717.316789 4845.181358 5080.761786
UTC=2024-01-16T13:18:02.000000
-4138253.935811 3787857.045941 -4493585.481128
-2124.343121 4438.109966 5702.601768
UTC=2024-01-16T13:20:02.000000
-4356280.438207 4292016.840876 -3776298.571159
-1506.112350 3951.905388 6236.833497
UTC=2024-01-16T13:22:02.000000
-4499141.039617 4733427.386667 -3000589.156655
-873.389695 3393.571926 6675.021019
UTC=2024-01-16T13:24:02.000000
-4565750.513561 5103921.254553 -2178416.677496
-237.079048 2771.458335 7010.182507
UTC=2024-01-16T13:26:02.000000
-4556330.947769 5396407.767578 -1322484.585404
391.966334 2095.140508 7236.919883
UTC=2024-01-16T13:28:02.000000
-4472394.129956 5605011.934923 -446043.232272
1003.138433 1375.276272 7351.533560
UTC=2024-01-16T13:30:02.000000
-4316700.073199 5725193.400685 437319.096143
1586.272398 623.419256 7352.098608
UTC=2024-01-16T13:32:02.000000
-4093193.084535 5753842.541803 1313891.726648
2131.824749 -148.172166 7238.507160
UTC=2024-01-16T13:34:02.000000
-3806916.513343 5689351.991002 2170061.171525
2631.049780 -926.757558 7012.484830
UTC=2024-01-16T13:36:02.000000
-3463907.160758 5531660.507191 2992529.556954
3076.160660 -1699.348039 6677.556905
UTC=2024-01-16T13:38:02.000000
-3071072.023091 5282268.677448 3768526.491101
3460.459571 -2452.940073 6238.975133
UTC=2024-01-16T13:40:02.000000
-2636051.306250 4944227.068309 4486010.795960
3778.439881 -3174.742388 5703.623888
UTC=2024-01-16T13:42:02.000000
-2167070.397130 4522097.020859 5133859.413286
4025.865697 -3852.403662 5079.898016
UTC=2024-01-16T13:44:02.000000
-1672784.043781 4021884.811148 5702040.123017
4199.823934 -4474.228062 4377.556941
UTC=2024-01-16T13:46:02.000000
-1162115.752603 3450950.712585 6181765.230547
4298.749524 -5029.376472 3607.553493
UTC=2024-01-16T13:48:02.000000
-644096.101760 2817895.145182 6565623.944628
4322.420261 -5508.047539 2781.851827
UTC=2024-01-16T13:50:02.000000
-127703.123532 2132424.487551 6847692.290714
4271.927561 -5901.633635 1913.236991
UTC=2024-01-16T13:52:02.000000
378292.808928 1405199.289718 7023620.413420
4149.632380 -6202.863048 1015.125970
UTC=2024-01-16T13:54:02.000000
865477.633957 647666.216370 7090696.046463
3959.099097 -6405.922755 101.360618
UTC=2024-01-16T13:56:02.000000
1325932.996073 -128122.798814 7047883.509471
3705.009895 -6506.552839 -813.989949
UTC=2024-01-16T13:58:02.000000
1752364.654005 -909702.132386 6895839.226253
3393.067020 -6502.131256 -1716.827499
UTC=2024-01-16T14:00:02.000000
2138218.272999 -1684392.895446 6636902.716179
3029.880127 -6391.732518 -2593.232338
UTC=2024-01-16T14:02:02.000000
2477781.023383 -2439508.817970 6275063.215164
2622.843314 -6176.164020 -3429.662937
UTC=2024-01-16T14:04:02.000000
2766267.720796 -3162565.237763 5815901.921250
2179.999380 -5857.977697 -4213.161943
UTC=2024-01-16T14:06:02.000000
2999889.830430 -3841487.661549 5266509.884638
1709.890888 -5441.452405 -4931.554901
UTC=2024-01-16T14:08:02.000000
3175906.307128 -4464816.544729 4635382.658838
1221.408028 -4932.549386 -5573.638768
UTC=2024-01-16T14:10:02.000000
3292655.895579 -5021905.311214 3932292.453593
723.629179 -4338.841387 -6129.370047
UTC=2024-01-16T14:12:02.000000
3349569.600421 -5503107.451748 3168138.503410
225.652656 -3669.403556 -6590.034482
UTC=2024-01-16T14:14:02.000000
3347163.084970 -5899949.095361 2354778.273823
-263.570744 -2934.679012 -6948.400276
UTC=2024-01-16T14:16:02.000000
3287008.732377 -6205283.222537 1504841.463528
-735.407224 -2146.307970 -7198.847449
UTC=2024-01-16T14:18:02.000000
3171688.097765 -6413421.717348 631530.446569
-1181.695833 -1316.931129 -7337.464906
UTC=2024-01-16T14:20:02.000000
3004726.298116 -6520243.040531 -251589.218972
-1594.895871 -459.981563 -7362.121430
UTC=2024-01-16T14:22:02.000000
2790508.928728 -6523273.453007 -1130805.805416
-1968.229582 410.554302 -7272.516455
UTC=2024-01-16T14:24:02.000000
2534182.827130 -6421737.717034 -1992481.236805
-2295.805352 1280.395732 -7070.172895
UTC=2024-01-16T14:26:02.000000
2241543.791711 -6216579.711522 -2823267.934939
-2572.713356 2135.213439 -6758.403186
UTC=2024-01-16T14:28:02.000000
1918913.519949 -5910452.673179 -3610320.358467
-2795.110905 2960.892115 -6342.246092
UTC=2024-01-16T14:30:02.000000
1573008.307707 -5507678.091892 -4341495.595779
-2960.268013 3743.781747 -5828.353577
UTC=2024-01-16T14:32:02.000000
1210804.195198 -5014176.176313 -5005539.544343
-3066.588083 4470.923312 -5224.863913
UTC=2024-01-16T14:34:02.000000
839400.583491 -4437370.299223 -5592256.560892
-3113.610005 5130.256258 -4541.254208
UTC=2024-01-16T14:36:02.000000
465884.983734 -3786067.526144 -6092660.564656
-3101.988029 5710.809921 -3788.178027
UTC=2024-01-16T14:38:02.000000
97201.427255 -3070317.484765 -6499105.613792
-3033.450603 6202.871179 -2977.287225
UTC=2024-01-16T14:40:02.000000
-259974.988491 -2301252.687789 -6805394.777862
-2910.740148 6598.127092 -2121.049330
UTC=2024-01-16T14:42:02.000000
-599355.370508 -1490913.085593 -7006866.830758
-2737.537010 6889.784424 -1232.560741
UTC=2024-01-16T14:44:02.000000
-915144.318411 -652057.650436 -7100460.567196
-2518.370070 7072.667789 -325.360770
UTC=2024-01-16T14:46:02.000000
-1202135.965396 202034.679585 -7084756.449401
-2258.518975 7143.296634 586.761289
UTC=2024-01-16T14:48:02.000000
-1455797.715540 1057771.543711 -6959995.225272
-1963.906453 7099.935251 1489.953256
UTC=2024-01-16T14:50:02.000000
-1672340.469069 1901459.034215 -6728074.449369
-1640.981242 6942.630940 2370.485773
UTC=2024-01-16T14:52:02.000000
-1848774.497419 2719516.555481 -6392522.638569
-1296.597541 6673.226465 3214.934833
UTC=2024-01-16T14:54:02.000000
-1982950.771616 3498692.596068 -5958451.529059
-937.890976 6295.360976 4010.370594
UTC=2024-01-16T14:56:02.000000
-2073586.769519 4226278.550327 -5432485.260593
-572.145940 5814.436706 4744.546224
UTC=2024-01-16T14:58:02.000000
-2120276.521826 4890317.403363 -4822667.352497
-206.664992 5237.566620 5406.084206
UTC=2024-01-16T15:00:02.000000
-2123484.634262 5479804.127551 -4138345.029575
151.367884 4573.486362 5984.663673
UTC=2024-01-16T15:02:02.000000
-2084523.799589 5984873.378528 -3390032.028744
495.024577 3832.432689 6471.190149
UTC=2024-01-16T15:04:02.000000
-2005516.063031 6396971.222350 -2589252.151470
817.765205 3026.000001 6857.948621
UTC=2024-01-16T15:06:02.000000
-1889338.754295 6709008.110058 -1748364.840060
1113.561906 2166.968008 7138.750048
UTC=2024-01-16T15:08:02.000000
-1739555.840781 6915488.720835 -880374.528113
1377.017242 1269.090714 7309.049468
UTC=2024-01-16T15:10:02.000000
-1560335.878987 7012615.666557 1271.971203
1603.468737 346.875239 7366.032605
UTC=2024-01-16T15:12:02.000000
-1356358.104130 6998365.560058 882897.826118
1789.081351 -584.663292 7308.690501
UTC=2024-01-16T15:14:02.000000
-1132708.565369 6872533.235926 1750815.448272
1930.920640 -1510.284771 7137.852868
UTC=2024-01-16T15:16:02.000000
-894768.620898 6636741.702197 2591546.083912
2027.005939 -2414.804630 6856.163156
UTC=2024-01-16T15:18:02.000000
-648098.603243 6294419.638037 3392034.388387
2076.337728 -3283.355943 6468.024112
UTC=2024-01-16T15:20:02.000000
-398319.500917 5850747.910822 4139855.105694
2078.903497 -4101.643219 5979.519240
UTC=2024-01-16T15:22:02.000000
-150995.268004 5312576.365742 4823409.327327
2035.663376 -4856.189387 5398.320370
UTC=2024-01-16T15:24:02.000000
88482.514285 4688309.974277 5432106.894868
1948.522870 -5534.588833 4733.535980
UTC=2024-01-16T15:26:02.000000
315004.794440 3987769.154355 5956528.036622
1820.273948 -6125.683497 3995.540864
UTC=2024-01-16T15:28:02.000000
523847.216760 3222029.403009 6388566.544161
1654.523115 -6619.744249 3195.822216
UTC=2024-01-16T15:30:02.000000
710762.788238 2403240.050458 6721551.618264
1455.604468 -7008.623864 2346.784180
UTC=2024-01-16T15:32:02.000000
872063.467159 1544427.177402 6950346.526415
1228.482667 -7285.876029 1461.558027
UTC=2024-01-16T15:34:02.000000
1004689.446439 659283.362944 7071423.800595
978.644881 -7446.851050 553.799088
UTC=2024-01-16T15:36:02.000000
1106265.001590 -238051.682917 7082916.080318
711.985629 -7488.754969 -362.510902
UTC=2024-01-16T15:38:02.000000
1175140.138890 -1133216.888530 6984643.791308
434.685230 -7410.699490 -1273.258503
UTC=2024-01-16T15:40:02.000000
1210417.394441 -2011860.081213 6778118.319693
153.084308 -7213.721115 -2164.408408
UTC=2024-01-16T15:42:02.000000
1211963.426489 -2859868.691652 6466520.534831
-126.443650 -6900.774150 -3022.205623
UTC=2024-01-16T15:44:02.000000
1180405.152055 -3663598.215626 6054654.576630
-397.623232 -6476.695914 -3833.385740
UTC=2024-01-16T15:46:02.000000
1117110.359972 -4410094.009671 5548876.747044
-654.401583 -5948.132418 -4585.375253
UTC=2024-01-16T15:48:02.000000
1024153.889387 -5087302.958074 4957001.510648
-891.067342 -5323.446765 -5266.475139
UTC=2024-01-16T15:50:02.000000
904269.571219 -5684273.251922 4288185.539482
-1102.367931 -4612.610357 -5866.046047
UTC=2024-01-16T15:52:02.000000
760788.369749 -6191338.955626 3552789.235439
-1283.621337 -3827.054293 -6374.694556
UTC=2024-01-16T15:54:02.000000
597563.819505 -6600284.271117 2762217.213122
-1430.816067 -2979.483505 -6784.435564
UTC=2024-01-16T15:56:02.000000
418886.007574 -6904484.033106 1928740.734696
-1540.701090 -2083.666469 -7088.831034
UTC=2024-01-16T15:58:02.000000
229386.029255 -7099017.747333 1065305.049102
-1610.854059 -1154.207343 -7283.103300
UTC=2024-01-16T16:00:02.000000
33932.997735 -7180755.336770 185324.018368
-1639.738684 -206.296799 -7364.234455
UTC=2024-01-16T16:02:02.000000
-162474.601832 -7148410.627448 -697535.164686
-1626.738023 744.571851 -7331.025327
UTC=2024-01-16T16:04:02.000000
-354819.921279 -7002560.670118 -1569571.233097
-1572.162858 1682.884422 -7184.105708
UTC=2024-01-16T16:06:02.000000
-538178.641094 -6745631.873168 -2417267.154559
-1477.241243 2593.376425 -6925.910277
UTC=2024-01-16T16:08:02.000000
-707827.506755 -6381854.261083 -3227504.053019
-1344.089929 3461.295748 -6560.629590
UTC=2024-01-16T16:10:02.000000
-859348.308962 -5917184.501005 -3987767.350737
-1175.666561 4272.658624 -6094.128270
UTC=2024-01-16T16:12:02.000000
-988724.901132 -5359199.178113 -4686340.971060
-975.701741 5014.487144 -5533.827419
UTC=2024-01-16T16:14:02.000000
-1092431.108023 -4716961.593195 -5312485.644985
-748.616310 5675.011722 -4888.561404
UTC=2024-01-16T16:16:02.000000
-1167507.973134 -4000866.001483 -5856599.358528
-499.426108 6243.846561 -4168.422961
UTC=2024-01-16T16:18:02.000000
-1211628.871766 -3222462.360611 -6310358.313336
-233.635889 6712.138105 -3384.593823
UTC=2024-01-16T16:20:02.000000
-1223151.487275 -2394264.923551 -6666836.894654
42.873197 7072.686086 -2549.164094
UTC=2024-01-16T16:22:02.000000
-1201155.982287 -1529548.196388 -6920605.343971
323.960691 7320.031819 -1674.943367
UTC=2024-01-16T16:24:02.000000
-1145468.994850 -642134.063659 -7067804.927806
603.345834 7450.519712 -775.274746
UTC=2024-01-16T16:26:02.000000
-1056673.125459 253827.212420 -7106200.613781
874.730992 7462.336147 136.155389
UTC=2024-01-16T16:28:02.000000
-936101.523084 1144078.806093 -7035210.950089
1131.924578 7355.519302 1045.503700
UTC=2024-01-16T16:30:02.000000
-785818.036490 2014479.525253 -6855915.834983
1368.959321 7131.955095 1938.956201
UTC=2024-01-16T16:32:02.000000
-608583.297329 2851223.976170 -6571041.883967
1580.209098 6795.348916 2802.911423
UTC=2024-01-16T16:34:02.000000
-407806.770083 3641058.653546 -6184925.848522
1760.505013 6351.184333 3624.167741
UTC=2024-01-16T16:36:02.000000
-187485.199311 4371491.219501 -5703454.904173
1905.245595 5806.648462 4390.117847
UTC=2024-01-16T16:38:02.000000
47871.558445 5030989.180219 -5133984.326446
2010.496184 5170.534732 5088.931033
UTC=2024-01-16T16:40:02.000000
293326.092288 5609165.961400 -4485233.186345
2073.080040 4453.125867 5709.739099
UTC=2024-01-16T16:42:02.000000
543609.359030 6096950.871039 -3767157.914779
2090.658885 3666.042777 6242.816450
UTC=2024-01-16T16:44:02.000000
793225.348667 6486739.230255 -2990805.155367
2061.797695 2822.066912 6679.744571
UTC=2024-01-16T16:46:02.000000
1036562.565584 6772519.956695 -2168145.711070
1986.013351 1934.941310 7013.563540
UTC=2024-01-16T16:48:02.000000
1268010.226675 6949977.640111 -1311891.235376
1863.803975 1019.144424 7238.906011
UTC=2024-01-16T16:50:02.000000
1482076.735614 7016566.108842 -435296.396856
1696.657641 89.642169 7352.104628
UTC=2024-01-16T16:52:02.000000
1673507.847480 6971551.114656 448050.039106
1487.037212 -838.377845 7351.267866
UTC=2024-01-16T16:54:02.000000
1837401.419187 6816020.751090 1324440.900624
1238.339961 -1749.775108 7236.317073
UTC=2024-01-16T16:56:02.000000
1969316.277385 6552863.922358 2180268.766592
954.840430 -2629.720714 7008.991824
UTC=2024-01-16T16:58:02.000000
2065373.081042 6186717.193248 3002242.844219
641.613497 -3463.958257 6672.822106
UTC=2024-01-16T17:00:02.000000
2122344.844457 5723881.134903 3777600.622937
304.439452 -4239.051460 6233.070863
UTC=2024-01-16T17:02:02.000000
2137734.902870 5172207.504413 4494310.655603
-50.310004 -4942.620318 5696.640831
UTC=2024-01-16T17:04:02.000000
2109840.550494 4540959.584776 5141262.326230
-415.795994 -5563.554572 5071.953084
UTC=2024-01-16T17:06:02.000000
2037800.845877 3840648.350856 5708438.369501
-784.850786 -6092.192731 4368.779328
UTC=2024-01-16T17:08:02.000000
1921628.128876 3082850.882709 6187066.908895
-1150.109600 -6520.448595 3598.078183
UTC=2024-01-16T17:10:02.000000
1762223.329187 2280014.091529 6569753.973013
-1504.151651 -6841.928932 2771.825516
UTC=2024-01-16T17:12:02.000000
1561374.069192 1445245.839421 6850594.116638
-1839.642927 -7052.022972 1902.820543
UTC=2024-01-16T17:14:02.000000
1321735.851577 592097.648541 7025256.978838
-2149.475588 -7147.951725 1004.481593
UTC=2024-01-16T17:16:02.000000
1046796.871201 -265656.188498 7091049.806093
-2426.901151 -7128.782948 90.653362
UTC=2024-01-16T17:18:02.000000
740826.966057 -1114240.888995 7046957.312039
-2665.662590 -6995.440935 -824.586060
UTC=2024-01-16T17:20:02.000000
408810.958087 -1940102.990489 6893656.939659
-2860.120925 -6750.682812 -1727.136866
UTC=2024-01-16T17:22:02.000000
56367.324816 -2730127.431504 6633509.225215
-3005.372895 -6399.048503 -2603.082076
UTC=2024-01-16T17:24:02.000000
-310346.466600 -3471847.261910 6270523.054420
-3097.354088 -5946.783027 -3438.901540
UTC=2024-01-16T17:26:02.000000
-684739.957621 -4153641.670292 5810296.075553
-3132.926382 -5401.724472 -4221.666144
UTC=2024-01-16T17:28:02.000000
-1059905.744748 -4764920.172219 5259932.986371
-3109.958543 -4773.186839 -4939.217632
UTC=2024-01-16T17:30:02.000000
-1428744.834056 -5296292.128118 4627941.755126
-3027.399015 -4071.828865 -5580.360108
UTC=2024-01-16T17:32:02.000000
-1784099.291248 -5739718.329477 3924106.143096
-2885.322557 -3309.484051 -6135.057595
UTC=2024-01-16T17:34:02.000000
-2118889.021848 -6088640.015434 3159335.782435
-2684.953966 -2498.957150 -6594.608242
UTC=2024-01-16T17:36:02.000000
-2426250.104855 -6338082.299097 2345496.973578
-2428.669638 -1653.803875 -6951.792610
UTC=2024-01-16T17:38:02.000000
-2699671.793551 -6484730.473243 1495226.752259
-2119.972777 -788.097853 -7201.004349
UTC=2024-01-16T17:40:02.000000
-2933128.894220 -6526977.416249 621732.859056
-1763.442520 83.816887 -7338.352480
UTC=2024-01-16T17:42:02.000000
-3121206.716530 -6464940.759651 -261416.647465
-1364.660570 947.581204 -7361.731634
UTC=2024-01-16T17:44:02.000000
-3259215.857581 -6300449.320775 -1140510.242408
-930.115756 1789.077222 -7270.859466
UTC=2024-01-16T17:46:02.000000
-3343294.319031 -6036998.885254 -2001912.156609
-467.088500 2594.681295 -7067.278006
UTC=2024-01-16T17:48:02.000000
-3370494.669007 -5679678.348726 -2832279.575153
16.482479 3351.503947 -6754.319341
UTC=2024-01-16T17:50:02.000000
-3338854.196876 -5235068.015351 -3618773.660979
512.150010 4047.613240 -6337.036143
UTC=2024-01-16T17:52:02.000000
-3247446.400832 -4711112.615923 -4349259.975166
1011.117900 4672.230324 -5822.095658
UTC=2024-01-16T17:54:02.000000
-3096413.235380 -4116972.909616 -5012494.646178
1504.401536 5215.891564 -5217.650526
UTC=2024-01-16T17:56:02.000000
-2886978.073261 -3462859.494594 -5598293.985852
1982.988556 5670.583392 -4533.191715
UTC=2024-01-16T17:58:02.000000
-2621439.467727 -2759852.191348 -6097685.402883
2437.998111 6029.847181 -3779.384931
UTC=2024-01-16T18:00:02.000000
-2303145.874239 -2019708.698510 -6503038.024221
2860.838804 6288.853845 -2967.896630
UTC=2024-01-16T18:02:02.000000
-1936451.698738 -1254665.900544 -6808171.708502
3243.360245 6444.451199 -2111.206938
UTC=2024-01-16T18:04:02.000000
-1526656.006418 -477237.413362 -7008443.114082
3577.990473 6495.179548 -1222.417246
UTC=2024-01-16T18:06:02.000000
-1079925.384493 299989.072723 -7100808.917605
3857.863476 6441.259963 -315.062874
UTC=2024-01-16T18:08:02.000000
-603201.794141 1064551.826233 -7083867.089535
4076.942391 6284.565263 597.067465
UTC=2024-01-16T18:10:02.000000
-104096.265216 1804310.807145 -6957875.876711
4230.129493 6028.573647 1500.122646
UTC=2024-01-16T18:12:02.000000
409229.697660 2507636.399710 -6724750.486783
4313.365038 5678.303288 2380.367250
UTC=2024-01-16T18:14:02.000000
928194.731598 3163589.891175 -6388037.974623
4323.725596 5240.235607 3224.372874
UTC=2024-01-16T18:16:02.000000
1443938.523623 3762092.944282 -5952868.430105
4259.495557 4722.208992 4019.215430
UTC=2024-01-16T18:18:02.000000
1947470.290494 4294083.084385 -5425883.486743
4120.224893 4133.294889 4752.656612
UTC=2024-01-16T18:20:02.000000
2429823.430269 4751653.740713 -4815143.027526
3906.771955 3483.662803 5413.328507
UTC=2024-01-16T18:22:02.000000
2882213.921782 5128176.796961 -4130009.510821
3621.322271 2784.421978 5990.919594
UTC=2024-01-16T18:24:02.000000
3296199.492922 5418404.645219 -3381010.834495
3267.383980 2047.440939 6476.344219
UTC=2024-01-16T18:26:02.000000
3663837.098968 5618549.952197 -2579683.548953
2849.762608 1285.154750 6861.903655
UTC=2024-01-16T18:28:02.000000
3977835.423995 5726340.886478 -1738397.507704
2374.502484 510.350590 7141.429447
UTC=2024-01-16T18:30:02.000000
4231698.653472 5741050.320702 -870164.921866
1848.801141 -264.051160 7310.402414
UTC=2024-01-16T18:32:02.000000
4419858.389677 5663498.066427 11563.453205
1280.897371 -1025.227489 7366.045052
UTC=2024-01-16T18:34:02.000000
4537790.642509 5496025.194351 893111.109271
679.933858 -1760.685621 7307.378839
UTC=2024-01-16T18:36:02.000000
4582114.756762 5242440.878765 1760793.138517
55.795789 -2458.484606 7135.242036
UTC=2024-01-16T18:38:02.000000
4550672.626804 4907944.072898 2601133.961287
-581.054758 -3107.436425 6852.284033
UTC=2024-01-16T18:40:02.000000
4442586.576534 4499020.556191 3401083.246083
-1219.775197 -3697.315446 6462.930510
UTC=2024-01-16T18:42:02.000000
4258292.671513 4023316.610258 4148223.689882
-1849.343891 -4219.031327 5973.289467
UTC=2024-01-16T18:44:02.000000
3999550.740741 3489493.861417 4830966.455517
-2458.752106 -4664.772894 5391.040545
UTC=2024-01-16T18:46:02.000000
3669430.912719 2907068.753534 5438732.517280
-3037.205950 -5028.123640 4725.311147
UTC=2024-01-16T18:48:02.000000
3272275.325452 2286238.904651 5962116.460060
-3574.328901 -5304.157733 3986.501839
UTC=2024-01-16T18:50:02.000000
2813637.867740 1637701.133769 6393028.506686
-4060.329967 -5489.488477 3186.111774
UTC=2024-01-16T18:52:02.000000
2300203.579445 972464.513687 6724815.666484
-4486.175369 -5582.300257 2336.555170
UTC=2024-01-16T18:54:02.000000
1739688.257817 301661.964515 6952359.741805
-4843.743974 -5582.340989 1450.966203
UTC=2024-01-16T18:56:02.000000
1140720.412369 -363635.950853 7072152.458273
-5125.967501 -5490.897755 543.010803
UTC=2024-01-16T18:58:02.000000
512707.042160 -1012603.851288 7082347.269192
-5326.959527 -5310.761088 -373.317126
UTC=2024-01-16T19:00:02.000000
-134314.992071 -1634838.066065 6982786.119823
-5442.125766 -5046.155743 -1283.903686
UTC=2024-01-16T19:02:02.000000
-789839.789728 -2220523.734774 6775001.510797
-5468.256745 -4702.654312 -2174.722056
UTC=2024-01-16T19:04:02.000000
-1443062.859011 -2760590.180248 6462193.484466
-5403.593820 -4287.066901 -3032.039908
UTC=2024-01-16T19:06:02.000000
-2083058.049779 -3246851.991105 6049182.889686
-5247.876011 -3807.317437 -3842.606243
UTC=2024-01-16T19:08:02.000000
-2698960.054011 -3672135.177201 5542342.350443
-5002.384334 -3272.316176 -4593.842742
UTC=2024-01-16T19:10:02.000000
-3280150.977034 -4030386.732740 4949503.261010
-4669.961157 -2691.808371 -5274.049521
UTC=2024-01-16T19:12:02.000000
-3816446.656226 -4316764.535456 4279838.277963
-4254.985725 -2076.200321 -5872.602737
UTC=2024-01-16T19:14:02.000000
-4298278.057812 -4527705.836019 3543721.568531
-3763.319895 -1436.377545 -6380.128613
UTC=2024-01-16T19:16:02.000000
-4716864.771138 -4660973.459845 2752569.331920
-3202.231279 -783.515774 -6788.658257
UTC=2024-01-16T19:18:02.000000
-5064377.997129 -4715678.997524 1918662.435029
-2580.292490 -128.884510 -7091.772469
UTC=2024-01-16T19:20:02.000000
-5334089.226772 -4692281.609500 1054952.918611
-1907.243832 516.360614 -7284.720778
UTC=2024-01-16T19:22:02.000000
-5520500.865347 -4592562.164811 174858.354383
-1193.831315 1141.380027 -7364.506859
UTC=2024-01-16T19:24:02.000000
-5619456.021609 -4419573.460313 -707952.341414
-451.621322 1735.846366 -7329.944613
UTC=2024-01-16T19:26:02.000000
-5628224.756640 -4177567.448737 -1579777.903577
307.206381 2290.131716 -7181.681802
UTC=2024-01-16T19:28:02.000000
-5545564.269146 -3871900.604697 -2427104.070962
1070.084198 2795.482113 -6922.179903
UTC=2024-01-16T19:30:02.000000
-5371751.785192 -3508920.101310 -3236817.890972
1824.283291 3244.161632 -6555.653913
UTC=2024-01-16T19:32:02.000000
-5108590.458872 -3095834.186876 -3996413.246650
2557.137313 3629.573011 -6087.985816
UTC=2024-01-16T19:34:02.000000
-4759388.658376 -2640569.595869 -4694184.362724
3256.262243 3946.352424 -5526.611856
UTC=2024-01-16T19:36:02.000000
-4328913.140677 -2151619.193351 -5319404.254205
3909.769848 4190.436913 -4880.384001
UTC=2024-01-16T19:38:02.000000
-3823317.562487 -1637883.213328 -5862485.338149
4506.465004 4359.104771 -4159.412713
UTC=2024-01-16T19:40:02.000000
-3250048.264937 -1108507.141584 -6315120.193584
5036.026709 4450.990147 -3374.893848
UTC=2024-01-16T19:42:02.000000
-2617729.411164 -572719.524639 -6670401.015564
5489.171518 4466.070445 -2538.927749
UTC=2024-01-16T19:44:02.000000
-1936029.513135 -39672.730989 -6922916.908505
5857.799556 4405.629970 -1664.330332
UTC=2024-01-16T19:46:02.000000
-1215511.957559 481710.599862 -7068828.196707
6135.113531 4272.202245 -764.442182
UTC=2024-01-16T19:48:02.000000
-467472.493433 982883.484712 -7105918.625304
6315.721769 4069.503011 147.051201
UTC=2024-01-16T19:50:02.000000
296235.050313 1455811.636345 -7033625.343249
6395.726800 3802.344920 1056.308992
UTC=2024-01-16T19:52:02.000000
1063382.474050 1893099.265539 -6853047.082458
6372.799977 3476.541766 1949.509010
UTC=2024-01-16T19:54:02.000000
1821559.696216 2288103.268746 -6566930.185769
6246.244945 3098.804742 2813.047170
UTC=2024-01-16T19:56:02.000000
2558372.559852 2635033.684361 -6179630.889418
6017.028197 2676.621012 3633.727411
UTC=2024-01-16T19:58:02.000000
3261643.323767 2929038.943967 -5697054.792868
5687.788422 2218.119944 4398.953673
UTC=2024-01-16T20:00:02.000000
3919610.674539 3166274.698392 -5126574.270154
5262.825578 1731.936568 5096.905680
UTC=2024-01-16T20:02:02.000000
4521127.726946 3343955.974793 -4476924.190534
4748.071882 1227.066275 5716.726820
UTC=2024-01-16T20:04:02.000000
5055854.299961 3460390.937193 -3758075.267595
4151.026393 712.705512 6248.705840
UTC=2024-01-16T20:06:02.000000
5514439.185305 3514995.258494 -2981086.457816
3480.654030 198.089807 6684.441729
UTC=2024-01-16T20:08:02.000000
5888689.009233 3508287.265156 -2157938.797945
2747.264932 -307.666451 7016.992390
UTC=2024-01-16T20:10:02.000000
6171720.708147 3441863.187843 -1301351.818736
1962.357746 -795.740946 7241.011331
UTC=2024-01-16T20:12:02.000000
6358093.072472 3318352.258006 -424585.703815
1138.432277 -1257.765355 7352.849022
UTC=2024-01-16T20:14:02.000000
6443914.703866 3141352.822126 458767.265991
288.781766 -1685.982122 7350.630270
UTC=2024-01-16T20:16:02.000000
6426925.392648 2915350.122270 1334998.409262
-572.740744 -2073.388632 7234.293510
UTC=2024-01-16T20:18:02.000000
6306548.743354 2645618.433868 2190500.944492
-1431.965542 -2413.856004 7005.597771
UTC=2024-01-16T20:20:02.000000
6083915.225092 2338109.437266 3011987.479574
-2274.657911 -2702.240281 6668.099963
UTC=2024-01-16T20:22:02.000000
5761854.312737 1999328.527871 3786702.244836
-3086.778459 -2934.468324 6227.089597
UTC=2024-01-16T20:24:02.000000
5344855.908797 1636202.539763 4502623.445470
-3854.734104 -3107.597742 5689.490693
UTC=2024-01-16T20:26:02.000000
4839002.440616 1255941.725884 5148651.649582
-4565.611605 -3219.849945 5063.728677
UTC=2024-01-16T20:28:02.000000
4251874.492229 865899.397520 5714781.844431
-5207.392023 -3270.619777 4359.594448
UTC=2024-01-16T20:30:02.000000
3592430.361645 473431.529081 6192257.497375
-5769.165042 -3260.463161 3588.072856
UTC=2024-01-16T20:32:02.000000
2870862.349920 85759.742389 6573702.145603
-6241.298847 -3191.054348 2761.149184
UTC=2024-01-16T20:34:02.000000
2098434.666546 -290159.496733 6853228.599263
-6615.583847 -3065.128079 1891.629025
UTC=2024-01-16T20:36:02.000000
1287304.531721 -647758.107910 7026526.142173
-6885.367236 -2886.409805 992.948714
UTC=2024-01-16T20:38:02.000000
450328.238139 -980970.276551 7090923.990260
-7045.666144 -2659.528840 78.968303
UTC=2024-01-16T20:40:02.000000
-399144.112600 -1284334.789914 7045429.602862
-7093.244486 -2389.914794 -836.235021
UTC=2024-01-16T20:42:02.000000
-1247481.854215 -1553084.460263 6890742.502901
-7026.669369 -2083.685266 -1738.571877
UTC=2024-01-16T20:44:02.000000
-2080992.089050 -1783221.239702 6629243.464615
-6846.338739 -1747.519608 -2614.143578
UTC=2024-01-16T20:46:02.000000
-2886139.890959 -1971575.704322 6264960.194253
-6554.488119 -1388.527533 -3449.430368
UTC=2024-01-16T20:48:02.000000
-3649768.996197 -2115851.078022 5803510.487962
-6155.191453 -1014.121614 -4231.485980
UTC=2024-01-16T20:50:02.000000
-4359320.527195 -2214651.372530 5252020.409583
-5654.319507 -631.878323 -4948.153002
UTC=2024-01-16T20:52:02.000000
-5003044.067765 -2267492.357583 4619017.870954
-5059.461021 -249.392661 -5588.256387
UTC=2024-01-16T20:54:02.000000
-5570197.657356 -2274794.894892 3914303.577273
-4379.813873 125.870080 -6141.786581
UTC=2024-01-16T20:56:02.000000
-6051232.909639 -2237860.699839 3148801.248546
-3626.048345 486.717420 -6600.062092
UTC=2024-01-16T20:58:02.000000
-6437962.314781 -2158831.479937 2334389.240192
-2810.147012 826.363520 -6955.877417
UTC=2024-01-16T21:00:02.000000
-6723705.847660 -2040632.357272 1483714.972201
-1945.216524 1138.559291 -7203.642800
UTC=2024-01-16T21:02:02.000000
-6903412.077960 -1886899.773168 609994.042649
-1045.252809 1417.717685 -7339.490968
UTC=2024-01-16T21:04:02.000000
-6973750.428263 -1701895.483702 -273200.527651
-124.899545 1659.020542 -7361.341924
UTC=2024-01-16T21:06:02.000000
-6933173.369171 -1490408.685998 -1152155.575754
800.814903 1858.508324 -7268.942727
UTC=2024-01-16T21:08:02.000000
-6781946.286896 -1257648.703873 -2013237.201168
1716.748615 2013.148116 -7063.863564
UTC=2024-01-16T21:10:02.000000
-6522145.027451 -1009130.840563 -2843107.527415
2607.913045 2120.878659 -6749.459286
UTC=2024-01-16T21:12:02.000000
-6157621.755955 -750558.096404 -3628935.194748
3459.734764 2180.636005 -6330.803100
UTC=2024-01-16T21:14:02.000000
-5693939.861693 -487700.830778 -4358595.807887
4258.307156 2192.360505 -5814.584988
UTC=2024-01-16T21:16:02.000000
-5138279.787788 -226277.105014 -5020858.417128
4990.622769 2156.978261 -5208.982187
UTC=2024-01-16T21:18:02.000000
-4499318.410104 28163.331497 -5605555.211395
5644.781402 2076.360119 -4523.510389
UTC=2024-01-16T21:20:02.000000
-3787084.742880 270349.109171 -6103732.256870
6210.176060 1953.263696 -3768.855229
UTC=2024-01-16T21:22:02.000000
-3012795.284828 495389.308737 -6507778.994610
6677.644690 1791.258644 -2956.690207
UTC=2024-01-16T21:24:02.000000
-2188673.102747 698865.746652 -6811535.974413
7039.592271 1594.638552 -2099.497752
UTC=2024-01-16T21:26:02.000000
-1327753.164253 876914.102535 -7010381.050732
7290.097562 1368.324429 -1210.384531
UTC=2024-01-16T21:28:02.000000
-443676.725393 1026293.074490 -7101292.589697
7424.986855 1117.760540 -302.887691
UTC=2024-01-16T21:30:02.000000
449521.483477 1144440.417045 -7082890.091570
7441.882525 848.801037 609.206420
UTC=2024-01-16T21:32:02.000000
1337631.302613 1229515.237417 -6955453.806255
7340.245955 567.595226 1512.036131
UTC=2024-01-16T21:34:02.000000
2206489.616369 1280426.380496 -6720921.852285
7121.398795 280.468898 2391.865321
UTC=2024-01-16T21:36:02.000000
3042202.982198 1296846.222016 -6382863.612026
6788.511150 -6.198708 3235.274613
UTC=2024-01-16T21:38:02.000000
3831367.538492 1279209.621550 -5946430.088220
6346.563343 -286.099516 4029.353100
UTC=2024-01-16T21:40:02.000000
4561282.916404 1228698.032301 -5418282.261703
5802.289958 -553.118415 4761.875745
UTC=2024-01-16T21:42:02.000000
5220158.549444 1147209.189250 -4806497.631081
5164.104308 -801.452039 5421.490748
UTC=2024-01-16T21:44:02.000000
5797308.712692 1037312.661476 -4120454.162531
4441.985330 -1025.725796 5997.904734
UTC=2024-01-16T21:46:02.000000
6283332.121566 902191.635328 -3370693.029665
3647.335712 -1221.105074 6482.051469
UTC=2024-01-16T21:48:02.000000
6670273.056428 745571.962361 -2568761.837759
2792.816040 -1383.395803 6866.248664
UTC=2024-01-16T21:50:02.000000
6951761.018860 571639.813038 -1727039.583291
1892.150306 -1509.134360 7144.345319
UTC=2024-01-16T21:52:02.000000
7123124.732712 384949.174759 -858545.221292
959.894104 -1595.665396 7311.843614
UTC=2024-01-16T21:54:02.000000
7181477.046146 190321.251605 23266.208555
11.184942 -1641.198289 7365.984920
UTC=2024-01-16T21:56:02.000000
7125769.411852 -7261.820796 904715.964794
-938.515433 -1644.847436 7305.807316
UTC=2024-01-16T21:58:02.000000
6956814.462761 -202767.257829 1772119.289987
-1873.695379 -1606.655633 7132.173821
UTC=2024-01-16T22:00:02.000000
6677275.311103 -391223.048310 2612004.312911
-2779.072411 -1527.591024 6847.765052
UTC=2024-01-16T22:02:02.000000
6291621.279217 -567827.984623 3411327.536125
-3639.870308 -1409.527050 6457.028181
UTC=2024-01-16T22:04:02.000000
5806051.467068 -728057.788010 4157680.915959
-4442.075365 -1255.196126 5966.090179
UTC=2024-01-16T22:06:02.000000
5228389.262190 -867764.758101 4839487.318766
-5172.669480 -1068.131874 5382.653411
UTC=2024-01-16T22:08:02.000000
4567948.980149 -983269.537209 5446181.638099
-5819.856094 -852.590822 4715.856641
UTC=2024-01-16T22:10:02.000000
3835377.749512 -1071442.037374 5968373.552283
-6373.246226 -613.454405 3976.112840
UTC=2024-01-16T22:12:02.000000
3042476.986259 -1129770.469935 6397990.218434
-6824.015320 -356.128519 3174.936870
UTC=2024-01-16T22:14:02.000000
2202006.621336 -1156417.614561 6728397.319997
-7165.030686 -86.430775 2324.758301
UTC=2024-01-16T22:16:02.000000
1327475.781426 -1150263.220674 6954497.654934
-7390.954596 189.527360 1438.733132
UTC=2024-01-16T22:18:02.000000
432922.410543 -1110931.725844 7072806.004482
-7498.319849 465.467243 530.536864
UTC=2024-01-16T22:20:02.000000
-467313.699392 -1038804.701151 7081499.131510
-7485.567091 735.069522 -385.839863
UTC=2024-01-16T22:22:02.000000
-1358820.895242 -935018.209165 6980441.550416
-7353.058284 992.099817 -1296.291654
UTC=2024-01-16T22:24:02.000000
-2227345.871189 -801444.932290 6771187.308038
-7103.066696 1230.536675 -2186.798494
UTC=2024-01-16T22:26:02.000000
-3059021.184937 -640661.173432 6456957.863524
-6739.743242 1444.694658 -3043.622561
UTC=2024-01-16T22:28:02.000000
-3840587.732151 -455899.377096 6042596.358283
-6269.065089 1629.342474 -3853.507842
UTC=2024-01-16T22:30:02.000000
-4559609.286580 -250986.923429 5534497.519661
-5698.753375 1779.814136 -4603.884316
UTC=2024-01-16T22:32:02.000000
-5204675.222387 -30271.916465 4940513.249705
-5038.158328 1892.113000 -5283.068368
UTC=2024-01-16T22:34:02.000000
-5765587.625221 201462.752917 4269834.817462
-4298.115397 1963.003915 -5880.451625
UTC=2024-01-16T22:36:02.000000
-6233529.346947 439095.724034 3532853.083774
-3490.770691 1990.092656 -6386.676178
UTC=2024-01-16T22:38:02.000000
-6601209.902460 677272.063109 2740998.986940
-2629.388673 1971.890029 -6793.791375
UTC=2024-01-16T22:40:02.000000
-6862986.701117 910514.800512 1906565.669549
-1728.130462 1907.856682 -7095.399392
UTC=2024-01-16T22:42:02.000000
-7014958.282006 1133340.467390 1042514.900481
-801.812065 1798.426042 -7286.772026
UTC=2024-01-16T22:44:02.000000
-7055027.380820 1340376.295593 162270.940629
134.357887 1645.008566 -7364.941385
UTC=2024-01-16T22:46:02.000000
-6982931.544210 1526476.531073 -720494.281821
1065.054270 1449.971824 -7328.753021
UTC=2024-01-16T22:48:02.000000
-6800240.560763 1686834.867152 -1592079.916456
1975.109415 1216.597018 -7178.878247
UTC=2024-01-16T22:50:02.000000
-6510321.794698 1817090.733039 -2438974.413897
2849.774668 949.021168 -6917.796359
UTC=2024-01-16T22:52:02.000000
-6118274.133603 1913427.566772 -3248070.254502
3674.983708 652.158286 -6549.750616
UTC=2024-01-16T22:54:02.000000
-5630830.967619 1972660.022826 -4006870.554236
4437.599317 331.596742 -6080.656429
UTC=2024-01-16T22:56:02.000000
-5056235.639503 1992308.325049 -4703682.617172
5125.625764 -6.511525 -5517.979844
UTC=2024-01-16T22:58:02.000000
-4404093.100215 1970658.765445 -5327795.779639
5728.393684 -355.571566 -4870.596478
UTC=2024-01-16T23:00:02.000000
-3685201.305942 1906809.264620 -5869641.034817
6236.711158 -708.672590 -4148.630819
UTC=2024-01-16T23:02:02.000000
-2911366.488095 1800699.450541 -6320930.941923
6642.983606 -1058.719296 -3363.289599
UTC=2024-01-16T23:04:02.000000
-2095205.321092 1653124.774765 -6674779.035473
6941.313029 -1398.565279 -2526.684275
UTC=2024-01-16T23:06:02.000000
-1249936.913984 1465734.689998 -6925796.745028
7127.563388 -1721.145754 -1651.636087
UTC=2024-01-16T23:08:02.000000
-389169.450793 1241014.970758 -7070167.386884
7199.390228 -2019.608027 -751.491303
UTC=2024-01-16T23:10:02.000000
473315.668190 982254.806565 -7105698.072460
7156.250457 -2287.434539 160.062202
UTC=2024-01-16T23:12:02.000000
1323779.998370 693499.288284 -7031850.337271
6999.403596 -2518.565307 1069.170170
UTC=2024-01-16T23:14:02.000000
2148743.494060 379487.129132 -6849748.090459
6731.888207 -2707.519152 1962.014009
UTC=2024-01-16T23:16:02.000000
2935194.675641 45574.608380 -6562161.922403
6358.465858 -2849.501521 2824.998070
UTC=2024-01-16T23:18:02.000000
3670793.555050 -302352.981910 -6173471.007642
5885.551673 -2940.507018 3644.940748
UTC=2024-01-16T23:20:02.000000
4344064.237407 -657981.729349 -5689602.155809
5321.114936 -2977.411047 4409.258833
UTC=2024-01-16T23:22:02.000000
4944575.196647 -1014679.696284 -5117947.394087
4674.573422 -2958.051136 5106.146668
UTC=2024-01-16T23:24:02.000000
5463105.344188 -1365616.722710 -4467259.193295
3956.657379 -2881.295320 5724.766715
UTC=2024-01-16T23:26:02.000000
5891791.829304 -1703891.106540 -3747523.568552
3179.245082 -2747.089935 6255.425894
UTC=2024-01-16T23:28:02.000000
6224256.977638 -2022661.035113 -2969812.648205
2355.178389 -2556.490188 6689.742194
UTC=2024-01-16T23:30:02.000000
6455711.644726 -2315278.431413 -2146118.028350
1498.054251 -2311.669266 7020.797080
UTC=2024-01-16T23:32:02.000000
6583032.220784 -2575422.363727 -1289167.082627
621.995278 -2015.901472 7243.265291
UTC=2024-01-16T23:34:02.000000
6604809.389274 -2797229.001727 -412225.337302
-258.590711 -1673.522533 7353.518318
UTC=2024-01-16T23:36:02.000000
6521367.262908 -2975415.465854 471112.072399
-1129.263690 -1289.866375 7349.700949
UTC=2024-01-16T23:38:02.000000
6334752.013895 -3105394.534035 1347136.107531
-1975.805090 -871.177104 7231.775277
UTC=2024-01-16T23:40:02.000000
6048689.720695 -3183377.556292 2202243.040038
-2784.478811 -424.499984 7001.531766
UTC=2024-01-16T23:42:02.000000
5668513.436000 -3206463.052782 3023151.990636
-3542.276090 42.446547 6662.552766
UTC=2024-01-16T23:44:02.000000
5201062.242394 -3172708.905946 3797116.585245
-4237.142297 521.417606 6220.149899
UTC=2024-01-16T23:46:02.000000
4654554.359979 -3081186.263856 4512126.461433
-4858.175808 1003.795409 5681.259987
UTC=2024-01-16T23:48:02.000000
4038438.347089 -2932015.126632 5157095.603355
-5395.801690 1480.743627 5054.331034
UTC=2024-01-16T23:50:02.000000
3363223.968184 -2726380.602762 5722035.114533
-5841.930461 1943.375585 4349.171804
UTC=2024-01-16T23:52:02.000000
2640296.924515 -2466528.813033 6198206.115370
-6190.068130 2382.921026 3576.778273
UTC=2024-01-16T23:54:02.000000
1881722.191535 -2155743.459347 6578251.600016
-6435.399187 2790.883163 2749.154526
UTC=2024-01-16T23:56:02.000000
1100039.051043 -1798303.747751 6856306.034612
-6574.840733 3159.192284 1879.122154
UTC=2024-01-16T23:58:02.000000
308051.334910 -1399424.164499 7028081.615265
-6607.067766 3480.353932 980.121265
