UTC=2024-01-25T00:00:02.000000
-3233743.225186 749067.364400 6359507.691279
-5491.730647 4001.903259 -3257.233614
UTC=2024-01-25T00:02:02.000000
-3861976.356282 1227879.293310 5920328.826884
-4965.443565 3966.498131 -4052.982969
UTC=2024-01-25T00:04:02.000000
-4422432.098178 1698185.001823 5389297.572557
-4363.756646 3860.087474 -4786.118570
UTC=2024-01-25T00:06:02.000000
-4906679.008448 2151473.109657 4774623.466211
-3697.129960 3683.040491 -5445.214202
UTC=2024-01-25T00:08:02.000000
-5307603.565177 2579354.040066 4085821.612506
-2977.037496 3437.019452 -6019.966703
UTC=2024-01-25T00:10:02.000000
-5619520.281500 2973715.190617 3333567.491211
-2215.772250 3124.975864 -6501.366521
UTC=2024-01-25T00:12:02.000000
-5838257.641777 3326874.317958 2529532.388801
-1426.238532 2751.124519 -6881.850496
UTC=2024-01-25T00:14:02.000000
-5961218.402048 3631728.370763 1686201.447048
-621.731648 2320.893314 -7155.439367
UTC=2024-01-25T00:16:02.000000
-5987412.273146 3881894.497836 816676.246806
184.302640 1840.840694 -7317.854553
UTC=2024-01-25T00:18:02.000000
-5917459.194948 4071839.211098 -65534.053448
978.512248 1318.544625 -7366.590693
UTC=2024-01-25T00:20:02.000000
-5753564.010274 4196993.221456 -946728.401914
1747.873508 762.473912 -7300.959917
UTC=2024-01-25T00:22:02.000000
-5499463.045378 4253849.681432 -1813233.123166
2479.923970 181.840437 -7122.106632
UTC=2024-01-25T00:24:02.000000
-5160342.934099 4240043.138748 -2651620.824563
3162.990485 -413.574640 -6832.981930
UTC=2024-01-25T00:26:02.000000
-4742733.633724 4154407.039343 -3448923.277188
3786.388344 -1013.601258 -6438.274192
UTC=2024-01-25T00:28:02.000000
-4254379.088628 3997009.210053 -4192834.404041
4340.595662 -1607.867739 -5944.311201
UTC=2024-01-25T00:30:02.000000
-3704088.884617 3769165.003539 -4871899.597735
4817.395205 -2185.984323 -5358.934277
UTC=2024-01-25T00:32:02.000000
-3101574.578540 3473428.356655 -5475688.711340
5209.985965 -2737.727341 -4691.349752
UTC=2024-01-25T00:34:02.000000
-2457275.014803 3113561.544547 -5994950.507061
5513.059646 -3253.209647 -3951.974128
UTC=2024-01-25T00:36:02.000000
-1782173.169662 2694484.535775 -6421748.031772
5722.863492 -3723.051854 -3152.265011
UTC=2024-01-25T00:38:02.000000
-1087607.506662 2222204.239791 -6749572.231752
5837.226572 -4138.542170 -2304.531086
UTC=2024-01-25T00:40:02.000000
-385082.238247 1703725.971776 -6973432.854593
5855.555372 -4491.774918 -1421.746941
UTC=2024-01-25T00:42:02.000000
313920.782356 1146948.655641 -7089927.263188
5778.809639 -4775.782657 -517.367130
UTC=2024-01-25T00:44:02.000000
998126.107992 560545.251520 -7097287.188542
5609.463495 -4984.651305 394.853699
UTC=2024-01-25T00:46:02.000000
1656643.542574 -46170.481509 -6995403.241703
5351.451141 -5113.632274 1301.055871
UTC=2024-01-25T00:48:02.000000
2279138.358091 -663389.476596 -6785825.784920
5010.081051 -5159.232101 2187.466675
UTC=2024-01-25T00:50:02.000000
2855990.786654 -1280962.594485 -6471743.616450
4591.944634 -5119.288266 3040.583567
UTC=2024-01-25T00:52:02.000000
3378443.494040 -1888564.052434 -6057940.061394
4104.803978 -4993.027125 3847.363047
UTC=2024-01-25T00:54:02.000000
3838734.935873 -2475861.032156 -5550727.380956
3557.473627 -4781.113105 4595.398095
UTC=2024-01-25T00:56:02.000000
4230217.649926 -3032688.429900 -4957858.513022
2959.680219 -4485.678550 5273.117242
UTC=2024-01-25T00:58:02.000000
4547457.785785 -3549224.883591 -4288415.583748
2321.896062 -4110.316710 5869.967181
UTC=2024-01-25T01:00:02.000000
4786314.568519 -4016166.543193 -3552677.726270
1655.171828 -3660.053604 6376.578592
UTC=2024-01-25T01:02:02.000000
4943999.121665 -4424896.339847 -2761969.083876
970.956666 -3141.298534 6784.930888
UTC=2024-01-25T01:04:02.000000
5019110.553859 -4767645.282512 -1928487.786863
280.901171 -2561.760707 7088.500417
UTC=2024-01-25T01:06:02.000000
5011647.998846 -5037642.266313 -1065118.627328
-403.346585 -1930.341820 7282.386227
UTC=2024-01-25T01:08:02.000000
4922997.594350 -5229248.989741 -185231.924039
-1070.352959 -1256.994117 7363.410889
UTC=2024-01-25T01:10:02.000000
4755894.301009 -5338076.177113 697527.572130
-1709.104521 -552.552848 7330.186093
UTC=2024-01-25T01:12:02.000000
4514359.627820 -5361078.502443 1569457.805707
-2309.205270 171.451566 7183.148572
UTC=2024-01-25T01:14:02.000000
4203615.849868 -5296625.564305 2417018.568382
-2861.068089 903.002586 6924.553696
UTC=2024-01-25T01:16:02.000000
3829978.895280 -5144547.614498 3227047.395991
-3356.078087 1629.808519 6558.433358
UTC=2024-01-25T01:18:02.000000
3400732.721295 -4906155.299585 3986968.988897
-3786.739091 2339.525606 6090.526639
UTC=2024-01-25T01:20:02.000000
2923987.603917 -4584232.447249 4684993.972401
-4146.792214 3019.981126 5528.173544
UTC=2024-01-25T01:22:02.000000
2408526.009370 -4183002.499953 5310303.442145
-4431.306141 3659.389404 4880.184332
UTC=2024-01-25T01:24:02.000000
1863639.268415 -3708069.709357 5853216.372360
-4636.739411 4246.556088 4156.687270
UTC=2024-01-25T01:26:02.000000
1298958.228928 -3166336.209347 6305337.761384
-4760.978527 4771.075388 3368.956322
UTC=2024-01-25T01:28:02.000000
724281.301246 -2565896.811907 6659684.702719
-4803.342867 5223.502047 2529.221114
UTC=2024-01-25T01:30:02.000000
149403.473687 -1915914.214800 6910789.615522
-4764.564403 5595.507844 1650.474554
UTC=2024-01-25T01:32:02.000000
-416050.675828 -1226476.559280 7054780.183047
-4646.742600 5880.018955 746.279938
UTC=2024-01-25T01:34:02.000000
-962787.645814 -508439.174208 7089436.054177
-4453.284267 6071.341641 -169.427709
UTC=2024-01-25T01:36:02.000000
-1481997.381388 226747.312212 7014221.146119
-4188.825721 6165.263272 -1082.546270
UTC=2024-01-25T01:38:02.000000
-1965495.206443 967219.811364 6830291.422765
-3859.135974 6159.133877 -1979.010999
UTC=2024-01-25T01:40:02.000000
-2405851.188602 1700894.077853 6540478.219312
-3471.005383 6051.925623 -2844.997601
UTC=2024-01-25T01:42:02.000000
-2796505.271637 2415661.885155 6149247.319913
-3032.119440 5844.271447 -3667.122394
UTC=2024-01-25T01:44:02.000000
-3131866.576734 3099591.626290 5662634.232031
-2550.922036 5538.482794 -4432.640326
UTC=2024-01-25T01:46:02.000000
-3407395.729132 3741129.370264 5088155.635379
-2036.468860 5138.538898 -5129.642592
UTC=2024-01-25T01:48:02.000000
-3619668.754366 4329297.113130 4434697.534033
-1498.266362 4650.050970 -5747.247014
UTC=2024-01-25T01:50:02.000000
-3766421.025591 4853884.951491 3712381.052086
-946.101541 4080.195746 -6275.779761
UTC=2024-01-25T01:52:02.000000
-3846570.332839 5305633.379960 2932407.168238
-389.864310 3437.617113 -6706.943914
UTC=2024-01-25T01:54:02.000000
-3860218.349807 5676401.611558 2106882.315572
160.634421 2732.291261 -7033.967673
UTC=2024-01-25T01:56:02.000000
-3808630.259843 5959317.941290 1248628.073735
695.842742 1975.364991 -7251.720492
UTC=2024-01-25T01:58:02.000000
-3694193.401466 6148909.692405 370978.523722
1206.638346 1178.977048 -7356.805436
UTC=2024-01-25T02:00:02.000000
-3520355.506180 6241210.095914 -512432.427766
1684.497893 356.048806 -7347.631350
UTC=2024-01-25T02:02:02.000000
-3291543.315815 6233838.097732 -1387889.963921
2121.652234 -479.952095 -7224.442592
UTC=2024-01-25T02:04:02.000000
-3013063.376020 6126049.263252 -2241818.621644
2511.230494 -1315.259722 -6989.311733
UTC=2024-01-25T02:06:02.000000
-2690986.669212 5918756.254774 -3060998.402145
2847.378562 -2136.061301 -6646.077603
UTC=2024-01-25T02:08:02.000000
-2332021.551790 5614520.326968 -3832772.020753
3125.339805 -2928.732845 -6200.265597
UTC=2024-01-25T02:10:02.000000
-1943377.929484 5217514.224163 -4545241.336745
3341.520714 -3680.079743 -5658.981162
UTC=2024-01-25T02:12:02.000000
-1532625.216077 4733457.115268 -5187448.643727
3493.526124 -4377.556532 -5030.768404
UTC=2024-01-25T02:14:02.000000
-1107547.707234 4169524.837996 -5749540.585356
3580.170551 -5009.463275 -4325.464129
UTC=2024-01-25T02:16:02.000000
-675999.573839 3534236.896587 -6222913.834089
3601.471921 -5565.136065 -3554.036368
UTC=2024-01-25T02:18:02.000000
-245762.036348 2837321.620671 -6600339.980834
3558.620807 -6035.117603 -2728.400268
UTC=2024-01-25T02:20:02.000000
175594.219193 2089562.832491 -6876067.660845
3453.924607 -6411.293701 -1861.227530
UTC=2024-01-25T02:22:02.000000
580838.951932 1302631.585691 -7045902.558923
3290.737804 -6687.010501 -965.766757
UTC=2024-01-25T02:24:02.000000
963203.366134 488904.538330 -7107265.295732
3073.381975 -6857.176397 -55.653007
UTC=2024-01-25T02:26:02.000000
1316490.566478 -338728.522494 -7059226.449388
2807.050115 -6918.343181 855.281547
UTC=2024-01-25T02:28:02.000000
1635173.721547 -1167065.630801 -6902518.566109
2497.698113 -6868.762877 1753.200954
UTC=2024-01-25T02:30:02.000000
1914480.813298 -1982798.870344 -6639525.585577
2151.931345 -6708.422314 2624.448341
UTC=2024-01-25T02:32:02.000000
2150465.527539 -2772723.850540 -6274250.371654
1776.885118 -6439.062024 3455.728445
UTC=2024-01-25T02:34:02.000000
2340063.229980 -3523950.745652 -5812260.504021
1380.097625 -6064.184602 4234.289865
UTC=2024-01-25T02:36:02.000000
2481131.415316 -4224114.947958 -5260611.008006
969.375728 -5589.032536 4948.127186
UTC=2024-01-25T02:38:02.000000
2572473.332110 -4861582.024005 -4627743.379064
552.651502 -5020.520245 5586.166004
UTC=2024-01-25T02:40:02.000000
2613844.520560 -5425643.702101 -3923363.868524
137.840526 -4367.155106 6138.429547
UTC=2024-01-25T02:42:02.000000
2605942.176716 -5906703.217669 -3158301.530141
-267.302596 -3638.933942 6596.209561
UTC=2024-01-25T02:44:02.000000
2550377.257362 -6296445.718608 -2344346.280468
-655.326595 -2847.198873 6952.224011
UTC=2024-01-25T02:46:02.000000
2449629.552025 -6587989.792480 -1494069.387253
-1019.225802 -2004.467351 7200.753851
UTC=2024-01-25T02:48:02.000000
2306986.153739 -6776016.575570 -620628.646491
-1352.571411 -1124.227567 7337.760448
UTC=2024-01-25T02:50:02.000000
2126464.669444 -6856872.344970 262438.828267
-1649.637593 -220.702694 7360.969654
UTC=2024-01-25T02:52:02.000000
1912722.205180 -6828642.161832 1141430.933948
-1905.506829 691.390604 7269.911715
UTC=2024-01-25T02:54:02.000000
1670953.016655 -6691194.027664 2002699.079657
-2116.159004 1597.100059 7065.949845
UTC=2024-01-25T02:56:02.000000
1406776.005146 -6446190.180561 2832867.163111
-2278.546187 2481.518672 6752.252899
UTC=2024-01-25T02:58:02.000000
1126115.124052 -6097066.045345 3619044.681677
-2390.638440 3330.043537 6333.733673
UTC=2024-01-25T03:00:02.000000
835075.445788 -5648978.222620 4349030.951883
-2451.448895 4128.632653 5816.958269
UTC=2024-01-25T03:02:02.000000
539817.734683 -5108722.736210 5011506.670276
-2461.035109 4864.042897 5210.029545
UTC=2024-01-25T03:04:02.000000
246433.952973 -4484625.366511 5596210.265111
-2420.480693 5524.058130 4522.447415
UTC=2024-01-25T03:06:02.000000
-39173.320270 -3786405.853384 6094095.794719
-2331.849254 6097.693674 3764.943767
UTC=2024-01-25T03:08:02.000000
-311404.993372 -3025019.199189 6497469.970605
-2198.124170 6575.372865 2949.298510
UTC=2024-01-25T03:10:02.000000
-565071.442781 -2212478.025953 6800106.284295
-2023.132241 6949.065922 2088.146706
UTC=2024-01-25T03:12:02.000000
-795488.322030 -1361659.824756 6997336.444930
-1811.451866 7212.406689 1194.792416
UTC=2024-01-25T03:14:02.000000
-998560.809786 -486100.940243 7086119.181321
-1568.312625 7360.795800 283.014875
UTC=2024-01-25T03:16:02.000000
-1170855.251326 400220.237117 7065084.883645
-1299.484897 7391.474454 -633.138792
UTC=2024-01-25T03:18:02.000000
-1309656.832046 1283107.005647 6934555.423648
-1011.158187 7303.568360 -1539.558310
UTC=2024-01-25T03:20:02.000000
-1413012.361636 2148371.893368 6696539.520792
-709.815673 7098.106730 -2422.273498
UTC=2024-01-25T03:22:02.000000
-1479757.864885 2982065.000484 6354703.791576
-402.106270 6778.016864 -3267.656630
UTC=2024-01-25T03:24:02.000000
-1509530.705139 3770700.165366 5914319.519659
-94.714528 6348.092680 -4062.624570
UTC=2024-01-25T03:26:02.000000
-1502765.819042 4501475.595751 5382185.494661
205.772951 5814.934806 -4794.833657
UTC=2024-01-25T03:28:02.000000
-1460676.292158 5162486.001525 4766527.680549
492.994864 5186.867492 -5452.874270
UTC=2024-01-25T03:30:02.000000
-1385218.557768 5742922.556664 4076875.528581
760.944973 4473.817324 -6026.461408
UTC=2024-01-25T03:32:02.000000
-1279042.461699 6233256.121728 3323916.771144
1004.090149 3687.159145 -6506.601063
UTC=2024-01-25T03:34:02.000000
-1145428.187694 6625401.225090 2519333.094720
1217.476989 2839.548330 -6885.748432
UTC=2024-01-25T03:36:02.000000
-988209.782567 6912857.384026 1675617.146600
1396.844792 1944.706724 -7157.952311
UTC=2024-01-25T03:38:02.000000
-811686.610377 7090822.801880 805874.851715
1538.711613 1017.183449 -7318.957345
UTC=2024-01-25T03:40:02.000000
-620525.571562 7156278.820870 -76382.856156
1640.444151 72.105941 -7366.279229
UTC=2024-01-25T03:42:02.000000
-419655.915000 7108043.613036 -957455.972708
1700.310300 -875.086261 -7299.257617
UTC=2024-01-25T03:44:02.000000
-214159.059649 6946792.346613 -1823675.526261
1717.508668 -1808.931352 -7119.066736
UTC=2024-01-25T03:46:02.000000
-9156.437423 6675042.900270 -2661621.614598
1692.172752 -2714.223162 -6828.674020
UTC=2024-01-25T03:48:02.000000
190302.040986 6297109.726451 -3458334.834946
1625.357687 -3576.266855 -6432.774490
UTC=2024-01-25T03:50:02.000000
379347.008824 5819027.519085 -4201518.506413
1519.010840 -4381.127010 -5937.700886
UTC=2024-01-25T03:52:02.000000
553393.930185 5248445.945491 -4879728.266518
1375.922129 -5115.859550 -5351.303397
UTC=2024-01-25T03:54:02.000000
708240.333950 4594498.044768 -5482545.648073
1199.656964 -5768.717510 -4682.804382
UTC=2024-01-25T03:56:02.000000
840154.058743 3867645.636884 -6000733.220549
994.473143 -6329.329022 -3942.637476
UTC=2024-01-25T03:58:02.000000
945950.617726 3079504.951395 -6426369.612090
765.224099 -6788.848600 -3142.273040
UTC=2024-01-25T04:00:02.000000
1023058.557707 2242655.959503 -6752962.756706
517.255739 -7140.076049 -2294.030788
UTC=2024-01-25T04:02:02.000000
1069571.956446 1370439.557157 -6975540.639961
256.295308 -7377.542211 -1410.895526
UTC=2024-01-25T04:04:02.000000
1084289.256605 476745.467393 -7090720.215133
-11.664448 -7497.578805 -506.333304
UTC=2024-01-25T04:06:02.000000
1066738.074498 -424206.758934 -7096753.675761
-280.483751 -7498.362526 405.899801
UTC=2024-01-25T04:08:02.000000
1017185.449384 -1318090.514881 -6993551.634428
-543.998750 -7379.932337 1311.951599
UTC=2024-01-25T04:10:02.000000
936633.634103 -2190695.155451 -6782683.452954
-796.139116 -7144.178917 2198.057986
UTC=2024-01-25T04:12:02.000000
826801.885237 -3028147.027442 -6467356.194077
-1031.045003 -6794.824955 3050.717637
UTC=2024-01-25T04:14:02.000000
690093.894853 -3817127.717213 -6052371.764664
-1243.189018 -6337.392590 3856.885493
UTC=2024-01-25T04:16:02.000000
529551.095699 -4545085.724396 -5544060.146933
-1427.486889 -5779.126321 4604.169155
UTC=2024-01-25T04:18:02.000000
348793.171675 -5200437.517169 -4950190.332539
-1579.403169 -5128.897511 5281.007399
UTC=2024-01-25T04:20:02.000000
151945.971187 -5772756.097102 -4279859.695443
-1695.053193 -4397.088340 5876.852269
UTC=2024-01-25T04:22:02.000000
-56442.069059 -6252943.640173 -3543361.580385
-1771.292275 -3595.441558 6382.347291
UTC=2024-01-25T04:24:02.000000
-271493.425114 -6633384.237424 -2752032.561182
-1805.791889 -2736.881833 6789.486787
UTC=2024-01-25T04:26:02.000000
-488103.283949 -6908074.079411 -1918081.452298
-1797.101291 -1835.317125 7091.763080
UTC=2024-01-25T04:28:02.000000
-701047.688499 -7072725.849060 -1054401.434515
-1744.691075 -905.406617 7284.296521
UTC=2024-01-25T04:30:02.000000
-905095.709318 -7124843.819492 -174368.604365
-1648.976693 37.692316 7363.931577
UTC=2024-01-25T04:32:02.000000
-1095123.230861 -7063767.867713 708369.066816
-1511.321862 978.588014 7329.300458
UTC=2024-01-25T04:34:02.000000
-1266225.954299 -6890685.494922 1580108.600264
-1334.021766 1901.924145 7180.857467
UTC=2024-01-25T04:36:02.000000
-1413828.981922 -6608611.016207 2427311.068115
-1120.262607 2792.656127 6920.879105
UTC=2024-01-25T04:38:02.000000
-1533790.250734 -6222331.819399 3236818.264134
-874.060201 3636.321228 6553.424672
UTC=2024-01-25T04:40:02.000000
-1622495.367967 -5738323.012571 3996062.470813
-600.178078 4419.294789 6084.260375
UTC=2024-01-25T04:42:02.000000
-1676941.694634 -5164632.631276 4693264.864494
-304.031876 5129.021540 5520.747645
UTC=2024-01-25T04:44:02.000000
-1694810.348463 -4510741.126499 5317619.327364
8.416675 5754.214633 4871.714561
UTC=2024-01-25T04:46:02.000000
-1674524.789739 -3787397.970369 5859459.968732
330.777810 6285.040202 4147.309547
UTC=2024-01-25T04:48:02.000000
-1615294.420624 -3006437.509561 6310408.992697
656.364774 6713.272128 3358.820455
UTC=2024-01-25T04:50:02.000000
-1517142.158795 -2180579.291808 6663502.026125
978.327636 7032.398000 2518.485679
UTC=2024-01-25T04:52:02.000000
-1380916.210612 -1323217.365543 6913291.192295
1289.783066 7237.701663 1639.310685
UTC=2024-01-25T04:54:02.000000
-1208286.280640 -448200.472423 7055925.411268
1583.944533 7326.328523 734.868211
UTC=2024-01-25T04:56:02.000000
-1001724.088452 430393.101993 7089206.124338
1854.253800 7297.309040 -180.904551
UTC=2024-01-25T04:58:02.000000
-764467.987991 1298482.198184 7012619.370818
2094.513772 7151.564352 -1093.902348
UTC=2024-01-25T05:00:02.000000
-500471.923231 2142208.757042 6827343.529601
2299.015375 6891.885645 -1990.059139
UTC=2024-01-25T05:02:02.000000
-214339.705970 2948159.522169 6536232.267940
2462.655455 6522.884390 -2855.553334
UTC=2024-01-25T05:04:02.000000
88754.252355 3703580.268395 6143773.185687
2581.044184 6050.919609 -3677.007694
UTC=2024-01-25T05:06:02.000000
403156.534794 4396580.061769 5656022.383310
2650.603798 5484.001548 -4441.690846
UTC=2024-01-25T05:08:02.000000
722837.645892 5016322.229549 5080515.319837
2668.657964 4831.669494 -5137.710175
UTC=2024-01-25T05:10:02.000000
1041504.740980 5553199.418723 4426154.397173
2633.503403 4104.844126 -5754.208226
UTC=2024-01-25T05:12:02.000000
1352721.430589 5998988.466257 3703074.171985
2544.459054 3315.644677 -6281.530271
UTC=2024-01-25T05:14:02.000000
1650033.642037 6346983.988376 2922487.812490
2401.918508 2477.216796 -6711.387431
UTC=2024-01-25T05:16:02.000000
1927099.478028 6592107.884512 2096511.867285
2207.354057 1603.492158 -7037.032508
UTC=2024-01-25T05:18:02.000000
2177817.903073 6730988.818590 1237974.735477
1963.306257 708.944477 -7253.367545
UTC=2024-01-25T05:20:02.000000
2396455.356455 6762011.752877 360212.636720
1673.350433 -191.672663 -7357.037920
UTC=2024-01-25T05:22:02.000000
2577766.515858 6685335.889012 -523143.007823
1342.037341 -1083.585053 -7346.485116
UTC=2024-01-25T05:24:02.000000
2717106.922092 6502881.596324 -1398382.974508
974.816139 -1952.257584 -7221.972262
UTC=2024-01-25T05:26:02.000000
2810535.164049 6218286.253173 -2251938.589123
577.937235 -2783.650144 -6985.574392
UTC=2024-01-25T05:28:02.000000
2854902.247115 5836830.111245 -3070597.000082
158.336606 -3564.461392 -6641.137349
UTC=2024-01-25T05:30:02.000000
2847926.125180 5365333.573984 -3841709.490045
-276.495920 -4282.360464 -6194.201276
UTC=2024-01-25T05:32:02.000000
2788249.571509 4812028.203926 -4553388.212251
-718.661044 -4926.189199 -5651.886022
UTC=2024-01-25T05:34:02.000000
2675480.423376 4186405.634233 -5194687.823476
-1159.998623 -5486.130559 -5022.755826
UTC=2024-01-25T05:36:02.000000
2510213.953631 3499047.995358 -5755769.693429
-1592.236030 -5953.846915 -4316.665220
UTC=2024-01-25T05:38:02.000000
2294037.461491 2761443.484432 -6228046.983937
-2007.137476 -6322.591267 -3544.593645
UTC=2024-01-25T05:40:02.000000
2029516.795202 1985790.313470 -6604308.769594
-2396.653738 -6587.287205 -2718.462135
UTC=2024-01-25T05:42:02.000000
1720165.560239 1184793.241237 -6878821.786967
-2753.060323 -6744.573983 -1850.946935
UTC=2024-01-25T05:44:02.000000
1370398.071179 371456.168043 -7047410.140085
-3069.092799 -6792.828436 -955.297346
UTC=2024-01-25T05:46:02.000000
985465.998639 -441126.636330 -7107512.949662
-3338.081325 -6732.166458 -45.148913
UTC=2024-01-25T05:48:02.000000
571379.557096 -1239978.171457 -7058218.929071
-3554.072054 -6564.419638 865.673183
UTC=2024-01-25T05:50:02.000000
134815.081004 -2012441.613789 -6900277.849194
-3711.934167 -6293.082820 1763.339145
UTC=2024-01-25T05:52:02.000000
-316990.017201 -2746376.407116 -6636090.639917
-3807.464742 -5923.256194 2634.189897
UTC=2024-01-25T05:54:02.000000
-776354.562802 -3430346.884153 -6269677.249023
-3837.484420 -5461.571453 3464.934728
UTC=2024-01-25T05:56:02.000000
-1235281.047493 -4053799.656374 -5806620.910123
-3799.912106 -4916.082796 4242.838884
UTC=2024-01-25T05:58:02.000000
-1685591.522702 -4607227.472625 -5253990.718939
-3693.831654 -4296.151111 4955.903780
UTC=2024-01-25T06:00:02.000000
-2119070.657428 -5082318.063856 -4620242.015953
-3519.543021 -3612.306425 5593.055208
UTC=2024-01-25T06:02:02.000000
-2527613.651074 -5472084.741094 -3915094.415923
-3278.591071 -2876.082176 6144.325370
UTC=2024-01-25T06:04:02.000000
-2903376.083695 -5770975.846852 -3149388.841235
-2973.769380 -2099.830086 6601.020189
UTC=2024-01-25T06:06:02.000000
-3238922.894934 -5974961.118971 -2334925.369249
-2609.102165 -1296.520390 6955.872150
UTC=2024-01-25T06:08:02.000000
-3527373.790286 -6081593.110952 -1484283.600892
-2189.801895 -479.525610 7203.178261
UTC=2024-01-25T06:10:02.000000
-3762541.811117 -6090041.625990 -610627.657934
-1722.197020 337.612623 7338.916376
UTC=2024-01-25T06:12:02.000000
-3939061.438145 -6001099.515915 272500.842902
-1213.631080 1141.425407 7360.827744
UTC=2024-01-25T06:14:02.000000
-4052503.295547 -5817159.526917 1151397.644620
-672.340836 1918.756617 7268.466215
UTC=2024-01-25T06:16:02.000000
-4099472.912553 -5542162.434016 2012414.727193
-107.311970 2657.001197 7063.214584
UTC=2024-01-25T06:18:02.000000
-4077690.909969 -5181517.125890 2842178.661828
471.884526 3344.331330 6748.259025
UTC=2024-01-25T06:20:02.000000
-3986052.938189 -4741994.965655 3627803.762938
1055.265507 3969.899007 6328.530451
UTC=2024-01-25T06:22:02.000000
-3824668.251084 -4231601.044056 4357096.535050
1632.618493 4524.018911 5810.617273
UTC=2024-01-25T06:24:02.000000
-3594875.955902 -3659424.779226 5018747.686353
2193.689737 4998.328257 5202.644723
UTC=2024-01-25T06:26:02.000000
-3299238.824550 -3035473.405215 5602507.816660
2728.369018 5385.910336 4514.126681
UTC=2024-01-25T06:28:02.000000
-2941515.152988 -2370492.753380 6099344.500152
3226.870729 5681.384370 3755.804052
UTC=2024-01-25T06:30:02.000000
-2526609.384952 -1675778.928890 6501579.272269
3679.905995 5880.968883 2939.472545
UTC=2024-01-25T06:32:02.000000
-2060502.476396 -962983.556211 6803003.270285
4078.849627 5982.525283 2077.796742
UTC=2024-01-25T06:34:02.000000
-1550162.577030 -243915.631542 6998968.965727
4415.897023 5985.566178 1184.097965
UTC=2024-01-25T06:36:02.000000
-1003438.748480 469654.852216 7086456.671801
4684.191197 5891.223123 272.155428
UTC=2024-01-25T06:38:02.000000
-428939.748674 1166189.117315 7064118.347972
4877.948390 5702.210841 -643.983070
UTC=2024-01-25T06:40:02.000000
164101.835048 1834566.293750 6932297.510720
4992.572623 5422.767637 -1550.207046
UTC=2024-01-25T06:42:02.000000
765978.079354 2464261.420517 6693024.305983
5024.751981 5058.570484 -2432.551295
UTC=2024-01-25T06:44:02.000000
1366664.505474 3045511.738326 6349985.853560
4972.533318 4616.627010 -3277.397298
UTC=2024-01-25T06:46:02.000000
1955986.729222 3569469.435300 5908472.867922
4835.379459 4105.157750 -4071.670120
UTC=2024-01-25T06:48:02.000000
2523792.979691 4028339.234988 5375302.547647
4614.209959 3533.460150 -4803.036290
UTC=2024-01-25T06:50:02.000000
3060130.325793 4415498.380103 4758717.585954
4311.418947 2911.749742 -5460.104194
UTC=2024-01-25T06:52:02.000000
3555420.722389 4725596.066600 4068261.921622
3930.855126 2250.980360 -6032.605210
UTC=2024-01-25T06:54:02.000000
4000633.707824 4954631.458219 3314636.345879
3477.791326 1562.668074 -6511.555109
UTC=2024-01-25T06:56:02.000000
4387454.631408 5100009.538487 2509533.633527
2958.868307 858.688452 -6889.434456
UTC=2024-01-25T06:58:02.000000
4708441.667834 5160570.490083 1665454.204205
2381.972578 151.051755 -7160.316709
UTC=2024-01-25T07:00:02.000000
4957168.760965 5136593.789264 795509.346842
1756.127377 -548.298944 -7319.965686
UTC=2024-01-25T07:02:02.000000
5128353.420614 5029776.989850 -86787.761576
1091.338324 -1227.710520 -7365.930182
UTC=2024-01-25T07:04:02.000000
5217963.533407 4843187.577378 -967738.764093
398.409040 -1876.037716 -7297.577008
UTC=2024-01-25T07:06:02.000000
5223301.993763 4581190.238379 -1833678.612510
-311.246469 -2482.836812 -7116.092870
UTC=2024-01-25T07:08:02.000000
5143067.940432 4249351.772237 -2671192.737662
-1025.806516 -3038.545010 -6824.458545
UTC=2024-01-25T07:10:02.000000
4977392.873913 3854325.500654 -3467328.987349
-1733.256226 -3534.640777 -6427.386941
UTC=2024-01-25T07:12:02.000000
4727850.824660 3403718.115543 -4209800.138226
-2421.604147 -3963.776134 -5931.229217
UTC=2024-01-25T07:14:02.000000
4397442.875723 2905942.081735 -4887173.428638
-3079.091540 -4319.885705 -5343.852762
UTC=2024-01-25T07:16:02.000000
3990557.136232 2370056.580719 -5489043.925767
-3694.392626 -4598.266500 -4674.494677
UTC=2024-01-25T07:18:02.000000
3512905.257614 1805600.931881 -6006189.315564
-4256.805021 -4795.624737 -3933.600092
UTC=2024-01-25T07:20:02.000000
2971436.821905 1222424.017914 -6430704.485226
-4756.427019 -4910.096207 -3132.647024
UTC=2024-01-25T07:22:02.000000
2374233.599440 630512.764796 -6756114.375949
-5184.314735 -4941.241118 -2283.960238
UTC=2024-01-25T07:24:02.000000
1730386.324488 39822.850051 -6977464.411382
-5532.616875 -4890.013582 -1400.526504
UTC=2024-01-25T07:26:02.000000
1049856.037950 -539886.067319 -7091389.311790
-5794.701346 -4758.718320 -495.816373
UTC=2024-01-25T07:28:02.000000
343320.483575 -1099208.879929 -7096159.362898
-5965.270862 -4550.946369 416.415019
UTC=2024-01-25T07:30:02.000000
-377991.191262 -1629244.254941 -6991703.040775
-6040.445663 -4271.487863 1322.315623
UTC=2024-01-25T07:32:02.000000
-1102473.221713 -2121733.092835 -6779608.025448
-6017.840864 -3926.241084 2208.115189
UTC=2024-01-25T07:34:02.000000
-1818326.485103 -2569185.517615 -6463099.810915
-5896.625996 -3522.108635 3060.319808
UTC=2024-01-25T07:36:02.000000
-2513747.199525 -2964994.037948 -6046997.156523
-5677.558115 -3066.873129 3865.898596
UTC=2024-01-25T07:38:02.000000
-3177118.798859 -3303531.547457 -5537645.863230
-5363.003228 -2569.070233 4612.462220
UTC=2024-01-25T07:40:02.000000
-3797205.525843 -3580233.611725 -4942830.446250
-4956.939640 -2037.850467 5288.454266
UTC=2024-01-25T07:42:02.000000
-4363344.188382 -3791662.874751 -4271662.749965
-4464.923596 -1482.820894 5883.338144
UTC=2024-01-25T07:44:02.000000
-4865630.204149 -3935554.080563 -3534449.272084
-3894.030740 -913.881776 6387.767659
UTC=2024-01-25T07:46:02.000000
-5295095.088705 -4010839.095795 -2742538.344751
-3252.769785 -341.055687 6793.751445
UTC=2024-01-25T07:48:02.000000
-5643871.542468 -4017650.930914 -1908148.465363
-2550.962353 225.691170 7094.800798
UTC=2024-01-25T07:50:02.000000
-5905342.263324 -3957306.141706 -1044180.382139
-1799.593106 776.628676 7286.051934
UTC=2024-01-25T07:52:02.000000
-6074269.225328 -3832265.896582 -164015.954151
-1010.633640 1302.439369 7364.363856
UTC=2024-01-25T07:54:02.000000
-6146900.324344 -3646076.192950 718692.919725
-196.842636 1794.387398 7328.386285
UTC=2024-01-25T07:56:02.000000
-6121050.566074 -3403288.337463 1590241.932438
628.460075 2244.479817 7178.598935
UTC=2024-01-25T07:58:02.000000
-5996154.818718 -3109360.699011 2437093.992254
1451.637465 2645.614482 6917.303849
UTC=2024-01-25T08:00:02.000000
-5773291.300784 -2770544.329558 3246095.385797
2258.977158 2991.699421 6548.579122
UTC=2024-01-25T08:02:02.000000
-5455176.137682 -2393755.755737 4004685.173812
3036.934876 3277.751287 6078.212505
UTC=2024-01-25T08:04:02.000000
-5046128.181397 -1986438.735217 4701094.279492
3772.382673 3499.976444 5513.591709
UTC=2024-01-25T08:06:02.000000
-4552005.294408 -1556418.616091 5324529.119937
4452.833621 3655.813125 4863.562881
UTC=2024-01-25T08:08:02.000000
-3980115.025888 -1111753.312376 5865337.752335
5066.646491 3743.948458 4138.281900
UTC=2024-01-25T08:10:02.000000
-3339101.201605 -660583.192383 6315157.522218
5603.223524 3764.319606 3349.051533
UTC=2024-01-25T08:12:02.000000
-2638807.542018 -210982.229429 6667041.565372
6053.192359 3718.089276 2508.132330
UTC=2024-01-25T08:14:02.000000
-1890121.193539 229186.031313 6915561.663118
6408.557102 3607.590605 1628.541413
UTC=2024-01-25T08:16:02.000000
-1104800.026335 652404.758081 7056887.314525
6662.820458 3436.257099 723.857804
UTC=2024-01-25T08:18:02.000000
-295286.357888 1051631.270028 7088841.297462
6811.088104 3208.542809 -191.976462
UTC=2024-01-25T08:20:02.000000
525490.669137 1420413.809404 7010931.131723
6850.152884 2929.825216 -1104.857935
UTC=2024-01-25T08:22:02.000000
1344321.583356 1752995.923472 6824356.253431
6778.558358 2606.295656 -2000.726138
UTC=2024-01-25T08:24:02.000000
2147929.124429 2044406.761662 6531990.511340
6596.634958 2244.834618 -2865.767757
UTC=2024-01-25T08:26:02.000000
2923183.687635 2290535.976663 6138340.717979
6306.514358 1852.881318 -3686.612729
UTC=2024-01-25T08:28:02.000000
3657319.428171 2488192.629323 5649481.422331
5912.123454 1438.296016 -4450.536753
UTC=2024-01-25T08:30:02.000000
4338147.317256 2635146.997484 5072965.264782
5419.138500 1009.214482 -5145.660684
UTC=2024-01-25T08:32:02.000000
4954261.042105 2730154.855515 4417710.577920
4834.916165 573.900933 -5761.131561
UTC=2024-01-25T08:34:02.000000
5495233.946843 2772963.787664 3693867.442526
4168.410784 140.595081 -6287.305956
UTC=2024-01-25T08:36:02.000000
5951802.774070 2764300.509722 2912661.032883
3430.027249 -282.650715 -6715.933338
UTC=2024-01-25T08:38:02.000000
6316031.518181 2705839.447932 2086216.833262
2631.456273 -688.116765 -7040.280956
UTC=2024-01-25T08:40:02.000000
6581455.352471 2600154.115160 1227370.459708
1785.491494 -1068.562775 -7255.265324
UTC=2024-01-25T08:42:02.000000
6743199.789471 2450651.039300 349463.650426
905.805775 -1417.367089 -7357.547479
UTC=2024-01-25T08:44:02.000000
6798071.692506 2261488.019628 -533869.083624
6.706124 -1728.649752 -7345.594122
UTC=2024-01-25T08:46:02.000000
6744619.788303 2037478.433081 -1408918.647612
-897.125681 -1997.380147 -7219.693597
UTC=2024-01-25T08:48:02.000000
6583164.893427 1783984.152309 -2262119.134108
-1790.878100 -2219.459885 -6981.942134
UTC=2024-01-25T08:50:02.000000
6315799.662410 1506799.361082 -3080263.305925
-2659.878333 -2391.792039 -6636.210503
UTC=2024-01-25T08:52:02.000000
5946355.922330 1212027.464969 -3850710.748798
-3489.854468 -2512.324680 -6188.058938
UTC=2024-01-25T08:54:02.000000
5480341.688134 905954.417328 -4561584.373922
-4267.182342 -2580.068125 -5644.628325
UTC=2024-01-25T08:56:02.000000
4924849.533917 594921.424459 -5201951.899826
-4979.111516 -2595.088221 -5014.499350
UTC=2024-01-25T08:58:02.000000
4288439.715248 285199.745507 -5761989.437027
-5613.962498 -2558.478547 -4307.538111
UTC=2024-01-25T09:00:02.000000
3581000.756643 -17129.956058 -6233126.000953
-6161.304960 -2472.312808 -3534.732258
UTC=2024-01-25T09:02:02.000000
2813589.785656 -306291.616749 -6608167.651559
-6612.116912 -2339.582364 -2708.013123
UTC=2024-01-25T09:04:02.000000
1998255.657577 -576919.363599 -6881399.201636
-6958.909123 -2164.117999 -1840.064340
UTC=2024-01-25T09:06:02.000000
1147848.923159 -824152.929955 -7048663.646072
-7195.825676 -1950.500146 -944.142089
UTC=2024-01-25T09:08:02.000000
275820.218510 -1043721.659953 -7107419.666245
-7318.733225 -1703.956792 -33.885124
UTC=2024-01-25T09:10:02.000000
-603989.984939 -1232015.561302 -7056775.829620
-7325.274581 -1430.252755 876.877552
UTC=2024-01-25T09:12:02.000000
-1477566.905295 -1386143.071590 -6897502.570473
-7214.907598 -1135.577677 1774.308466
UTC=2024-01-25T09:14:02.000000
-2330940.734524 -1503974.868762 -6632021.658463
-6988.924279 -826.425163 2644.755525
UTC=2024-01-25T09:16:02.000000
-3150406.168210 -1584172.824986 -6264372.462843
-6650.436705 -509.467537 3474.940171
UTC=2024-01-25T09:18:02.000000
-3922739.385096 -1626204.146564 -5800156.730826
-6204.353739 -191.434344 4252.131694
UTC=2024-01-25T09:20:02.000000
-4635411.558938 -1630340.697468 -5246461.410447
-5657.338701 121.014642 4964.340292
UTC=2024-01-25T09:22:02.000000
-5276794.651196 -1597642.916508 -4611758.301779
-5017.725263 421.417226 5600.504566
UTC=2024-01-25T09:24:02.000000
-5836355.699518 -1529928.630461 -3905782.099366
-4295.411497 703.632839 6150.666746
UTC=2024-01-25T09:26:02.000000
-6304836.820179 -1429727.193288 -3139387.538912
-3501.724917 961.963094 6606.145242
UTC=2024-01-25T09:28:02.000000
-6674416.783800 -1300219.425968 -2324386.632201
-2649.251313 1191.266988 6959.691183
UTC=2024-01-25T09:30:02.000000
-6938850.389954 -1145164.363095 -1473368.463777
-1751.637151 1387.064797 7205.622939
UTC=2024-01-25T09:32:02.000000
-7093582.703287 -968814.287438 -599504.043577
-823.367574 1545.630283 7339.940733
UTC=2024-01-25T09:34:02.000000
-7135834.797234 -775819.216498 283660.986741
120.486486 1664.072458 7360.410633
UTC=2024-01-25T09:36:02.000000
-7064658.210120 -571123.090508 1162421.204843
1064.532293 1740.390813 7266.608917
UTC=2024-01-25T09:38:02.000000
-6880957.375952 -359854.570172 2023129.986540
1993.327391 1773.512076 7059.938831
UTC=2024-01-25T09:40:02.000000
-6587478.964870 -147214.433258 2852417.785328
2891.655897 1763.308877 6743.608603
UTC=2024-01-25T09:42:02.000000
-6188768.312283 61637.980746 3637405.733624
3744.800997 1710.596892 6322.575587
UTC=2024-01-25T09:44:02.000000
-5691093.663503 261696.602970 4365910.293832
4538.805898 1617.108532 5803.452802
UTC=2024-01-25T09:46:02.000000
-5102340.503366 448215.968496 5026634.781094
5260.710980 1485.445723 5194.385450
UTC=2024-01-25T09:48:02.000000
-4431878.937709 616812.002125 5609344.604480
5898.764687 1319.017950 4504.904100
UTC=2024-01-25T09:50:02.000000
-3690407.452857 763554.317862 6105024.124977
6442.608527 1121.962405 3745.766649
UTC=2024-01-25T09:52:02.000000
-2889775.599825 885047.934359 6506013.529081
6883.440839 899.048519 2928.781215
UTC=2024-01-25T09:54:02.000000
-2042789.027395 978503.049623 6806123.635301
7214.148665 655.575863 2066.618071
UTC=2024-01-25T09:56:02.000000
-1163000.146708 1041792.107419 7000727.299649
7429.412646 397.262408 1172.605945
UTC=2024-01-25T09:58:02.000000
-264488.720096 1073492.798131 7086826.180951
7525.771867 130.124096 260.530398
UTC=2024-01-25T10:00:02.000000
638364.052141 1072916.451530 7063093.804846
7501.669070 -139.648360 -655.562946
UTC=2024-01-25T10:02:02.000000
1531105.569889 1040121.590206 6929894.730851
7357.473121 -405.813316 -1561.569668
UTC=2024-01-25T10:04:02.000000
2399442.970421 975912.454012 6689279.436675
7095.474464 -662.204918 -2443.528933
UTC=2024-01-25T10:06:02.000000
3229472.282465 881822.365409 6344955.129996
6719.858313 -902.858395 -3287.823088
UTC=2024-01-25T10:08:02.000000
4007902.973476 760082.188647 5902232.170656
6236.650653 -1122.132743 -4081.385167
UTC=2024-01-25T10:10:02.000000
4722273.662605 613574.389811 5367946.029919
5653.628320 -1314.828556 -4811.894789
UTC=2024-01-25T10:12:02.000000
5361155.993155 445773.094373 4750356.458072
4980.211889 -1476.302193 -5467.966047
UTC=2024-01-25T10:14:02.000000
5914344.084207 260671.281939 4059023.864071
4227.329123 -1602.565132 -6039.338539
UTC=2024-01-25T10:16:02.000000
6373025.276343 62696.809303 3304663.420475
3407.241431 -1690.371691 -6517.054470
UTC=2024-01-25T10:18:02.000000
6729928.288521 -143381.466040 2498979.090375
2533.340398 -1737.296404 -6893.615692
UTC=2024-01-25T10:20:02.000000
6979445.410930 -352556.160328 1654480.514824
1619.922409 -1741.797568 -7163.112097
UTC=2024-01-25T10:22:02.000000
7117726.781037 -559689.791283 784285.657184
681.945731 -1703.252873 -7321.330841
UTC=2024-01-25T10:24:02.000000
7142744.242109 -759626.469354 -98087.895615
-265.230737 -1621.980133 -7365.835820
UTC=2024-01-25T10:26:02.000000
7054322.758875 -947305.023089 -978939.448153
-1206.128355 -1499.238038 -7296.014247
UTC=2024-01-25T10:28:02.000000
6854138.078915 -1117870.676622 -1844604.329451
-2125.424356 -1337.202105 -7113.077940
UTC=2024-01-25T10:30:02.000000
6545681.655284 -1266782.642522 -2681671.589110
-3008.224683 -1138.921169 -6820.035167
UTC=2024-01-25T10:32:02.000000
6134193.525633 -1389915.366608 -3477195.859580
-3840.321663 -908.254905 -6421.624112
UTC=2024-01-25T10:34:02.000000
5626565.394042 -1483651.124817 -4218899.554070
-4608.433256 -649.792443 -5924.217846
UTC=2024-01-25T10:36:02.000000
5031216.432797 -1544961.880933 -4895361.899977
-5300.416822 -368.755950 -5335.701143
UTC=2024-01-25T10:38:02.000000
4357945.128983 -1571479.090567 -5496191.963820
-5905.455780 -70.896887 -4665.327950
UTC=2024-01-25T10:40:02.000000
3617760.128814 -1561550.521774 -6012183.347198
-6414.221390 237.617651 -3923.557374
UTC=2024-01-25T10:42:02.000000
2822693.905259 -1514282.766539 -6435448.162130
-6818.995941 550.328823 -3121.875895
UTC=2024-01-25T10:44:02.000000
1985603.635493 -1429568.610366 -6759529.765145
-7113.766585 860.613399 -2272.621428
UTC=2024-01-25T10:46:02.000000
1119961.869848 -1308099.257399 -6979493.772965
-7294.299099 1161.807936 -1388.794457
UTC=2024-01-25T10:48:02.000000
239640.442500 -1151361.766875 -7091996.149604
-7358.178169 1447.332935 -483.869646
UTC=2024-01-25T10:50:02.000000
-641309.188530 -961621.339379 -7095328.819935
-7304.825740 1710.819100 428.393364
UTC=2024-01-25T10:52:02.000000
-1508876.265729 -741888.894260 -6989442.727488
-7135.496891 1946.227526 1334.134911
UTC=2024-01-25T10:54:02.000000
-2349309.647189 -495874.073358 -6775948.320030
-6853.256544 2147.971038 2219.589031
UTC=2024-01-25T10:56:02.000000
-3149331.887030 -227924.347347 -6458092.821452
-6462.923710 2311.024166 3071.271667
UTC=2024-01-25T10:58:02.000000
-3896345.832694 57048.772656 -6040715.916438
-5971.007007 2431.028933 3876.156205
UTC=2024-01-25T11:00:02.000000
-4578632.866691 353655.833028 -5530183.363307
-5385.622178 2504.392837 4621.867690
UTC=2024-01-25T11:02:02.000000
-5185538.775126 656126.481341 -4934297.564595
-4716.373320 2528.373425 5296.865528
UTC=2024-01-25T11:04:02.000000
-5707644.846421 958416.263196 -4262186.847502
-3974.223730 2501.157177 5890.622966
UTC=2024-01-25T11:06:02.000000
-6136921.333656 1254321.999845 -3524172.756051
-3171.329229 2421.920181 6393.808036
UTC=2024-01-25T11:08:02.000000
-6466859.339896 1537603.077278 -2731616.807920
-2320.848016 2290.867400 6798.445918
UTC=2024-01-25T11:10:02.000000
-6692578.576386 1802106.280502 -1896748.688077
-1436.728520 2109.252337 7098.064255
UTC=2024-01-25T11:12:02.000000
-6810908.563104 2041891.907681 -1032478.204028
-533.478640 1879.378078 7287.819930
UTC=2024-01-25T11:14:02.000000
-6820440.710089 2251358.333875 -152193.273260
374.088398 1604.569177 7364.601213
UTC=2024-01-25T11:16:02.000000
-6721549.107365 2425361.789538 730451.961892
1271.118838 1289.122532 7327.090016
UTC=2024-01-25T11:18:02.000000
-6516379.566833 2559329.210486 1601754.372370
2142.981068 938.239808 7175.790685
UTC=2024-01-25T11:20:02.000000
-6208807.226275 2649361.547100 2448180.848146
2975.528440 557.935613 6913.028577
UTC=2024-01-25T11:22:02.000000
-5804363.088579 2692324.722250 3256584.595356
3755.349513 154.924687 6542.907559
UTC=2024-01-25T11:24:02.000000
-5310131.654682 2685926.072404 4014414.587715
4470.002259 -263.506695 6071.237730
UTC=2024-01-25T11:26:02.000000
-4734621.536100 2628774.677122 4709913.925414
5108.225517 -689.639351 5505.423361
UTC=2024-01-25T11:28:02.000000
-4087612.905100 2520424.685806 5332303.255396
5660.114693 -1115.465848 4854.329105
UTC=2024-01-25T11:30:02.000000
-3379985.492657 2361401.011819 5871947.231628
6117.271502 -1532.839189 4128.131027
UTC=2024-01-25T11:32:02.000000
-2623529.907537 2153206.977399 6320502.011079
6472.931680 -1933.625617 3338.147407
UTC=2024-01-25T11:34:02.000000
-1830745.717223 1898313.386095 6671041.017605
6722.055694 -2309.859401 2496.648951
UTC=2024-01-25T11:36:02.000000
-1014630.729443 1600129.438561 6918157.367194
6861.384926 -2653.890384 1616.659151
UTC=2024-01-25T11:38:02.000000
-188465.859350 1262956.326029 7058042.254942
6889.461268 -2958.525163 711.757439
UTC=2024-01-25T11:40:02.000000
634401.340540 891924.300225 7088540.094196
6806.631182 -3217.161189 -204.115519
UTC=2024-01-25T11:42:02.000000
1440772.224775 492914.139973 7009179.697686
6615.024005 -3423.912438 -1116.860708
UTC=2024-01-25T11:44:02.000000
2217808.418801 72464.045321 6821181.237689
6318.505386 -3573.726773 -2012.421029
UTC=2024-01-25T11:46:02.000000
2953236.368450 -362337.038762 6527439.254491
5922.610797 -3662.494362 -2876.981271
UTC=2024-01-25T11:48:02.000000
3635542.679092 -803968.280030 6132481.280428
5434.456867 -3687.141081 -3697.174401
UTC=2024-01-25T11:50:02.000000
4254157.155064 -1244606.174427 5642401.878608
4862.625457 -3645.708929 -4460.283690
UTC=2024-01-25T11:52:02.000000
4799620.378511 -1676262.460677 5064772.752875
4217.022732 -3537.418278 -5154.438413
UTC=2024-01-25T11:54:02.000000
5263733.404175 -2090928.131390 4408529.993022
3508.722912 -3362.708333 -5768.800302
UTC=2024-01-25T11:56:02.000000
5639687.494772 -2480721.279869 3683839.138496
2749.789575 -3123.260197 -6293.747013
UTC=2024-01-25T11:58:02.000000
5922170.579758 -2838036.217640 2901938.781124
1953.066680 -2821.993266 -6721.042793
UTC=2024-01-25T12:00:02.000000
6107447.457646 -3155690.409220 2074965.438608
1131.953686 -2463.033435 -7043.978980
UTC=2024-01-25T12:02:02.000000
6193412.807952 -3427066.274983 1215763.067106
300.176772 -2051.660209 -7257.492649
UTC=2024-01-25T12:04:02.000000
6179615.717304 -3646245.043806 337679.199735
-528.459717 -1594.223775 -7358.266100
UTC=2024-01-25T12:06:02.000000
6067254.161687 -3808128.876547 -545648.013973
-1340.318034 -1098.037649 -7344.781323
UTC=2024-01-25T12:08:02.000000
5859140.324021 -3908549.086994 -1420508.153720
-2122.174642 -571.249467 -7217.352803
UTC=2024-01-25T12:10:02.000000
5559636.395389 -3944357.156155 -2273337.712314
-2861.456505 -22.689103 -6978.108745
UTC=2024-01-25T12:12:02.000000
5174563.490906 -3913497.312422 -3090935.152448
-3546.455632 538.288462 -6630.943533
UTC=2024-01-25T12:14:02.000000
4711085.860067 -3815059.287420 -3860668.509192
-4166.525455 1101.975937 -6181.439497
UTC=2024-01-25T12:16:02.000000
4177572.993928 -3649310.044304 -4570671.519035
-4712.250817 1658.489627 -5636.755719
UTC=2024-01-25T12:18:02.000000
3583443.160345 -3417704.142163 -5210025.041920
-5175.588169 2197.950090 -5005.493624
UTC=2024-01-25T12:20:02.000000
2938992.022049 -3122872.644605 -5768920.727579
-5549.972518 2710.656204 -4297.536977
UTC=2024-01-25T12:22:02.000000
2255210.607873 -2768591.951141 -6238804.780048
-5830.388877 3187.246309 -3523.883530
UTC=2024-01-25T12:24:02.000000
1543596.204946 -2359733.580306 -6612501.687857
-6013.421855 3618.857041 -2696.478196
UTC=2024-01-25T12:26:02.000000
815958.316557 -1902194.769031 -6884316.902330
-6097.284998 3997.281322 -1828.025356
UTC=2024-01-25T12:28:02.000000
84223.306750 -1402811.346987 -7050116.060615
-6081.813727 4315.103994 -931.792059
UTC=2024-01-25T12:30:02.000000
-639758.613808 -869255.232787 -7107381.182033
-5968.434834 4565.825197 -21.419882
UTC=2024-01-25T12:32:02.000000
-1344401.638722 -309917.723852 -7055244.594160
-5760.120073 4743.973512 889.258361
UTC=2024-01-25T12:34:02.000000
-2018566.328980 266220.315246 -6894500.479148
-5461.324253 4845.209959 1786.410274
UTC=2024-01-25T12:36:02.000000
-2651732.498097 849729.664610 -6627593.462517
-5077.897616 4866.414427 2656.391121
UTC=2024-01-25T12:38:02.000000
-3234160.804796 1430883.636997 -6258585.189263
-4616.986762 4805.760364 3485.925832
UTC=2024-01-25T12:40:02.000000
-3757041.884419 1999816.994971 -5793098.970769
-4086.925372 4662.773907 4262.292527
UTC=2024-01-25T12:42:02.000000
-4212631.415102 2546691.135381 -5238242.123769
-3497.107403 4438.378759 4973.511888
UTC=2024-01-25T12:44:02.000000
-4594368.565540 3061863.340895 -4602505.269337
-2857.836646 4134.916619 5608.539461
UTC=2024-01-25T12:46:02.000000
-4896975.074623 3536056.647076 -3895639.374098
-2180.156288 3756.138712 6157.441306
UTC=2024-01-25T12:48:02.000000
-5116533.390992 3960527.598689 -3128512.696662
-1475.671049 3307.179140 6611.557519
UTC=2024-01-25T12:50:02.000000
-5250542.546613 4327229.054660 -2312948.123953
-756.351722 2794.496177 6963.661851
UTC=2024-01-25T12:52:02.000000
-5297949.814667 4628964.068650 -1461542.999251
-34.330923 2225.785371 7208.093644
UTC=2024-01-25T12:54:02.000000
-5259157.584276 4859527.887038 -587474.092916
678.308401 1609.866089 7340.873236
UTC=2024-01-25T12:56:02.000000
-5136004.263050 5013834.612228 295709.501568
1369.752226 956.540957 7359.786409
UTC=2024-01-25T12:58:02.000000
-4931719.061672 5088025.239825 1174301.609303
2028.668727 276.424806 7264.434786
UTC=2024-01-25T13:00:02.000000
-4650851.815403 5079553.883510 2034658.157589
2644.413549 -419.244332 7056.250937
UTC=2024-01-25T13:02:02.000000
-4299178.592593 4987250.562269 2863415.678465
3207.223857 -1118.807314 6738.471270
UTC=2024-01-25T13:04:02.000000
-3883585.627726 4811359.189032 3647704.379297
3708.385450 -1810.393841 6316.074486
UTC=2024-01-25T13:06:02.000000
-3411934.805164 4553550.089107 4375351.991039
4140.372608 -2482.136103 5795.689816
UTC=2024-01-25T13:08:02.000000
-2892913.884517 4216907.029167 5035075.125793
4496.964257 -3122.379810 5185.481158
UTC=2024-01-25T13:10:02.000000
-2335874.198795 3805888.953424 5616655.026552
4773.334071 -3719.893658 4495.002158
UTC=2024-01-25T13:12:02.000000
-1750659.482612 3326267.284691 6111094.522777
4966.108989 -4264.065825 3735.029822
UTC=2024-01-25T13:14:02.000000
-1147429.452296 2785040.479996 6510754.082303
5073.398029 -4745.087200 2917.382937
UTC=2024-01-25T13:16:02.000000
-536481.846315 2190327.543502 6809465.217461
5094.788266 -5154.115720 2054.728087
UTC=2024-01-25T13:18:02.000000
71923.510299 1551243.322357 7002621.065281
5031.320206 -5483.420466 1160.394458
UTC=2024-01-25T13:20:02.000000
667737.052625 877756.702889 7087243.955559
4885.448267 -5726.518565 248.171058
UTC=2024-01-25T13:22:02.000000
1241285.271668 180534.079178 7062028.305186
4660.972910 -5878.284731 -667.895654
UTC=2024-01-25T13:24:02.000000
1783427.404114 -529229.491263 6927359.746141
4362.957740 -5935.048638 -1573.698562
UTC=2024-01-25T13:26:02.000000
2285701.217800 -1239990.013053 6685310.144303
3997.629792 -5894.675842 -2455.275502
UTC=2024-01-25T13:28:02.000000
2740455.864769 -1940042.291041 6339608.047972
3572.265353 -5756.622292 -3299.010304
UTC=2024-01-25T13:30:02.000000
3140970.278626 -2617713.313368 5895584.949648
3095.061078 -5521.971912 -4091.838094
UTC=2024-01-25T13:32:02.000000
3481554.889626 -3261558.293607 5360097.022372
2574.986526 -5193.444149 -4821.444388
UTC=2024-01-25T13:34:02.000000
3757635.068021 -3860556.295274 4741423.538425
2021.627678 -4775.378625 -5476.457158
UTC=2024-01-25T13:36:02.000000
3965815.244888 -4404302.300135 4049142.483694
1445.020483 -4273.691470 -6046.633934
UTC=2024-01-25T13:38:02.000000
4103922.103671 -4883192.188915 3293984.312255
855.469156 -3695.799416 -6523.036403
UTC=2024-01-25T13:40:02.000000
4171025.753922 -5288596.743028 2487666.003218
263.362057 -3050.513834 -6898.185568
UTC=2024-01-25T13:42:02.000000
4167438.468259 -5613021.031737 1642707.586589
-321.018106 -2347.902763 -7166.196222
UTC=2024-01-25T13:44:02.000000
4094690.628056 -5850245.499673 772234.185794
-887.683719 -1599.123818 -7322.883854
UTC=2024-01-25T13:46:02.000000
3955484.337737 -5995445.328671 -110232.605992
-1427.121662 -816.232840 -7365.833987
UTC=2024-01-25T13:48:02.000000
3753626.395294 -6045286.337477 -990990.269555
-1930.462680 -11.980972 -7294.452560
UTC=2024-01-25T13:50:02.000000
3493940.788823 -5997994.442625 -1856374.940308
-2389.647771 800.421250 -7109.973825
UTC=2024-01-25T13:52:02.000000
3182163.205356 -5853396.696120 -2692978.907517
-2797.561546 1607.537481 -6815.426062
UTC=2024-01-25T13:54:02.000000
2824820.546249 -5612934.091423 -3487862.856247
-3148.150791 2395.946078 -6415.574407
UTC=2024-01-25T13:56:02.000000
2429097.467369 -5279645.240512 -4228758.726148
-3436.519585 3152.480695 -5916.822004
UTC=2024-01-25T13:58:02.000000
2002693.331828 -4858121.942479 -4904258.788907
-3658.993032 3864.458007 -5327.081184
UTC=2024-01-25T14:00:02.000000
1553673.565930 -4354438.375359 -5503988.025494
-3813.147963 4519.888348 -4655.625764
UTC=2024-01-25T14:02:02.000000
1090318.695843 -3776056.224595 -6018758.027745
-3897.822832 5107.666770 -3912.930907
UTC=2024-01-25T14:04:02.000000
620973.312251 -3131707.905741 -6440700.854577
-3913.107701 5617.746719 -3110.499483
UTC=2024-01-25T14:06:02.000000
153897.722766 -2431260.059148 -6763381.526108
-3860.309443 6041.295387 -2260.680501
UTC=2024-01-25T14:08:02.000000
-302874.870604 -1685559.594359 -6981888.353915
-3741.895380 6370.828060 -1376.481674
UTC=2024-01-25T14:10:02.000000
-741673.392066 -906265.033160 -7092900.725001
-3561.420443 6600.319715 -471.382154
UTC=2024-01-25T14:12:02.000000
-1155314.510456 -105665.546407 -7094734.377523
-3323.444236 6725.298276 440.856789
UTC=2024-01-25T14:14:02.000000
-1537217.657284 703509.828707 -6987363.750767
-3033.435969 6742.914647 1346.382309
UTC=2024-01-25T14:16:02.000000
-1881507.712652 1508290.392067 -6772421.951653
-2697.664635 6651.998500 2231.434045
UTC=2024-01-25T14:18:02.000000
-2183103.933659 2295667.543956 -6453178.418973
-2323.081284 6453.092064 3082.529995
UTC=2024-01-25T14:20:02.000000
-2437794.683068 3052801.573385 -6034494.672113
-1917.198646 6148.470138 3886.649735
UTC=2024-01-25T14:22:02.000000
-2642296.844301 3767229.535824 -5522757.359174
-1487.956707 5742.133787 4631.425426
UTC=2024-01-25T14:24:02.000000
-2794298.978613 4427070.842482 -4925788.878845
-1043.586760 5239.780988 5305.327629
UTC=2024-01-25T14:26:02.000000
-2892487.584193 5021227.625132 -4252735.345340
-592.464442 4648.745803 5897.854521
UTC=2024-01-25T14:28:02.000000
-2936555.207736 5539575.554338 -3513932.610237
-142.955874 3977.900866 6399.705791
UTC=2024-01-25T14:30:02.000000
-2927190.207947 5973141.436885 -2720752.931293
296.732575 3237.538737 6802.932692
UTC=2024-01-25T14:32:02.000000
-2866048.738347 6314265.556232 -1885433.807557
718.702754 2439.230572 7101.088061
UTC=2024-01-25T14:34:02.000000
-2755708.615360 6556744.182540 -1020889.573491
1115.516017 1595.636903 7289.356086
UTC=2024-01-25T14:36:02.000000
-2599605.920518 6695947.786584 -140510.226945
1480.327507 720.300251 7364.636893
UTC=2024-01-25T14:38:02.000000
-2401956.240366 6728914.385766 742049.088382
1807.011594 -172.569512 7325.624374
UTC=2024-01-25T14:40:02.000000
-2167660.784493 6654414.020025 1613086.828181
2090.285955 -1068.362138 7172.852600
UTC=2024-01-25T14:42:02.000000
-1902199.034115 6472980.274899 2459075.201631
2325.808496 -1952.339090 6908.677152
UTC=2024-01-25T14:44:02.000000
-1611511.539917 6186910.066865 3266876.045821
2510.246430 -2809.893056 6537.225709
UTC=2024-01-25T14:46:02.000000
-1301875.815707 5800232.633473 4023949.161855
2641.322241 -3626.800724 6064.322185
UTC=2024-01-25T14:48:02.000000
-979778.058205 5318648.622684 4718550.211633
2717.838301 -4389.469472 5497.388803
UTC=2024-01-25T14:50:02.000000
-651782.674682 4749439.667458 5339915.065053
2739.688733 -5085.181366 4845.313011
UTC=2024-01-25T14:52:02.000000
-324402.281097 4101350.609965 5878425.488632
2707.835332 -5702.297553 4118.279246
UTC=2024-01-25T14:54:02.000000
-3972.296803 3384448.906870 6325755.437166
2624.261583 -6230.445367 3327.610634
UTC=2024-01-25T14:56:02.000000
303468.365003 2609962.032674 6674996.470312
2491.914130 -6660.687576 2485.578082
UTC=2024-01-25T14:58:02.000000
592288.414688 1790097.105356 6920760.044286
2314.626297 -6985.655661 1605.210777
UTC=2024-01-25T15:00:02.000000
857365.304809 937845.270926 7059256.694359
2097.027309 -7199.667602 700.096157
UTC=2024-01-25T15:02:02.000000
1094174.612298 66774.166014 7088350.740760
1844.438826 -7298.808337 -215.822433
UTC=2024-01-25T15:04:02.000000
1298866.514633 -809188.052591 7007591.485778
1562.763069 -7280.994811 -1128.438322
UTC=2024-01-25T15:06:02.000000
1468328.313938 -1675975.672349 6818220.449210
1258.362603 -7146.021324 -2023.689614
UTC=2024-01-25T15:08:02.000000
1600232.131764 -2519611.652481 6523153.750909
937.933768 -6895.572554 -2887.761736
UTC=2024-01-25T15:10:02.000000
1693067.128573 -3326434.280174 6126940.114769
608.374883 -6533.214945 -3707.293768
UTC=2024-01-25T15:12:02.000000
1746155.547524 -4083320.720839 5635694.086669
276.649882 -6064.353034 -4469.583162
UTC=2024-01-25T15:14:02.000000
1759652.598240 -4777903.307291 5057005.327506
-50.344201 -5496.154376 -5162.777479
UTC=2024-01-25T15:16:02.000000
1734530.599152 -5398775.856703 4399825.791271
-365.907721 -4837.459802 -5776.054924
UTC=2024-01-25T15:18:02.000000
1672547.385283 -5935687.715694 3674334.788695
-663.670604 -4098.662642 -6299.812602
UTC=2024-01-25T15:20:02.000000
1576198.868437 -6379720.243883 2891782.174657
-937.722297 -3291.539072 -6725.835818
UTC=2024-01-25T15:22:02.000000
1448656.808990 -6723441.498240 2064313.383593
-1182.727385 -2429.058536 -7047.434011
UTC=2024-01-25T15:24:02.000000
1293693.349160 -6961037.162445 1204779.204547
-1394.031895 -1525.174584 -7259.560439
UTC=2024-01-25T15:26:02.000000
1115593.528512 -7088414.601915 326532.413951
-1567.755684 -594.587388 -7358.908839
UTC=2024-01-25T15:28:02.000000
919057.415503 -7103277.330524 -556785.514282
-1700.874194 347.513376 -7343.983387
UTC=2024-01-25T15:30:02.000000
709093.680384 -7005166.596879 -1431463.855658
-1791.275256 1285.736591 -7215.124685
UTC=2024-01-25T15:32:02.000000
490908.113005 -6795468.729954 -2283941.874072
-1837.789172 2204.766524 -6974.485642
UTC=2024-01-25T15:34:02.000000
269789.699181 -6477390.260807 -3101023.605633
-1840.199181 3089.625535 -6625.982720
UTC=2024-01-25T15:36:02.000000
50996.555556 -6055901.852467 -3870085.220840
-1799.233750 3925.931457 -6175.219771
UTC=2024-01-25T15:38:02.000000
-160356.080893 -5537651.803668 -4579271.296314
-1716.539371 4700.145517 -5629.378197
UTC=2024-01-25T15:40:02.000000
-359403.286579 -4930851.333540 -5217675.850814
-1594.631716 5399.791200 -4997.076013
UTC=2024-01-25T15:42:02.000000
-541630.966582 -4245135.489461 -5775505.736205
-1436.830059 6013.644947 -4288.215853
UTC=2024-01-25T15:44:02.000000
-702967.561199 -3491402.400597 -6244224.818567
-1247.175987 6531.904254 -3513.815969
UTC=2024-01-25T15:46:02.000000
-839865.255506 -2681634.211648 -6616677.185536
-1030.340910 6946.325641 -2685.831383
UTC=2024-01-25T15:48:02.000000
-949369.570321 -1828703.054086 -6887188.410052
-791.524684 7250.335118 -1816.967019
UTC=2024-01-25T15:50:02.000000
-1029176.323351 -946165.599674 -7051644.332838
-536.347314 7439.109641 -920.491780
UTC=2024-01-25T15:52:02.000000
-1077675.248493 -48048.980451 -7107547.541972
-270.734261 7509.639503 -10.050072
UTC=2024-01-25T15:54:02.000000
-1093979.491141 851368.999394 -7054050.820591
-0.797156 7460.759391 900.529647
UTC=2024-01-25T15:56:02.000000
-1077940.830532 1737782.192939 -6891968.355331
267.284976 7293.163728 1797.417415
UTC=2024-01-25T15:58:02.000000
-1030150.591828 2597079.072841 -6623764.584643
527.385472 7009.398543 2666.968747
UTC=2024-01-25T16:00:02.000000
-951926.125356 3415563.723859 -6253521.128542
773.550406 6613.839697 3495.907110
UTC=2024-01-25T16:02:02.000000
-845282.945274 4180172.800935 -5786880.944875
1000.117603 6112.642508 4271.518540
UTC=2024-01-25T16:04:02.000000
-712892.699168 4878684.524888 -5230969.693256
1201.831944 5513.663776 4981.835698
UTC=2024-01-25T16:06:02.000000
-558027.840199 5499917.285668 -4594294.998735
1373.952794 4826.363529 5615.824464
UTC=2024-01-25T16:08:02.000000
-384493.657917 6033914.370830 -3886623.425205
1512.356566 4061.671809 6163.565835
UTC=2024-01-25T16:10:02.000000
-196548.553939 6472110.862858 -3118836.507584
1613.629435 3231.826183 6616.422217
UTC=2024-01-25T16:12:02.000000
1186.057092 6807479.684259 -2302767.718387
1675.147005 2350.186558 6967.190286
UTC=2024-01-25T16:14:02.000000
203824.469663 7034653.696761 -1451021.909952
1695.138266 1431.020744 7210.237665
UTC=2024-01-25T16:16:02.000000
406322.184604 7150020.524847 -576779.871223
1672.734181 489.265229 7341.613998
UTC=2024-01-25T16:18:02.000000
603586.069688 7151787.475115 306408.738752
1607.996350 -459.732635 7359.133080
UTC=2024-01-25T16:20:02.000000
790586.687602 7040014.567108 1184840.459759
1501.923636 -1400.488337 7262.422694
UTC=2024-01-25T16:22:02.000000
962469.821770 6816614.268068 2044876.663460
1356.432229 -2317.658042 7052.934146
UTC=2024-01-25T16:24:02.000000
1114664.350306 6485318.298070 2873161.088630
1174.316742 -3196.308083 6733.914571
UTC=2024-01-25T16:26:02.000000
1242984.710504 6051613.058257 3656832.335945
959.198124 -4022.170972 6310.354133
UTC=2024-01-25T16:28:02.000000
1343725.965771 5522644.236490 4383728.065071
715.453672 -4781.897480 5788.895531
UTC=2024-01-25T16:30:02.000000
1413749.519667 4907093.012115 5042577.102863
448.125740 -5463.285879 5177.728403
UTC=2024-01-25T16:32:02.000000
1450555.983180 4215024.770316 5623175.686301
162.808805 -6055.495814 4486.421542
UTC=2024-01-25T16:34:02.000000
1452345.303508 3457716.654192 6116542.440383
-134.455543 -6549.194798 3725.753813
UTC=2024-01-25T16:36:02.000000
1418063.065315 2647468.254417 6515054.014221
-437.302991 -6936.696444 2907.549863
UTC=2024-01-25T16:38:02.000000
1347431.560493 1797396.979041 6812559.306264
-739.173782 -7212.072709 2044.490183
UTC=2024-01-25T16:40:02.000000
1240965.549299 921221.910524 7004470.248470
-1033.441819 -7371.233820 1149.910220
UTC=2024-01-25T16:42:02.000000
1099972.378759 33040.490956 7087828.152529
-1313.544830 -7411.967475 237.599165
UTC=2024-01-25T16:44:02.000000
926536.570200 -852898.234522 7061346.933659
-1573.113999 -7333.963553 -678.388122
UTC=2024-01-25T16:46:02.000000
723488.820258 -1722422.654027 6925432.600909
-1806.103019 -7138.819494 -1583.940355
UTC=2024-01-25T16:48:02.000000
494359.775794 -2561665.844278 6682177.647889
-2006.912583 -6830.009786 -2465.094413
UTC=2024-01-25T16:50:02.000000
243319.245040 -3357288.097768 6335330.765250
-2170.508204 -6412.834837 -3308.246844
UTC=2024-01-25T16:52:02.000000
-24898.017804 -4096690.681842 5890240.991294
-2292.524924 -5894.325896 -4100.359572
UTC=2024-01-25T16:54:02.000000
-305078.437360 -4768217.121097 5353778.940703
-2369.362543 -5283.137414 -4829.141228
UTC=2024-01-25T16:56:02.000000
-591626.760263 -5361341.094907 4734236.292432
-2398.274581 -4589.430116 -5483.230692
UTC=2024-01-25T16:58:02.000000
-878673.434593 -5866838.716472 4041202.287871
-2377.446984 -3824.720608 -6052.395900
UTC=2024-01-25T17:00:02.000000
-1160190.045765 -6276939.757514 3285417.170830
-2306.053719 -3001.685639 -6527.712364
UTC=2024-01-25T17:02:02.000000
-1430110.159147 -6585454.285545 2478606.031006
-2184.290860 -2133.950175 -6901.713851
UTC=2024-01-25T17:04:02.000000
-1682453.109276 -6787873.023091 1633295.801509
-2013.394052 -1235.860841 -7168.523541
UTC=2024-01-25T17:06:02.000000
-1911448.847630 -6881439.039013 762617.261261
-1795.633382 -322.232037 -7323.970517
UTC=2024-01-25T17:08:02.000000
-2111659.959300 -6865187.827688 -119904.556981
-1534.275100 591.921134 -7365.663995
UTC=2024-01-25T17:10:02.000000
-2278098.116760 -6739955.369718 -1000566.664635
-1233.526925 1491.650301 -7293.032439
UTC=2024-01-25T17:12:02.000000
-2406332.795044 -6508354.181508 -1865707.044266
-898.463988 2362.338436 -7107.328291
UTC=2024-01-25T17:14:02.000000
-2492589.986480 -6174718.059042 -2701922.184718
-534.936038 3189.956558 -6811.600246
UTC=2024-01-25T17:16:02.000000
-2533838.632613 -5745016.634112 -3496279.293713
-149.455730 3961.309354 -6410.631425
UTC=2024-01-25T17:18:02.000000
-2527862.682510 -5226741.606903 -4236518.804515
250.928144 4664.258987 -5910.839680
UTC=2024-01-25T17:20:02.000000
-2473317.375362 -4628768.082368 -4911243.061060
658.765790 5287.915435 -5320.149351
UTC=2024-01-25T17:22:02.000000
-2369769.050890 -3961195.017402 -5510088.526332
1066.345395 5822.795262 -4647.845991
UTC=2024-01-25T17:24:02.000000
-2217718.118239 -3235168.321999 -6023879.721434
1465.834776 6260.952261 -3904.417482
UTC=2024-01-25T17:26:02.000000
-2018604.849053 -2462689.873424 -6444763.298286
1849.426145 6596.081489 -3101.381394
UTC=2024-01-25T17:28:02.000000
-1774797.743392 -1656415.850475 -6766320.498447
2209.479997 6823.591989 -2251.098085
UTC=2024-01-25T17:30:02.000000
-1489565.202161 -829448.389841 -6983656.872793
2538.659325 6940.646599 -1366.581013
UTC=2024-01-25T17:32:02.000000
-1167031.434149 4876.000524 -7093469.346409
2830.059019 6946.176378 -461.308368
UTC=2024-01-25T17:34:02.000000
-812116.970957 833198.173042 -7094090.893776
3077.332895 6840.869847 450.960773
UTC=2024-01-25T17:36:02.000000
-430464.373389 1642345.914250 -6985513.138592
3274.811840 6627.147900 1356.373500
UTC=2024-01-25T17:38:02.000000
-28350.534315 2419539.031433 -6769386.363164
3417.610315 6309.114183 2241.167573
UTC=2024-01-25T17:40:02.000000
387413.777763 3152587.894622 -6448997.854787
3501.733519 5892.496251 3091.854080
UTC=2024-01-25T17:42:02.000000
809596.692760 3830083.461421 -6029227.239000
3524.171451 5384.558859 3895.415994
UTC=2024-01-25T17:44:02.000000
1230667.972948 4441575.035897 -5516478.501079
3482.972980 4793.990204 4639.493677
UTC=2024-01-25T17:46:02.000000
1642930.109240 4977733.877825 -4918590.327024
3377.311094 4130.779213 5312.566360
UTC=2024-01-25T17:48:02.000000
2038656.284184 5430500.663547 -4244724.106211
3207.530222 3406.065974 5904.140717
UTC=2024-01-25T17:50:02.000000
2410232.584024 5793213.097248 -3505230.006423
2975.169897 2631.963533 6404.924037
UTC=2024-01-25T17:52:02.000000
2750301.878131 6060711.407617 -2711493.316113
2682.969450 1821.367506 6806.983125
UTC=2024-01-25T17:54:02.000000
3051906.942509 6229419.716961 -1875762.222634
2334.849074 987.743293 7103.892495
UTC=2024-01-25T17:56:02.000000
3308629.565665 6297400.717347 -1010959.078914
1935.861717 144.895166 7290.860498
UTC=2024-01-25T17:58:02.000000
3514722.198121 6264381.742631 -130478.205331
1492.117429 -693.278453 7364.825658
UTC=2024-01-25T18:00:02.000000
3665229.081781 6131751.189706 752025.717452
1010.684567 -1513.032799 7324.517303
UTC=2024-01-25T18:02:02.000000
3756094.374961 5902525.404935 1622854.458484
499.472156 -2301.019882 7170.482177
UTC=2024-01-25T18:04:02.000000
3784254.893325 5581286.969011 2468484.410520
-32.909641 -3044.521489 6905.080811
UTC=2024-01-25T18:06:02.000000
3747714.987543 5174095.638036 3275782.623819
-577.305774 -3731.674376 6532.455230
UTC=2024-01-25T18:08:02.000000
3645601.905103 4688372.449128 4032216.210614
-1124.184846 -4351.684980 6058.446473
UTC=2024-01-25T18:10:02.000000
3478200.719398 4132761.089088 4726050.014106
-1663.811395 -4894.996195 5490.492716
UTC=2024-01-25T18:12:02.000000
3246967.323578 3516969.821469 5346531.218412
-2186.439370 -5353.446509 4837.501067
UTC=2024-01-25T18:14:02.000000
2954518.982135 2851596.306806 5884055.444492
-2682.485184 -5720.390357 4109.676184
UTC=2024-01-25T18:16:02.000000
2604605.215983 2147940.598176 6330312.224349
-3142.689027 -5990.778101 3318.351125
UTC=2024-01-25T18:18:02.000000
2202058.824544 1417809.697230 6678410.087754
-3558.284306 -6161.218677 2475.810267
UTC=2024-01-25T18:20:02.000000
1752726.961643 673316.486739 6922978.696996
-3921.156532 -6230.005798 1595.088023
UTC=2024-01-25T18:22:02.000000
1263384.226260 -73322.163803 7060247.093154
-4223.985284 -6197.110072 689.775163
UTC=2024-01-25T18:24:02.000000
741629.380604 -809985.744833 7088099.144866
-4460.376763 -6064.163646 -226.172556
UTC=2024-01-25T18:26:02.000000
195766.578288 -1524847.412903 7006104.762764
-4624.987430 -5834.418281 -1138.644920
UTC=2024-01-25T18:28:02.000000
-365327.290139 -2206564.269209 6815526.078435
-4713.631841 -5512.675031 -2033.583136
UTC=2024-01-25T18:30:02.000000
-932347.090489 -2844458.084910 6519298.675197
-4723.370380 -5105.192935 -2897.190139
UTC=2024-01-25T18:32:02.000000
-1495712.894893 -3428683.379031 6121988.045667
-4652.572309 -4619.571618 -3716.128437
UTC=2024-01-25T18:34:02.000000
-2045730.578179 -3950380.940207 5629723.469326
-4500.974671 -4064.627955 -4477.704135
UTC=2024-01-25T18:36:02.000000
-2572758.955401 -4401815.779837 5050109.109068
-4269.728213 -3450.257046 -5170.063156
UTC=2024-01-25T18:38:02.000000
-3067380.699185 -4776496.875280 4392111.168906
-3961.412445 -2787.266486 -5782.391494
UTC=2024-01-25T18:40:02.000000
-3520572.855282 -5069275.562699 3665921.774170
-3580.014633 -2087.188882 -6305.100524
UTC=2024-01-25T18:42:02.000000
-3923872.972736 -5276420.522698 2882801.884953
-3130.878843 -1362.079774 -6729.989375
UTC=2024-01-25T18:44:02.000000
-4269537.919148 -5395668.168154 2054906.266400
-2620.636322 -624.310323 -7050.384698
UTC=2024-01-25T18:46:02.000000
-4550692.855210 -5426247.403779 1195092.526233
-2057.108356 113.653407 -7261.263828
UTC=2024-01-25T18:48:02.000000
-4761466.640153 -5368877.490287 316717.237844
-1449.178787 839.475351 -7359.345753
UTC=2024-01-25T18:50:02.000000
-4897110.584789 -5225739.162027 -566576.974714
-806.644423 1541.170178 -7343.151774
UTC=2024-01-25T18:52:02.000000
-4954097.807875 -5000419.474781 -1441079.844573
-140.040916 2207.320201 -7213.034871
UTC=2024-01-25T18:54:02.000000
-4930200.419721 -4697831.125928 -2293232.980757
539.550803 2827.282017 -6971.167775
UTC=2024-01-25T18:56:02.000000
-4824542.822039 -4324108.193351 -3109845.445434
1220.707739 3391.370953 -6621.490124
UTC=2024-01-25T18:58:02.000000
-4637630.426801 -3886481.507235 -3878300.976321
1891.870248 3891.016064 -6169.623974
UTC=2024-01-25T19:00:02.000000
-4371353.797817 -3393137.033393 -4586753.539003
2541.545767 4318.888781 -5622.764254
UTC=2024-01-25T19:02:02.000000
-4028968.526551 -2853060.280520 -5224308.310655
3158.509499 4669.006824 -4989.545041
UTC=2024-01-25T19:04:02.000000
-3615051.433506 -2275870.087091 -5781185.158394
3731.996512 4936.806360 -4279.883154
UTC=2024-01-25T19:06:02.000000
-3135434.612802 -1671645.533271 -6248862.573390
4251.879048 5119.185840 -3504.810080
UTC=2024-01-25T19:08:02.000000
-2597118.851471 -1050749.082133 -6620200.845016
4708.833718 5214.524488 -2676.293491
UTC=2024-01-25T19:10:02.000000
-2008167.725372 -423649.190017 -6889543.087997
5094.494465 5222.672687 -1807.047113
UTC=2024-01-25T19:12:02.000000
-1377584.706690 199254.332886 -7052793.137106
5401.581788 5144.916104 -910.337887
UTC=2024-01-25T19:14:02.000000
-715175.996158 807799.434269 -7107471.063781
5624.015131 4983.922624 0.193174
UTC=2024-01-25T19:16:02.000000
-31400.114429 1392224.104953 -7052746.976768
5757.018462 4743.678536 910.718978
UTC=2024-01-25T19:18:02.000000
662793.757415 1943319.458323 -6889452.289964
5797.204139 4429.402156 1807.406239
UTC=2024-01-25T19:20:02.000000
1356137.551876 2452572.415719 -6620069.603372
5742.657130 4047.454859 2676.602980
UTC=2024-01-25T19:22:02.000000
2037224.433184 2912296.246768 -6248698.893891
5592.986277 3605.228269 3505.035783
UTC=2024-01-25T19:24:02.000000
2694693.912916 3315746.809475 -5781000.785933
5349.358887 3111.017356 4279.999168
UTC=2024-01-25T19:26:02.000000
3317419.631932 3657222.598632 -5224117.361043
5014.510329 2573.881922 4989.536898
UTC=2024-01-25T19:28:02.000000
3894697.468221 3932148.121528 -4586571.402986
4592.739582 2003.503028 5622.624849
UTC=2024-01-25T19:30:02.000000
4416431.405625 4137138.766441 -3878143.512467
4089.874594 1410.019606 6169.352795
UTC=2024-01-25T19:32:02.000000
4873313.464897 4270045.402364 -3109728.010115
3513.207330 803.853938 6621.096763
UTC=2024-01-25T19:34:02.000000
5256993.617725 4329977.473210 -2293169.131304
2871.392965 195.529599 6970.672006
UTC=2024-01-25T19:36:02.000000
5560236.313541 4317304.119412 -1441080.200526
2174.328074 -404.513582 7212.466586
UTC=2024-01-25T19:38:02.000000
5777060.319539 4233632.730299 -566647.837603
1432.992401 -986.109000 7342.552616
UTC=2024-01-25T19:40:02.000000
5902858.023574 4081765.183760 316574.956557
659.268667 -1539.544917 7358.762202
UTC=2024-01-25T19:42:02.000000
5934492.096692 3865632.575565 1194883.297922
-134.256657 -2055.741975 7260.737760
UTC=2024-01-25T19:44:02.000000
5870366.681869 3590209.118235 2054638.934881
-934.517382 -2526.420258 7049.946299
UTC=2024-01-25T19:46:02.000000
5710470.940416 3261407.387405 2882488.185969
-1728.202545 -2944.242397 6729.657477
UTC=2024-01-25T19:48:02.000000
5456393.999835 2885957.513756 3665575.283652
-2501.997380 -3302.939419 6304.887589
UTC=2024-01-25T19:50:02.000000
5111310.853503 2471272.471958 4391746.699093
-3242.825998 -3597.414449 5782.305385
UTC=2024-01-25T19:52:02.000000
4679939.706988 2025302.818544 5049741.833400
-3938.078222 -3823.812995 5170.101557
UTC=2024-01-25T19:54:02.000000
4168473.634475 1556384.980309 5629367.944287
-4575.821491 -3979.564602 4477.860148
UTC=2024-01-25T19:56:02.000000
3584485.768788 1073085.365932 6121657.690622
-5145.020145 -4063.408445 3716.388483
UTC=2024-01-25T19:58:02.000000
2936810.623451 584043.315431 6519004.358842
-5635.713960 -4075.385269 2897.524434
UTC=2024-01-25T20:00:02.000000
2235405.737185 97817.040945 6815274.365623
-6039.170426 -4016.799208 2033.952677
UTC=2024-01-25T20:02:02.000000
1491195.681299 -377265.231955 7005897.968707
-6348.027966 -3890.170061 1139.020579
UTC=2024-01-25T20:04:02.000000
715899.524286 -833247.467965 7087936.883868
-6556.426097 -3699.168647 226.536176
UTC=2024-01-25T20:06:02.000000
-78155.507159 -1262678.899792 7060126.843718
-6660.103181 -3448.529220 -689.441936
UTC=2024-01-25T20:08:02.000000
-878230.634194 -1658735.717299 6922895.491277
-6656.472674 -3143.948973 -1594.808684
UTC=2024-01-25T20:10:02.000000
-1671379.870691 -2015329.790683 6678355.444873
-6544.673344 -2791.970950 -2475.620048
UTC=2024-01-25T20:12:02.000000
-2444658.661759 -2327202.396769 6330273.259729
-6325.593429 -2399.853892 -3318.284661
UTC=2024-01-25T20:14:02.000000
-3185334.982972 -2590002.475795 5884016.099934
-6001.889797 -1975.445686 -4109.750131
UTC=2024-01-25T20:16:02.000000
-3881101.831154 -2800349.220210 5346474.435730
-5577.983365 -1527.043782 -4837.717131
UTC=2024-01-25T20:18:02.000000
-4520285.830725 -2955876.709620 4725959.209847
-5060.002123 -1063.239438 -5490.841495
UTC=2024-01-25T20:20:02.000000
-5092047.489881 -3055259.611261 4032076.218652
-4455.700128 -592.757324 -6058.915680
UTC=2024-01-25T20:22:02.000000
-5586570.009270 -3098219.485267 3275579.602367
-3774.347995 -124.294485 -6533.034344
UTC=2024-01-25T20:24:02.000000
-5995233.530881 -3085511.982710 2468206.350876
-3026.599466 333.637333 -6905.746778
UTC=2024-01-25T20:26:02.000000
-6310771.464618 -3018895.254608 1622493.128190
-2224.324383 772.867652 -7171.197448
UTC=2024-01-25T20:28:02.000000
-6527404.595138 -2901079.483175 751577.732975
-1380.405912 1185.726040 -7325.237872
UTC=2024-01-25T20:30:02.000000
-6640949.330864 -2735657.976022 -131010.219290
-508.517165 1565.185911 -7365.495649
UTC=2024-01-25T20:32:02.000000
-6648898.524451 -2527022.183380 -1011565.560820
377.116807 1904.992460 -7291.422889
UTC=2024-01-25T20:34:02.000000
-6550471.971520 -2280261.973903 -1876427.393398
1261.982953 2199.776807 -7104.301840
UTC=2024-01-25T20:36:02.000000
-6346635.290511 -2001053.835707 -2712196.770294
2131.539706 2445.143778 -6807.207532
UTC=2024-01-25T20:38:02.000000
-6040088.106780 -1695539.797638 -3505948.209764
2971.470685 2637.738694 -6404.942820
UTC=2024-01-25T20:40:02.000000
-5635221.998435 -1370199.761534 -4245431.626726
3767.933351 2775.290148 -5903.942871
UTC=2024-01-25T20:42:02.000000
-5138049.518970 -1031720.102490 -4919261.064598
4507.791405 2856.629878 -5312.152542
UTC=2024-01-25T20:44:02.000000
-4556106.218825 -686861.217362 -5517087.413913
5178.832839 2881.689740 -4638.881480
UTC=2024-01-25T20:46:02.000000
-3898327.718610 -342326.953737 -6029752.330045
5769.965084 2851.474161 -3894.637076
UTC=2024-01-25T20:48:02.000000
-3174905.142737 -4638.511548 -6449421.329783
6271.381123 2768.013283 -3090.945883
UTC=2024-01-25T20:50:02.000000
-2397122.229110 319984.808224 -6769695.150356
6674.699268 2634.296007 -2240.171655
UTC=2024-01-25T20:52:02.000000
-1577176.835100 625735.858762 -6985699.255309
6973.083947 2454.188329 -1355.331055
UTC=2024-01-25T20:54:02.000000
-727989.576640 907319.676038 -7094150.778902
7161.338203 2232.345345 -449.903875
UTC=2024-01-25T20:56:02.000000
136997.261938 1160042.274722 -7093402.801981
7235.974098 1974.109878 462.354394
UTC=2024-01-25T20:58:02.000000
1004028.038709 1379886.517665 -6983466.922679
7195.266446 1685.401889 1367.585731
UTC=2024-01-25T21:00:02.000000
1859248.488783 1563574.828029 -6766014.411284
7039.301128 1372.607844 2252.021756
UTC=2024-01-25T21:02:02.000000
2688923.826168 1708617.872897 -6444353.482481
6769.984052 1042.457820 3102.179423
UTC=2024-01-25T21:04:02.000000
3479656.806812 1813348.175678 -6023383.553479
6391.029440 701.897489 3905.053702
UTC=2024-01-25T21:06:02.000000
4218602.422204 1876938.199765 -5509526.949174
5907.920333 357.959052 4648.297020
UTC=2024-01-25T21:08:02.000000
4893677.381758 1899403.094142 -4910639.127109
5327.857892 17.633461 5320.403295
UTC=2024-01-25T21:10:02.000000
5493761.404021 1881587.846694 -4235896.288530
4659.672953 -312.261849 5910.896307
UTC=2024-01-25T21:12:02.000000
6008885.732309 1825138.559766 -3495661.370624
3913.704583 -625.213784 6410.500430
UTC=2024-01-25T21:14:02.000000
6430405.744702 1732458.336168 -2701330.462191
3101.656955 -915.139002 6811.297963
UTC=2024-01-25T21:16:02.000000
6751154.704920 1606648.580638 -1865160.632497
2236.424514 -1176.501714 7106.880636
UTC=2024-01-25T21:18:02.000000
6965574.172046 1451436.487477 -1000080.985395
1331.880757 -1404.425724 7292.474044
UTC=2024-01-25T21:20:02.000000
7069817.771152 1271089.780082 -119490.563479
402.645047 -1594.793348 7365.034584
UTC=2024-01-25T21:22:02.000000
7061825.208950 1070320.789662 762953.445152
-536.177010 -1744.323358 7323.308875
UTC=2024-01-25T21:24:02.000000
6941365.453145 854182.211768 1633552.251897
-1469.246389 -1850.634060 7167.861270
UTC=2024-01-25T21:26:02.000000
6710048.390784 627956.088786 2478784.458828
-2381.268830 -1912.290244 6901.080310
UTC=2024-01-25T21:28:02.000000
6371302.415948 397038.764104 3285522.454204
-3257.273512 -1928.823550 6527.129569
UTC=2024-01-25T21:30:02.000000
5930319.977102 166824.643428 4041241.314335
-4082.875529 -1900.732931 6051.875186
UTC=2024-01-25T21:32:02.000000
5393971.756811 -57408.516121 4734216.530841
-4844.526100 -1829.457039 5482.770682
UTC=2024-01-25T21:34:02.000000
4770693.072252 -270610.128048 5353707.280343
-5529.735376 -1717.336390 4828.734644
UTC=2024-01-25T21:36:02.000000
4070343.407394 -468061.742950 5890122.956817
-6127.289097 -1567.553305 4099.988892
UTC=2024-01-25T21:38:02.000000
3304042.794185 -645473.155165 6335168.937329
-6627.418350 -1384.048559 3307.882593
UTC=2024-01-25T21:40:02.000000
2483989.327860 -799068.214333 6681971.132330
-7021.946383 -1171.433236 2464.710441
UTC=2024-01-25T21:42:02.000000
1623260.706123 -925659.304804 6925178.177128
-7304.408871 -934.887681 1583.525130
UTC=2024-01-25T21:44:02.000000
735602.311290 -1022709.185610 7061040.536752
-7470.155902 -680.051657 677.935650
UTC=2024-01-25T21:46:02.000000
-164794.585382 -1088378.962959 7087464.652793
-7516.413488 -412.904451 -238.101083
UTC=2024-01-25T21:48:02.000000
-1063520.284369 -1121561.573108 7004042.578555
-7442.319124 -139.643328 -1150.482112
UTC=2024-01-25T21:50:02.000000
-1946176.965378 -1121900.385860 6812057.421648
-7248.933022 133.443408 -2045.159699
UTC=2024-01-25T21:52:02.000000
-2798608.781850 -1089792.371885 6514464.771168
-6939.223785 400.105146 -2908.338936
UTC=2024-01-25T21:54:02.000000
-3607129.230511 -1026376.034835 6115850.821151
-6518.039151 654.254179 -3726.671430
UTC=2024-01-25T21:56:02.000000
-4358743.646419 -933504.570446 5622366.445984
-5992.048951 890.086633 -4487.461844
UTC=2024-01-25T21:58:02.000000
-5041362.587020 -813704.574886 5041636.689750
-5369.652298 1102.203089 -5178.869277
UTC=2024-01-25T22:00:02.000000
-5644002.113458 -670120.515668 4382646.516940
-4660.851708 1285.723221 -5790.100211
UTC=2024-01-25T22:02:02.000000
-6156967.111562 -506446.064023 3655604.257183
-3877.096170 1436.390659 -6311.586591
UTC=2024-01-25T22:04:02.000000
-6572014.198464 -326843.514815 2871785.029981
-3031.101423 1550.665849 -6735.141506
UTC=2024-01-25T22:06:02.000000
-6882492.071621 -135852.750796 2043356.065752
-2136.649706 1625.807438 -7054.107360
UTC=2024-01-25T22:08:02.000000
-7083455.527537 61708.438823 1183185.206096
-1208.352030 1659.933380 -7263.482892
UTC=2024-01-25T22:10:02.000000
-7171749.622038 260850.205875 304636.332245
-261.390991 1652.063964 -7360.014611
UTC=2024-01-25T22:12:02.000000
-7146062.140942 456520.655194 -578644.236457
688.750004 1602.147263 -7342.255693
UTC=2024-01-25T22:14:02.000000
-7006942.911499 643717.564021 -1452946.249448
1626.567215 1511.061317 -7210.587252
UTC=2024-01-25T22:16:02.000000
-6756789.769916 817598.948344 -2304713.983713
2536.807111 1380.594058 -6967.198102
UTC=2024-01-25T22:18:02.000000
-6399803.106207 973590.286391 -3120761.149410
3404.725848 1213.407817 -6616.049307
UTC=2024-01-25T22:20:02.000000
-5941908.244526 1107486.216682 -3888479.497301
4216.361255 1012.981109 -6162.794748
UTC=2024-01-25T22:22:02.000000
-5390647.369449 1215543.971602 -4596034.719268
4958.763127 783.531569 -5614.658738
UTC=2024-01-25T22:24:02.000000
-4755045.650627 1294566.801330 -5232547.015376
5620.197542 529.925534 -4980.300652
UTC=2024-01-25T22:26:02.000000
-4045454.381021 1341975.766338 -5788253.940044
6190.322530 257.575719 -4269.656094
UTC=2024-01-25T22:28:02.000000
-3273375.094482 1355868.669288 -6254653.546661
6660.331259 -27.671193 -3493.769062
UTC=2024-01-25T22:30:02.000000
-2451268.089313 1335065.032245 -6624626.790380
7023.067919 -319.652487 -2664.613866
UTC=2024-01-25T22:32:02.000000
-1592348.594010 1279137.076858 -6892538.199872
7273.119324 -612.006214 -1794.910048
UTC=2024-01-25T22:34:02.000000
-710373.890132 1188426.113769 -7054313.643930
7406.870730 -898.297164 -897.929437
UTC=2024-01-25T22:36:02.000000
180574.453557 1064043.960062 -7107495.561702
7422.535070 -1172.138597 12.687068
UTC=2024-01-25T22:38:02.000000
1066310.811036 907859.923954 -7051276.777808
7320.168396 -1427.312869 923.102902
UTC=2024-01-25T22:40:02.000000
1932767.435959 722473.127134 -6886512.649580
7101.676082 -1657.894392 1819.480496
UTC=2024-01-25T22:42:02.000000
2766214.422446 511170.315585 -6615709.264336
6770.776418 -1858.366963 2688.175768
UTC=2024-01-25T22:44:02.000000
3553474.465938 277870.103991 -6242988.948470
6332.949917 -2023.734325 3515.927776
UTC=2024-01-25T22:46:02.000000
4282129.707813 27053.938229 -5774033.004373
5795.358801 -2149.629171 4290.044474
UTC=2024-01-25T22:48:02.000000
4940718.050552 -236315.167951 -5216002.677907
5166.753744 -2232.407931 4998.582375
UTC=2024-01-25T22:50:02.000000
5518917.240452 -506884.918592 -4577438.119210
4457.358436 -2269.240095 5630.535307
UTC=2024-01-25T22:52:02.000000
6007712.645984 -779015.945381 -3868134.847034
3678.715573 -2258.182728 6176.014867
UTC=2024-01-25T22:54:02.000000
6399545.322646 -1046892.069479 -3098999.607453
2843.512915 -2198.240826 6626.415861
UTC=2024-01-25T22:56:02.000000
6688437.774969 -1304636.837580 -2281886.967529
1965.385064 -2089.410015 6974.571144
UTC=2024-01-25T22:58:02.000000
6870094.368325 -1546433.835746 -1429418.304549
1058.688865 -1932.697000 7214.888200
UTC=2024-01-25T23:00:02.000000
6941973.433574 -1766648.179556 -554786.071455
138.258420 -1730.118565 7343.457096
UTC=2024-01-25T23:02:02.000000
6903329.352986 -1959946.628676 328453.159218
-780.849474 -1484.680079 7358.130563
UTC=2024-01-25T23:04:02.000000
6755223.318355 -2121413.754431 1206593.707701
-1683.623872 -1200.329757 7258.575797
UTC=2024-01-25T23:06:02.000000
6500501.593875 -2246661.207582 2065999.508016
-2555.368381 -881.891735 7046.285112
UTC=2024-01-25T23:08:02.000000
6143741.984029 -2331927.843193 2893322.212525
-3381.963578 -534.978267 6724.554545
UTC=2024-01-25T23:10:02.000000
5691169.354821 -2374167.918722 3675714.374869
-4150.118573 -165.881772 6298.423106
UTC=2024-01-25T23:12:02.000000
5150542.153897 -2371125.687432 4401033.054843
-4847.599580 218.544969 5774.574749
UTC=2024-01-25T23:14:02.000000
4531013.652995 -2321394.739770 5058030.154414
-5463.423232 611.021538 5161.218887
UTC=2024-01-25T23:16:02.000000
3842971.212052 -2224461.193264 5636527.678169
-5988.033862 1003.976339 4467.955799
UTC=2024-01-25T23:18:02.000000
3097855.296477 -2080729.936210 6127574.640139
-6413.456280 1389.693226 3705.604464
UTC=2024-01-25T23:20:02.000000
2307963.194970 -1891533.078165 6523582.279844
-6733.400375 1760.458364 2886.019618
UTC=2024-01-25T23:22:02.000000
1486241.730381 -1659121.137289 6818437.324227
-6943.342075 2108.702848 2021.905975
UTC=2024-01-25T23:24:02.000000
646071.827846 -1386636.981763 7007592.264766
-7040.576673 2427.146830 1126.621010
UTC=2024-01-25T23:26:02.000000
-198951.308485 -1078072.745771 7088131.446635
-7024.238202 2708.938149 213.971141
UTC=2024-01-25T23:28:02.000000
-1035238.611421 -738210.631021 7058812.829937
-6895.291569 2947.782011 -701.989732
UTC=2024-01-25T23:30:02.000000
-1849425.291612 -372548.553827 6920085.778417
-6656.503282 3138.065074 -1607.159012
UTC=2024-01-25T23:32:02.000000
-2628584.125984 12788.703993 6674084.803915
-6312.389042 3274.971100 -2487.586642
UTC=2024-01-25T23:34:02.000000
-3360431.196734 411151.512084 6324599.256162
-5869.140807 3354.585173 -3329.675857
UTC=2024-01-25T23:36:02.000000
-4033521.512253 815479.126270 5877018.809658
-5334.530961 3373.984321 -4120.385040
UTC=2024-01-25T23:38:02.000000
-4637431.667005 1218423.476087 5338254.710861
-4717.790845 3331.314380 -4847.429214
UTC=2024-01-25T23:40:02.000000
-5162926.325964 1612481.338409 4716637.280276
-4029.463949 3225.852484 -5499.474328
UTC=2024-01-25T23:42:02.000000
-5602105.575578 1990132.742414 4021790.373396
-3281.232425 3058.047004 -6066.325435
UTC=2024-01-25T23:44:02.000000
-5948529.918226 2343982.787343 3264484.370386
-2485.720574 2829.535219 -6539.095268
UTC=2024-01-25T23:46:02.000000
-6197320.871462 2666904.249614 2456469.981316
-1656.284493 2543.138349 -6910.356311
UTC=2024-01-25T23:48:02.000000
-6345235.319655 2952178.191485 1610294.807015
-806.785094 2202.833267 -7174.275612
UTC=2024-01-25T23:50:02.000000
-6390711.499404 3193629.632119 739104.856702
48.659261 1813.697039 -7326.728499
UTC=2024-01-25T23:52:02.000000
-6333884.409002 3385754.756931 -143565.141470
895.929254 1381.823170 -7365.369917
UTC=2024-01-25T23:54:02.000000
-6176570.895086 3523836.830624 -1024008.038477
1721.155067 914.216618 -7289.675090
UTC=2024-01-25T23:56:02.000000
-5922224.994985 3604048.291829 -1888563.470871
2510.960631 418.670309 -7100.948107
UTC=2024-01-25T23:58:02.000000
-5575863.923729 3623536.937305 -2723836.243762
3252.708407 -96.378928 -6802.295096
